1	0	0.103559	0.103559	0.103559	-0.0469429	-0.0211128	0.12976	0.12976	0.12976	-0.0588195	-0.0211128
1	0	0.611871	0.611871	0.611871	0.463548	0.458413	0.766674	0.766674	0.766674	0.580826	0.458413
1	0	0.778987	0.778987	0.778987	0.651856	0.649663	0.976071	0.976071	0.976071	0.816776	0.649663
1	0	1.24477	1.24477	1.24477	1.11336	1.09337	1.5597	1.5597	1.5597	1.39504	1.09337
1	0	-3.24987	-3.24987	-3.24987	-3.41107	-3.38729	-4.07209	-4.07209	-4.07209	-4.27407	-3.38729
1	0	-0.822127	-0.822127	-0.822127	-0.940063	-0.956646	-1.03013	-1.03013	-1.03013	-1.1779	-0.956646
1	0	-0.750961	-0.750961	-0.750961	-0.879663	-0.888377	-0.940955	-0.940955	-0.940955	-1.10222	-0.888377
1	0	-0.251655	-0.251655	-0.251655	-0.392436	-0.39961	-0.315324	-0.315324	-0.315324	-0.491722	-0.39961
1	0	0.110942	0.110942	0.110942	-0.0266897	-0.0202104	0.13901	0.13901	0.13901	-0.0334422	-0.0202104
1	0	-0.747287	-0.747287	-0.747287	-0.890087	-0.884087	-0.936351	-0.936351	-0.936351	-1.11528	-0.884087
1	0	1.85203	1.85203	1.85203	1.70647	1.71529	2.32059	2.32059	2.32059	2.1382	1.71529
1	0	-0.821088	-0.821088	-0.821088	-0.990869	-0.956927	-1.02882	-1.02882	-1.02882	-1.24156	-0.956927
1	0	-1.32405	-1.32405	-1.32405	-1.45425	-1.47133	-1.65903	-1.65903	-1.65903	-1.82218	-1.47133
1	0	1.61172	1.61172	1.61172	1.45967	1.47588	2.01948	2.01948	2.01948	1.82897	1.47588
1	0	-1.18666	-1.18666	-1.18666	-1.34322	-1.32648	-1.48689	-1.48689	-1.48689	-1.68306	-1.32648
1	0	0.42944	0.42944	0.42944	0.313605	0.249614	0.538088	0.538088	0.538088	0.392947	0.249614
1	0	-1.19907	-1.19907	-1.19907	-1.34317	-1.33518	-1.50243	-1.50243	-1.50243	-1.68299	-1.33518
1	0	-1.65143	-1.65143	-1.65143	-1.78837	-1.79725	-2.06924	-2.06924	-2.06924	-2.24083	-1.79725
1	0	1.47396	1.47396	1.47396	1.34881	1.33606	1.84687	1.84687	1.84687	1.69006	1.33606
1	0	0.832732	0.832732	0.832732	0.700482	0.699769	1.04341	1.04341	1.04341	0.877704	0.699769
1	0	-0.111682	-0.111682	-0.111682	-0.260302	-0.251866	-0.139937	-0.139937	-0.139937	-0.326158	-0.251866
1	0	0.571063	0.571063	0.571063	0.425206	0.420698	0.715542	0.715542	0.715542	0.532784	0.420698
1	0	1.22032	1.22032	1.22032	1.05985	1.08074	1.52906	1.52906	1.52906	1.328	1.08074
1	0	-1.07466	-1.07466	-1.07466	-1.21403	-1.22486	-1.34655	-1.34655	-1.34655	-1.52117	-1.22486
1	0	0.887538	0.887538	0.887538	0.754927	0.725804	1.11208	1.11208	1.11208	0.945923	0.725804
1	0	1.11056	1.11056	1.11056	0.962067	0.97016	1.39153	1.39153	1.39153	1.20547	0.97016
1	0	-0.334847	-0.334847	-0.334847	-0.485605	-0.472991	-0.419563	-0.419563	-0.419563	-0.608462	-0.472991
1	0	0.498354	0.498354	0.498354	0.345402	0.362788	0.624438	0.624438	0.624438	0.432789	0.362788
1	0	0.186879	0.186879	0.186879	0.0404444	0.00915668	0.234159	0.234159	0.234159	0.0506769	0.00915668
1	0	-1.20249	-1.20249	-1.20249	-1.34752	-1.35781	-1.50673	-1.50673	-1.50673	-1.68844	-1.35781
1	0	0.84177	0.84177	0.84177	0.695607	0.682487	1.05474	1.05474	1.05474	0.871595	0.682487
1	0	-0.770042	-0.770042	-0.770042	-0.924424	-0.918643	-0.964862	-0.964862	-0.964862	-1.1583	-0.918643
1	0	-1.64258	-1.64258	-1.64258	-1.79764	-1.77433	-2.05815	-2.05815	-2.05815	-2.25244	-1.77433
1	0	0.0320367	0.0320367	0.0320367	-0.155411	-0.110491	0.040142	0.040142	0.040142	-0.19473	-0.110491
1	0	-0.511249	-0.511249	-0.511249	-0.651349	-0.664085	-0.640596	-0.640596	-0.640596	-0.81614	-0.664085
1	0	1.62376	1.62376	1.62376	1.46843	1.45609	2.03458	2.03458	2.03458	1.83994	1.45609
1	0	-1.15017	-1.15017	-1.15017	-1.28864	-1.30771	-1.44116	-1.44116	-1.44116	-1.61467	-1.30771
1	0	0.842276	0.842276	0.842276	0.702853	0.699534	1.05537	1.05537	1.05537	0.880675	0.699534
1	0	-0.0337331	-0.0337331	-0.0337331	-0.194179	-0.167739	-0.0422676	-0.0422676	-0.0422676	-0.243306	-0.167739
1	0	0.00280285	0.00280285	0.00280285	-0.146163	-0.132144	0.00351197	0.00351197	0.00351197	-0.183142	-0.132144
1	0	0.038474	0.038474	0.038474	-0.119849	-0.123731	0.048208	0.048208	0.048208	-0.150171	-0.123731
1	0	1.48271	1.48271	1.48271	1.34173	1.3594	1.85784	1.85784	1.85784	1.68119	1.3594
1	0	0.196225	0.196225	0.196225	0.0354896	0.0562947	0.24587	0.24587	0.24587	0.0444685	0.0562947
1	0	1.27705	1.27705	1.27705	1.12917	1.11134	1.60014	1.60014	1.60014	1.41485	1.11134
1	0	0.296634	0.296634	0.296634	0.140959	0.148014	0.371682	0.371682	0.371682	0.176622	0.148014
1	0	-1.43672	-1.43672	-1.43672	-1.59073	-1.61333	-1.80021	-1.80021	-1.80021	-1.99319	-1.61333
1	0	0.119125	0.119125	0.119125	-0.0350756	-0.0306493	0.149263	0.149263	0.149263	-0.0439497	-0.0306493
1	0	-0.385766	-0.385766	-0.385766	-0.505205	-0.504969	-0.483365	-0.483365	-0.483365	-0.633022	-0.504969
1	0	-0.138985	-0.138985	-0.138985	-0.287271	-0.315733	-0.174148	-0.174148	-0.174148	-0.359951	-0.315733
1	0	2.44961	2.44961	2.44961	2.26387	2.286	3.06936	3.06936	3.06936	2.83663	2.286
1	0	-0.27772	-0.27772	-0.27772	-0.419506	-0.409668	-0.347983	-0.347983	-0.347983	-0.525641	-0.409668
1	0	1.27501	1.27501	1.27501	1.12638	1.12692	1.59758	1.59758	1.59758	1.41135	1.12692
1	0	-0.354883	-0.354883	-0.354883	-0.488207	-0.502253	-0.444669	-0.444669	-0.444669	-0.611724	-0.502253
1	0	-0.0896372	-0.0896372	-0.0896372	-0.25506	-0.230379	-0.112315	-0.112315	-0.112315	-0.31959	-0.230379
1	0	0.966722	0.966722	0.966722	0.83077	0.84658	1.2113	1.2113	1.2113	1.04096	0.84658
1	0	0.218009	0.218009	0.218009	0.0542697	0.0720586	0.273165	0.273165	0.273165	0.068	0.0720586
1	0	0.684546	0.684546	0.684546	0.544319	0.543129	0.857736	0.857736	0.857736	0.682031	0.543129
1	0	0.250985	0.250985	0.250985	0.068684	0.112969	0.314484	0.314484	0.314484	0.086061	0.112969
1	0	2.1196	2.1196	2.1196	1.9795	1.95324	2.65586	2.65586	2.65586	2.48032	1.95324
1	0	2.0654	2.0654	2.0654	1.92577	1.87389	2.58794	2.58794	2.58794	2.41299	1.87389
1	0	-0.432475	-0.432475	-0.432475	-0.570951	-0.578535	-0.541891	-0.541891	-0.541891	-0.715401	-0.578535
1	0	-1.80519	-1.80519	-1.80519	-1.93088	-1.92071	-2.26191	-2.26191	-2.26191	-2.41939	-1.92071
1	0	1.12402	1.12402	1.12402	0.970014	0.963483	1.4084	1.4084	1.4084	1.21543	0.963483
1	0	0.647714	0.647714	0.647714	0.500636	0.502722	0.811586	0.811586	0.811586	0.627297	0.502722
1	0	0.797177	0.797177	0.797177	0.656752	0.671404	0.998863	0.998863	0.998863	0.822911	0.671404
1	0	1.15649	1.15649	1.15649	0.993241	1.00771	1.44908	1.44908	1.44908	1.24453	1.00771
1	0	0.199041	0.199041	0.199041	0.0444238	0.0206901	0.249398	0.249398	0.249398	0.0556631	0.0206901
1	0	-1.17376	-1.17376	-1.17376	-1.30309	-1.32139	-1.47072	-1.47072	-1.47072	-1.63277	-1.32139
1	0	0.922462	0.922462	0.922462	0.777762	0.753947	1.15584	1.15584	1.15584	0.974535	0.753947
1	0	0.931609	0.931609	0.931609	0.755882	0.786219	1.16731	1.16731	1.16731	0.94712	0.786219
1	0	-1.68919	-1.68919	-1.68919	-1.86848	-1.84776	-2.11655	-2.11655	-2.11655	-2.34121	-1.84776
1	0	-1.18224	-1.18224	-1.18224	-1.3164	-1.3228	-1.48135	-1.48135	-1.48135	-1.64944	-1.3228
1	0	-0.204758	-0.204758	-0.204758	-0.356738	-0.334418	-0.256561	-0.256561	-0.256561	-0.446992	-0.334418
1	0	-0.624707	-0.624707	-0.624707	-0.768099	-0.764795	-0.782758	-0.782758	-0.782758	-0.962428	-0.764795
1	0	0.410842	0.410842	0.410842	0.238705	0.280295	0.514785	0.514785	0.514785	0.299097	0.280295
1	0	0.139039	0.139039	0.139039	0.0041523	-0.0100235	0.174216	0.174216	0.174216	0.00520284	-0.0100235
1	0	0.72539	0.72539	0.72539	0.601263	0.574232	0.908914	0.908914	0.908914	0.753382	0.574232
1	0	-0.129807	-0.129807	-0.129807	-0.3011	-0.271449	-0.162648	-0.162648	-0.162648	-0.377278	-0.271449
1	0	-0.568726	-0.568726	-0.568726	-0.71502	-0.728233	-0.712613	-0.712613	-0.712613	-0.89592	-0.728233
1	0	-1.88769	-1.88769	-1.88769	-2.05603	-2.01277	-2.36528	-2.36528	-2.36528	-2.57621	-2.01277
1	0	0.508027	0.508027	0.508027	0.351598	0.360277	0.636558	0.636558	0.636558	0.440552	0.360277
1	0	-0.696155	-0.696155	-0.696155	-0.844302	-0.84548	-0.872283	-0.872283	-0.872283	-1.05791	-0.84548
1	0	0.552647	0.552647	0.552647	0.404153	0.411949	0.692467	0.692467	0.692467	0.506404	0.411949
1	0	-3.31771	-3.31771	-3.31771	-3.47349	-3.45501	-4.15709	-4.15709	-4.15709	-4.35228	-3.45501
1	0	0.538031	0.538031	0.538031	0.404736	0.380109	0.674153	0.674153	0.674153	0.507135	0.380109
1	0	-0.134582	-0.134582	-0.134582	-0.292133	-0.295273	-0.168631	-0.168631	-0.168631	-0.366043	-0.295273
1	0	-1.35471	-1.35471	-1.35471	-1.49878	-1.51673	-1.69745	-1.69745	-1.69745	-1.87797	-1.51673
1	0	0.675743	0.675743	0.675743	0.548247	0.524601	0.846706	0.846706	0.846706	0.686953	0.524601
1	0	-0.400596	-0.400596	-0.400596	-0.544123	-0.533861	-0.501947	-0.501947	-0.501947	-0.681786	-0.533861
1	0	1.00692	1.00692	1.00692	0.862096	0.861309	1.26167	1.26167	1.26167	1.08021	0.861309
1	0	-0.423928	-0.423928	-0.423928	-0.566454	-0.578837	-0.531182	-0.531182	-0.531182	-0.709767	-0.578837
1	0	-1.0101	-1.0101	-1.0101	-1.16069	-1.1651	-1.26565	-1.26565	-1.26565	-1.45435	-1.1651
1	0	-0.158694	-0.158694	-0.158694	-0.318216	-0.297224	-0.198844	-0.198844	-0.198844	-0.398725	-0.297224
1	0	0.718352	0.718352	0.718352	0.587825	0.559525	0.900094	0.900094	0.900094	0.736544	0.559525
1	0	-0.137219	-0.137219	-0.137219	-0.273679	-0.266788	-0.171935	-0.171935	-0.171935	-0.34292	-0.266788
1	0	-1.02983	-1.02983	-1.02983	-1.18822	-1.16688	-1.29037	-1.29037	-1.29037	-1.48884	-1.16688
1	0	0.131164	0.131164	0.131164	-0.0215647	-0.0247678	0.164348	0.164348	0.164348	-0.0270206	-0.0247678
1	0	-0.922733	-0.922733	-0.922733	-1.05442	-1.06713	-1.15618	-1.15618	-1.15618	-1.32119	-1.06713
1	0	1.44335	1.44335	1.44335	1.29352	1.30213	1.80852	1.80852	1.80852	1.62078	1.30213
1	0	-0.0375171	-0.0375171	-0.0375171	-0.177389	-0.17822	-0.047009	-0.047009	-0.047009	-0.222268	-0.17822
1	0	1.41397	1.41397	1.41397	1.29469	1.24811	1.7717	1.7717	1.7717	1.62225	1.24811
1	0	-0.383127	-0.383127	-0.383127	-0.519896	-0.541821	-0.480058	-0.480058	-0.480058	-0.65143	-0.541821
1	0	1.18121	1.18121	1.18121	1.03914	1.04896	1.48006	1.48006	1.48006	1.30204	1.04896
1	0	1.57224	1.57224	1.57224	1.41658	1.42155	1.97002	1.97002	1.97002	1.77497	1.42155
1	0	-0.636241	-0.636241	-0.636241	-0.781213	-0.764607	-0.79721	-0.79721	-0.79721	-0.97886	-0.764607
1	0	0.0217942	0.0217942	0.0217942	-0.129756	-0.135723	0.0273082	0.0273082	0.0273082	-0.162584	-0.135723
1	0	-0.108173	-0.108173	-0.108173	-0.264019	-0.285263	-0.135541	-0.135541	-0.135541	-0.330815	-0.285263
1	0	-1.26984	-1.26984	-1.26984	-1.42343	-1.42392	-1.59111	-1.59111	-1.59111	-1.78355	-1.42392
1	0	0.952129	0.952129	0.952129	0.815919	0.800326	1.19302	1.19302	1.19302	1.02235	0.800326
1	0	0.0954471	0.0954471	0.0954471	-0.0389916	-0.0355353	0.119595	0.119595	0.119595	-0.0488564	-0.0355353
1	0	-0.0156758	-0.0156758	-0.0156758	-0.157676	-0.153119	-0.0196417	-0.0196417	-0.0196417	-0.197568	-0.153119
1	0	0.160193	0.160193	0.160193	0.0227675	0.0115516	0.200721	0.200721	0.200721	0.0285277	0.0115516
1	0	-0.624253	-0.624253	-0.624253	-0.76422	-0.752854	-0.782189	-0.782189	-0.782189	-0.957567	-0.752854
1	0	-0.64271	-0.64271	-0.64271	-0.792942	-0.787877	-0.805316	-0.805316	-0.805316	-0.993556	-0.787877
1	0	0.892526	0.892526	0.892526	0.710922	0.725355	1.11834	1.11834	1.11834	0.890786	0.725355
1	0	0.601165	0.601165	0.601165	0.45358	0.464755	0.75326	0.75326	0.75326	0.568336	0.464755
1	0	-0.206858	-0.206858	-0.206858	-0.35734	-0.336391	-0.259193	-0.259193	-0.259193	-0.447748	-0.336391
1	0	-0.367231	-0.367231	-0.367231	-0.5032	-0.497065	-0.460141	-0.460141	-0.460141	-0.630509	-0.497065
1	0	0.195732	0.195732	0.195732	0.0278768	0.0443508	0.245252	0.245252	0.245252	0.0349297	0.0443508
1	0	-0.998236	-0.998236	-0.998236	-1.12493	-1.13096	-1.25079	-1.25079	-1.25079	-1.40954	-1.13096
1	0	-0.0470732	-0.0470732	-0.0470732	-0.196044	-0.185126	-0.0589827	-0.0589827	-0.0589827	-0.245643	-0.185126
1	0	1.13294	1.13294	1.13294	0.987827	0.992224	1.41958	1.41958	1.41958	1.23775	0.992224
1	0	0.526651	0.526651	0.526651	0.381334	0.356141	0.659893	0.659893	0.659893	0.477811	0.356141
1	0	-0.811202	-0.811202	-0.811202	-0.959887	-0.927401	-1.01644	-1.01644	-1.01644	-1.20274	-0.927401
1	0	-0.485868	-0.485868	-0.485868	-0.628503	-0.64576	-0.608792	-0.608792	-0.608792	-0.787515	-0.64576
1	0	-0.0832285	-0.0832285	-0.0832285	-0.234803	-0.226206	-0.104285	-0.104285	-0.104285	-0.294208	-0.226206
1	0	-0.336698	-0.336698	-0.336698	-0.500854	-0.497598	-0.421882	-0.421882	-0.421882	-0.62757	-0.497598
1	0	-0.922126	-0.922126	-0.922126	-1.07877	-1.05974	-1.15542	-1.15542	-1.15542	-1.3517	-1.05974
1	0	-1.49641	-1.49641	-1.49641	-1.63404	-1.65293	-1.875	-1.875	-1.875	-2.04745	-1.65293
1	0	0.448819	0.448819	0.448819	0.291058	0.294158	0.562371	0.562371	0.562371	0.364696	0.294158
1	0	-0.298635	-0.298635	-0.298635	-0.451784	-0.443157	-0.37419	-0.37419	-0.37419	-0.566085	-0.443157
1	0	0.467277	0.467277	0.467277	0.30917	0.333465	0.585498	0.585498	0.585498	0.38739	0.333465
1	0	1.64746	1.64746	1.64746	1.5121	1.52072	2.06427	2.06427	2.06427	1.89466	1.52072
1	0	-0.233897	-0.233897	-0.233897	-0.36429	-0.355216	-0.293072	-0.293072	-0.293072	-0.456455	-0.355216
1	0	-0.411664	-0.411664	-0.411664	-0.560573	-0.551626	-0.515815	-0.515815	-0.515815	-0.702397	-0.551626
1	0	0.798005	0.798005	0.798005	0.636519	0.640532	0.999901	0.999901	0.999901	0.797558	0.640532
1	0	1.25537	1.25537	1.25537	1.12512	1.12149	1.57298	1.57298	1.57298	1.40978	1.12149
1	0	0.413797	0.413797	0.413797	0.261278	0.280195	0.518488	0.518488	0.518488	0.327382	0.280195
1	0	-0.230778	-0.230778	-0.230778	-0.360625	-0.408018	-0.289165	-0.289165	-0.289165	-0.451863	-0.408018
1	0	0.723199	0.723199	0.723199	0.546194	0.584168	0.906169	0.906169	0.906169	0.684381	0.584168
1	0	1.91777	1.91777	1.91777	1.77152	1.76438	2.40296	2.40296	2.40296	2.21972	1.76438
1	0	1.36685	1.36685	1.36685	1.20498	1.18839	1.71267	1.71267	1.71267	1.50984	1.18839
1	0	-1.31386	-1.31386	-1.31386	-1.47376	-1.44714	-1.64627	-1.64627	-1.64627	-1.84662	-1.44714
1	0	-0.43383	-0.43383	-0.43383	-0.580099	-0.583749	-0.543589	-0.543589	-0.543589	-0.726864	-0.583749
1	0	0.143148	0.143148	0.143148	-0.00204493	-0.0197619	0.179364	0.179364	0.179364	-0.0025623	-0.0197619
1	0	-1.91922	-1.91922	-1.91922	-2.06211	-2.05511	-2.40479	-2.40479	-2.40479	-2.58383	-2.05511
1	0	0.133591	0.133591	0.133591	0.0165466	0.00651808	0.16739	0.16739	0.16739	0.0207329	0.00651808
1	0	-1.19056	-1.19056	-1.19056	-1.35369	-1.34557	-1.49177	-1.49177	-1.49177	-1.69618	-1.34557
1	0	1.63428	1.63428	1.63428	1.50502	1.46693	2.04776	2.04776	2.04776	1.88579	1.46693
1	0	-0.015639	-0.015639	-0.015639	-0.146942	-0.153235	-0.0195957	-0.0195957	-0.0195957	-0.184118	-0.153235
1	0	2.18128	2.18128	2.18128	2.05521	2.04894	2.73315	2.73315	2.73315	2.57518	2.04894
1	0	0.74557	0.74557	0.74557	0.569544	0.58925	0.9342	0.9342	0.9342	0.713639	0.58925
1	0	2.93221	2.93221	2.93221	2.76379	2.7639	3.67405	3.67405	3.67405	3.46303	2.7639
1	0	-0.854401	-0.854401	-0.854401	-1.01058	-0.98712	-1.07056	-1.07056	-1.07056	-1.26625	-0.98712
1	0	2.35124	2.35124	2.35124	2.21367	2.223	2.9461	2.9461	2.9461	2.77372	2.223
1	0	-1.78028	-1.78028	-1.78028	-1.92807	-1.947	-2.23069	-2.23069	-2.23069	-2.41587	-1.947
1	0	1.08735	1.08735	1.08735	0.938833	0.96184	1.36245	1.36245	1.36245	1.17636	0.96184
1	0	-0.296438	-0.296438	-0.296438	-0.462165	-0.460415	-0.371436	-0.371436	-0.371436	-0.579093	-0.460415
1	0	-0.895067	-0.895067	-0.895067	-1.06296	-1.03975	-1.12152	-1.12152	-1.12152	-1.33189	-1.03975
1	0	-0.213927	-0.213927	-0.213927	-0.342328	-0.332063	-0.268051	-0.268051	-0.268051	-0.428937	-0.332063
1	0	-2.88525	-2.88525	-2.88525	-3.04539	-3.01445	-3.61522	-3.61522	-3.61522	-3.81587	-3.01445
1	0	-1.34226	-1.34226	-1.34226	-1.49725	-1.49626	-1.68185	-1.68185	-1.68185	-1.87605	-1.49626
1	0	-0.859079	-0.859079	-0.859079	-1.03863	-1.01168	-1.07643	-1.07643	-1.07643	-1.30141	-1.01168
1	0	-0.392763	-0.392763	-0.392763	-0.544103	-0.527898	-0.492132	-0.492132	-0.492132	-0.681761	-0.527898
1	0	1.72195	1.72195	1.72195	1.58314	1.56991	2.1576	2.1576	2.1576	1.98367	1.56991
1	0	-0.497498	-0.497498	-0.497498	-0.649236	-0.676863	-0.623364	-0.623364	-0.623364	-0.813492	-0.676863
1	0	0.51544	0.51544	0.51544	0.369199	0.36187	0.645847	0.645847	0.645847	0.462607	0.36187
1	0	0.901577	0.901577	0.901577	0.751058	0.768229	1.12968	1.12968	1.12968	0.941076	0.768229
1	0	2.28432	2.28432	2.28432	2.11032	2.1302	2.86225	2.86225	2.86225	2.64423	2.1302
1	0	-0.838182	-0.838182	-0.838182	-0.966515	-0.966821	-1.05024	-1.05024	-1.05024	-1.21104	-0.966821
1	0	2.13434	2.13434	2.13434	1.9953	1.98156	2.67433	2.67433	2.67433	2.50011	1.98156
1	0	0.2822	0.2822	0.2822	0.120084	0.159782	0.353596	0.353596	0.353596	0.150465	0.159782
1	0	-1.0147	-1.0147	-1.0147	-1.17666	-1.14652	-1.27143	-1.27143	-1.27143	-1.47436	-1.14652
1	0	0.216565	0.216565	0.216565	0.0728021	0.064786	0.271356	0.271356	0.271356	0.0912211	0.064786
1	0	1.22367	1.22367	1.22367	1.09754	1.08346	1.53326	1.53326	1.53326	1.37522	1.08346
1	0	1.42348	1.42348	1.42348	1.28883	1.30099	1.78362	1.78362	1.78362	1.61491	1.30099
1	0	-1.04575	-1.04575	-1.04575	-1.18613	-1.17929	-1.31033	-1.31033	-1.31033	-1.48622	-1.17929
1	0	-1.22682	-1.22682	-1.22682	-1.37305	-1.39213	-1.53721	-1.53721	-1.53721	-1.72043	-1.39213
1	0	0.760286	0.760286	0.760286	0.623286	0.628957	0.952639	0.952639	0.952639	0.780977	0.628957
1	0	-0.00223881	-0.00223881	-0.00223881	-0.134232	-0.135652	-0.00280523	-0.00280523	-0.00280523	-0.168193	-0.135652
1	0	0.265399	0.265399	0.265399	0.115119	0.122925	0.332545	0.332545	0.332545	0.144244	0.122925
1	0	0.535894	0.535894	0.535894	0.376568	0.382972	0.671475	0.671475	0.671475	0.47184	0.382972
1	0	-0.453054	-0.453054	-0.453054	-0.611599	-0.600326	-0.567677	-0.567677	-0.567677	-0.766334	-0.600326
1	0	-0.336909	-0.336909	-0.336909	-0.478334	-0.476337	-0.422147	-0.422147	-0.422147	-0.599352	-0.476337
1	0	-0.554523	-0.554523	-0.554523	-0.688668	-0.678087	-0.694817	-0.694817	-0.694817	-0.862901	-0.678087
1	0	0.71254	0.71254	0.71254	0.577532	0.571524	0.892812	0.892812	0.892812	0.723648	0.571524
1	0	1.15062	1.15062	1.15062	1.00112	0.995756	1.44172	1.44172	1.44172	1.25441	0.995756
1	0	1.59212	1.59212	1.59212	1.44199	1.46444	1.99493	1.99493	1.99493	1.80682	1.46444
1	0	-1.72914	-1.72914	-1.72914	-1.881	-1.88333	-2.16661	-2.16661	-2.16661	-2.35689	-1.88333
1	0	0.745683	0.745683	0.745683	0.59306	0.609633	0.934341	0.934341	0.934341	0.743104	0.609633
1	0	-0.281103	-0.281103	-0.281103	-0.417692	-0.42378	-0.352222	-0.352222	-0.352222	-0.523369	-0.42378
1	0	0.0112409	0.0112409	0.0112409	-0.129558	-0.151577	0.0140848	0.0140848	0.0140848	-0.162336	-0.151577
1	0	-0.46017	-0.46017	-0.46017	-0.606375	-0.595043	-0.576594	-0.576594	-0.576594	-0.759787	-0.595043
1	0	-0.143756	-0.143756	-0.143756	-0.286911	-0.280229	-0.180126	-0.180126	-0.180126	-0.3595	-0.280229
1	0	-0.468461	-0.468461	-0.468461	-0.643959	-0.62175	-0.586982	-0.586982	-0.586982	-0.80688	-0.62175
1	0	-3.05738	-3.05738	-3.05738	-3.19877	-3.19085	-3.83089	-3.83089	-3.83089	-4.00806	-3.19085
1	0	-0.815782	-0.815782	-0.815782	-0.958823	-0.974727	-1.02217	-1.02217	-1.02217	-1.20141	-0.974727
1	0	0.400377	0.400377	0.400377	0.251746	0.274794	0.501672	0.501672	0.501672	0.315438	0.274794
1	0	1.83182	1.83182	1.83182	1.69842	1.69415	2.29527	2.29527	2.29527	2.12811	1.69415
1	0	-0.775171	-0.775171	-0.775171	-0.935274	-0.894576	-0.971289	-0.971289	-0.971289	-1.1719	-0.894576
1	0	-0.229619	-0.229619	-0.229619	-0.371616	-0.369508	-0.287712	-0.287712	-0.287712	-0.465635	-0.369508
1	0	-0.159332	-0.159332	-0.159332	-0.295363	-0.336592	-0.199643	-0.199643	-0.199643	-0.37009	-0.336592
1	0	-1.25099	-1.25099	-1.25099	-1.42407	-1.38202	-1.56749	-1.56749	-1.56749	-1.78436	-1.38202
1	0	0.928926	0.928926	0.928926	0.785577	0.770446	1.16394	1.16394	1.16394	0.984328	0.770446
1	0	0.0477849	0.0477849	0.0477849	-0.120647	-0.108092	0.0598745	0.0598745	0.0598745	-0.15117	-0.108092
1	0	-0.39372	-0.39372	-0.39372	-0.534814	-0.559926	-0.493332	-0.493332	-0.493332	-0.670122	-0.559926
1	0	-0.938342	-0.938342	-0.938342	-1.12628	-1.06955	-1.17574	-1.17574	-1.17574	-1.41122	-1.06955
1	0	-0.218935	-0.218935	-0.218935	-0.38651	-0.359732	-0.274326	-0.274326	-0.274326	-0.484297	-0.359732
1	0	0.819121	0.819121	0.819121	0.669154	0.66185	1.02636	1.02636	1.02636	0.838449	0.66185
1	0	-2.25941	-2.25941	-2.25941	-2.39124	-2.37865	-2.83105	-2.83105	-2.83105	-2.99623	-2.37865
1	0	-0.761987	-0.761987	-0.761987	-0.894604	-0.914884	-0.95477	-0.95477	-0.95477	-1.12094	-0.914884
1	0	0.132529	0.132529	0.132529	-0.00685436	-0.00364026	0.166058	0.166058	0.166058	-0.00858851	-0.00364026
1	0	0.627232	0.627232	0.627232	0.455361	0.446541	0.785922	0.785922	0.785922	0.570568	0.446541
1	0	0.105824	0.105824	0.105824	-0.0351752	-0.0777559	0.132597	0.132597	0.132597	-0.0440745	-0.0777559
1	0	0.239295	0.239295	0.239295	0.0769661	0.103874	0.299837	0.299837	0.299837	0.0964385	0.103874
1	0	-1.56532	-1.56532	-1.56532	-1.73528	-1.69904	-1.96135	-1.96135	-1.96135	-2.17431	-1.69904
1	0	0.499667	0.499667	0.499667	0.360951	0.380815	0.626082	0.626082	0.626082	0.452272	0.380815
1	0	0.921759	0.921759	0.921759	0.790127	0.782371	1.15496	1.15496	1.15496	0.99003	0.782371
1	0	1.53412	1.53412	1.53412	1.40335	1.37991	1.92225	1.92225	1.92225	1.7584	1.37991
1	0	0.660447	0.660447	0.660447	0.529969	0.510024	0.827541	0.827541	0.827541	0.664051	0.510024
1	0	-0.809922	-0.809922	-0.809922	-0.94793	-0.967424	-1.01483	-1.01483	-1.01483	-1.18776	-0.967424
1	0	-0.133741	-0.133741	-0.133741	-0.272808	-0.288254	-0.167578	-0.167578	-0.167578	-0.341829	-0.288254
1	0	-1.13186	-1.13186	-1.13186	-1.26312	-1.27823	-1.41822	-1.41822	-1.41822	-1.58269	-1.27823
1	0	0.887686	0.887686	0.887686	0.750777	0.709538	1.11227	1.11227	1.11227	0.940724	0.709538
1	0	-1.1479	-1.1479	-1.1479	-1.29098	-1.27416	-1.43832	-1.43832	-1.43832	-1.6176	-1.27416
1	0	0.913843	0.913843	0.913843	0.757851	0.79249	1.14505	1.14505	1.14505	0.949588	0.79249
1	0	1.36499	1.36499	1.36499	1.19829	1.24192	1.71034	1.71034	1.71034	1.50146	1.24192
1	0	-1.02708	-1.02708	-1.02708	-1.1811	-1.17866	-1.28694	-1.28694	-1.28694	-1.47992	-1.17866
1	0	0.615708	0.615708	0.615708	0.459704	0.465947	0.771482	0.771482	0.771482	0.57601	0.465947
1	0	0.184289	0.184289	0.184289	0.0467655	0.043397	0.230914	0.230914	0.230914	0.0585972	0.043397
1	0	0.470281	0.470281	0.470281	0.324756	0.323959	0.589262	0.589262	0.589262	0.40692	0.323959
1	0	-0.061017	-0.061017	-0.061017	-0.183592	-0.220478	-0.0764543	-0.0764543	-0.0764543	-0.230041	-0.220478
1	0	-1.15323	-1.15323	-1.15323	-1.29877	-1.30703	-1.445	-1.445	-1.445	-1.62736	-1.30703
1	0	0.0118662	0.0118662	0.0118662	-0.1317	-0.116826	0.0148683	0.0148683	0.0148683	-0.16502	-0.116826
1	0	-0.179465	-0.179465	-0.179465	-0.33105	-0.334841	-0.22487	-0.22487	-0.22487	-0.414806	-0.334841
1	0	0.114371	0.114371	0.114371	-0.0395312	-0.0520945	0.143307	0.143307	0.143307	-0.0495325	-0.0520945
1	0	-1.46509	-1.46509	-1.46509	-1.62084	-1.62604	-1.83576	-1.83576	-1.83576	-2.03092	-1.62604
1	0	0.403351	0.403351	0.403351	0.267808	0.277279	0.505399	0.505399	0.505399	0.335564	0.277279
1	0	-0.202225	-0.202225	-0.202225	-0.339673	-0.355473	-0.253388	-0.253388	-0.253388	-0.42561	-0.355473
1	0	1.02524	1.02524	1.02524	0.850903	0.893513	1.28462	1.28462	1.28462	1.06618	0.893513
1	0	-0.435869	-0.435869	-0.435869	-0.577881	-0.598853	-0.546144	-0.546144	-0.546144	-0.724085	-0.598853
1	0	1.43439	1.43439	1.43439	1.26195	1.30103	1.79729	1.79729	1.79729	1.58122	1.30103
1	0	0.720869	0.720869	0.720869	0.574316	0.590341	0.903248	0.903248	0.903248	0.719619	0.590341
1	0	0.502713	0.502713	0.502713	0.325741	0.359661	0.6299	0.6299	0.6299	0.408154	0.359661
1	0	1.57975	1.57975	1.57975	1.40144	1.41807	1.97943	1.97943	1.97943	1.756	1.41807
1	0	0.701029	0.701029	0.701029	0.574379	0.565374	0.878389	0.878389	0.878389	0.719697	0.565374
1	0	0.176693	0.176693	0.176693	0.0158796	0.0237352	0.221397	0.221397	0.221397	0.0198971	0.0237352
1	0	-0.0753962	-0.0753962	-0.0753962	-0.217584	-0.204542	-0.0944715	-0.0944715	-0.0944715	-0.272633	-0.204542
1	0	0.141915	0.141915	0.141915	0.0048666	-0.00241882	0.17782	0.17782	0.17782	0.00609786	-0.00241882
1	0	1.34915	1.34915	1.34915	1.18531	1.21	1.69048	1.69048	1.69048	1.48519	1.21
1	0	1.85311	1.85311	1.85311	1.70278	1.72378	2.32195	2.32195	2.32195	2.13359	1.72378
1	0	-1.09992	-1.09992	-1.09992	-1.24235	-1.25427	-1.3782	-1.3782	-1.3782	-1.55667	-1.25427
1	0	1.787	1.787	1.787	1.63498	1.62594	2.23911	2.23911	2.23911	2.04863	1.62594
1	0	-0.569591	-0.569591	-0.569591	-0.697993	-0.705616	-0.713697	-0.713697	-0.713697	-0.874585	-0.705616
1	0	1.05051	1.05051	1.05051	0.917432	0.903891	1.31629	1.31629	1.31629	1.14954	0.903891
1	0	-1.45126	-1.45126	-1.45126	-1.60809	-1.57846	-1.81843	-1.81843	-1.81843	-2.01493	-1.57846
1	0	-0.934973	-0.934973	-0.934973	-1.07588	-1.05325	-1.17152	-1.17152	-1.17152	-1.34808	-1.05325
1	0	-0.703723	-0.703723	-0.703723	-0.841935	-0.846118	-0.881765	-0.881765	-0.881765	-1.05494	-0.846118
1	0	-1.24253	-1.24253	-1.24253	-1.39042	-1.37752	-1.55689	-1.55689	-1.55689	-1.74219	-1.37752
1	0	-0.0148404	-0.0148404	-0.0148404	-0.180939	-0.160114	-0.018595	-0.018595	-0.018595	-0.226716	-0.160114
1	0	1.44106	1.44106	1.44106	1.31133	1.33187	1.80565	1.80565	1.80565	1.6431	1.33187
1	0	-0.646765	-0.646765	-0.646765	-0.805162	-0.800312	-0.810396	-0.810396	-0.810396	-1.00887	-0.800312
1	0	-0.47547	-0.47547	-0.47547	-0.630194	-0.606887	-0.595764	-0.595764	-0.595764	-0.789634	-0.606887
1	0	0.170861	0.170861	0.170861	0.0197372	0.0367223	0.214089	0.214089	0.214089	0.0247308	0.0367223
1	0	-1.01595	-1.01595	-1.01595	-1.15465	-1.17887	-1.27299	-1.27299	-1.27299	-1.44678	-1.17887
1	0	0.935513	0.935513	0.935513	0.780512	0.781768	1.1722	1.1722	1.1722	0.977982	0.781768
1	0	0.145227	0.145227	0.145227	-0.00372429	0.00295592	0.18197	0.18197	0.18197	-0.00466654	0.00295592
1	0	1.16628	1.16628	1.16628	1.03108	1.00974	1.46135	1.46135	1.46135	1.29194	1.00974
1	0	1.32851	1.32851	1.32851	1.19498	1.19684	1.66462	1.66462	1.66462	1.49732	1.19684
1	0	-1.40805	-1.40805	-1.40805	-1.55461	-1.549	-1.76429	-1.76429	-1.76429	-1.94793	-1.549
1	0	0.198103	0.198103	0.198103	0.0657153	0.0601781	0.248223	0.248223	0.248223	0.0823413	0.0601781
1	0	-1.31665	-1.31665	-1.31665	-1.49329	-1.45658	-1.64976	-1.64976	-1.64976	-1.87109	-1.45658
1	0	-1.15221	-1.15221	-1.15221	-1.29908	-1.32969	-1.44372	-1.44372	-1.44372	-1.62774	-1.32969
1	0	1.39608	1.39608	1.39608	1.24154	1.26319	1.74929	1.74929	1.74929	1.55565	1.26319
1	0	0.333008	0.333008	0.333008	0.182363	0.195529	0.41726	0.41726	0.41726	0.228501	0.195529
1	0	-0.509801	-0.509801	-0.509801	-0.654843	-0.660516	-0.638781	-0.638781	-0.638781	-0.820518	-0.660516
1	0	-0.793581	-0.793581	-0.793581	-0.966084	-0.955733	-0.994357	-0.994357	-0.994357	-1.2105	-0.955733
1	0	-1.19265	-1.19265	-1.19265	-1.3421	-1.32807	-1.49439	-1.49439	-1.49439	-1.68166	-1.32807
1	0	0.466923	0.466923	0.466923	0.308322	0.324229	0.585055	0.585055	0.585055	0.386327	0.324229
1	0	-1.13028	-1.13028	-1.13028	-1.26844	-1.28477	-1.41624	-1.41624	-1.41624	-1.58935	-1.28477
1	0	-1.13235	-1.13235	-1.13235	-1.28101	-1.2857	-1.41884	-1.41884	-1.41884	-1.6051	-1.2857
1	0	-0.4501	-0.4501	-0.4501	-0.590456	-0.602452	-0.563975	-0.563975	-0.563975	-0.739841	-0.602452
1	0	0.639332	0.639332	0.639332	0.485014	0.481578	0.801083	0.801083	0.801083	0.607723	0.481578
1	0	1.24547	1.24547	1.24547	1.0968	1.08851	1.56058	1.56058	1.56058	1.37429	1.08851
1	0	0.964316	0.964316	0.964316	0.817225	0.824391	1.20829	1.20829	1.20829	1.02398	0.824391
1	0	-0.657731	-0.657731	-0.657731	-0.823309	-0.797999	-0.824137	-0.824137	-0.824137	-1.03161	-0.797999
1	0	0.933796	0.933796	0.933796	0.793896	0.770839	1.17005	1.17005	1.17005	0.994752	0.770839
1	0	-1.29408	-1.29408	-1.29408	-1.46474	-1.44309	-1.62148	-1.62148	-1.62148	-1.83532	-1.44309
1	0	0.0179388	0.0179388	0.0179388	-0.146413	-0.129707	0.0224773	0.0224773	0.0224773	-0.183456	-0.129707
1	0	-0.513028	-0.513028	-0.513028	-0.666368	-0.661497	-0.642825	-0.642825	-0.642825	-0.834959	-0.661497
1	0	-0.824391	-0.824391	-0.824391	-0.948825	-0.976096	-1.03296	-1.03296	-1.03296	-1.18888	-0.976096
1	0	0.868474	0.868474	0.868474	0.725012	0.704564	1.0882	1.0882	1.0882	0.90844	0.704564
1	0	-0.397006	-0.397006	-0.397006	-0.531056	-0.518404	-0.497448	-0.497448	-0.497448	-0.665414	-0.518404
1	0	0.0529609	0.0529609	0.0529609	-0.0868954	-0.0856572	0.06636	0.06636	0.06636	-0.10888	-0.0856572
1	0	0.187277	0.187277	0.187277	0.0342619	0.0545795	0.234658	0.234658	0.234658	0.0429302	0.0545795
1	0	-0.0671493	-0.0671493	-0.0671493	-0.207852	-0.199652	-0.0841381	-0.0841381	-0.0841381	-0.260438	-0.199652
1	0	0.989489	0.989489	0.989489	0.834362	0.843889	1.23983	1.23983	1.23983	1.04546	0.843889
1	0	-0.26966	-0.26966	-0.26966	-0.415245	-0.402482	-0.337883	-0.337883	-0.337883	-0.520302	-0.402482
1	0	0.939478	0.939478	0.939478	0.780469	0.778626	1.17717	1.17717	1.17717	0.977928	0.778626
1	0	-1.08376	-1.08376	-1.08376	-1.2242	-1.20876	-1.35795	-1.35795	-1.35795	-1.53392	-1.20876
1	0	1.24215	1.24215	1.24215	1.08346	1.11695	1.55641	1.55641	1.55641	1.35758	1.11695
1	0	0.181379	0.181379	0.181379	0.0333014	0.0180114	0.227267	0.227267	0.227267	0.0417267	0.0180114
1	0	-1.69553	-1.69553	-1.69553	-1.82575	-1.86771	-2.1245	-2.1245	-2.1245	-2.28766	-1.86771
1	0	0.0624064	0.0624064	0.0624064	-0.0719137	-0.0617125	0.0781952	0.0781952	0.0781952	-0.0901079	-0.0617125
1	0	0.890201	0.890201	0.890201	0.732957	0.757944	1.11542	1.11542	1.11542	0.918396	0.757944
1	0	-0.928462	-0.928462	-0.928462	-1.08364	-1.04571	-1.16336	-1.16336	-1.16336	-1.3578	-1.04571
1	0	-0.63355	-0.63355	-0.63355	-0.772041	-0.79445	-0.793838	-0.793838	-0.793838	-0.967368	-0.79445
1	0	0.813562	0.813562	0.813562	0.681571	0.675354	1.01939	1.01939	1.01939	0.854008	0.675354
1	0	1.97415	1.97415	1.97415	1.83102	1.81056	2.47361	2.47361	2.47361	2.29427	1.81056
1	0	0.776636	0.776636	0.776636	0.635935	0.62644	0.973124	0.973124	0.973124	0.796827	0.62644
1	0	0.436354	0.436354	0.436354	0.281801	0.291602	0.546751	0.546751	0.546751	0.353097	0.291602
1	0	-1.94378	-1.94378	-1.94378	-2.09256	-2.09458	-2.43556	-2.43556	-2.43556	-2.62198	-2.09458
1	0	-0.653806	-0.653806	-0.653806	-0.792543	-0.788785	-0.819218	-0.819218	-0.819218	-0.993057	-0.788785
1	0	0.812672	0.812672	0.812672	0.667719	0.656597	1.01828	1.01828	1.01828	0.836652	0.656597
1	0	-0.35693	-0.35693	-0.35693	-0.490006	-0.487849	-0.447233	-0.447233	-0.447233	-0.613977	-0.487849
1	0	-0.905845	-0.905845	-0.905845	-1.06551	-1.06081	-1.13502	-1.13502	-1.13502	-1.33509	-1.06081
1	0	-2.1573	-2.1573	-2.1573	-2.31645	-2.27452	-2.7031	-2.7031	-2.7031	-2.90252	-2.27452
1	0	2.23899	2.23899	2.23899	2.08868	2.09623	2.80545	2.80545	2.80545	2.61712	2.09623
1	0	-0.0159189	-0.0159189	-0.0159189	-0.166055	-0.141447	-0.0199464	-0.0199464	-0.0199464	-0.208067	-0.141447
1	0	0.395416	0.395416	0.395416	0.23026	0.250288	0.495456	0.495456	0.495456	0.288516	0.250288
1	0	0.487352	0.487352	0.487352	0.337504	0.343431	0.610652	0.610652	0.610652	0.422892	0.343431
1	0	-2.2386	-2.2386	-2.2386	-2.39181	-2.38738	-2.80496	-2.80496	-2.80496	-2.99694	-2.38738
1	0	-0.319103	-0.319103	-0.319103	-0.468854	-0.475267	-0.399836	-0.399836	-0.399836	-0.587474	-0.475267
1	0	0.133433	0.133433	0.133433	-0.0183146	-0.0108899	0.167191	0.167191	0.167191	-0.0229482	-0.0108899
1	0	-0.519342	-0.519342	-0.519342	-0.665742	-0.673788	-0.650736	-0.650736	-0.650736	-0.834174	-0.673788
1	0	0.0687244	0.0687244	0.0687244	-0.094005	-0.0720047	0.0861116	0.0861116	0.0861116	-0.117788	-0.0720047
1	0	-0.0717567	-0.0717567	-0.0717567	-0.243103	-0.208984	-0.0899111	-0.0899111	-0.0899111	-0.304608	-0.208984
1	0	1.98972	1.98972	1.98972	1.82944	1.86394	2.49312	2.49312	2.49312	2.29229	1.86394
1	0	-2.60088	-2.60088	-2.60088	-2.75007	-2.7253	-3.2589	-3.2589	-3.2589	-3.44584	-2.7253
1	0	1.1123	1.1123	1.1123	0.970209	0.95084	1.39372	1.39372	1.39372	1.21567	0.95084
1	0	-0.903607	-0.903607	-0.903607	-1.06031	-1.05197	-1.13222	-1.13222	-1.13222	-1.32857	-1.05197
1	0	1.25927	1.25927	1.25927	1.10188	1.11988	1.57786	1.57786	1.57786	1.38066	1.11988
1	0	-0.752705	-0.752705	-0.752705	-0.909138	-0.908746	-0.943139	-0.943139	-0.943139	-1.13915	-0.908746
1	0	1.34834	1.34834	1.34834	1.19836	1.19727	1.68947	1.68947	1.68947	1.50154	1.19727
1	0	0.229599	0.229599	0.229599	0.079957	0.0739837	0.287687	0.287687	0.287687	0.100186	0.0739837
1	0	1.91491	1.91491	1.91491	1.77693	1.78651	2.39939	2.39939	2.39939	2.2265	1.78651
1	0	-1.6576	-1.6576	-1.6576	-1.81242	-1.80009	-2.07698	-2.07698	-2.07698	-2.27097	-1.80009
1	0	-0.433252	-0.433252	-0.433252	-0.584761	-0.571132	-0.542864	-0.542864	-0.542864	-0.732705	-0.571132
1	0	-1.56579	-1.56579	-1.56579	-1.71614	-1.69336	-1.96194	-1.96194	-1.96194	-2.15032	-1.69336
1	0	0.085877	0.085877	0.085877	-0.0492735	-0.0834168	0.107604	0.107604	0.107604	-0.0617397	-0.0834168
1	0	0.653812	0.653812	0.653812	0.498139	0.517764	0.819226	0.819226	0.819226	0.624169	0.517764
1	0	0.742522	0.742522	0.742522	0.580168	0.600059	0.93038	0.93038	0.93038	0.72695	0.600059
1	0	0.34397	0.34397	0.34397	0.21113	0.211584	0.430995	0.430995	0.430995	0.264546	0.211584
1	0	1.09583	1.09583	1.09583	0.917928	0.94379	1.37308	1.37308	1.37308	1.15016	0.94379
1	0	0.256459	0.256459	0.256459	0.096679	0.109494	0.321343	0.321343	0.321343	0.121139	0.109494
1	0	-0.748616	-0.748616	-0.748616	-0.894	-0.902622	-0.938016	-0.938016	-0.938016	-1.12018	-0.902622
1	0	-1.52447	-1.52447	-1.52447	-1.68951	-1.68672	-1.91016	-1.91016	-1.91016	-2.11696	-1.68672
1	0	0.748895	0.748895	0.748895	0.596775	0.607372	0.938365	0.938365	0.938365	0.747759	0.607372
1	0	0.565976	0.565976	0.565976	0.407151	0.431456	0.709167	0.709167	0.709167	0.51016	0.431456
1	0	-0.277796	-0.277796	-0.277796	-0.411429	-0.423907	-0.348079	-0.348079	-0.348079	-0.51552	-0.423907
1	0	-0.297763	-0.297763	-0.297763	-0.457843	-0.460002	-0.373098	-0.373098	-0.373098	-0.573678	-0.460002
1	0	0.156123	0.156123	0.156123	0.00362541	0.0246442	0.195622	0.195622	0.195622	0.00454264	0.0246442
1	0	0.119677	0.119677	0.119677	-0.017355	-0.00366947	0.149956	0.149956	0.149956	-0.0217458	-0.00366947
1	0	1.03421	1.03421	1.03421	0.890367	0.896351	1.29587	1.29587	1.29587	1.11563	0.896351
1	0	-0.32699	-0.32699	-0.32699	-0.47264	-0.472026	-0.409718	-0.409718	-0.409718	-0.592218	-0.472026
1	0	-1.24329	-1.24329	-1.24329	-1.37424	-1.37963	-1.55784	-1.55784	-1.55784	-1.72192	-1.37963
1	0	-1.06479	-1.06479	-1.06479	-1.19316	-1.21642	-1.33419	-1.33419	-1.33419	-1.49503	-1.21642
1	0	0.0769359	0.0769359	0.0769359	-0.0651561	-0.0778382	0.0964006	0.0964006	0.0964006	-0.0816406	-0.0778382
1	0	1.3006	1.3006	1.3006	1.16516	1.15521	1.62966	1.62966	1.62966	1.45994	1.15521
1	0	-0.60969	-0.60969	-0.60969	-0.766376	-0.745413	-0.763941	-0.763941	-0.763941	-0.96027	-0.745413
1	0	-0.363078	-0.363078	-0.363078	-0.519121	-0.513614	-0.454937	-0.454937	-0.454937	-0.650458	-0.513614
1	0	0.115356	0.115356	0.115356	-0.0503475	-0.0328751	0.144541	0.144541	0.144541	-0.0630854	-0.0328751
1	0	0.632306	0.632306	0.632306	0.490327	0.485682	0.79228	0.79228	0.79228	0.61438	0.485682
1	0	0.537886	0.537886	0.537886	0.384814	0.388043	0.673972	0.673972	0.673972	0.482172	0.388043
1	0	0.308328	0.308328	0.308328	0.168807	0.179126	0.386335	0.386335	0.386335	0.211515	0.179126
1	0	0.160983	0.160983	0.160983	-0.000732231	0.023659	0.201712	0.201712	0.201712	-0.000917485	0.023659
1	0	1.16413	1.16413	1.16413	1.00602	1.00391	1.45866	1.45866	1.45866	1.26054	1.00391
1	0	1.05872	1.05872	1.05872	0.899138	0.911352	1.32658	1.32658	1.32658	1.12662	0.911352
1	0	1.41755	1.41755	1.41755	1.26635	1.28338	1.77619	1.77619	1.77619	1.58673	1.28338
1	0	-0.380213	-0.380213	-0.380213	-0.518762	-0.526794	-0.476407	-0.476407	-0.476407	-0.650009	-0.526794
1	0	0.699395	0.699395	0.699395	0.54511	0.559046	0.876342	0.876342	0.876342	0.683022	0.559046
1	0	-1.12684	-1.12684	-1.12684	-1.28376	-1.26875	-1.41193	-1.41193	-1.41193	-1.60856	-1.26875
1	0	1.18519	1.18519	1.18519	1.03362	1.04749	1.48504	1.48504	1.48504	1.29512	1.04749
1	0	0.649218	0.649218	0.649218	0.518282	0.502366	0.81347	0.81347	0.81347	0.649407	0.502366
1	0	-0.155343	-0.155343	-0.155343	-0.305596	-0.277328	-0.194644	-0.194644	-0.194644	-0.382912	-0.277328
1	0	-0.902556	-0.902556	-0.902556	-1.0657	-1.02452	-1.1309	-1.1309	-1.1309	-1.33532	-1.02452
1	0	-0.457221	-0.457221	-0.457221	-0.598531	-0.601854	-0.572898	-0.572898	-0.572898	-0.749959	-0.601854
1	0	1.30529	1.30529	1.30529	1.15609	1.1876	1.63553	1.63553	1.63553	1.44858	1.1876
1	0	0.458328	0.458328	0.458328	0.319517	0.323125	0.574285	0.574285	0.574285	0.400355	0.323125
1	0	0.437533	0.437533	0.437533	0.305805	0.283789	0.548228	0.548228	0.548228	0.383174	0.283789
1	0	-1.2273	-1.2273	-1.2273	-1.37852	-1.39263	-1.5378	-1.5378	-1.5378	-1.72728	-1.39263
1	0	-1.54253	-1.54253	-1.54253	-1.67889	-1.66263	-1.93278	-1.93278	-1.93278	-2.10365	-1.66263
1	0	-0.127615	-0.127615	-0.127615	-0.25565	-0.246078	-0.159902	-0.159902	-0.159902	-0.32033	-0.246078
1	0	0.888486	0.888486	0.888486	0.735621	0.717898	1.11327	1.11327	1.11327	0.921733	0.717898
1	0	-0.747849	-0.747849	-0.747849	-0.894672	-0.923213	-0.937055	-0.937055	-0.937055	-1.12102	-0.923213
1	0	-2.02298	-2.02298	-2.02298	-2.18502	-2.14534	-2.5348	-2.5348	-2.5348	-2.73783	-2.14534
1	0	2.55768	2.55768	2.55768	2.39015	2.42233	3.20477	3.20477	3.20477	2.99486	2.42233
1	0	-1.29819	-1.29819	-1.29819	-1.43146	-1.4448	-1.62663	-1.62663	-1.62663	-1.79362	-1.4448
1	0	-0.398083	-0.398083	-0.398083	-0.534521	-0.557901	-0.498798	-0.498798	-0.498798	-0.669754	-0.557901
1	0	0.26316	0.26316	0.26316	0.116245	0.114157	0.329739	0.329739	0.329739	0.145655	0.114157
1	0	-0.671571	-0.671571	-0.671571	-0.830965	-0.824804	-0.841478	-0.841478	-0.841478	-1.0412	-0.824804
1	0	-0.21314	-0.21314	-0.21314	-0.34864	-0.346176	-0.267065	-0.267065	-0.267065	-0.436846	-0.346176
1	0	0.150316	0.150316	0.150316	0.00402733	0.00563836	0.188345	0.188345	0.188345	0.00504624	0.00563836
1	0	-0.837344	-0.837344	-0.837344	-0.99488	-0.987258	-1.04919	-1.04919	-1.04919	-1.24658	-0.987258
1	0	0.985225	0.985225	0.985225	0.847764	0.826251	1.23449	1.23449	1.23449	1.06225	0.826251
1	0	2.28965	2.28965	2.28965	2.15616	2.14588	2.86893	2.86893	2.86893	2.70167	2.14588
1	0	2.09839	2.09839	2.09839	1.96734	1.95956	2.62929	2.62929	2.62929	2.46508	1.95956
1	0	-0.725427	-0.725427	-0.725427	-0.880326	-0.87015	-0.90896	-0.90896	-0.90896	-1.10305	-0.87015
1	0	0.360241	0.360241	0.360241	0.233814	0.200034	0.451382	0.451382	0.451382	0.292969	0.200034
1	0	0.188901	0.188901	0.188901	0.0457836	0.0155829	0.236693	0.236693	0.236693	0.0573668	0.0155829
1	0	0.582574	0.582574	0.582574	0.439645	0.412852	0.729965	0.729965	0.729965	0.550876	0.412852
1	0	-0.515689	-0.515689	-0.515689	-0.67578	-0.671986	-0.646159	-0.646159	-0.646159	-0.846753	-0.671986
1	0	-0.202461	-0.202461	-0.202461	-0.343177	-0.350996	-0.253683	-0.253683	-0.253683	-0.430001	-0.350996
1	0	-0.28332	-0.28332	-0.28332	-0.423096	-0.457447	-0.355	-0.355	-0.355	-0.530139	-0.457447
1	0	-1.61448	-1.61448	-1.61448	-1.77958	-1.76527	-2.02294	-2.02294	-2.02294	-2.22982	-1.76527
1	0	-0.513807	-0.513807	-0.513807	-0.657023	-0.668404	-0.6438	-0.6438	-0.6438	-0.82325	-0.668404
1	0	-1.49093	-1.49093	-1.49093	-1.63675	-1.62179	-1.86814	-1.86814	-1.86814	-2.05085	-1.62179
1	0	-1.02284	-1.02284	-1.02284	-1.21296	-1.21942	-1.28162	-1.28162	-1.28162	-1.51983	-1.21942
1	0	-1.08303	-1.08303	-1.08303	-1.23308	-1.24005	-1.35704	-1.35704	-1.35704	-1.54505	-1.24005
1	0	0.709826	0.709826	0.709826	0.544426	0.582164	0.889412	0.889412	0.889412	0.682166	0.582164
1	0	1.74522	1.74522	1.74522	1.58268	1.57815	2.18676	2.18676	2.18676	1.9831	1.57815
1	0	-0.756378	-0.756378	-0.756378	-0.892224	-0.895995	-0.947741	-0.947741	-0.947741	-1.11796	-0.895995
1	0	-0.791256	-0.791256	-0.791256	-0.969351	-0.935434	-0.991444	-0.991444	-0.991444	-1.2146	-0.935434
1	0	0.55612	0.55612	0.55612	0.402443	0.40941	0.696819	0.696819	0.696819	0.504261	0.40941
1	0	0.332343	0.332343	0.332343	0.17587	0.184695	0.416426	0.416426	0.416426	0.220365	0.184695
1	0	-1.49329	-1.49329	-1.49329	-1.6372	-1.63144	-1.87109	-1.87109	-1.87109	-2.05141	-1.63144
1	0	-0.651776	-0.651776	-0.651776	-0.777665	-0.802848	-0.816676	-0.816676	-0.816676	-0.974414	-0.802848
1	0	-0.180247	-0.180247	-0.180247	-0.3257	-0.335506	-0.225849	-0.225849	-0.225849	-0.408102	-0.335506
1	0	-1.25841	-1.25841	-1.25841	-1.40775	-1.41707	-1.57679	-1.57679	-1.57679	-1.76391	-1.41707
1	0	1.19089	1.19089	1.19089	1.0275	1.04478	1.49219	1.49219	1.49219	1.28746	1.04478
1	0	-2.20649	-2.20649	-2.20649	-2.34476	-2.34894	-2.76473	-2.76473	-2.76473	-2.93798	-2.34894
1	0	0.145298	0.145298	0.145298	-0.0225043	-0.00232076	0.182058	0.182058	0.182058	-0.0281979	-0.00232076
1	0	-1.82095	-1.82095	-1.82095	-1.99117	-1.95013	-2.28165	-2.28165	-2.28165	-2.49493	-1.95013
1	0	0.620233	0.620233	0.620233	0.464517	0.481087	0.777153	0.777153	0.777153	0.58204	0.481087
1	0	1.30368	1.30368	1.30368	1.17369	1.16513	1.63351	1.63351	1.63351	1.47063	1.16513
1	0	-0.629541	-0.629541	-0.629541	-0.781679	-0.787666	-0.788815	-0.788815	-0.788815	-0.979443	-0.787666
1	0	0.485382	0.485382	0.485382	0.316992	0.346965	0.608183	0.608183	0.608183	0.397191	0.346965
1	0	0.863657	0.863657	0.863657	0.676036	0.711904	1.08216	1.08216	1.08216	0.847073	0.711904
1	0	1.18825	1.18825	1.18825	1.01122	1.04859	1.48887	1.48887	1.48887	1.26706	1.04859
1	0	0.151403	0.151403	0.151403	0.00637959	0.00462094	0.189708	0.189708	0.189708	0.00799362	0.00462094
1	0	-1.25304	-1.25304	-1.25304	-1.42003	-1.40931	-1.57006	-1.57006	-1.57006	-1.7793	-1.40931
1	0	0.175531	0.175531	0.175531	-0.00790566	0.00826555	0.219941	0.219941	0.219941	-0.0099058	0.00826555
1	0	1.81856	1.81856	1.81856	1.67314	1.67191	2.27866	2.27866	2.27866	2.09644	1.67191
1	0	-0.359182	-0.359182	-0.359182	-0.507623	-0.505294	-0.450055	-0.450055	-0.450055	-0.636052	-0.505294
1	0	2.25223	2.25223	2.25223	2.09294	2.09963	2.82205	2.82205	2.82205	2.62245	2.09963
1	0	-0.821945	-0.821945	-0.821945	-0.960422	-0.941266	-1.0299	-1.0299	-1.0299	-1.20341	-0.941266
1	0	-1.60305	-1.60305	-1.60305	-1.75611	-1.73935	-2.00862	-2.00862	-2.00862	-2.2004	-1.73935
1	0	1.27204	1.27204	1.27204	1.12577	1.13372	1.59387	1.59387	1.59387	1.41058	1.13372
1	0	-0.0631549	-0.0631549	-0.0631549	-0.209138	-0.198663	-0.0791331	-0.0791331	-0.0791331	-0.262049	-0.198663
1	0	0.511097	0.511097	0.511097	0.350857	0.361668	0.640404	0.640404	0.640404	0.439624	0.361668
1	0	0.330761	0.330761	0.330761	0.164889	0.18159	0.414444	0.414444	0.414444	0.206606	0.18159
1	0	0.703628	0.703628	0.703628	0.549827	0.560725	0.881646	0.881646	0.881646	0.688933	0.560725
1	0	2.07255	2.07255	2.07255	1.91509	1.92765	2.5969	2.5969	2.5969	2.39961	1.92765
1	0	2.57027	2.57027	2.57027	2.43079	2.40317	3.22054	3.22054	3.22054	3.04578	2.40317
1	0	1.02662	1.02662	1.02662	0.884319	0.884115	1.28636	1.28636	1.28636	1.10805	0.884115
1	0	-0.276615	-0.276615	-0.276615	-0.417483	-0.415737	-0.346598	-0.346598	-0.346598	-0.523106	-0.415737
1	0	0.181481	0.181481	0.181481	0.0340502	0.0428791	0.227395	0.227395	0.227395	0.0426649	0.0428791
1	0	0.546648	0.546648	0.546648	0.410632	0.4026	0.68495	0.68495	0.68495	0.514522	0.4026
1	0	0.61023	0.61023	0.61023	0.462415	0.459142	0.764618	0.764618	0.764618	0.579406	0.459142
1	0	0.722756	0.722756	0.722756	0.572951	0.570879	0.905613	0.905613	0.905613	0.717907	0.570879
1	0	1.73682	1.73682	1.73682	1.588	1.55374	2.17624	2.17624	2.17624	1.98976	1.55374
1	0	1.97099	1.97099	1.97099	1.81882	1.82585	2.46965	2.46965	2.46965	2.27898	1.82585
1	0	2.42118	2.42118	2.42118	2.24913	2.26472	3.03374	3.03374	3.03374	2.81816	2.26472
1	0	-1.52293	-1.52293	-1.52293	-1.69092	-1.65491	-1.90824	-1.90824	-1.90824	-2.11872	-1.65491
1	0	-0.476445	-0.476445	-0.476445	-0.642781	-0.623664	-0.596986	-0.596986	-0.596986	-0.805404	-0.623664
1	0	-1.15472	-1.15472	-1.15472	-1.28658	-1.30057	-1.44686	-1.44686	-1.44686	-1.61208	-1.30057
1	0	0.587276	0.587276	0.587276	0.455066	0.441092	0.735857	0.735857	0.735857	0.570198	0.441092
1	0	0.78595	0.78595	0.78595	0.631982	0.631427	0.984796	0.984796	0.984796	0.791874	0.631427
1	0	-1.11928	-1.11928	-1.11928	-1.24953	-1.26236	-1.40245	-1.40245	-1.40245	-1.56566	-1.26236
1	0	-1.12996	-1.12996	-1.12996	-1.26482	-1.27873	-1.41584	-1.41584	-1.41584	-1.58482	-1.27873
1	0	0.348069	0.348069	0.348069	0.188333	0.217831	0.436131	0.436131	0.436131	0.235982	0.217831
1	0	0.291478	0.291478	0.291478	0.122809	0.142816	0.365222	0.365222	0.365222	0.153879	0.142816
1	0	0.897443	0.897443	0.897443	0.729965	0.743203	1.1245	1.1245	1.1245	0.914647	0.743203
1	0	-1.23005	-1.23005	-1.23005	-1.36954	-1.3629	-1.54125	-1.54125	-1.54125	-1.71604	-1.3629
1	0	0.234521	0.234521	0.234521	0.050571	0.0945883	0.293854	0.293854	0.293854	0.0633654	0.0945883
1	0	0.340255	0.340255	0.340255	0.174203	0.180958	0.426339	0.426339	0.426339	0.218276	0.180958
1	0	-1.19597	-1.19597	-1.19597	-1.35551	-1.34367	-1.49855	-1.49855	-1.49855	-1.69846	-1.34367
1	0	0.0837757	0.0837757	0.0837757	-0.0358531	-0.0673562	0.104971	0.104971	0.104971	-0.044924	-0.0673562
1	0	1.80633	1.80633	1.80633	1.63622	1.66865	2.26334	2.26334	2.26334	2.05018	1.66865
1	0	0.169073	0.169073	0.169073	0.0135814	0.0280868	0.211848	0.211848	0.211848	0.0170174	0.0280868
1	0	-0.540228	-0.540228	-0.540228	-0.694897	-0.686156	-0.676905	-0.676905	-0.676905	-0.870706	-0.686156
1	0	0.181236	0.181236	0.181236	0.0379539	0.0119237	0.227088	0.227088	0.227088	0.0475563	0.0119237
1	0	-0.131397	-0.131397	-0.131397	-0.272868	-0.259553	-0.164641	-0.164641	-0.164641	-0.341904	-0.259553
1	0	0.58447	0.58447	0.58447	0.430683	0.429232	0.732341	0.732341	0.732341	0.539645	0.429232
1	0	0.40979	0.40979	0.40979	0.23736	0.255572	0.513467	0.513467	0.513467	0.297412	0.255572
1	0	-0.0336827	-0.0336827	-0.0336827	-0.173546	-0.190887	-0.0422044	-0.0422044	-0.0422044	-0.217454	-0.190887
1	0	-0.742455	-0.742455	-0.742455	-0.900126	-0.895349	-0.930296	-0.930296	-0.930296	-1.12786	-0.895349
1	0	0.173926	0.173926	0.173926	-0.00822748	0.0164229	0.21793	0.21793	0.21793	-0.010309	0.0164229
1	0	2.16605	2.16605	2.16605	2.02159	2.01532	2.71406	2.71406	2.71406	2.53305	2.01532
1	0	1.36614	1.36614	1.36614	1.21832	1.22003	1.71178	1.71178	1.71178	1.52655	1.22003
1	0	0.37903	0.37903	0.37903	0.230648	0.254678	0.474924	0.474924	0.474924	0.289002	0.254678
1	0	0.218223	0.218223	0.218223	0.0552485	0.0410912	0.273433	0.273433	0.273433	0.0692264	0.0410912
1	0	-1.3073	-1.3073	-1.3073	-1.44618	-1.48423	-1.63805	-1.63805	-1.63805	-1.81206	-1.48423
1	0	0.342576	0.342576	0.342576	0.175241	0.209159	0.429248	0.429248	0.429248	0.219577	0.209159
1	0	0.429434	0.429434	0.429434	0.276176	0.29587	0.53808	0.53808	0.53808	0.346048	0.29587
1	0	0.151145	0.151145	0.151145	-0.00045858	0.00729424	0.189385	0.189385	0.189385	-0.000574601	0.00729424
1	0	-0.637084	-0.637084	-0.637084	-0.820654	-0.790647	-0.798266	-0.798266	-0.798266	-1.02828	-0.790647
1	0	-0.0904742	-0.0904742	-0.0904742	-0.238755	-0.221302	-0.113364	-0.113364	-0.113364	-0.29916	-0.221302
1	0	0.159338	0.159338	0.159338	0.0112949	0.00191788	0.19965	0.19965	0.19965	0.0141525	0.00191788
1	0	0.0124547	0.0124547	0.0124547	-0.141608	-0.121111	0.0156057	0.0156057	0.0156057	-0.177435	-0.121111
1	0	0.0665882	0.0665882	0.0665882	-0.0875602	-0.0705205	0.083435	0.083435	0.083435	-0.109713	-0.0705205
1	0	0.665084	0.665084	0.665084	0.507782	0.505607	0.833351	0.833351	0.833351	0.636251	0.505607
1	0	1.96336	1.96336	1.96336	1.84104	1.79532	2.46009	2.46009	2.46009	2.30682	1.79532
1	0	-0.471398	-0.471398	-0.471398	-0.628383	-0.614386	-0.590662	-0.590662	-0.590662	-0.787364	-0.614386
1	0	-1.3058	-1.3058	-1.3058	-1.46742	-1.44375	-1.63617	-1.63617	-1.63617	-1.83868	-1.44375
1	0	-1.10207	-1.10207	-1.10207	-1.24537	-1.23986	-1.3809	-1.3809	-1.3809	-1.56044	-1.23986
1	0	-0.169737	-0.169737	-0.169737	-0.320793	-0.302892	-0.212681	-0.212681	-0.212681	-0.401954	-0.302892
1	0	-2.68578	-2.68578	-2.68578	-2.81904	-2.88012	-3.36529	-3.36529	-3.36529	-3.53225	-2.88012
1	0	-0.537376	-0.537376	-0.537376	-0.679608	-0.677649	-0.673332	-0.673332	-0.673332	-0.851549	-0.677649
1	0	-1.42172	-1.42172	-1.42172	-1.55821	-1.5545	-1.78142	-1.78142	-1.78142	-1.95243	-1.5545
1	0	1.86753	1.86753	1.86753	1.7237	1.72971	2.34002	2.34002	2.34002	2.1598	1.72971
1	0	0.134061	0.134061	0.134061	-0.0238179	0.0137828	0.167978	0.167978	0.167978	-0.0298438	0.0137828
1	0	0.285665	0.285665	0.285665	0.135186	0.151537	0.357938	0.357938	0.357938	0.169388	0.151537
1	0	-0.146166	-0.146166	-0.146166	-0.296218	-0.279088	-0.183146	-0.183146	-0.183146	-0.371161	-0.279088
1	0	-0.847055	-0.847055	-0.847055	-1.0079	-0.989771	-1.06136	-1.06136	-1.06136	-1.2629	-0.989771
1	0	-1.09448	-1.09448	-1.09448	-1.23919	-1.25162	-1.37138	-1.37138	-1.37138	-1.5527	-1.25162
1	0	0.548074	0.548074	0.548074	0.390359	0.402621	0.686737	0.686737	0.686737	0.48912	0.402621
1	0	-2.08199	-2.08199	-2.08199	-2.22251	-2.24976	-2.60873	-2.60873	-2.60873	-2.7848	-2.24976
1	0	1.59343	1.59343	1.59343	1.44241	1.45306	1.99656	1.99656	1.99656	1.80734	1.45306
1	0	-1.04401	-1.04401	-1.04401	-1.18636	-1.18756	-1.30815	-1.30815	-1.30815	-1.48651	-1.18756
1	0	1.09753	1.09753	1.09753	0.940102	0.966722	1.3752	1.3752	1.3752	1.17795	0.966722
1	0	0.416485	0.416485	0.416485	0.283021	0.246241	0.521855	0.521855	0.521855	0.354626	0.246241
1	0	0.743936	0.743936	0.743936	0.623384	0.594152	0.932152	0.932152	0.932152	0.7811	0.594152
1	0	1.30256	1.30256	1.30256	1.15542	1.14735	1.63211	1.63211	1.63211	1.44775	1.14735
1	0	-0.670674	-0.670674	-0.670674	-0.831024	-0.838268	-0.840355	-0.840355	-0.840355	-1.04127	-0.838268
1	0	0.0972555	0.0972555	0.0972555	-0.031004	-0.0555276	0.121861	0.121861	0.121861	-0.038848	-0.0555276
1	0	-1.2896	-1.2896	-1.2896	-1.43252	-1.42234	-1.61587	-1.61587	-1.61587	-1.79494	-1.42234
1	0	-0.351239	-0.351239	-0.351239	-0.503226	-0.507399	-0.440102	-0.440102	-0.440102	-0.630542	-0.507399
1	0	-2.20449	-2.20449	-2.20449	-2.35303	-2.36493	-2.76222	-2.76222	-2.76222	-2.94835	-2.36493
1	0	-1.79279	-1.79279	-1.79279	-1.93579	-1.93219	-2.24636	-2.24636	-2.24636	-2.42555	-1.93219
1	0	-0.321694	-0.321694	-0.321694	-0.474639	-0.458386	-0.403083	-0.403083	-0.403083	-0.594723	-0.458386
1	0	0.0665767	0.0665767	0.0665767	-0.0817758	-0.073945	0.0834206	0.0834206	0.0834206	-0.102465	-0.073945
1	0	1.48552	1.48552	1.48552	1.35529	1.34475	1.86135	1.86135	1.86135	1.69818	1.34475
1	0	-0.102593	-0.102593	-0.102593	-0.235633	-0.239651	-0.128549	-0.128549	-0.128549	-0.295249	-0.239651
1	0	-1.12638	-1.12638	-1.12638	-1.27323	-1.25862	-1.41136	-1.41136	-1.41136	-1.59536	-1.25862
1	0	-0.317603	-0.317603	-0.317603	-0.461935	-0.476038	-0.397956	-0.397956	-0.397956	-0.578805	-0.476038
1	0	-1.05987	-1.05987	-1.05987	-1.19909	-1.19673	-1.32802	-1.32802	-1.32802	-1.50246	-1.19673
1	0	0.736954	0.736954	0.736954	0.600569	0.590967	0.923403	0.923403	0.923403	0.752513	0.590967
1	0	-0.07897	-0.07897	-0.07897	-0.225182	-0.234815	-0.0989494	-0.0989494	-0.0989494	-0.282153	-0.234815
1	0	-1.55973	-1.55973	-1.55973	-1.71204	-1.70975	-1.95434	-1.95434	-1.95434	-2.14519	-1.70975
1	0	0.3971	0.3971	0.3971	0.260536	0.262903	0.497567	0.497567	0.497567	0.326451	0.262903
1	0	0.0309886	0.0309886	0.0309886	-0.10627	-0.0919325	0.0388288	0.0388288	0.0388288	-0.133156	-0.0919325
1	0	-0.177689	-0.177689	-0.177689	-0.341969	-0.314448	-0.222644	-0.222644	-0.222644	-0.428488	-0.314448
1	0	-1.48356	-1.48356	-1.48356	-1.61411	-1.61733	-1.8589	-1.8589	-1.8589	-2.02247	-1.61733
1	0	1.20731	1.20731	1.20731	1.08934	1.03968	1.51276	1.51276	1.51276	1.36494	1.03968
1	0	1.36595	1.36595	1.36595	1.19955	1.18908	1.71153	1.71153	1.71153	1.50303	1.18908
1	0	-0.200051	-0.200051	-0.200051	-0.328228	-0.333512	-0.250664	-0.250664	-0.250664	-0.411269	-0.333512
1	0	0.306919	0.306919	0.306919	0.178206	0.170781	0.384569	0.384569	0.384569	0.223293	0.170781
1	0	-0.433818	-0.433818	-0.433818	-0.5882	-0.569499	-0.543574	-0.543574	-0.543574	-0.737014	-0.569499
1	0	0.358919	0.358919	0.358919	0.216457	0.19298	0.449725	0.449725	0.449725	0.27122	0.19298
1	0	0.358878	0.358878	0.358878	0.215001	0.172364	0.449674	0.449674	0.449674	0.269396	0.172364
1	0	-0.20488	-0.20488	-0.20488	-0.348084	-0.353212	-0.256714	-0.256714	-0.256714	-0.436149	-0.353212
1	0	-1.73334	-1.73334	-1.73334	-1.89162	-1.94756	-2.17188	-2.17188	-2.17188	-2.3702	-1.94756
1	0	-1.12521	-1.12521	-1.12521	-1.29362	-1.28289	-1.40989	-1.40989	-1.40989	-1.6209	-1.28289
1	0	-1.10667	-1.10667	-1.10667	-1.27734	-1.24906	-1.38665	-1.38665	-1.38665	-1.6005	-1.24906
1	0	0.192489	0.192489	0.192489	0.0684891	0.050931	0.241189	0.241189	0.241189	0.0858168	0.050931
1	0	0.615802	0.615802	0.615802	0.459828	0.457252	0.7716	0.7716	0.7716	0.576165	0.457252
1	0	-0.0263576	-0.0263576	-0.0263576	-0.186002	-0.162062	-0.0330261	-0.0330261	-0.0330261	-0.23306	-0.162062
1	0	-0.0185488	-0.0185488	-0.0185488	-0.150647	-0.153427	-0.0232416	-0.0232416	-0.0232416	-0.188761	-0.153427
1	0	-0.876573	-0.876573	-0.876573	-1.01576	-1.00468	-1.09835	-1.09835	-1.09835	-1.27274	-1.00468
1	0	-0.29534	-0.29534	-0.29534	-0.435936	-0.448196	-0.370061	-0.370061	-0.370061	-0.546227	-0.448196
1	0	-0.228186	-0.228186	-0.228186	-0.404984	-0.388769	-0.285917	-0.285917	-0.285917	-0.507445	-0.388769
1	0	-0.656479	-0.656479	-0.656479	-0.801465	-0.78705	-0.822569	-0.822569	-0.822569	-1.00424	-0.78705
1	0	0.598928	0.598928	0.598928	0.45965	0.469034	0.750457	0.750457	0.750457	0.575942	0.469034
1	0	1.36055	1.36055	1.36055	1.22654	1.22649	1.70477	1.70477	1.70477	1.53685	1.22649
1	0	0.113983	0.113983	0.113983	-0.00470752	-0.0244202	0.142821	0.142821	0.142821	-0.00589852	-0.0244202
1	0	0.17917	0.17917	0.17917	0.0341105	0.0364691	0.2245	0.2245	0.2245	0.0427405	0.0364691
1	0	0.921527	0.921527	0.921527	0.776966	0.76994	1.15467	1.15467	1.15467	0.973539	0.76994
1	0	1.26416	1.26416	1.26416	1.12706	1.1266	1.584	1.584	1.584	1.41221	1.1266
1	0	-1.52601	-1.52601	-1.52601	-1.68295	-1.66449	-1.9121	-1.9121	-1.9121	-2.10873	-1.66449
1	0	0.88517	0.88517	0.88517	0.745636	0.736174	1.10912	1.10912	1.10912	0.934282	0.736174
1	0	-0.764249	-0.764249	-0.764249	-0.887407	-0.905158	-0.957604	-0.957604	-0.957604	-1.11192	-0.905158
1	0	-0.423812	-0.423812	-0.423812	-0.581128	-0.542413	-0.531037	-0.531037	-0.531037	-0.728153	-0.542413
1	0	1.43396	1.43396	1.43396	1.27954	1.29508	1.79675	1.79675	1.79675	1.60326	1.29508
1	0	-1.83591	-1.83591	-1.83591	-1.97233	-1.99095	-2.30039	-2.30039	-2.30039	-2.47133	-1.99095
1	0	0.753893	0.753893	0.753893	0.619216	0.589121	0.944628	0.944628	0.944628	0.775878	0.589121
1	0	0.648762	0.648762	0.648762	0.511375	0.53065	0.812898	0.812898	0.812898	0.640753	0.53065
1	0	0.275709	0.275709	0.275709	0.118264	0.104611	0.345463	0.345463	0.345463	0.148185	0.104611
1	0	-0.305653	-0.305653	-0.305653	-0.439641	-0.468614	-0.382983	-0.382983	-0.382983	-0.55087	-0.468614
1	0	1.7228	1.7228	1.7228	1.58926	1.58224	2.15867	2.15867	2.15867	1.99134	1.58224
1	0	0.356933	0.356933	0.356933	0.180999	0.243101	0.447237	0.447237	0.447237	0.226792	0.243101
1	0	-0.28086	-0.28086	-0.28086	-0.407592	-0.429393	-0.351918	-0.351918	-0.351918	-0.510713	-0.429393
1	0	-0.477986	-0.477986	-0.477986	-0.62391	-0.608302	-0.598917	-0.598917	-0.598917	-0.78176	-0.608302
1	0	1.42991	1.42991	1.42991	1.28518	1.29435	1.79168	1.79168	1.79168	1.61033	1.29435
1	0	0.356065	0.356065	0.356065	0.224555	0.215791	0.44615	0.44615	0.44615	0.281368	0.215791
1	0	1.07911	1.07911	1.07911	0.934365	0.930876	1.35213	1.35213	1.35213	1.17076	0.930876
1	0	-0.202116	-0.202116	-0.202116	-0.343847	-0.353122	-0.253252	-0.253252	-0.253252	-0.430841	-0.353122
1	0	1.00585	1.00585	1.00585	0.847453	0.844992	1.26033	1.26033	1.26033	1.06186	0.844992
1	0	-0.977526	-0.977526	-0.977526	-1.14868	-1.09711	-1.22484	-1.22484	-1.22484	-1.43929	-1.09711
1	0	-1.05149	-1.05149	-1.05149	-1.21514	-1.21785	-1.31752	-1.31752	-1.31752	-1.52258	-1.21785
1	0	0.333225	0.333225	0.333225	0.176955	0.182165	0.417531	0.417531	0.417531	0.221725	0.182165
1	0	-0.181166	-0.181166	-0.181166	-0.328022	-0.325061	-0.227001	-0.227001	-0.227001	-0.411011	-0.325061
1	0	1.09361	1.09361	1.09361	0.943379	0.93242	1.37029	1.37029	1.37029	1.18205	0.93242
1	0	-0.201877	-0.201877	-0.201877	-0.355508	-0.351315	-0.252952	-0.252952	-0.252952	-0.445452	-0.351315
1	0	2.28139	2.28139	2.28139	2.13451	2.1373	2.85859	2.85859	2.85859	2.67455	2.1373
1	0	2.12722	2.12722	2.12722	1.97969	1.99077	2.66541	2.66541	2.66541	2.48055	1.99077
1	0	-0.836867	-0.836867	-0.836867	-1.00418	-0.986173	-1.04859	-1.04859	-1.04859	-1.25823	-0.986173
1	0	-3.0192	-3.0192	-3.0192	-3.18526	-3.16111	-3.78305	-3.78305	-3.78305	-3.99114	-3.16111
1	0	-1.6648	-1.6648	-1.6648	-1.82817	-1.78448	-2.08599	-2.08599	-2.08599	-2.2907	-1.78448
1	0	1.78842	1.78842	1.78842	1.62719	1.64127	2.24089	2.24089	2.24089	2.03887	1.64127
1	0	-0.313162	-0.313162	-0.313162	-0.448997	-0.466951	-0.392392	-0.392392	-0.392392	-0.562593	-0.466951
1	0	0.124053	0.124053	0.124053	-0.0192377	-0.0413644	0.155439	0.155439	0.155439	-0.0241048	-0.0413644
1	0	0.665791	0.665791	0.665791	0.526623	0.523703	0.834236	0.834236	0.834236	0.659859	0.523703
1	0	1.1948	1.1948	1.1948	1.03586	1.02292	1.49708	1.49708	1.49708	1.29794	1.02292
1	0	-0.278209	-0.278209	-0.278209	-0.429559	-0.428397	-0.348595	-0.348595	-0.348595	-0.538237	-0.428397
1	0	0.641893	0.641893	0.641893	0.496633	0.47792	0.804292	0.804292	0.804292	0.622281	0.47792
1	0	0.654526	0.654526	0.654526	0.498782	0.510138	0.82012	0.82012	0.82012	0.624973	0.510138
1	0	-0.648504	-0.648504	-0.648504	-0.824712	-0.812337	-0.812575	-0.812575	-0.812575	-1.03336	-0.812337
1	0	0.622923	0.622923	0.622923	0.491906	0.453085	0.780522	0.780522	0.780522	0.616359	0.453085
1	0	-0.0499421	-0.0499421	-0.0499421	-0.205002	-0.192861	-0.0625774	-0.0625774	-0.0625774	-0.256867	-0.192861
1	0	-0.00394696	-0.00394696	-0.00394696	-0.164782	-0.138902	-0.00494554	-0.00494554	-0.00494554	-0.206472	-0.138902
1	0	0.866764	0.866764	0.866764	0.698635	0.730076	1.08605	1.08605	1.08605	0.87539	0.730076
1	0	-1.82485	-1.82485	-1.82485	-1.95308	-1.95722	-2.28654	-2.28654	-2.28654	-2.44721	-1.95722
1	0	0.233211	0.233211	0.233211	0.078084	0.0784164	0.292214	0.292214	0.292214	0.0978393	0.0784164
1	0	0.517942	0.517942	0.517942	0.355155	0.361227	0.648981	0.648981	0.648981	0.445009	0.361227
1	0	-0.633343	-0.633343	-0.633343	-0.775455	-0.790416	-0.793578	-0.793578	-0.793578	-0.971645	-0.790416
1	0	0.355908	0.355908	0.355908	0.195369	0.214845	0.445953	0.445953	0.445953	0.244797	0.214845
1	0	0.285908	0.285908	0.285908	0.130154	0.144029	0.358243	0.358243	0.358243	0.163083	0.144029
1	0	0.103861	0.103861	0.103861	-0.0384348	-0.0403388	0.130138	0.130138	0.130138	-0.0481588	-0.0403388
1	0	2.15781	2.15781	2.15781	2.03297	2.015	2.70374	2.70374	2.70374	2.54732	2.015
1	0	0.0210264	0.0210264	0.0210264	-0.123449	-0.135159	0.0263461	0.0263461	0.0263461	-0.154681	-0.135159
1	0	-0.530545	-0.530545	-0.530545	-0.676765	-0.667875	-0.664773	-0.664773	-0.664773	-0.847987	-0.667875
1	0	-1.72623	-1.72623	-1.72623	-1.89104	-1.86272	-2.16297	-2.16297	-2.16297	-2.36947	-1.86272
1	0	-1.17257	-1.17257	-1.17257	-1.32669	-1.30167	-1.46923	-1.46923	-1.46923	-1.66234	-1.30167
1	0	-1.23028	-1.23028	-1.23028	-1.39215	-1.38624	-1.54154	-1.54154	-1.54154	-1.74436	-1.38624
1	0	-0.9232	-0.9232	-0.9232	-1.09993	-1.08462	-1.15677	-1.15677	-1.15677	-1.37821	-1.08462
1	0	-0.971424	-0.971424	-0.971424	-1.12204	-1.10062	-1.21719	-1.21719	-1.21719	-1.40591	-1.10062
1	0	0.635457	0.635457	0.635457	0.483745	0.484501	0.796227	0.796227	0.796227	0.606132	0.484501
1	0	-0.952987	-0.952987	-0.952987	-1.10873	-1.12384	-1.19409	-1.19409	-1.19409	-1.38924	-1.12384
1	0	-0.147994	-0.147994	-0.147994	-0.288278	-0.279327	-0.185437	-0.185437	-0.185437	-0.361212	-0.279327
1	0	0.197235	0.197235	0.197235	0.0416064	0.0431039	0.247135	0.247135	0.247135	0.0521329	0.0431039
1	0	-0.0889306	-0.0889306	-0.0889306	-0.216916	-0.208096	-0.11143	-0.11143	-0.11143	-0.271796	-0.208096
1	0	-0.562265	-0.562265	-0.562265	-0.702106	-0.713528	-0.704518	-0.704518	-0.704518	-0.879739	-0.713528
1	0	-1.81329	-1.81329	-1.81329	-1.94589	-1.98161	-2.27205	-2.27205	-2.27205	-2.4382	-1.98161
1	0	0.277389	0.277389	0.277389	0.108168	0.134922	0.347569	0.347569	0.347569	0.135535	0.134922
1	0	-0.892567	-0.892567	-0.892567	-1.03503	-1.03068	-1.11839	-1.11839	-1.11839	-1.29689	-1.03068
1	0	0.0148737	0.0148737	0.0148737	-0.146544	-0.13864	0.0186368	0.0186368	0.0186368	-0.18362	-0.13864
1	0	0.306597	0.306597	0.306597	0.152926	0.163663	0.384166	0.384166	0.384166	0.191617	0.163663
1	0	-0.307156	-0.307156	-0.307156	-0.487514	-0.44736	-0.384866	-0.384866	-0.384866	-0.610855	-0.44736
1	0	0.395931	0.395931	0.395931	0.264015	0.275679	0.496101	0.496101	0.496101	0.33081	0.275679
1	0	1.01176	1.01176	1.01176	0.880454	0.870288	1.26774	1.26774	1.26774	1.10321	0.870288
1	0	-0.154754	-0.154754	-0.154754	-0.328004	-0.308001	-0.193907	-0.193907	-0.193907	-0.410989	-0.308001
1	0	-1.26358	-1.26358	-1.26358	-1.41017	-1.38324	-1.58327	-1.58327	-1.58327	-1.76694	-1.38324
1	0	0.726218	0.726218	0.726218	0.586975	0.563494	0.909951	0.909951	0.909951	0.735479	0.563494
1	0	-1.11349	-1.11349	-1.11349	-1.25495	-1.25324	-1.39521	-1.39521	-1.39521	-1.57245	-1.25324
1	0	-0.271378	-0.271378	-0.271378	-0.418511	-0.426684	-0.340037	-0.340037	-0.340037	-0.524394	-0.426684
1	0	-0.174513	-0.174513	-0.174513	-0.31735	-0.313492	-0.218664	-0.218664	-0.218664	-0.39764	-0.313492
1	0	0.424786	0.424786	0.424786	0.297575	0.246872	0.532257	0.532257	0.532257	0.372862	0.246872
1	0	-0.412047	-0.412047	-0.412047	-0.534598	-0.56679	-0.516294	-0.516294	-0.516294	-0.669852	-0.56679
1	0	-0.345445	-0.345445	-0.345445	-0.47349	-0.500879	-0.432842	-0.432842	-0.432842	-0.593283	-0.500879
1	0	-2.48602	-2.48602	-2.48602	-2.61741	-2.64167	-3.11498	-3.11498	-3.11498	-3.27962	-2.64167
1	0	0.635667	0.635667	0.635667	0.479825	0.476571	0.796491	0.796491	0.796491	0.601221	0.476571
1	0	-1.71148	-1.71148	-1.71148	-1.84221	-1.84945	-2.14448	-2.14448	-2.14448	-2.30829	-1.84945
1	0	0.0651438	0.0651438	0.0651438	-0.0799506	-0.106177	0.0816252	0.0816252	0.0816252	-0.100178	-0.106177
1	0	2.24797	2.24797	2.24797	2.1139	2.1063	2.81671	2.81671	2.81671	2.64871	2.1063
1	0	-1.08481	-1.08481	-1.08481	-1.23075	-1.22027	-1.35927	-1.35927	-1.35927	-1.54213	-1.22027
1	0	-0.120169	-0.120169	-0.120169	-0.269797	-0.279996	-0.150571	-0.150571	-0.150571	-0.338056	-0.279996
1	0	-0.469302	-0.469302	-0.469302	-0.595727	-0.61378	-0.588036	-0.588036	-0.588036	-0.746446	-0.61378
1	0	-0.499957	-0.499957	-0.499957	-0.616197	-0.639843	-0.626446	-0.626446	-0.626446	-0.772095	-0.639843
1	0	0.696784	0.696784	0.696784	0.520688	0.576755	0.87307	0.87307	0.87307	0.652422	0.576755
1	0	-0.782162	-0.782162	-0.782162	-0.927362	-0.953504	-0.980048	-0.980048	-0.980048	-1.16198	-0.953504
1	0	0.185717	0.185717	0.185717	0.0503165	0.0491051	0.232704	0.232704	0.232704	0.0630465	0.0491051
1	0	0.986287	0.986287	0.986287	0.863255	0.833916	1.23582	1.23582	1.23582	1.08166	0.833916
1	0	0.633523	0.633523	0.633523	0.483834	0.468277	0.793805	0.793805	0.793805	0.606244	0.468277
1	0	-2.51893	-2.51893	-2.51893	-2.68452	-2.65656	-3.15622	-3.15622	-3.15622	-3.36371	-2.65656
1	0	1.63234	1.63234	1.63234	1.50443	1.50193	2.04532	2.04532	2.04532	1.88505	1.50193
1	0	-1.3095	-1.3095	-1.3095	-1.43637	-1.44418	-1.6408	-1.6408	-1.6408	-1.79977	-1.44418
1	0	-0.255599	-0.255599	-0.255599	-0.417635	-0.409504	-0.320266	-0.320266	-0.320266	-0.523297	-0.409504
1	0	-1.62233	-1.62233	-1.62233	-1.75018	-1.76687	-2.03278	-2.03278	-2.03278	-2.19298	-1.76687
1	0	-0.765024	-0.765024	-0.765024	-0.917467	-0.924075	-0.958575	-0.958575	-0.958575	-1.14959	-0.924075
1	0	-1.0885	-1.0885	-1.0885	-1.2322	-1.23312	-1.3639	-1.3639	-1.3639	-1.54395	-1.23312
1	0	0.638605	0.638605	0.638605	0.506435	0.49774	0.800172	0.800172	0.800172	0.634564	0.49774
1	0	-0.825861	-0.825861	-0.825861	-0.966678	-0.975624	-1.0348	-1.0348	-1.0348	-1.21125	-0.975624
1	0	1.47129	1.47129	1.47129	1.33221	1.33176	1.84353	1.84353	1.84353	1.66926	1.33176
1	0	0.449308	0.449308	0.449308	0.295622	0.290608	0.562983	0.562983	0.562983	0.370414	0.290608
1	0	0.19594	0.19594	0.19594	0.0343738	0.0687254	0.245513	0.245513	0.245513	0.0430704	0.0687254
1	0	1.42195	1.42195	1.42195	1.25617	1.25442	1.78171	1.78171	1.78171	1.57399	1.25442
1	0	-1.74301	-1.74301	-1.74301	-1.90157	-1.88317	-2.18399	-2.18399	-2.18399	-2.38267	-1.88317
1	0	1.6214	1.6214	1.6214	1.48785	1.48851	2.03161	2.03161	2.03161	1.86427	1.48851
1	0	0.0628125	0.0628125	0.0628125	-0.0876411	-0.0848621	0.078704	0.078704	0.078704	-0.109814	-0.0848621
1	0	0.401469	0.401469	0.401469	0.251416	0.259741	0.503041	0.503041	0.503041	0.315024	0.259741
1	0	0.256719	0.256719	0.256719	0.126601	0.106399	0.321668	0.321668	0.321668	0.158631	0.106399
1	0	-1.28143	-1.28143	-1.28143	-1.42824	-1.43559	-1.60563	-1.60563	-1.60563	-1.78959	-1.43559
1	0	-0.102246	-0.102246	-0.102246	-0.245823	-0.23815	-0.128115	-0.128115	-0.128115	-0.308016	-0.23815
1	0	0.88547	0.88547	0.88547	0.756743	0.751812	1.10949	1.10949	1.10949	0.948199	0.751812
1	0	0.131053	0.131053	0.131053	-0.01102	-0.00752858	0.164209	0.164209	0.164209	-0.0138081	-0.00752858
1	0	0.207218	0.207218	0.207218	0.0620364	0.0674289	0.259645	0.259645	0.259645	0.0777316	0.0674289
1	0	1.38676	1.38676	1.38676	1.24032	1.25545	1.73761	1.73761	1.73761	1.55413	1.25545
1	0	1.57858	1.57858	1.57858	1.42582	1.45414	1.97796	1.97796	1.97796	1.78656	1.45414
1	0	-0.711869	-0.711869	-0.711869	-0.861969	-0.848115	-0.891972	-0.891972	-0.891972	-1.08005	-0.848115
1	0	-0.258624	-0.258624	-0.258624	-0.397869	-0.425221	-0.324055	-0.324055	-0.324055	-0.498529	-0.425221
1	0	0.641897	0.641897	0.641897	0.486456	0.502813	0.804297	0.804297	0.804297	0.609529	0.502813
1	0	-1.06697	-1.06697	-1.06697	-1.21624	-1.20396	-1.33691	-1.33691	-1.33691	-1.52395	-1.20396
1	0	-0.731228	-0.731228	-0.731228	-0.859258	-0.881556	-0.916229	-0.916229	-0.916229	-1.07665	-0.881556
1	0	0.591963	0.591963	0.591963	0.443824	0.40513	0.74173	0.74173	0.74173	0.556111	0.40513
1	0	0.992878	0.992878	0.992878	0.859855	0.849624	1.24408	1.24408	1.24408	1.0774	0.849624
1	0	-0.926745	-0.926745	-0.926745	-1.05311	-1.07816	-1.16121	-1.16121	-1.16121	-1.31955	-1.07816
1	0	0.437957	0.437957	0.437957	0.298443	0.277844	0.548761	0.548761	0.548761	0.373949	0.277844
1	0	1.24572	1.24572	1.24572	1.07481	1.07747	1.56089	1.56089	1.56089	1.34674	1.07747
1	0	0.615602	0.615602	0.615602	0.465432	0.486013	0.771349	0.771349	0.771349	0.583187	0.486013
1	0	-0.393021	-0.393021	-0.393021	-0.533983	-0.56152	-0.492455	-0.492455	-0.492455	-0.669081	-0.56152
1	0	-0.757966	-0.757966	-0.757966	-0.894664	-0.905074	-0.949731	-0.949731	-0.949731	-1.12101	-0.905074
1	0	1.11102	1.11102	1.11102	0.967131	0.965885	1.39211	1.39211	1.39211	1.21181	0.965885
1	0	0.349678	0.349678	0.349678	0.189962	0.180467	0.438146	0.438146	0.438146	0.238023	0.180467
1	0	-0.777106	-0.777106	-0.777106	-0.914017	-0.924247	-0.973714	-0.973714	-0.973714	-1.14526	-0.924247
1	0	0.694744	0.694744	0.694744	0.558785	0.532515	0.870514	0.870514	0.870514	0.700158	0.532515
1	0	0.0171476	0.0171476	0.0171476	-0.112467	-0.104251	0.021486	0.021486	0.021486	-0.140921	-0.104251
1	0	1.44199	1.44199	1.44199	1.28636	1.30128	1.80682	1.80682	1.80682	1.61181	1.30128
1	0	-0.924606	-0.924606	-0.924606	-1.11454	-1.07691	-1.15853	-1.15853	-1.15853	-1.39651	-1.07691
1	0	-0.379954	-0.379954	-0.379954	-0.523836	-0.515836	-0.476083	-0.476083	-0.476083	-0.656367	-0.515836
1	0	-0.260602	-0.260602	-0.260602	-0.402795	-0.410955	-0.326534	-0.326534	-0.326534	-0.504702	-0.410955
1	0	0.333678	0.333678	0.333678	0.171273	0.183715	0.418098	0.418098	0.418098	0.214606	0.183715
1	0	0.879227	0.879227	0.879227	0.733169	0.733451	1.10167	1.10167	1.10167	0.918661	0.733451
1	0	-0.276118	-0.276118	-0.276118	-0.43515	-0.428088	-0.345976	-0.345976	-0.345976	-0.545243	-0.428088
1	0	1.20243	1.20243	1.20243	1.04443	1.05599	1.50664	1.50664	1.50664	1.30867	1.05599
1	0	1.1419	1.1419	1.1419	0.985765	0.996374	1.4308	1.4308	1.4308	1.23516	0.996374
1	0	1.67815	1.67815	1.67815	1.53392	1.5213	2.10272	2.10272	2.10272	1.922	1.5213
1	0	-0.267019	-0.267019	-0.267019	-0.421603	-0.42669	-0.334574	-0.334574	-0.334574	-0.528269	-0.42669
1	0	1.05515	1.05515	1.05515	0.898535	0.908929	1.3221	1.3221	1.3221	1.12586	0.908929
1	0	0.382689	0.382689	0.382689	0.210802	0.252506	0.479509	0.479509	0.479509	0.264135	0.252506
1	0	0.0805748	0.0805748	0.0805748	-0.0534531	-0.0839026	0.10096	0.10096	0.10096	-0.0669768	-0.0839026
1	0	-0.156605	-0.156605	-0.156605	-0.320628	-0.281244	-0.196226	-0.196226	-0.196226	-0.401747	-0.281244
1	0	0.855614	0.855614	0.855614	0.705509	0.701533	1.07208	1.07208	1.07208	0.884003	0.701533
1	0	-2.68828	-2.68828	-2.68828	-2.82581	-2.85382	-3.36841	-3.36841	-3.36841	-3.54074	-2.85382
1	0	-0.31311	-0.31311	-0.31311	-0.444124	-0.452882	-0.392326	-0.392326	-0.392326	-0.556487	-0.452882
1	0	-0.82002	-0.82002	-0.82002	-0.970342	-1.04033	-1.02748	-1.02748	-1.02748	-1.21584	-1.04033
1	0	1.19485	1.19485	1.19485	1.028	1.05658	1.49715	1.49715	1.49715	1.28808	1.05658
1	0	-0.363014	-0.363014	-0.363014	-0.504773	-0.510976	-0.454857	-0.454857	-0.454857	-0.63248	-0.510976
1	0	0.283924	0.283924	0.283924	0.14405	0.152855	0.355757	0.355757	0.355757	0.180495	0.152855
1	0	-1.19724	-1.19724	-1.19724	-1.32466	-1.33876	-1.50014	-1.50014	-1.50014	-1.6598	-1.33876
1	0	-0.523675	-0.523675	-0.523675	-0.657326	-0.665713	-0.656165	-0.656165	-0.656165	-0.82363	-0.665713
1	0	-1.04335	-1.04335	-1.04335	-1.17832	-1.19992	-1.30731	-1.30731	-1.30731	-1.47644	-1.19992
1	0	1.08254	1.08254	1.08254	0.927328	0.927466	1.35642	1.35642	1.35642	1.16194	0.927466
1	0	0.797851	0.797851	0.797851	0.651201	0.668806	0.999707	0.999707	0.999707	0.815955	0.668806
1	0	-0.130629	-0.130629	-0.130629	-0.267305	-0.283119	-0.163679	-0.163679	-0.163679	-0.334933	-0.283119
1	0	-1.12812	-1.12812	-1.12812	-1.27919	-1.25563	-1.41353	-1.41353	-1.41353	-1.60283	-1.25563
1	0	-1.0589	-1.0589	-1.0589	-1.2064	-1.1829	-1.3268	-1.3268	-1.3268	-1.51162	-1.1829
1	0	0.503374	0.503374	0.503374	0.364224	0.371277	0.630727	0.630727	0.630727	0.456373	0.371277
1	0	-1.42255	-1.42255	-1.42255	-1.56899	-1.58304	-1.78246	-1.78246	-1.78246	-1.96594	-1.58304
1	0	-0.204776	-0.204776	-0.204776	-0.37426	-0.340625	-0.256584	-0.256584	-0.256584	-0.468948	-0.340625
1	0	-0.0678407	-0.0678407	-0.0678407	-0.208511	-0.237956	-0.0850044	-0.0850044	-0.0850044	-0.261264	-0.237956
1	0	-1.16474	-1.16474	-1.16474	-1.31728	-1.29744	-1.45942	-1.45942	-1.45942	-1.65055	-1.29744
1	0	-0.190348	-0.190348	-0.190348	-0.337525	-0.308648	-0.238506	-0.238506	-0.238506	-0.422918	-0.308648
1	0	-0.0992018	-0.0992018	-0.0992018	-0.231527	-0.253355	-0.1243	-0.1243	-0.1243	-0.290104	-0.253355
1	0	1.19305	1.19305	1.19305	1.04954	1.06229	1.4949	1.4949	1.4949	1.31507	1.06229
1	0	1.11302	1.11302	1.11302	0.960576	0.95464	1.39461	1.39461	1.39461	1.2036	0.95464
1	0	1.82172	1.82172	1.82172	1.66075	1.6683	2.28262	2.28262	2.28262	2.08092	1.6683
1	0	-1.10655	-1.10655	-1.10655	-1.27646	-1.27182	-1.3865	-1.3865	-1.3865	-1.5994	-1.27182
1	0	-0.114827	-0.114827	-0.114827	-0.268768	-0.273927	-0.143878	-0.143878	-0.143878	-0.336766	-0.273927
1	0	-0.0999962	-0.0999962	-0.0999962	-0.246136	-0.266996	-0.125295	-0.125295	-0.125295	-0.308408	-0.266996
1	0	0.335702	0.335702	0.335702	0.210066	0.189575	0.420635	0.420635	0.420635	0.263213	0.189575
1	0	0.169326	0.169326	0.169326	0.0105447	0.0236402	0.212165	0.212165	0.212165	0.0132125	0.0236402
1	0	-0.290779	-0.290779	-0.290779	-0.442324	-0.436852	-0.364347	-0.364347	-0.364347	-0.554233	-0.436852
1	0	1.0041	1.0041	1.0041	0.86763	0.854168	1.25813	1.25813	1.25813	1.08714	0.854168
1	0	0.105158	0.105158	0.105158	-0.0350174	-0.0393155	0.131763	0.131763	0.131763	-0.0438767	-0.0393155
1	0	-0.133619	-0.133619	-0.133619	-0.307532	-0.293742	-0.167425	-0.167425	-0.167425	-0.385338	-0.293742
1	0	-0.841502	-0.841502	-0.841502	-0.971552	-0.989538	-1.0544	-1.0544	-1.0544	-1.21735	-0.989538
1	0	-0.17366	-0.17366	-0.17366	-0.287196	-0.337523	-0.217596	-0.217596	-0.217596	-0.359857	-0.337523
1	0	-0.558124	-0.558124	-0.558124	-0.690393	-0.723259	-0.69933	-0.69933	-0.69933	-0.865062	-0.723259
1	0	-0.670833	-0.670833	-0.670833	-0.81505	-0.803219	-0.840553	-0.840553	-0.840553	-1.02126	-0.803219
1	0	-1.02426	-1.02426	-1.02426	-1.15362	-1.16976	-1.28339	-1.28339	-1.28339	-1.44549	-1.16976
1	0	0.0678976	0.0678976	0.0678976	-0.0735193	-0.102271	0.0850757	0.0850757	0.0850757	-0.0921196	-0.102271
1	0	-1.32282	-1.32282	-1.32282	-1.50811	-1.46205	-1.6575	-1.6575	-1.6575	-1.88966	-1.46205
1	0	-1.59751	-1.59751	-1.59751	-1.74606	-1.74382	-2.00168	-2.00168	-2.00168	-2.18782	-1.74382
1	0	1.92619	1.92619	1.92619	1.78455	1.76991	2.41352	2.41352	2.41352	2.23604	1.76991
1	0	1.21294	1.21294	1.21294	1.07274	1.07401	1.51981	1.51981	1.51981	1.34414	1.07401
1	0	0.287086	0.287086	0.287086	0.16099	0.129894	0.359719	0.359719	0.359719	0.20172	0.129894
1	0	0.226705	0.226705	0.226705	0.0785833	0.078995	0.284061	0.284061	0.284061	0.0984649	0.078995
1	0	0.65283	0.65283	0.65283	0.497396	0.524693	0.817996	0.817996	0.817996	0.623237	0.524693
1	0	0.874451	0.874451	0.874451	0.709067	0.737875	1.09569	1.09569	1.09569	0.88846	0.737875
1	0	1.13421	1.13421	1.13421	0.994073	0.963892	1.42116	1.42116	1.42116	1.24557	0.963892
1	0	0.174286	0.174286	0.174286	0.00817112	0.0260919	0.21838	0.21838	0.21838	0.0102384	0.0260919
1	0	0.582657	0.582657	0.582657	0.43298	0.446084	0.730069	0.730069	0.730069	0.542524	0.446084
1	0	-1.21797	-1.21797	-1.21797	-1.35797	-1.34838	-1.52612	-1.52612	-1.52612	-1.70153	-1.34838
1	0	-0.861647	-0.861647	-0.861647	-1.01552	-1.02011	-1.07964	-1.07964	-1.07964	-1.27245	-1.02011
1	0	0.0989808	0.0989808	0.0989808	-0.0437022	-0.0532892	0.124023	0.124023	0.124023	-0.0547588	-0.0532892
1	0	-0.069803	-0.069803	-0.069803	-0.247872	-0.206662	-0.0874631	-0.0874631	-0.0874631	-0.310584	-0.206662
1	0	-0.769273	-0.769273	-0.769273	-0.95266	-0.914828	-0.963899	-0.963899	-0.963899	-1.19368	-0.914828
1	0	-0.608092	-0.608092	-0.608092	-0.753928	-0.749468	-0.761939	-0.761939	-0.761939	-0.944671	-0.749468
1	0	-0.26633	-0.26633	-0.26633	-0.417415	-0.413286	-0.333711	-0.333711	-0.333711	-0.523021	-0.413286
1	0	0.497198	0.497198	0.497198	0.35468	0.332099	0.622989	0.622989	0.622989	0.444414	0.332099
1	0	1.57648	1.57648	1.57648	1.44807	1.42921	1.97532	1.97532	1.97532	1.81443	1.42921
1	0	0.511997	0.511997	0.511997	0.356241	0.381218	0.641533	0.641533	0.641533	0.44637	0.381218
1	0	-0.0633427	-0.0633427	-0.0633427	-0.236631	-0.206128	-0.0793684	-0.0793684	-0.0793684	-0.296498	-0.206128
1	0	0.896863	0.896863	0.896863	0.747743	0.767839	1.12377	1.12377	1.12377	0.936923	0.767839
1	0	-0.181549	-0.181549	-0.181549	-0.310097	-0.322781	-0.227481	-0.227481	-0.227481	-0.388552	-0.322781
1	0	0.569148	0.569148	0.569148	0.416176	0.421363	0.713142	0.713142	0.713142	0.521469	0.421363
1	0	1.16691	1.16691	1.16691	1.01477	1.01885	1.46214	1.46214	1.46214	1.27151	1.01885
1	0	0.0786905	0.0786905	0.0786905	-0.0752174	-0.0450844	0.0985992	0.0985992	0.0985992	-0.0942475	-0.0450844
1	0	0.218329	0.218329	0.218329	0.0757131	0.0663004	0.273566	0.273566	0.273566	0.0948686	0.0663004
1	0	1.8027	1.8027	1.8027	1.65063	1.66951	2.25878	2.25878	2.25878	2.06824	1.66951
1	0	0.0613357	0.0613357	0.0613357	-0.0963496	-0.102097	0.0768537	0.0768537	0.0768537	-0.120726	-0.102097
1	0	1.22593	1.22593	1.22593	1.06718	1.07378	1.53609	1.53609	1.53609	1.33717	1.07378
1	0	0.133162	0.133162	0.133162	-0.017439	-0.0171298	0.166853	0.166853	0.166853	-0.0218511	-0.0171298
1	0	-0.251761	-0.251761	-0.251761	-0.394892	-0.401558	-0.315456	-0.315456	-0.315456	-0.4948	-0.401558
1	0	0.0376854	0.0376854	0.0376854	-0.120708	-0.100609	0.0472197	0.0472197	0.0472197	-0.151247	-0.100609
1	0	-0.180047	-0.180047	-0.180047	-0.308278	-0.342024	-0.225599	-0.225599	-0.225599	-0.386273	-0.342024
1	0	2.81444	2.81444	2.81444	2.69647	2.68103	3.52649	3.52649	3.52649	3.37868	2.68103
1	0	-0.630123	-0.630123	-0.630123	-0.768818	-0.779809	-0.789544	-0.789544	-0.789544	-0.963328	-0.779809
1	0	1.06381	1.06381	1.06381	0.916031	0.917351	1.33296	1.33296	1.33296	1.14779	0.917351
1	0	0.793359	0.793359	0.793359	0.613006	0.649459	0.994079	0.994079	0.994079	0.768097	0.649459
1	0	1.16436	1.16436	1.16436	1.00306	1.04356	1.45894	1.45894	1.45894	1.25683	1.04356
1	0	-0.320133	-0.320133	-0.320133	-0.479934	-0.448845	-0.401127	-0.401127	-0.401127	-0.601357	-0.448845
1	0	-1.25359	-1.25359	-1.25359	-1.39359	-1.38851	-1.57074	-1.57074	-1.57074	-1.74616	-1.38851
1	0	-0.166285	-0.166285	-0.166285	-0.318959	-0.310519	-0.208355	-0.208355	-0.208355	-0.399656	-0.310519
1	0	1.6387	1.6387	1.6387	1.49213	1.45649	2.05329	2.05329	2.05329	1.86964	1.45649
1	0	0.509666	0.509666	0.509666	0.365087	0.362238	0.638612	0.638612	0.638612	0.457454	0.362238
1	0	0.0889559	0.0889559	0.0889559	-0.0618213	-0.0465339	0.111462	0.111462	0.111462	-0.0774621	-0.0465339
1	0	0.482315	0.482315	0.482315	0.352571	0.359845	0.604341	0.604341	0.604341	0.441772	0.359845
1	0	0.339363	0.339363	0.339363	0.198951	0.203066	0.425221	0.425221	0.425221	0.249285	0.203066
1	0	0.494181	0.494181	0.494181	0.347237	0.355533	0.619209	0.619209	0.619209	0.435088	0.355533
1	0	-0.499877	-0.499877	-0.499877	-0.658316	-0.661734	-0.626346	-0.626346	-0.626346	-0.82487	-0.661734
1	0	-0.663656	-0.663656	-0.663656	-0.804093	-0.799536	-0.831561	-0.831561	-0.831561	-1.00753	-0.799536
1	0	0.408049	0.408049	0.408049	0.27201	0.239509	0.511285	0.511285	0.511285	0.340829	0.239509
1	0	0.397376	0.397376	0.397376	0.265924	0.245856	0.497912	0.497912	0.497912	0.333203	0.245856
1	0	0.654292	0.654292	0.654292	0.494667	0.483049	0.819828	0.819828	0.819828	0.619818	0.483049
1	0	1.09459	1.09459	1.09459	0.943395	0.940031	1.37152	1.37152	1.37152	1.18207	0.940031
1	0	0.165532	0.165532	0.165532	0.0189423	0.0143448	0.207412	0.207412	0.207412	0.0237346	0.0143448
1	0	0.217519	0.217519	0.217519	0.0613884	0.0455802	0.272551	0.272551	0.272551	0.0769197	0.0455802
1	0	0.529663	0.529663	0.529663	0.379053	0.370566	0.663667	0.663667	0.663667	0.474953	0.370566
1	0	0.572682	0.572682	0.572682	0.431358	0.416958	0.71757	0.71757	0.71757	0.540492	0.416958
1	0	-0.845489	-0.845489	-0.845489	-0.998851	-0.984635	-1.0594	-1.0594	-1.0594	-1.25156	-0.984635
1	0	-2.02501	-2.02501	-2.02501	-2.16144	-2.16037	-2.53733	-2.53733	-2.53733	-2.70828	-2.16037
1	0	-1.28927	-1.28927	-1.28927	-1.42314	-1.4171	-1.61545	-1.61545	-1.61545	-1.78319	-1.4171
1	0	0.0144779	0.0144779	0.0144779	-0.134016	-0.122673	0.0181408	0.0181408	0.0181408	-0.167922	-0.122673
1	0	-0.657131	-0.657131	-0.657131	-0.794922	-0.798828	-0.823385	-0.823385	-0.823385	-0.996037	-0.798828
1	0	0.409059	0.409059	0.409059	0.264562	0.234891	0.512551	0.512551	0.512551	0.331497	0.234891
1	0	-0.976731	-0.976731	-0.976731	-1.11884	-1.11852	-1.22384	-1.22384	-1.22384	-1.40191	-1.11852
1	0	0.157133	0.157133	0.157133	-0.00195659	0.0266419	0.196887	0.196887	0.196887	-0.00245161	0.0266419
1	0	-0.172245	-0.172245	-0.172245	-0.315206	-0.312432	-0.215823	-0.215823	-0.215823	-0.394954	-0.312432
1	0	-2.54188	-2.54188	-2.54188	-2.68884	-2.71083	-3.18498	-3.18498	-3.18498	-3.36912	-2.71083
1	0	-0.729906	-0.729906	-0.729906	-0.873165	-0.844182	-0.914572	-0.914572	-0.914572	-1.09408	-0.844182
1	0	-0.500009	-0.500009	-0.500009	-0.679038	-0.646565	-0.626511	-0.626511	-0.626511	-0.850835	-0.646565
1	0	-1.12546	-1.12546	-1.12546	-1.26204	-1.26728	-1.4102	-1.4102	-1.4102	-1.58134	-1.26728
1	0	-0.925499	-0.925499	-0.925499	-1.09384	-1.0836	-1.15965	-1.15965	-1.15965	-1.37058	-1.0836
1	0	0.469607	0.469607	0.469607	0.307945	0.309209	0.588417	0.588417	0.588417	0.385855	0.309209
1	0	-2.44698	-2.44698	-2.44698	-2.58212	-2.57033	-3.06607	-3.06607	-3.06607	-3.2354	-2.57033
1	0	0.520004	0.520004	0.520004	0.373063	0.366627	0.651565	0.651565	0.651565	0.467449	0.366627
1	0	-0.691395	-0.691395	-0.691395	-0.84415	-0.836501	-0.866318	-0.866318	-0.866318	-1.05772	-0.836501
1	0	0.982773	0.982773	0.982773	0.856438	0.835437	1.23141	1.23141	1.23141	1.07312	0.835437
1	0	-0.603265	-0.603265	-0.603265	-0.753372	-0.754935	-0.75589	-0.75589	-0.75589	-0.943975	-0.754935
1	0	-1.48353	-1.48353	-1.48353	-1.63793	-1.62532	-1.85887	-1.85887	-1.85887	-2.05233	-1.62532
1	0	-0.0789013	-0.0789013	-0.0789013	-0.243334	-0.233919	-0.0988634	-0.0988634	-0.0988634	-0.304898	-0.233919
1	0	-0.705193	-0.705193	-0.705193	-0.844104	-0.860279	-0.883607	-0.883607	-0.883607	-1.05766	-0.860279
1	0	1.58085	1.58085	1.58085	1.42633	1.426	1.98081	1.98081	1.98081	1.7872	1.426
1	0	0.773397	0.773397	0.773397	0.631607	0.634625	0.969066	0.969066	0.969066	0.791404	0.634625
1	0	0.702126	0.702126	0.702126	0.559447	0.530339	0.879763	0.879763	0.879763	0.700987	0.530339
1	0	-0.255993	-0.255993	-0.255993	-0.388155	-0.418555	-0.32076	-0.32076	-0.32076	-0.486359	-0.418555
1	0	-0.201049	-0.201049	-0.201049	-0.37198	-0.329302	-0.251915	-0.251915	-0.251915	-0.46609	-0.329302
1	0	0.460696	0.460696	0.460696	0.317639	0.292399	0.577252	0.577252	0.577252	0.398002	0.292399
1	0	1.33144	1.33144	1.33144	1.15425	1.18792	1.66829	1.66829	1.66829	1.44627	1.18792
1	0	0.595269	0.595269	0.595269	0.45431	0.44171	0.745872	0.745872	0.745872	0.569251	0.44171
1	0	0.369877	0.369877	0.369877	0.218572	0.233941	0.463456	0.463456	0.463456	0.273871	0.233941
1	0	-0.295599	-0.295599	-0.295599	-0.423022	-0.453552	-0.370386	-0.370386	-0.370386	-0.530046	-0.453552
1	0	-0.498185	-0.498185	-0.498185	-0.642934	-0.616026	-0.624226	-0.624226	-0.624226	-0.805596	-0.616026
1	0	-0.0935792	-0.0935792	-0.0935792	-0.238936	-0.236084	-0.117255	-0.117255	-0.117255	-0.299387	-0.236084
1	0	1.55347	1.55347	1.55347	1.40686	1.38424	1.94649	1.94649	1.94649	1.7628	1.38424
1	0	0.945717	0.945717	0.945717	0.816172	0.806221	1.18498	1.18498	1.18498	1.02266	0.806221
1	0	1.06679	1.06679	1.06679	0.908008	0.914186	1.33669	1.33669	1.33669	1.13773	0.914186
1	0	-1.65457	-1.65457	-1.65457	-1.79095	-1.79494	-2.07318	-2.07318	-2.07318	-2.24406	-1.79494
1	0	-0.194015	-0.194015	-0.194015	-0.34249	-0.318321	-0.243101	-0.243101	-0.243101	-0.42914	-0.318321
1	0	0.0276162	0.0276162	0.0276162	-0.0949123	-0.121557	0.0346031	0.0346031	0.0346031	-0.118925	-0.121557
1	0	0.0635719	0.0635719	0.0635719	-0.0999078	-0.0748616	0.0796556	0.0796556	0.0796556	-0.125184	-0.0748616
1	0	-0.806457	-0.806457	-0.806457	-0.964417	-0.945164	-1.01049	-1.01049	-1.01049	-1.20841	-0.945164
1	0	-0.095101	-0.095101	-0.095101	-0.233518	-0.25285	-0.119162	-0.119162	-0.119162	-0.292599	-0.25285
1	0	1.58629	1.58629	1.58629	1.45974	1.43433	1.98763	1.98763	1.98763	1.82906	1.43433
1	0	1.26184	1.26184	1.26184	1.1318	1.10858	1.58108	1.58108	1.58108	1.41814	1.10858
1	0	-0.813717	-0.813717	-0.813717	-0.960605	-0.968074	-1.01959	-1.01959	-1.01959	-1.20364	-0.968074
1	0	-0.732316	-0.732316	-0.732316	-0.867436	-0.880011	-0.917592	-0.917592	-0.917592	-1.0869	-0.880011
1	0	-0.019629	-0.019629	-0.019629	-0.170375	-0.166186	-0.0245951	-0.0245951	-0.0245951	-0.21348	-0.166186
1	0	-0.774948	-0.774948	-0.774948	-0.910374	-0.911419	-0.97101	-0.97101	-0.97101	-1.1407	-0.911419
1	0	-0.0508332	-0.0508332	-0.0508332	-0.192537	-0.198593	-0.063694	-0.063694	-0.063694	-0.241248	-0.198593
1	0	0.966722	0.966722	0.966722	0.811638	0.838736	1.2113	1.2113	1.2113	1.01698	0.838736
1	0	-1.42534	-1.42534	-1.42534	-1.5539	-1.56425	-1.78595	-1.78595	-1.78595	-1.94704	-1.56425
1	0	0.704621	0.704621	0.704621	0.555668	0.558594	0.88289	0.88289	0.88289	0.696252	0.558594
1	0	-0.321676	-0.321676	-0.321676	-0.477073	-0.447652	-0.403061	-0.403061	-0.403061	-0.597772	-0.447652
1	0	1.24882	1.24882	1.24882	1.11213	1.08619	1.56477	1.56477	1.56477	1.39349	1.08619
1	0	-1.10659	-1.10659	-1.10659	-1.24208	-1.25883	-1.38656	-1.38656	-1.38656	-1.55633	-1.25883
1	0	0.0958331	0.0958331	0.0958331	-0.0633394	-0.0438841	0.120079	0.120079	0.120079	-0.0793643	-0.0438841
1	0	0.341016	0.341016	0.341016	0.21034	0.203823	0.427293	0.427293	0.427293	0.263557	0.203823
1	0	-1.43123	-1.43123	-1.43123	-1.61405	-1.60727	-1.79334	-1.79334	-1.79334	-2.02241	-1.60727
1	0	0.549978	0.549978	0.549978	0.395081	0.408188	0.689122	0.689122	0.689122	0.495037	0.408188
1	0	-0.619886	-0.619886	-0.619886	-0.77856	-0.773455	-0.776717	-0.776717	-0.776717	-0.975536	-0.773455
1	0	-0.749228	-0.749228	-0.749228	-0.882497	-0.896396	-0.938782	-0.938782	-0.938782	-1.10577	-0.896396
1	0	-0.919042	-0.919042	-0.919042	-1.08438	-1.08544	-1.15156	-1.15156	-1.15156	-1.35873	-1.08544
1	0	0.853104	0.853104	0.853104	0.684692	0.684325	1.06894	1.06894	1.06894	0.857919	0.684325
1	0	2.0686	2.0686	2.0686	1.92321	1.92477	2.59196	2.59196	2.59196	2.40978	1.92477
1	0	-0.181585	-0.181585	-0.181585	-0.315662	-0.34241	-0.227526	-0.227526	-0.227526	-0.395524	-0.34241
1	0	-1.05282	-1.05282	-1.05282	-1.20086	-1.17917	-1.31919	-1.31919	-1.31919	-1.50467	-1.17917
1	0	-0.540809	-0.540809	-0.540809	-0.678726	-0.692245	-0.677634	-0.677634	-0.677634	-0.850443	-0.692245
1	0	0.764893	0.764893	0.764893	0.62071	0.61188	0.95841	0.95841	0.95841	0.777749	0.61188
1	0	-2.24512	-2.24512	-2.24512	-2.38445	-2.3763	-2.81314	-2.81314	-2.81314	-2.98771	-2.3763
1	0	1.45223	1.45223	1.45223	1.28737	1.31496	1.81964	1.81964	1.81964	1.61308	1.31496
1	0	-1.11378	-1.11378	-1.11378	-1.27031	-1.2701	-1.39557	-1.39557	-1.39557	-1.5917	-1.2701
1	0	0.728483	0.728483	0.728483	0.584647	0.585564	0.912789	0.912789	0.912789	0.732563	0.585564
1	0	0.862372	0.862372	0.862372	0.702904	0.71714	1.08055	1.08055	1.08055	0.880739	0.71714
1	0	-0.690943	-0.690943	-0.690943	-0.825649	-0.827848	-0.865752	-0.865752	-0.865752	-1.03454	-0.827848
1	0	-0.641752	-0.641752	-0.641752	-0.791719	-0.784323	-0.804115	-0.804115	-0.804115	-0.992024	-0.784323
1	0	-0.179625	-0.179625	-0.179625	-0.336522	-0.310223	-0.22507	-0.22507	-0.22507	-0.421662	-0.310223
1	0	0.190956	0.190956	0.190956	0.0586897	0.0626812	0.239268	0.239268	0.239268	0.0735382	0.0626812
1	0	-2.00659	-2.00659	-2.00659	-2.17456	-2.15326	-2.51426	-2.51426	-2.51426	-2.72472	-2.15326
1	0	-0.646574	-0.646574	-0.646574	-0.778453	-0.782372	-0.810157	-0.810157	-0.810157	-0.975401	-0.782372
1	0	-0.514876	-0.514876	-0.514876	-0.642622	-0.653023	-0.645139	-0.645139	-0.645139	-0.805206	-0.653023
1	0	0.403869	0.403869	0.403869	0.264624	0.262131	0.506048	0.506048	0.506048	0.331574	0.262131
1	0	0.538036	0.538036	0.538036	0.372333	0.386841	0.67416	0.67416	0.67416	0.466533	0.386841
1	0	1.64992	1.64992	1.64992	1.5145	1.50214	2.06735	2.06735	2.06735	1.89767	1.50214
1	0	1.25328	1.25328	1.25328	1.09575	1.12743	1.57036	1.57036	1.57036	1.37298	1.12743
1	0	0.244968	0.244968	0.244968	0.110158	0.0936824	0.306945	0.306945	0.306945	0.138028	0.0936824
1	0	1.36184	1.36184	1.36184	1.21251	1.22142	1.70639	1.70639	1.70639	1.51927	1.22142
1	0	0.256361	0.256361	0.256361	0.123049	0.118129	0.32122	0.32122	0.32122	0.154181	0.118129
1	0	1.12379	1.12379	1.12379	0.979877	0.961968	1.4081	1.4081	1.4081	1.22779	0.961968
1	0	0.53411	0.53411	0.53411	0.379768	0.372497	0.669239	0.669239	0.669239	0.47585	0.372497
1	0	0.000547214	0.000547214	0.000547214	-0.156084	-0.191633	0.000685659	0.000685659	0.000685659	-0.195573	-0.191633
1	0	-0.325902	-0.325902	-0.325902	-0.466074	-0.462963	-0.408355	-0.408355	-0.408355	-0.583991	-0.462963
1	0	-0.361765	-0.361765	-0.361765	-0.550273	-0.496026	-0.453292	-0.453292	-0.453292	-0.689493	-0.496026
1	0	1.76843	1.76843	1.76843	1.62192	1.61424	2.21584	2.21584	2.21584	2.03227	1.61424
1	0	1.68003	1.68003	1.68003	1.52978	1.50931	2.10507	2.10507	2.10507	1.91682	1.50931
1	0	-1.34691	-1.34691	-1.34691	-1.47606	-1.48622	-1.68768	-1.68768	-1.68768	-1.8495	-1.48622
1	0	0.610831	0.610831	0.610831	0.489919	0.445581	0.765372	0.765372	0.765372	0.613868	0.445581
1	0	-0.776326	-0.776326	-0.776326	-0.914728	-0.891146	-0.972736	-0.972736	-0.972736	-1.14615	-0.891146
1	0	-1.22732	-1.22732	-1.22732	-1.39585	-1.37351	-1.53784	-1.53784	-1.53784	-1.749	-1.37351
1	0	-1.43789	-1.43789	-1.43789	-1.57796	-1.57053	-1.80168	-1.80168	-1.80168	-1.97719	-1.57053
1	0	0.920375	0.920375	0.920375	0.793679	0.795109	1.15323	1.15323	1.15323	0.99448	0.795109
1	0	-0.938691	-0.938691	-0.938691	-1.07739	-1.0962	-1.17618	-1.17618	-1.17618	-1.34998	-1.0962
1	0	-1.15438	-1.15438	-1.15438	-1.30869	-1.3223	-1.44644	-1.44644	-1.44644	-1.63979	-1.3223
1	0	1.2954	1.2954	1.2954	1.14749	1.14809	1.62314	1.62314	1.62314	1.43781	1.14809
1	0	-0.030598	-0.030598	-0.030598	-0.181459	-0.159609	-0.0383393	-0.0383393	-0.0383393	-0.227368	-0.159609
1	0	-1.92636	-1.92636	-1.92636	-2.07767	-2.0928	-2.41372	-2.41372	-2.41372	-2.60332	-2.0928
1	0	0.628529	0.628529	0.628529	0.49916	0.48781	0.787547	0.787547	0.787547	0.625447	0.48781
1	0	0.131061	0.131061	0.131061	-0.0213826	-0.0198192	0.164219	0.164219	0.164219	-0.0267924	-0.0198192
1	0	0.932341	0.932341	0.932341	0.782568	0.786868	1.16822	1.16822	1.16822	0.980558	0.786868
1	0	-1.07219	-1.07219	-1.07219	-1.22337	-1.23867	-1.34346	-1.34346	-1.34346	-1.53288	-1.23867
1	0	0.0158009	0.0158009	0.0158009	-0.106754	-0.0970689	0.0197985	0.0197985	0.0197985	-0.133763	-0.0970689
1	0	0.236822	0.236822	0.236822	0.0817441	0.0862963	0.296738	0.296738	0.296738	0.102425	0.0862963
1	0	0.233799	0.233799	0.233799	0.080675	0.0926688	0.29295	0.29295	0.29295	0.101086	0.0926688
1	0	-1.23713	-1.23713	-1.23713	-1.38337	-1.40126	-1.55012	-1.55012	-1.55012	-1.73336	-1.40126
1	0	1.52517	1.52517	1.52517	1.37718	1.3507	1.91104	1.91104	1.91104	1.72561	1.3507
1	0	0.228296	0.228296	0.228296	0.0716335	0.107376	0.286055	0.286055	0.286055	0.0897568	0.107376
1	0	-0.0139509	-0.0139509	-0.0139509	-0.179788	-0.158777	-0.0174804	-0.0174804	-0.0174804	-0.225275	-0.158777
1	0	-1.07507	-1.07507	-1.07507	-1.22737	-1.21233	-1.34706	-1.34706	-1.34706	-1.53789	-1.21233
1	0	0.269466	0.269466	0.269466	0.115204	0.130698	0.337641	0.337641	0.337641	0.144351	0.130698
1	0	-1.65746	-1.65746	-1.65746	-1.81881	-1.81513	-2.0768	-2.0768	-2.0768	-2.27897	-1.81513
1	0	-0.664943	-0.664943	-0.664943	-0.816984	-0.796233	-0.833173	-0.833173	-0.833173	-1.02368	-0.796233
1	0	-2.14029	-2.14029	-2.14029	-2.29443	-2.29007	-2.68178	-2.68178	-2.68178	-2.87492	-2.29007
1	0	-0.858619	-0.858619	-0.858619	-1.00086	-0.985712	-1.07585	-1.07585	-1.07585	-1.25408	-0.985712
1	0	3.04112	3.04112	3.04112	2.89332	2.8705	3.81052	3.81052	3.81052	3.62534	2.8705
1	0	-2.14329	-2.14329	-2.14329	-2.30262	-2.29695	-2.68555	-2.68555	-2.68555	-2.88519	-2.29695
1	0	0.813645	0.813645	0.813645	0.677369	0.673579	1.0195	1.0195	1.0195	0.848743	0.673579
1	0	-1.21907	-1.21907	-1.21907	-1.37107	-1.34721	-1.52749	-1.52749	-1.52749	-1.71795	-1.34721
1	0	0.0226864	0.0226864	0.0226864	-0.113403	-0.119698	0.028426	0.028426	0.028426	-0.142094	-0.119698
1	0	1.61516	1.61516	1.61516	1.44976	1.46988	2.0238	2.0238	2.0238	1.81655	1.46988
1	0	1.58844	1.58844	1.58844	1.44067	1.44085	1.99032	1.99032	1.99032	1.80516	1.44085
1	0	-0.372385	-0.372385	-0.372385	-0.521829	-0.526918	-0.466598	-0.466598	-0.466598	-0.653851	-0.526918
1	0	0.503332	0.503332	0.503332	0.369736	0.347348	0.630675	0.630675	0.630675	0.46328	0.347348
1	0	0.637169	0.637169	0.637169	0.507399	0.482137	0.798372	0.798372	0.798372	0.635771	0.482137
1	0	-0.0956437	-0.0956437	-0.0956437	-0.24207	-0.240945	-0.119842	-0.119842	-0.119842	-0.303313	-0.240945
1	0	0.624357	0.624357	0.624357	0.490705	0.486904	0.782319	0.782319	0.782319	0.614853	0.486904
1	0	-0.920602	-0.920602	-0.920602	-1.06704	-1.07034	-1.15351	-1.15351	-1.15351	-1.337	-1.07034
1	0	0.149414	0.149414	0.149414	0.0175263	0.0144547	0.187216	0.187216	0.187216	0.0219605	0.0144547
1	0	0.0366674	0.0366674	0.0366674	-0.114447	-0.111868	0.0459442	0.0459442	0.0459442	-0.143402	-0.111868
1	0	0.454282	0.454282	0.454282	0.310399	0.318003	0.569215	0.569215	0.569215	0.38893	0.318003
1	0	-0.339297	-0.339297	-0.339297	-0.493897	-0.459793	-0.425139	-0.425139	-0.425139	-0.618853	-0.459793
1	0	1.00578	1.00578	1.00578	0.878357	0.851265	1.26025	1.26025	1.26025	1.10058	0.851265
1	0	-0.159954	-0.159954	-0.159954	-0.3068	-0.30868	-0.200422	-0.200422	-0.200422	-0.384421	-0.30868
1	0	1.36823	1.36823	1.36823	1.21787	1.22031	1.7144	1.7144	1.7144	1.52599	1.22031
1	0	-0.260265	-0.260265	-0.260265	-0.386853	-0.415266	-0.326112	-0.326112	-0.326112	-0.484727	-0.415266
1	0	2.05795	2.05795	2.05795	1.89135	1.91472	2.57861	2.57861	2.57861	2.36986	1.91472
1	0	-1.44499	-1.44499	-1.44499	-1.59431	-1.59979	-1.81057	-1.81057	-1.81057	-1.99767	-1.59979
1	0	0.957892	0.957892	0.957892	0.833733	0.820536	1.20024	1.20024	1.20024	1.04467	0.820536
1	0	-0.320735	-0.320735	-0.320735	-0.467789	-0.467024	-0.401881	-0.401881	-0.401881	-0.58614	-0.467024
1	0	-1.50794	-1.50794	-1.50794	-1.668	-1.65799	-1.88945	-1.88945	-1.88945	-2.09	-1.65799
1	0	-1.38206	-1.38206	-1.38206	-1.53191	-1.54435	-1.73172	-1.73172	-1.73172	-1.91949	-1.54435
1	0	0.109548	0.109548	0.109548	-0.0248167	-0.0261459	0.137263	0.137263	0.137263	-0.0310954	-0.0261459
1	0	1.30658	1.30658	1.30658	1.14837	1.18015	1.63715	1.63715	1.63715	1.43891	1.18015
1	0	0.457042	0.457042	0.457042	0.286532	0.304427	0.572674	0.572674	0.572674	0.359024	0.304427
1	0	0.119521	0.119521	0.119521	-0.0316136	-0.0308494	0.14976	0.14976	0.14976	-0.0396119	-0.0308494
1	0	1.58383	1.58383	1.58383	1.4208	1.43987	1.98454	1.98454	1.98454	1.78026	1.43987
1	0	1.1827	1.1827	1.1827	1.03929	1.03641	1.48192	1.48192	1.48192	1.30223	1.03641
1	0	0.20608	0.20608	0.20608	0.0562275	0.0649783	0.258219	0.258219	0.258219	0.0704531	0.0649783
1	0	0.519477	0.519477	0.519477	0.380445	0.382993	0.650905	0.650905	0.650905	0.476698	0.382993
1	0	1.37166	1.37166	1.37166	1.24145	1.18917	1.71869	1.71869	1.71869	1.55553	1.18917
1	0	-0.795042	-0.795042	-0.795042	-0.958199	-0.933067	-0.996188	-0.996188	-0.996188	-1.20062	-0.933067
1	0	1.19509	1.19509	1.19509	1.04807	1.0498	1.49745	1.49745	1.49745	1.31323	1.0498
1	0	1.38902	1.38902	1.38902	1.2404	1.24536	1.74045	1.74045	1.74045	1.55422	1.24536
1	0	1.52765	1.52765	1.52765	1.40341	1.39242	1.91414	1.91414	1.91414	1.75848	1.39242
1	0	-1.24907	-1.24907	-1.24907	-1.36155	-1.40989	-1.56508	-1.56508	-1.56508	-1.70603	-1.40989
1	0	-0.848986	-0.848986	-0.848986	-1.00893	-1.01958	-1.06378	-1.06378	-1.06378	-1.26418	-1.01958
1	0	-0.318185	-0.318185	-0.318185	-0.458435	-0.449655	-0.398686	-0.398686	-0.398686	-0.574419	-0.449655
1	0	1.47792	1.47792	1.47792	1.31022	1.30785	1.85184	1.85184	1.85184	1.64171	1.30785
1	0	0.279158	0.279158	0.279158	0.146448	0.143543	0.349785	0.349785	0.349785	0.183499	0.143543
1	0	2.792	2.792	2.792	2.62936	2.63479	3.49838	3.49838	3.49838	3.29459	2.63479
1	0	0.893896	0.893896	0.893896	0.732902	0.747262	1.12005	1.12005	1.12005	0.918326	0.747262
1	0	-0.314984	-0.314984	-0.314984	-0.476561	-0.465455	-0.394675	-0.394675	-0.394675	-0.597131	-0.465455
1	0	1.13702	1.13702	1.13702	0.984813	1.00387	1.42469	1.42469	1.42469	1.23397	1.00387
1	0	0.988089	0.988089	0.988089	0.86232	0.838875	1.23808	1.23808	1.23808	1.08049	0.838875
1	0	0.0462545	0.0462545	0.0462545	-0.0867653	-0.102765	0.0579569	0.0579569	0.0579569	-0.108717	-0.102765
1	0	-0.252319	-0.252319	-0.252319	-0.38857	-0.404304	-0.316155	-0.316155	-0.316155	-0.486879	-0.404304
1	0	-1.00486	-1.00486	-1.00486	-1.16412	-1.15074	-1.25909	-1.25909	-1.25909	-1.45865	-1.15074
1	0	0.253886	0.253886	0.253886	0.1237	0.115843	0.318119	0.318119	0.318119	0.154996	0.115843
1	0	0.397439	0.397439	0.397439	0.248246	0.238601	0.497991	0.497991	0.497991	0.311053	0.238601
1	0	-0.238295	-0.238295	-0.238295	-0.3645	-0.374755	-0.298584	-0.298584	-0.298584	-0.456718	-0.374755
1	0	1.35114	1.35114	1.35114	1.20773	1.19467	1.69298	1.69298	1.69298	1.51328	1.19467
1	0	-1.89045	-1.89045	-1.89045	-2.02585	-2.0253	-2.36874	-2.36874	-2.36874	-2.53839	-2.0253
1	0	0.380374	0.380374	0.380374	0.227619	0.216877	0.476609	0.476609	0.476609	0.285207	0.216877
1	0	-0.365585	-0.365585	-0.365585	-0.512973	-0.537008	-0.458078	-0.458078	-0.458078	-0.642755	-0.537008
1	0	-0.0596521	-0.0596521	-0.0596521	-0.227808	-0.202139	-0.074744	-0.074744	-0.074744	-0.285444	-0.202139
1	0	2.00358	2.00358	2.00358	1.8714	1.83806	2.51049	2.51049	2.51049	2.34487	1.83806
1	0	0.926945	0.926945	0.926945	0.780903	0.79395	1.16146	1.16146	1.16146	0.978471	0.79395
1	0	-1.782	-1.782	-1.782	-1.92833	-1.93527	-2.23285	-2.23285	-2.23285	-2.41619	-1.93527
1	0	0.820517	0.820517	0.820517	0.678914	0.689056	1.02811	1.02811	1.02811	0.850679	0.689056
1	0	-0.760402	-0.760402	-0.760402	-0.920194	-0.900382	-0.952784	-0.952784	-0.952784	-1.153	-0.900382
1	0	0.0928822	0.0928822	0.0928822	-0.0433802	-0.0521902	0.116381	0.116381	0.116381	-0.0543554	-0.0521902
1	0	2.67216	2.67216	2.67216	2.52407	2.51451	3.34822	3.34822	3.34822	3.16265	2.51451
1	0	-0.358148	-0.358148	-0.358148	-0.508415	-0.506733	-0.44876	-0.44876	-0.44876	-0.637044	-0.506733
1	0	1.38641	1.38641	1.38641	1.23043	1.23385	1.73717	1.73717	1.73717	1.54173	1.23385
1	0	2.29669	2.29669	2.29669	2.12355	2.12503	2.87776	2.87776	2.87776	2.66081	2.12503
1	0	0.391159	0.391159	0.391159	0.245514	0.261833	0.490122	0.490122	0.490122	0.307628	0.261833
1	0	-1.61987	-1.61987	-1.61987	-1.76714	-1.73349	-2.02969	-2.02969	-2.02969	-2.21423	-1.73349
1	0	1.1999	1.1999	1.1999	1.05697	1.06205	1.50347	1.50347	1.50347	1.32439	1.06205
1	0	-1.2942	-1.2942	-1.2942	-1.44797	-1.45351	-1.62163	-1.62163	-1.62163	-1.8143	-1.45351
1	0	-1.34999	-1.34999	-1.34999	-1.48197	-1.50938	-1.69153	-1.69153	-1.69153	-1.85691	-1.50938
1	0	-1.40273	-1.40273	-1.40273	-1.54271	-1.54532	-1.75762	-1.75762	-1.75762	-1.93302	-1.54532
1	0	-1.35154	-1.35154	-1.35154	-1.50561	-1.49581	-1.69348	-1.69348	-1.69348	-1.88653	-1.49581
1	0	0.93595	0.93595	0.93595	0.763431	0.798659	1.17275	1.17275	1.17275	0.956579	0.798659
1	0	-0.426606	-0.426606	-0.426606	-0.580988	-0.564223	-0.534537	-0.534537	-0.534537	-0.727978	-0.564223
1	0	0.50056	0.50056	0.50056	0.354758	0.363921	0.627201	0.627201	0.627201	0.444512	0.363921
1	0	-1.22069	-1.22069	-1.22069	-1.37969	-1.35926	-1.52952	-1.52952	-1.52952	-1.72876	-1.35926
1	0	0.392679	0.392679	0.392679	0.245454	0.254588	0.492027	0.492027	0.492027	0.307554	0.254588
1	0	1.28148	1.28148	1.28148	1.14236	1.13277	1.60569	1.60569	1.60569	1.43138	1.13277
1	0	-1.03399	-1.03399	-1.03399	-1.17802	-1.15939	-1.29559	-1.29559	-1.29559	-1.47606	-1.15939
1	0	0.566872	0.566872	0.566872	0.430481	0.409016	0.710291	0.710291	0.710291	0.539392	0.409016
1	0	-0.0816056	-0.0816056	-0.0816056	-0.233794	-0.263425	-0.102252	-0.102252	-0.102252	-0.292944	-0.263425
1	0	1.83463	1.83463	1.83463	1.67501	1.67499	2.2988	2.2988	2.2988	2.09878	1.67499
1	0	-1.71407	-1.71407	-1.71407	-1.87175	-1.85452	-2.14773	-2.14773	-2.14773	-2.3453	-1.85452
1	0	1.60368	1.60368	1.60368	1.44969	1.45507	2.00941	2.00941	2.00941	1.81646	1.45507
1	0	-1.36287	-1.36287	-1.36287	-1.48829	-1.49863	-1.70767	-1.70767	-1.70767	-1.86483	-1.49863
1	0	0.405794	0.405794	0.405794	0.236746	0.277751	0.50846	0.50846	0.50846	0.296643	0.277751
1	0	1.0375	1.0375	1.0375	0.899978	0.895591	1.29999	1.29999	1.29999	1.12767	0.895591
1	0	0.100027	0.100027	0.100027	-0.0184813	-0.0419728	0.125334	0.125334	0.125334	-0.0231571	-0.0419728
1	0	-0.233148	-0.233148	-0.233148	-0.383898	-0.384603	-0.292135	-0.292135	-0.292135	-0.481024	-0.384603
1	0	1.65596	1.65596	1.65596	1.52593	1.53619	2.07492	2.07492	2.07492	1.91199	1.53619
1	0	0.765728	0.765728	0.765728	0.627633	0.62032	0.959458	0.959458	0.959458	0.786425	0.62032
1	0	0.419882	0.419882	0.419882	0.313322	0.256668	0.526112	0.526112	0.526112	0.392593	0.256668
1	0	0.166964	0.166964	0.166964	0.0401349	0.0359763	0.209206	0.209206	0.209206	0.050289	0.0359763
1	0	0.951612	0.951612	0.951612	0.822169	0.800499	1.19237	1.19237	1.19237	1.03018	0.800499
1	0	1.05175	1.05175	1.05175	0.917052	0.908437	1.31785	1.31785	1.31785	1.14907	0.908437
1	0	0.86575	0.86575	0.86575	0.728588	0.729581	1.08479	1.08479	1.08479	0.912921	0.729581
1	0	1.6469	1.6469	1.6469	1.50988	1.47889	2.06356	2.06356	2.06356	1.89188	1.47889
1	0	-1.6394	-1.6394	-1.6394	-1.76771	-1.77139	-2.05417	-2.05417	-2.05417	-2.21494	-1.77139
1	0	1.19342	1.19342	1.19342	1.03513	1.04014	1.49536	1.49536	1.49536	1.29701	1.04014
1	0	-0.292013	-0.292013	-0.292013	-0.435782	-0.43998	-0.365892	-0.365892	-0.365892	-0.546034	-0.43998
1	0	0.116358	0.116358	0.116358	-0.0258534	-0.0318084	0.145796	0.145796	0.145796	-0.0323943	-0.0318084
1	0	-2.02787	-2.02787	-2.02787	-2.16334	-2.16959	-2.54092	-2.54092	-2.54092	-2.71067	-2.16959
1	0	-0.0817299	-0.0817299	-0.0817299	-0.22356	-0.232324	-0.102408	-0.102408	-0.102408	-0.280121	-0.232324
1	0	-0.0341874	-0.0341874	-0.0341874	-0.181849	-0.202863	-0.0428368	-0.0428368	-0.0428368	-0.227856	-0.202863
1	0	-0.227679	-0.227679	-0.227679	-0.372758	-0.365336	-0.285281	-0.285281	-0.285281	-0.467066	-0.365336
1	0	1.48392	1.48392	1.48392	1.33519	1.35296	1.85936	1.85936	1.85936	1.673	1.35296
1	0	-0.102252	-0.102252	-0.102252	-0.278747	-0.225157	-0.128122	-0.128122	-0.128122	-0.34927	-0.225157
1	0	1.12416	1.12416	1.12416	0.977833	1.00739	1.40857	1.40857	1.40857	1.22522	1.00739
1	0	0.445031	0.445031	0.445031	0.295471	0.288382	0.557624	0.557624	0.557624	0.370225	0.288382
1	0	0.215379	0.215379	0.215379	0.053556	0.0687986	0.26987	0.26987	0.26987	0.0671057	0.0687986
1	0	0.463142	0.463142	0.463142	0.318336	0.328084	0.580317	0.580317	0.580317	0.398875	0.328084
1	0	-0.0348086	-0.0348086	-0.0348086	-0.192175	-0.180404	-0.0436152	-0.0436152	-0.0436152	-0.240796	-0.180404
1	0	0.641215	0.641215	0.641215	0.504477	0.502382	0.803442	0.803442	0.803442	0.63211	0.502382
1	0	-0.337016	-0.337016	-0.337016	-0.478587	-0.461637	-0.422282	-0.422282	-0.422282	-0.599669	-0.461637
1	0	1.66729	1.66729	1.66729	1.49066	1.52174	2.08911	2.08911	2.08911	1.8678	1.52174
1	0	1.21341	1.21341	1.21341	1.05502	1.05937	1.5204	1.5204	1.5204	1.32194	1.05937
1	0	-0.161461	-0.161461	-0.161461	-0.326474	-0.319321	-0.20231	-0.20231	-0.20231	-0.409073	-0.319321
1	0	-0.81263	-0.81263	-0.81263	-0.972409	-0.952687	-1.01823	-1.01823	-1.01823	-1.21843	-0.952687
1	0	-1.10581	-1.10581	-1.10581	-1.24677	-1.26552	-1.38558	-1.38558	-1.38558	-1.5622	-1.26552
1	0	1.40501	1.40501	1.40501	1.25795	1.24785	1.76048	1.76048	1.76048	1.57621	1.24785
1	0	-0.0443643	-0.0443643	-0.0443643	-0.209183	-0.191646	-0.0555885	-0.0555885	-0.0555885	-0.262106	-0.191646
1	0	0.554428	0.554428	0.554428	0.415485	0.410247	0.694699	0.694699	0.694699	0.520602	0.410247
1	0	1.06343	1.06343	1.06343	0.907617	0.905634	1.33248	1.33248	1.33248	1.13724	0.905634
1	0	-0.740477	-0.740477	-0.740477	-0.912403	-0.879176	-0.927817	-0.927817	-0.927817	-1.14324	-0.879176
1	0	-0.94782	-0.94782	-0.94782	-1.09315	-1.10317	-1.18762	-1.18762	-1.18762	-1.36972	-1.10317
1	0	-3.18554	-3.18554	-3.18554	-3.33546	-3.31422	-3.99148	-3.99148	-3.99148	-4.17934	-3.31422
1	0	-1.31713	-1.31713	-1.31713	-1.47514	-1.45803	-1.65037	-1.65037	-1.65037	-1.84836	-1.45803
1	0	-0.182524	-0.182524	-0.182524	-0.332758	-0.337279	-0.228702	-0.228702	-0.228702	-0.416946	-0.337279
1	0	-1.29534	-1.29534	-1.29534	-1.42934	-1.43821	-1.62307	-1.62307	-1.62307	-1.79096	-1.43821
1	0	2.51597	2.51597	2.51597	2.37282	2.36796	3.1525	3.1525	3.1525	2.97315	2.36796
1	0	-1.03101	-1.03101	-1.03101	-1.19214	-1.19556	-1.29186	-1.29186	-1.29186	-1.49375	-1.19556
1	0	-0.476172	-0.476172	-0.476172	-0.629478	-0.639348	-0.596643	-0.596643	-0.596643	-0.788736	-0.639348
1	0	-1.15566	-1.15566	-1.15566	-1.29855	-1.29849	-1.44804	-1.44804	-1.44804	-1.62709	-1.29849
1	0	0.104008	0.104008	0.104008	-0.0325437	-0.0472042	0.130321	0.130321	0.130321	-0.0407772	-0.0472042
1	0	-0.787177	-0.787177	-0.787177	-0.929504	-0.917892	-0.986333	-0.986333	-0.986333	-1.16467	-0.917892
1	0	-0.266171	-0.266171	-0.266171	-0.408457	-0.42371	-0.333513	-0.333513	-0.333513	-0.511796	-0.42371
1	0	-0.930287	-0.930287	-0.930287	-1.09255	-1.08531	-1.16565	-1.16565	-1.16565	-1.36896	-1.08531
1	0	1.32733	1.32733	1.32733	1.19609	1.16756	1.66315	1.66315	1.66315	1.4987	1.16756
1	0	0.156681	0.156681	0.156681	0.0243269	0.0156369	0.196321	0.196321	0.196321	0.0304816	0.0156369
1	0	-0.752498	-0.752498	-0.752498	-0.90257	-0.88896	-0.94288	-0.94288	-0.94288	-1.13092	-0.88896
1	0	1.10771	1.10771	1.10771	0.968539	0.946391	1.38796	1.38796	1.38796	1.21358	0.946391
1	0	0.56796	0.56796	0.56796	0.42827	0.41421	0.711654	0.711654	0.711654	0.536623	0.41421
1	0	-0.587666	-0.587666	-0.587666	-0.736509	-0.753183	-0.736345	-0.736345	-0.736345	-0.922846	-0.753183
1	0	0.596097	0.596097	0.596097	0.430197	0.458961	0.74691	0.74691	0.74691	0.539037	0.458961
1	0	-1.09805	-1.09805	-1.09805	-1.24206	-1.22357	-1.37585	-1.37585	-1.37585	-1.5563	-1.22357
1	0	1.48095	1.48095	1.48095	1.34806	1.30226	1.85563	1.85563	1.85563	1.68911	1.30226
1	0	-0.485689	-0.485689	-0.485689	-0.628559	-0.623416	-0.608568	-0.608568	-0.608568	-0.787585	-0.623416
1	0	1.55995	1.55995	1.55995	1.42139	1.40114	1.95461	1.95461	1.95461	1.781	1.40114
1	0	-0.131153	-0.131153	-0.131153	-0.271936	-0.277946	-0.164335	-0.164335	-0.164335	-0.340736	-0.277946
1	0	0.93398	0.93398	0.93398	0.791988	0.776622	1.17028	1.17028	1.17028	0.99236	0.776622
1	0	0.92574	0.92574	0.92574	0.789417	0.807358	1.15995	1.15995	1.15995	0.98914	0.807358
1	0	-1.66619	-1.66619	-1.66619	-1.8191	-1.80988	-2.08773	-2.08773	-2.08773	-2.27933	-1.80988
1	0	-1.1657	-1.1657	-1.1657	-1.28909	-1.30207	-1.46062	-1.46062	-1.46062	-1.61523	-1.30207
1	0	-0.520195	-0.520195	-0.520195	-0.657009	-0.669497	-0.651805	-0.651805	-0.651805	-0.823233	-0.669497
1	0	-1.46057	-1.46057	-1.46057	-1.60431	-1.59462	-1.8301	-1.8301	-1.8301	-2.01021	-1.59462
1	0	0.069656	0.069656	0.069656	-0.0902515	-0.0716223	0.087279	0.087279	0.087279	-0.113085	-0.0716223
1	0	0.759688	0.759688	0.759688	0.609199	0.604896	0.951889	0.951889	0.951889	0.763327	0.604896
1	0	0.885338	0.885338	0.885338	0.75607	0.744584	1.10933	1.10933	1.10933	0.947356	0.744584
1	0	0.290544	0.290544	0.290544	0.159553	0.16199	0.364052	0.364052	0.364052	0.19992	0.16199
1	0	0.0678498	0.0678498	0.0678498	-0.0805959	-0.0616577	0.0850158	0.0850158	0.0850158	-0.100987	-0.0616577
1	0	-1.24054	-1.24054	-1.24054	-1.39382	-1.38121	-1.55439	-1.55439	-1.55439	-1.74646	-1.38121
1	0	1.53535	1.53535	1.53535	1.39461	1.40107	1.92379	1.92379	1.92379	1.74744	1.40107
1	0	0.688217	0.688217	0.688217	0.523799	0.541454	0.862336	0.862336	0.862336	0.656321	0.541454
1	0	0.748492	0.748492	0.748492	0.607083	0.598307	0.937861	0.937861	0.937861	0.760674	0.598307
1	0	0.221938	0.221938	0.221938	0.0703713	0.0769099	0.278089	0.278089	0.278089	0.0881752	0.0769099
1	0	-0.61568	-0.61568	-0.61568	-0.783943	-0.774587	-0.771447	-0.771447	-0.771447	-0.98228	-0.774587
1	0	0.435551	0.435551	0.435551	0.286071	0.283914	0.545746	0.545746	0.545746	0.358447	0.283914
1	0	1.6553	1.6553	1.6553	1.50635	1.49514	2.07409	2.07409	2.07409	1.88746	1.49514
1	0	-0.793319	-0.793319	-0.793319	-0.95855	-0.946624	-0.994029	-0.994029	-0.994029	-1.20106	-0.946624
1	0	0.120098	0.120098	0.120098	-0.0332172	-0.042065	0.150483	0.150483	0.150483	-0.0416211	-0.042065
1	0	0.268403	0.268403	0.268403	0.138459	0.114035	0.336309	0.336309	0.336309	0.173489	0.114035
1	0	-0.730129	-0.730129	-0.730129	-0.881416	-0.877609	-0.914852	-0.914852	-0.914852	-1.10441	-0.877609
1	0	0.420205	0.420205	0.420205	0.273135	0.257835	0.526517	0.526517	0.526517	0.342238	0.257835
1	0	-0.0981745	-0.0981745	-0.0981745	-0.235721	-0.247207	-0.123013	-0.123013	-0.123013	-0.295358	-0.247207
1	0	-0.190989	-0.190989	-0.190989	-0.319723	-0.351875	-0.239309	-0.239309	-0.239309	-0.400613	-0.351875
1	0	-0.683334	-0.683334	-0.683334	-0.82908	-0.818564	-0.856218	-0.856218	-0.856218	-1.03884	-0.818564
1	0	-0.0236349	-0.0236349	-0.0236349	-0.16173	-0.169431	-0.0296145	-0.0296145	-0.0296145	-0.202648	-0.169431
1	0	0.417372	0.417372	0.417372	0.259714	0.293368	0.522967	0.522967	0.522967	0.325422	0.293368
1	0	-1.03058	-1.03058	-1.03058	-1.16119	-1.15786	-1.29131	-1.29131	-1.29131	-1.45497	-1.15786
1	0	-0.455994	-0.455994	-0.455994	-0.598232	-0.591662	-0.57136	-0.57136	-0.57136	-0.749585	-0.591662
1	0	1.63701	1.63701	1.63701	1.5024	1.50281	2.05118	2.05118	2.05118	1.88251	1.50281
1	0	-1.96369	-1.96369	-1.96369	-2.128	-2.1174	-2.4605	-2.4605	-2.4605	-2.66639	-2.1174
1	0	0.313945	0.313945	0.313945	0.183427	0.172419	0.393373	0.393373	0.393373	0.229835	0.172419
1	0	0.426593	0.426593	0.426593	0.27901	0.293973	0.534522	0.534522	0.534522	0.3496	0.293973
1	0	0.937279	0.937279	0.937279	0.78232	0.795294	1.17441	1.17441	1.17441	0.980247	0.795294
1	0	2.0542	2.0542	2.0542	1.92591	1.93061	2.57392	2.57392	2.57392	2.41317	1.93061
1	0	-0.420233	-0.420233	-0.420233	-0.564177	-0.569178	-0.526551	-0.526551	-0.526551	-0.706914	-0.569178
1	0	1.46239	1.46239	1.46239	1.29665	1.30596	1.83238	1.83238	1.83238	1.6247	1.30596
1	0	0.781067	0.781067	0.781067	0.631737	0.655763	0.978677	0.978677	0.978677	0.791566	0.655763
1	0	-0.785703	-0.785703	-0.785703	-0.938999	-0.918934	-0.984485	-0.984485	-0.984485	-1.17657	-0.918934
1	0	0.527078	0.527078	0.527078	0.386017	0.378721	0.660429	0.660429	0.660429	0.483679	0.378721
1	0	-2.19304	-2.19304	-2.19304	-2.33372	-2.34051	-2.74788	-2.74788	-2.74788	-2.92416	-2.34051
1	0	-0.119287	-0.119287	-0.119287	-0.269395	-0.281879	-0.149467	-0.149467	-0.149467	-0.337552	-0.281879
1	0	-1.19899	-1.19899	-1.19899	-1.34104	-1.34091	-1.50233	-1.50233	-1.50233	-1.68033	-1.34091
1	0	-0.752027	-0.752027	-0.752027	-0.888208	-0.908782	-0.94229	-0.94229	-0.94229	-1.11292	-0.908782
1	0	1.0693	1.0693	1.0693	0.92258	0.908815	1.33983	1.33983	1.33983	1.15599	0.908815
1	0	0.688522	0.688522	0.688522	0.541778	0.542157	0.862718	0.862718	0.862718	0.678848	0.542157
1	0	0.998957	0.998957	0.998957	0.840697	0.841908	1.25169	1.25169	1.25169	1.05339	0.841908
1	0	0.139127	0.139127	0.139127	-0.0146212	-0.0153483	0.174326	0.174326	0.174326	-0.0183204	-0.0153483
1	0	3.19805	3.19805	3.19805	3.0542	3.0477	4.00716	4.00716	4.00716	3.82691	3.0477
1	0	1.13822	1.13822	1.13822	0.968548	0.973299	1.42619	1.42619	1.42619	1.21359	0.973299
1	0	-1.2467	-1.2467	-1.2467	-1.40988	-1.41157	-1.56211	-1.56211	-1.56211	-1.76658	-1.41157
1	0	1.06153	1.06153	1.06153	0.90778	0.915194	1.3301	1.3301	1.3301	1.13745	0.915194
1	0	0.789468	0.789468	0.789468	0.645141	0.642548	0.989203	0.989203	0.989203	0.808362	0.642548
1	0	1.46164	1.46164	1.46164	1.31715	1.30563	1.83143	1.83143	1.83143	1.65038	1.30563
1	0	-0.119227	-0.119227	-0.119227	-0.284657	-0.248555	-0.149391	-0.149391	-0.149391	-0.356675	-0.248555
1	0	-0.103266	-0.103266	-0.103266	-0.23989	-0.25371	-0.129392	-0.129392	-0.129392	-0.300582	-0.25371
1	0	-0.289664	-0.289664	-0.289664	-0.422076	-0.429074	-0.362949	-0.362949	-0.362949	-0.528861	-0.429074
1	0	0.554619	0.554619	0.554619	0.426135	0.39907	0.694938	0.694938	0.694938	0.533947	0.39907
1	0	-1.61111	-1.61111	-1.61111	-1.76217	-1.75406	-2.01871	-2.01871	-2.01871	-2.208	-1.75406
2	1.35884	-1.02074	-1.02074	-1.84501	-1.38505	-1.36667	-1.80876	-1.80876	-2.31179	-2.45432	-1.93276
2	0.322815	1.48291	1.48291	1.08115	1.28315	1.29175	2.62773	2.62773	1.35468	2.27376	1.82681
2	1.58436	0.719984	0.719984	-0.170062	0.27407	0.25538	1.27582	1.27582	-0.213088	0.485654	0.321042
2	4.74975	-1.52086	-3.06192	-3.06192	-3.15915	-3.08197	-2.69498	-3.83659	-3.83659	-4.67952	-3.78526
2	0.773547	-1.64333	-1.64333	-2.26524	-1.80182	-1.8088	-2.912	-2.912	-2.83835	-3.19285	-2.55803
2	0.0455886	-0.630339	-0.630339	-0.781317	-0.807929	-0.842195	-1.11697	-1.11697	-0.97899	-1.43166	-1.19104
2	0.000789702	1.02912	1.02912	1.00925	0.789328	0.864571	1.82362	1.82362	1.26459	1.3987	1.22269
2	0.663477	0.00876416	0.00876416	-0.567203	-0.184135	-0.196809	0.0155302	0.0155302	-0.710706	-0.326289	-0.27833
2	5.8248	0.472329	-1.23425	-1.23425	-1.32984	-1.29518	0.836971	-1.54651	-1.54651	-2.13471	-1.79171
2	0.995327	-0.710769	-0.710769	-1.41622	-0.921239	-0.920314	-1.25949	-1.25949	-1.77453	-1.63244	-1.30152
2	0.604442	-0.641908	-0.641908	-1.19165	-0.845725	-0.832419	-1.13747	-1.13747	-1.49314	-1.49863	-1.17722
2	0.946445	0.160259	0.160259	-0.527653	-0.0359759	-0.0571326	0.28398	0.28398	-0.661149	-0.0637497	-0.0807976
2	0.806837	0.0495397	0.0495397	-0.585613	-0.171072	-0.146591	0.0877849	0.0877849	-0.733773	-0.303141	-0.207311
2	2.93324	-0.223341	-0.223341	-1.43438	-0.595774	-0.496042	-0.395762	-0.395762	-1.79728	-0.760857	-0.466118
2	0.436343	-0.199421	-0.199421	-0.666509	-0.372281	-0.404255	-0.353376	-0.353376	-0.835136	-0.659686	-0.571703
2	0.894201	0.055913	0.055913	-0.612743	-0.12725	-0.144336	0.0990784	0.0990784	-0.767767	-0.225487	-0.204123
2	1.11656	-0.75253	-0.75253	-1.49971	-0.977975	-0.931777	-1.33349	-1.33349	-1.87914	-1.73298	-1.31773
2	0.11041	0.628412	0.628412	0.393454	0.405342	0.437082	1.11355	1.11355	0.492998	0.71827	0.618127
2	0.411408	0.729013	0.729013	0.275467	0.533903	0.554929	1.29182	1.29182	0.34516	0.946081	0.784788
2	0.836477	-0.186413	-0.186413	-0.833127	-0.404227	-0.341997	-0.330326	-0.330326	-1.04391	-0.716295	-0.483656
2	0.890765	-0.36691	-0.36691	-1.03428	-0.582531	-0.551669	-0.650168	-0.650168	-1.29595	-1.03225	-0.780178
2	0.820618	1.83412	1.83412	1.19356	1.66143	1.61989	3.25007	3.25007	1.49553	2.94407	2.29087
2	1.66549	-0.0892147	-0.0892147	-1.00176	-0.330835	-0.28537	-0.158089	-0.158089	-1.25521	-0.586242	-0.403574
2	2.17712	0.393072	0.393072	-0.650268	-0.392347	-0.343941	0.696527	0.696527	-0.814785	-0.479194	-0.388853
2	3.29859	-0.932001	-0.932001	-2.21625	-2.13624	-2.11302	-1.65152	-1.65152	-2.77696	-3.11468	-2.69859
2	0.264237	-0.533108	-0.533108	-0.896589	-0.751783	-0.72713	-0.944672	-0.944672	-1.12343	-1.33217	-1.02832
2	0.111937	0.75	0.75	0.513424	0.559978	0.538912	1.32901	1.32901	0.64332	0.992286	0.762137
2	0.32156	0.316213	0.316213	-0.0847611	0.117794	0.134529	0.560332	0.560332	-0.106206	0.208733	0.190253
2	0.0854229	-0.515448	-0.515448	-0.722115	-0.712704	-0.733254	-0.913378	-0.913378	-0.90481	-1.26292	-1.03698
2	1.32118	-0.00374129	-0.00374129	-0.816508	-0.346781	-0.310203	-0.00662961	-0.00662961	-1.02308	-0.598277	-0.438693
2	0.0932373	1.04937	1.04937	0.833454	0.848373	0.870034	1.85949	1.85949	1.04432	1.50332	1.23041
2	0.87435	-0.803173	-0.803173	-1.46437	-1.00052	-1.01332	-1.42323	-1.42323	-1.83485	-1.77294	-1.43305
2	0.013429	-0.344657	-0.344657	-0.426599	-0.531504	-0.536552	-0.610735	-0.610735	-0.534528	-0.941831	-0.758799
2	0.274531	0.837348	0.837348	0.466855	0.681934	0.654605	1.48379	1.48379	0.584969	1.20839	0.925751
2	0.156806	0.459385	0.459385	0.179379	0.248373	0.295779	0.814034	0.814034	0.224762	0.440119	0.418295
2	1.92401	-0.123121	-0.123121	-1.10394	-0.768047	-0.777139	-0.218171	-0.218171	-1.38324	-1.24178	-1.02036
2	1.2238	-0.198196	-0.198196	-0.980435	-0.512426	-0.443368	-0.351205	-0.351205	-1.22849	-0.908024	-0.627017
2	0.744804	0.109901	0.109901	-0.500346	-0.10551	-0.107108	0.194746	0.194746	-0.626934	-0.186965	-0.151474
2	0.598153	-0.599369	-0.599369	-1.14625	-0.784139	-0.780628	-1.06209	-1.06209	-1.43625	-1.3895	-1.10397
2	0.719255	-0.474484	-0.474484	-1.07417	-0.696444	-0.692168	-0.840789	-0.840789	-1.34594	-1.23411	-0.978874
2	0.911571	0.842239	0.842239	0.16712	0.632363	0.626419	1.49246	1.49246	0.209401	1.12055	0.88589
2	0.0722681	0.823331	0.823331	0.633242	0.562885	0.641807	1.45895	1.45895	0.793452	0.997438	0.907652
2	0.777393	-1.49289	-1.49289	-2.11635	-1.68601	-1.70338	-2.64542	-2.64542	-2.65178	-2.98763	-2.40894
2	0.000850835	0.554583	0.554583	0.533957	0.371188	0.36329	0.982726	0.982726	0.669048	0.657748	0.51377
2	0.197704	0.262758	0.262758	-0.0516493	0.0890922	0.0520913	0.46561	0.46561	-0.0647166	0.157872	0.0736682
2	0.215839	1.06437	1.06437	0.735863	0.886214	0.874149	1.88608	1.88608	0.922037	1.57038	1.23623
2	0.103295	0.618196	0.618196	0.390935	0.406512	0.440037	1.09545	1.09545	0.489841	0.720344	0.622307
2	2.43844	1.00279	1.00279	-0.101396	0.118682	0.165404	1.77695	1.77695	-0.127049	0.178974	0.209566
2	1.25423	-1.11134	-1.11134	-1.90324	-1.41253	-1.39912	-1.9693	-1.9693	-2.38476	-2.50301	-1.97866
2	2.03551	-0.689168	-0.689168	-1.69801	-1.39457	-1.35367	-1.22121	-1.22121	-2.1276	-2.06953	-1.75546
2	0.0569708	-1.11288	-1.11288	-1.28166	-1.35009	-1.28609	-1.97204	-1.97204	-1.60592	-2.39237	-1.81881
2	0.313416	0.733008	0.733008	0.337144	0.559382	0.485892	1.2989	1.2989	0.422441	0.991231	0.687155
2	0.0966103	-0.0231129	-0.0231129	-0.242897	-0.238075	-0.212274	-0.0409563	-0.0409563	-0.30435	-0.421871	-0.300201
2	0.0636266	1.15773	1.15773	0.979369	0.947436	0.96288	2.05151	2.05151	1.22715	1.67886	1.36172
2	1.14102	-0.191032	-0.191032	-0.946351	-0.455419	-0.411218	-0.33851	-0.33851	-1.18578	-0.807007	-0.581551
2	0.76984	0.199594	0.199594	-0.420825	0.0339485	0.00403566	0.353682	0.353682	-0.527294	0.0601571	0.00570728
2	0.295929	-1.05192	-1.05192	-1.43658	-1.25484	-1.23535	-1.86401	-1.86401	-1.80004	-2.22359	-1.74704
2	0.23859	-0.37548	-0.37548	-0.720871	-0.563611	-0.537134	-0.665353	-0.665353	-0.903251	-0.998724	-0.759622
2	1.63031	-0.632841	-0.632841	-1.5357	-0.961579	-0.909886	-1.1214	-1.1214	-1.92423	-1.50849	-1.28677
2	0.400543	0.496936	0.496936	0.0494192	0.287036	0.301473	0.880576	0.880576	0.0619222	0.508631	0.426348
2	2.80923	-0.540478	-0.540478	-1.72564	-1.62062	-1.56997	-0.957732	-0.957732	-2.16223	-2.49796	-1.65341
2	3.00211	-0.140284	-0.140284	-1.36546	-0.481883	-0.531289	-0.248585	-0.248585	-1.71092	-0.593411	-0.53142
2	0.980874	-0.826676	-0.826676	-1.52699	-1.05078	-1.0084	-1.46488	-1.46488	-1.91332	-1.86199	-1.4261
2	5.86929	0.184905	-1.52818	-1.52818	-0.305384	-0.402602	0.327653	-1.9148	-1.9148	-0.24972	-0.261871
2	2.19559	-0.0901905	-0.0901905	-1.13795	-0.392176	-0.486994	-0.159818	-0.159818	-1.42585	-0.584855	-0.588042
2	0.349573	-0.176019	-0.176019	-0.594093	-0.365492	-0.365892	-0.311907	-0.311907	-0.744399	-0.647656	-0.51745
2	4.34368	-0.502679	-1.9764	-1.9764	-1.97667	-1.99708	-0.890753	-2.47642	-2.47642	-3.17973	-2.58916
2	0.27333	-0.290013	-0.290013	-0.659695	-0.479949	-0.503568	-0.513905	-0.513905	-0.826598	-0.850474	-0.712153
2	6.16766	0.835616	-0.920468	-0.920468	0.241713	0.21799	1.48072	-1.15335	-1.15335	0.192494	0.139336
2	1.54149	1.11904	1.11904	0.241119	0.662494	0.74291	1.98295	1.98295	0.302122	1.17395	1.05063
2	0.0413586	-0.0894283	-0.0894283	-0.233231	-0.263119	-0.286996	-0.158468	-0.158468	-0.292239	-0.466249	-0.405873
2	1.50817	0.89259	0.89259	0.0242092	0.655307	0.656023	1.58168	1.58168	0.0303342	1.16121	0.927757
2	1.23411	1.23349	1.23349	0.447963	1.03202	1.00832	2.18576	2.18576	0.561297	1.82874	1.42597
2	1.09897	0.409545	0.409545	-0.331729	0.190753	0.203608	0.725718	0.725718	-0.415656	0.338015	0.287946
2	0.137952	-0.0799697	-0.0799697	-0.342602	-0.285633	-0.2461	-0.141707	-0.141707	-0.429281	-0.506145	-0.348038
2	1.11181	-0.915686	-0.915686	-1.66127	-1.16345	-1.15292	-1.6226	-1.6226	-2.08158	-2.06165	-1.63048
2	0.693172	-0.639591	-0.639591	-1.22831	-0.823979	-0.836872	-1.13336	-1.13336	-1.53907	-1.4601	-1.18352
2	0.803292	0.374957	0.374957	-0.258798	0.203498	0.169027	0.664427	0.664427	-0.324274	0.360601	0.23904
2	0.415144	-1.24841	-1.24841	-1.70401	-1.45806	-1.44684	-2.2122	-2.2122	-2.13513	-2.58369	-2.04614
2	0.342924	-0.385225	-0.385225	-0.799305	-0.553537	-0.59631	-0.682622	-0.682622	-1.00153	-0.980873	-0.84331
2	0.0405425	0.368987	0.368987	0.22661	0.158039	0.1952	0.653849	0.653849	0.283942	0.280047	0.276054
2	0.111652	-0.15282	-0.15282	-0.389095	-0.368315	-0.324302	-0.270798	-0.270798	-0.487536	-0.652658	-0.458633
2	0.214842	1.21128	1.21128	0.883532	1.02637	1.01633	2.14641	2.14641	1.10707	1.81873	1.4373
2	0.0260742	0.30513	0.30513	0.19095	0.0617352	0.123978	0.540693	0.540693	0.23926	0.109395	0.175331
2	0.0156124	-0.561277	-0.561277	-0.64963	-0.761603	-0.771599	-0.994588	-0.994588	-0.813986	-1.34957	-1.09121
2	0.210096	-1.82376	-1.82376	-2.14787	-2.00227	-2.02806	-3.23173	-3.23173	-2.69129	-3.54804	-2.86811
2	1.65254	1.53816	1.53816	0.629163	1.28742	1.3058	2.72563	2.72563	0.788341	2.28131	1.84667
2	0.667161	0.980168	0.980168	0.402603	0.785736	0.809466	1.73687	1.73687	0.504462	1.39233	1.14476
2	0.232024	0.927774	0.927774	0.587169	0.72455	0.751309	1.64402	1.64402	0.735722	1.28391	1.06251
2	0.00112511	-0.024836	-0.024836	-0.0485542	-0.207482	-0.201788	-0.0440096	-0.0440096	-0.0608384	-0.36766	-0.285372
2	3.02883	-0.77388	-0.77388	-2.0045	-1.19045	-1.09623	-1.37132	-1.37132	-2.51163	-1.43454	-1.03844
2	2.73199	0.396908	0.396908	-0.771851	0.0993392	0.0796365	0.703325	0.703325	-0.967129	0.135759	0.0852353
2	1.0656	-0.413542	-0.413542	-1.14347	-0.619448	-0.618474	-0.7328	-0.7328	-1.43277	-1.09767	-0.874655
2	1.50778	0.311873	0.311873	-0.556397	0.0365012	0.0396792	0.552642	0.552642	-0.697165	0.0646806	0.0561149
2	5.25642	-0.439419	-2.06059	-2.06059	-0.920246	-1.00851	-0.778656	-2.58193	-2.58193	-0.893395	-0.749294
2	1.62142	0.882888	0.882888	-0.017506	0.396175	0.442725	1.56449	1.56449	-0.021935	0.702026	0.626108
2	0.731445	1.27572	1.27572	0.670965	1.07579	1.11305	2.26058	2.26058	0.84072	1.90631	1.5741
2	0.821099	0.416194	0.416194	-0.224547	0.237654	0.221477	0.7375	0.7375	-0.281357	0.421125	0.313215
2	4.78323	-0.800305	-2.34679	-2.34679	-2.41643	-2.39317	-1.41815	-2.94053	-2.94053	-3.12736	-2.69907
2	0.05485	0.750452	0.750452	0.584846	0.591335	0.553228	1.32981	1.32981	0.732813	1.04785	0.782382
2	1.84613	1.53877	1.53877	0.578012	1.27089	1.27916	2.72672	2.72672	0.724249	2.25204	1.809
2	1.75801	0.00892484	0.00892484	-0.928628	-0.300848	-0.25414	0.0158149	0.0158149	-1.16357	-0.476392	-0.359409
2	1.02127	0.399563	0.399563	-0.315025	0.167061	0.197395	0.708029	0.708029	-0.394726	0.296034	0.279159
2	0.0228539	-0.0653318	-0.0653318	-0.172229	-0.250898	-0.231871	-0.115769	-0.115769	-0.215803	-0.444594	-0.327915
2	0.336239	-0.483858	-0.483858	-0.893881	-0.675535	-0.690163	-0.857401	-0.857401	-1.12003	-1.19705	-0.976038
2	0.0181566	-1.04386	-1.04386	-1.13914	-1.24052	-1.25353	-1.84973	-1.84973	-1.42734	-2.19822	-1.77275
2	2.76578	0.489306	0.489306	-0.686656	-0.552754	-0.557	0.867055	0.867055	-0.86038	-0.785611	-0.573397
2	0.00593556	0.656363	0.656363	0.601886	0.479993	0.490828	1.16308	1.16308	0.754163	0.850552	0.694136
2	1.17476	1.00901	1.00901	0.2426	0.781255	0.785253	1.78797	1.78797	0.303978	1.38439	1.11052
2	0.0949864	0.57907	0.57907	0.361141	0.365969	0.35587	1.02612	1.02612	0.45251	0.6485	0.503276
2	0.0993267	-0.299488	-0.299488	-0.522341	-0.503499	-0.483937	-0.530696	-0.530696	-0.654493	-0.892204	-0.68439
2	5.13451	0.731294	-0.870971	-0.870971	-0.886502	-0.942676	1.29586	-1.09133	-1.09133	-1.36845	-1.23192
2	0.375633	-0.811901	-0.811901	-1.24528	-1.02548	-0.995713	-1.4387	-1.4387	-1.56034	-1.81717	-1.40815
2	0.238057	0.312151	0.312151	-0.0328546	0.125484	0.107698	0.553134	0.553134	-0.0411668	0.222358	0.152308
2	0.00124251	-0.563334	-0.563334	-0.588259	-0.788076	-0.755009	-0.998234	-0.998234	-0.737089	-1.39648	-1.06774
2	0.00990096	-0.992319	-0.992319	-1.06268	-1.19586	-1.17714	-1.7584	-1.7584	-1.33154	-2.11907	-1.66472
2	0.287682	0.432881	0.432881	0.0536169	0.222258	0.257486	0.767068	0.767068	0.067182	0.393844	0.36414
2	2.69993	-0.404632	-0.404632	-1.56651	-0.711647	-0.727609	-0.717012	-0.717012	-1.96284	-0.933835	-0.857786
2	1.48275	-0.687806	-0.687806	-1.54884	-1.12361	-1.05844	-1.2188	-1.2188	-1.94069	-1.80618	-1.49685
2	0.462128	0.321427	0.321427	-0.159265	0.0892135	0.161535	0.569571	0.569571	-0.199559	0.158087	0.228446
2	0.0628435	-1.79414	-1.79414	-1.9714	-1.99751	-1.98736	-3.17923	-3.17923	-2.47016	-3.53962	-2.81055
2	0.546075	-0.00161172	-0.00161172	-0.524142	-0.197897	-0.142149	-0.00285598	-0.00285598	-0.65675	-0.350676	-0.201029
2	0.185115	0.394887	0.394887	0.0906543	0.223737	0.209588	0.699744	0.699744	0.11359	0.396463	0.296402
2	0.103566	0.685579	0.685579	0.458021	0.499134	0.492473	1.21485	1.21485	0.5739	0.884471	0.696463
2	0.492406	0.664416	0.664416	0.168228	0.474368	0.470096	1.17735	1.17735	0.210789	0.840585	0.664816
2	3.88443	0.707844	-0.685791	-0.685791	0.278693	0.328442	1.25431	-0.859296	-0.859296	0.286318	0.280491
2	0.845572	-0.717321	-0.717321	-1.36754	-0.920101	-0.893338	-1.2711	-1.2711	-1.71353	-1.63043	-1.26337
2	4.35247	-0.921747	-2.39695	-2.39695	-1.396	-1.34844	-1.63334	-3.00338	-3.00338	-1.26156	-1.01141
2	0.125007	-1.31849	-1.31849	-1.5685	-1.47623	-1.49881	-2.33637	-2.33637	-1.96532	-2.6159	-2.11963
2	0.179485	0.384671	0.384671	0.0851006	0.202905	0.194006	0.681641	0.681641	0.106631	0.35955	0.274366
2	0.449255	-0.152692	-0.152692	-0.626641	-0.360356	-0.322741	-0.270572	-0.270572	-0.785181	-0.638554	-0.456425
2	0.346546	-0.109276	-0.109276	-0.525537	-0.317021	-0.304245	-0.193639	-0.193639	-0.658498	-0.561764	-0.430268
2	0.560868	-1.03419	-1.03419	-1.56375	-1.2336	-1.24441	-1.8326	-1.8326	-1.95938	-2.18596	-1.75986
2	0.209385	0.765645	0.765645	0.442083	0.584412	0.573279	1.35673	1.35673	0.55393	1.03558	0.810738
2	3.9078	-1.12452	-2.52234	-2.52234	-2.53513	-2.53667	-1.99266	-3.16049	-3.16049	-3.75622	-3.30348
2	0.989183	1.53192	1.53192	0.828646	1.35265	1.35148	2.71457	2.71457	1.03829	2.39691	1.91129
2	0.623404	0.237678	0.237678	-0.320625	0.0525045	0.0780129	0.421167	0.421167	-0.401743	0.0930384	0.110327
2	0.302317	-0.38445	-0.38445	-0.773241	-0.585312	-0.583337	-0.681248	-0.681248	-0.968871	-1.03718	-0.824963
2	0.00344627	-0.654517	-0.654517	-0.696028	-0.868103	-0.860539	-1.15981	-1.15981	-0.872123	-1.53829	-1.21699
2	0.0167442	0.00805403	0.00805403	-0.0834451	-0.220729	-0.202858	0.0142718	0.0142718	-0.104557	-0.391134	-0.286884
2	0.00522174	-0.0212282	-0.0212282	-0.0723249	-0.211689	-0.234536	-0.0376166	-0.0376166	-0.0906231	-0.375115	-0.331685
2	1.3198	0.686348	0.686348	-0.125995	0.442304	0.453131	1.21622	1.21622	-0.157872	0.783767	0.640825
2	0.342682	0.176363	0.176363	-0.237571	-0.0182951	-0.0344107	0.312516	0.312516	-0.297676	-0.0324191	-0.0486641
2	1.58533	0.707211	0.707211	-0.183107	0.45221	0.476809	1.25318	1.25318	-0.229433	0.801321	0.674309
2	0.00442088	0.168856	0.168856	0.121841	-0.0289222	-0.0133345	0.299215	0.299215	0.152667	-0.0512504	-0.0188578
2	0.674751	0.374777	0.374777	-0.206064	0.192313	0.188358	0.664108	0.664108	-0.258198	0.340781	0.266378
2	0.862788	-0.0562571	-0.0562571	-0.713063	-0.241423	-0.263083	-0.0996882	-0.0996882	-0.893468	-0.427804	-0.372055
2	1.02688	1.14112	1.14112	0.424578	0.921385	0.960368	2.02208	2.02208	0.531996	1.6327	1.35817
2	0.00084132	0.0128354	0.0128354	-0.00767463	-0.241294	-0.186137	0.0227444	0.0227444	-0.00961631	-0.427575	-0.263238
2	0.00468702	0.0214054	0.0214054	-0.0270045	-0.211717	-0.18436	0.0379305	0.0379305	-0.0338366	-0.375164	-0.260725
2	0.687281	-0.165561	-0.165561	-0.75177	-0.338227	-0.361214	-0.293376	-0.293376	-0.941968	-0.599341	-0.510834
2	0.512234	0.19929	0.19929	-0.30679	0.00978055	0.0139577	0.353144	0.353144	-0.384408	0.0173312	0.0197392
2	2.62017	0.276088	0.276088	-0.868503	-0.0602623	0.0630176	0.48923	0.48923	-1.08823	-0.0710011	0.0692975
2	1.62561	1.02652	1.02652	0.124963	0.706494	0.748618	1.819	1.819	0.156579	1.23972	1.05871
2	1.60836	-0.514492	-0.514492	-1.41125	-0.988423	-1.01081	-0.911685	-0.911685	-1.7683	-1.7515	-1.19361
2	1.71976	0.572949	0.572949	-0.354348	0.334284	0.318543	1.01527	1.01527	-0.443998	0.592354	0.448084
2	0.00423755	0.605039	0.605039	0.559009	0.381771	0.396936	1.07214	1.07214	0.700438	0.676502	0.561353
2	1.25862	1.46223	1.46223	0.668943	1.23355	1.20514	2.59109	2.59109	0.838186	2.18587	1.70432
2	1.65453	-0.456224	-0.456224	-1.36577	-0.733529	-0.671572	-0.808434	-0.808434	-1.7113	-1.29982	-0.949746
2	0.0865201	-0.633581	-0.633581	-0.841571	-0.798625	-0.843287	-1.12271	-1.12271	-1.05449	-1.41517	-1.19259
2	0.101378	0.657272	0.657272	0.43213	0.402221	0.484315	1.16469	1.16469	0.541459	0.712739	0.684925
2	0.000442634	0.280881	0.280881	0.266004	0.100575	0.0927308	0.497723	0.497723	0.333303	0.17822	0.131141
2	2.82497	-0.969057	-0.969057	-2.15754	-2.0574	-2.0136	-1.71718	-1.71718	-2.70339	-2.84277	-2.68846
2	0.00622276	1.15836	1.15836	1.10258	0.991203	0.97203	2.05262	2.05262	1.38153	1.75642	1.37466
2	1.21097	-0.645146	-0.645146	-1.42327	-0.93633	-0.907171	-1.14321	-1.14321	-1.78336	-1.65919	-1.28293
2	0.388005	0.781599	0.781599	0.341141	0.549133	0.580097	1.385	1.385	0.42745	0.97307	0.820382
2	0.199905	-0.248127	-0.248127	-0.564279	-0.463441	-0.433409	-0.439683	-0.439683	-0.707042	-0.821222	-0.612932
2	0.455513	-0.503237	-0.503237	-0.980475	-0.691556	-0.699166	-0.89174	-0.89174	-1.22854	-1.22544	-0.988769
2	1.48975	-0.147159	-0.147159	-1.01022	-0.57362	-0.543108	-0.260768	-0.260768	-1.26581	-1.01646	-0.768071
2	1.15966	-0.714217	-0.714217	-1.47568	-0.960965	-0.985883	-1.2656	-1.2656	-1.84903	-1.70284	-1.39425
2	0.805619	0.322377	0.322377	-0.312295	0.166795	0.127152	0.571256	0.571256	-0.391306	0.295563	0.17982
2	0.0222574	0.228222	0.228222	0.12273	0.0350672	0.0232523	0.404412	0.404412	0.15378	0.0621394	0.0328837
2	0.266914	0.110191	0.110191	-0.255126	-0.116115	-0.0797189	0.19526	0.19526	-0.319673	-0.205757	-0.11274
2	0.607222	0.240809	0.240809	-0.3102	0.0669314	0.0455771	0.426715	0.426715	-0.388681	0.118603	0.0644558
2	2.57166	-0.425543	-0.425543	-1.55949	-0.753565	-0.736349	-0.754067	-0.754067	-1.95404	-0.962361	-0.866785
2	0.458076	1.13333	1.13333	0.65475	0.939635	0.920827	2.00827	2.00827	0.820402	1.66504	1.30225
2	0.046679	-0.326822	-0.326822	-0.479595	-0.522694	-0.507385	-0.579132	-0.579132	-0.600932	-0.926219	-0.717551
2	0.419745	-0.454648	-0.454648	-0.912766	-0.650488	-0.660735	-0.805641	-0.805641	-1.1437	-1.15267	-0.934421
2	0.600823	-0.534751	-0.534751	-1.08285	-0.753315	-0.706844	-0.947585	-0.947585	-1.35681	-1.33488	-0.999629
2	1.50587	-0.154161	-0.154161	-1.02188	-0.386111	-0.403262	-0.273174	-0.273174	-1.28042	-0.684192	-0.570299
2	0.426709	-0.643734	-0.643734	-1.10564	-0.847299	-0.861549	-1.1407	-1.1407	-1.38536	-1.50142	-1.21841
2	0.995281	-0.286499	-0.286499	-0.991936	-0.506019	-0.484211	-0.50768	-0.50768	-1.2429	-0.896671	-0.684778
2	0.447168	1.34008	1.34008	0.867237	1.14722	1.11821	2.37464	2.37464	1.08665	2.03289	1.58139
2	0.562564	-0.457123	-0.457123	-0.987483	-0.688423	-0.664266	-0.810026	-0.810026	-1.23732	-1.21989	-0.939415
2	1.63478	1.33301	1.33301	0.428912	0.860343	0.855416	2.3621	2.3621	0.537426	1.4376	1.20974
2	0.292391	0.223908	0.223908	-0.158447	0.0141949	0.0524566	0.396768	0.396768	-0.198534	0.0251536	0.0741848
2	1.33134	0.0102232	0.0102232	-0.805663	-0.202139	-0.203204	0.0181156	0.0181156	-1.0095	-0.358192	-0.287374
2	0.0484962	-0.0060072	-0.0060072	-0.161725	-0.206053	-0.222556	-0.0106448	-0.0106448	-0.202642	-0.365129	-0.314742
2	2.56387	0.0417985	0.0417985	-1.09043	-0.928154	-0.911254	0.0740673	0.0740673	-1.36631	-1.16325	-1.19909
2	0.060583	1.6944	1.6944	1.52035	1.43064	1.52143	3.00249	3.00249	1.905	2.5351	2.15163
2	0.0128725	0.246968	0.246968	0.166741	0.0635889	0.071159	0.437629	0.437629	0.208927	0.11268	0.100634
2	0.108741	-0.261127	-0.261127	-0.494301	-0.479695	-0.4534	-0.462719	-0.462719	-0.619359	-0.850024	-0.641204
2	0.850016	0.623622	0.623622	-0.0283045	0.396902	0.42467	1.10506	1.10506	-0.0354656	0.703314	0.600574
2	2.27089	0.590409	0.590409	-0.475164	-0.254679	-0.190722	1.04621	1.04621	-0.595381	-0.386359	-0.239814
2	1.70117	0.333048	0.333048	-0.589225	-0.17954	-0.203689	0.590164	0.590164	-0.738299	-0.311781	-0.221105
2	1.80738	0.67195	0.67195	-0.278676	0.055155	0.0688594	1.1907	1.1907	-0.349181	0.0866968	0.0923106
2	0.488596	0.95308	0.95308	0.458815	0.750917	0.758854	1.68887	1.68887	0.574895	1.33063	1.07318
2	0.225832	0.586735	0.586735	0.250705	0.367796	0.372792	1.0397	1.0397	0.314133	0.651738	0.527207
2	2.31912	-0.255168	-0.255168	-1.332	-1.12772	-1.09212	-0.45216	-0.45216	-1.66899	-1.77179	-1.3482
2	0.758987	-0.0122938	-0.0122938	-0.628324	-0.201894	-0.20822	-0.0217847	-0.0217847	-0.78729	-0.357758	-0.294468
2	0.634947	-0.0236989	-0.0236989	-0.587147	-0.204132	-0.249449	-0.0419947	-0.0419947	-0.735695	-0.361724	-0.352774
2	4.80261	0.827027	-0.722587	-0.722587	-0.788813	-0.804247	1.4655	-0.905402	-0.905402	-1.14586	-1.02792
2	1.89688	-1.132	-1.132	-2.10588	-1.7978	-1.75528	-2.00592	-2.00592	-2.63867	-2.57441	-2.23024
2	0.557242	-0.297297	-0.297297	-0.825142	-0.473397	-0.490035	-0.526813	-0.526813	-1.0339	-0.838865	-0.693015
2	5.72371	-0.698532	-2.39023	-2.39023	-2.41898	-2.45112	-1.23781	-2.99496	-2.99496	-3.56528	-3.46641
2	1.07567	1.7628	1.7628	1.02943	1.53079	1.53815	3.1237	3.1237	1.28987	2.71258	2.17527
2	0.867433	0.676724	0.676724	0.0181529	0.455899	0.449783	1.19916	1.19916	0.0227456	0.807858	0.636089
2	0.136634	0.172005	0.172005	-0.0893706	-0.0666292	-0.0298375	0.304794	0.304794	-0.111981	-0.118068	-0.0421966
2	0.42357	0.359495	0.359495	-0.100706	0.162581	0.170239	0.637028	0.637028	-0.126185	0.288094	0.240755
2	0.0726954	1.50185	1.50185	1.3112	1.33	1.34533	2.66129	2.66129	1.64293	2.35678	1.90258
2	1.48096	-0.615246	-0.615246	-1.47576	-0.841596	-0.845168	-1.09022	-1.09022	-1.84912	-1.49132	-1.19525
2	0.177612	0.525888	0.525888	0.227885	0.359093	0.327983	0.931879	0.931879	0.28554	0.636317	0.463838
2	0.167828	-0.136317	-0.136317	-0.425997	-0.335456	-0.346478	-0.241556	-0.241556	-0.533774	-0.594431	-0.489994
2	0.546622	0.242664	0.242664	-0.280127	0.0436825	0.085486	0.430003	0.430003	-0.350999	0.0774058	0.120895
2	2.44249	-0.3036	-0.3036	-1.4087	-1.2102	-1.18888	-0.537981	-0.537981	-1.7651	-1.94679	-1.44741
2	0.0322645	-0.574597	-0.574597	-0.70161	-0.802231	-0.751315	-1.01819	-1.01819	-0.879117	-1.42156	-1.06252
2	1.01654	-0.015002	-0.015002	-0.727932	-0.197637	-0.212387	-0.0265836	-0.0265836	-0.912099	-0.350215	-0.30036
2	0.249195	-0.920501	-0.920501	-1.27349	-1.10076	-1.13802	-1.63114	-1.63114	-1.59568	-1.95055	-1.60941
2	0.234794	-0.949753	-0.949753	-1.29239	-1.11608	-1.11189	-1.68297	-1.68297	-1.61936	-1.9777	-1.57245
2	0.0226571	0.147453	0.147453	0.0410173	-0.0409323	-0.0566233	0.261288	0.261288	0.0513947	-0.0725324	-0.0800775
2	0.0337058	0.43019	0.43019	0.300371	0.20594	0.268137	0.762301	0.762301	0.376365	0.364928	0.379203
2	0.179639	-0.239512	-0.239512	-0.539212	-0.455014	-0.434716	-0.424418	-0.424418	-0.675632	-0.806289	-0.614781
2	1.32048	-0.022216	-0.022216	-0.834769	-0.21399	-0.277014	-0.0393669	-0.0393669	-1.04597	-0.379192	-0.391756
2	0.0962777	-0.0758359	-0.0758359	-0.295242	-0.26368	-0.278322	-0.134382	-0.134382	-0.369938	-0.467243	-0.393606
2	0.0685366	-1.12347	-1.12347	-1.30859	-1.30327	-1.31177	-1.9908	-1.9908	-1.63966	-2.30942	-1.85512
2	1.66755	-0.422973	-0.422973	-1.33609	-0.880267	-0.891981	-0.749512	-0.749512	-1.67412	-1.55984	-1.23187
2	1.30728	-0.114253	-0.114253	-0.922731	-0.448888	-0.393197	-0.202457	-0.202457	-1.15618	-0.795433	-0.556065
2	0.00662921	-0.0704874	-0.0704874	-0.12806	-0.269814	-0.224165	-0.124904	-0.124904	-0.160459	-0.478112	-0.317017
2	0.368911	0.047312	0.047312	-0.382171	-0.168987	-0.148071	0.0838373	0.0838373	-0.47886	-0.299447	-0.209404
2	0.561338	-1.55901	-1.55901	-2.08879	-1.73945	-1.76105	-2.76257	-2.76257	-2.61725	-3.08233	-2.4905
2	0.000537044	-0.686852	-0.686852	-0.703239	-0.887844	-0.885353	-1.21711	-1.21711	-0.881158	-1.57327	-1.25208
2	0.201889	-0.223612	-0.223612	-0.54133	-0.429981	-0.370206	-0.396242	-0.396242	-0.678286	-0.761931	-0.52355
2	1.29659	-0.547421	-0.547421	-1.35259	-0.900808	-0.848505	-0.970036	-0.970036	-1.69479	-1.59624	-1.19997
2	0.490315	-0.0841123	-0.0841123	-0.579246	-0.286294	-0.281591	-0.149048	-0.149048	-0.725795	-0.507316	-0.398229
2	0.0377654	-0.713396	-0.713396	-0.850811	-0.89795	-0.902953	-1.26415	-1.26415	-1.06607	-1.59118	-1.27697
2	13.2419	0.488773	-2.08434	-2.08434	-2.24173	-2.19987	0.86611	-2.61168	-2.61168	-3.9024	-3.11109
2	1.44501	1.36657	1.36657	0.516566	1.10237	1.12911	2.42157	2.42157	0.647257	1.95341	1.59681
2	6.79677	0.522328	-1.32114	-1.32114	-0.160387	-0.241373	0.92557	-1.65539	-1.65539	-0.117257	-0.159716
2	0.299945	-0.441861	-0.441861	-0.829124	-0.609124	-0.624569	-0.782982	-0.782982	-1.03889	-1.07937	-0.883274
2	0.814047	0.416945	0.416945	-0.221038	0.213907	0.248843	0.738831	0.738831	-0.276961	0.379046	0.351918
2	1.42789	-0.215665	-0.215665	-1.06062	-0.506491	-0.429725	-0.38216	-0.38216	-1.32895	-0.897506	-0.607723
2	0.394185	0.74479	0.74479	0.300839	0.564301	0.523854	1.31977	1.31977	0.376951	0.999947	0.740841
2	0.00791828	0.860832	0.860832	0.79791	0.64995	0.668688	1.5254	1.5254	0.999781	1.15172	0.945668
2	0.134415	-0.26236	-0.26236	-0.521603	-0.468974	-0.445214	-0.464904	-0.464904	-0.653569	-0.831026	-0.629627
2	0.145724	-0.0927714	-0.0927714	-0.362701	-0.289167	-0.259226	-0.164392	-0.164392	-0.454464	-0.512407	-0.366601
2	5.57863	-0.811086	-2.48121	-2.48121	-2.58225	-2.59512	-1.43725	-3.10896	-3.10896	-3.94425	-3.27698
2	0.495054	0.340554	0.340554	-0.156967	0.141681	0.172366	0.603465	0.603465	-0.196679	0.251059	0.243762
2	0.0904123	0.140462	0.140462	-0.072155	-0.0566659	-0.0560485	0.248901	0.248901	-0.0904102	-0.100413	-0.0792645
2	0.0298049	0.344385	0.344385	0.22231	0.158275	0.155367	0.610254	0.610254	0.278554	0.280465	0.219722
2	0.586059	-0.262143	-0.262143	-0.803465	-0.459335	-0.459678	-0.464519	-0.464519	-1.00674	-0.813946	-0.650083
2	0.556452	1.32979	1.32979	0.802321	1.08851	1.13387	2.35641	2.35641	1.00531	1.92886	1.60354
2	0.808269	-0.948675	-0.948675	-1.58439	-1.14163	-1.10753	-1.68106	-1.68106	-1.98524	-2.02298	-1.56628
2	1.33926	0.350607	0.350607	-0.467701	-0.00251394	0.0462505	0.62128	0.62128	-0.58603	-0.00445473	0.0654081
2	0.122806	0.333903	0.333903	0.0861073	0.131135	0.179092	0.59168	0.59168	0.107892	0.232373	0.253274
2	0.0134349	0.930821	0.930821	0.848861	0.685076	0.717309	1.64942	1.64942	1.06362	1.21396	1.01443
2	1.86321	-0.7977	-0.7977	-1.7629	-1.07232	-1.0158	-1.41353	-1.41353	-2.20891	-1.90016	-1.43656
2	0.00198534	0.72076	0.72076	0.689254	0.535099	0.535606	1.27719	1.27719	0.863635	0.9482	0.757462
2	0.99585	0.0894335	0.0894335	-0.616204	-0.108291	-0.0962557	0.158477	0.158477	-0.772104	-0.191892	-0.136126
2	2.26741	0.105305	0.105305	-0.959451	-0.182408	-0.179657	0.186601	0.186601	-1.20219	-0.276892	-0.234981
2	0.51741	0.229234	0.229234	-0.279397	0.0247774	0.0274174	0.406205	0.406205	-0.350084	0.0439058	0.038774
2	2.39279	0.239429	0.239429	-0.854369	-0.609543	-0.585828	0.424271	0.424271	-1.07052	-0.947121	-0.696058
2	0.0115492	0.175604	0.175604	0.0996137	-0.01695	-0.00907152	0.311173	0.311173	0.124816	-0.0300355	-0.0128291
2	0.147576	-0.962962	-0.962962	-1.2346	-1.15377	-1.11044	-1.70638	-1.70638	-1.54696	-2.04449	-1.57039
2	0.26991	-0.0438787	-0.0438787	-0.411241	-0.223442	-0.201041	-0.0777535	-0.0777535	-0.515285	-0.395941	-0.284315
2	0.00178765	1.1973	1.1973	1.16741	1.03337	1.01747	2.12163	2.12163	1.46276	1.83114	1.43891
2	0.894176	-0.189634	-0.189634	-0.858281	-0.391554	-0.411684	-0.336033	-0.336033	-1.07543	-0.693838	-0.582209
2	1.23667	0.377726	0.377726	-0.408615	0.159505	0.191889	0.669334	0.669334	-0.511995	0.282644	0.271372
2	0.244174	0.654181	0.654181	0.304771	0.485201	0.466134	1.15921	1.15921	0.381878	0.859781	0.659214
2	0.00640054	-0.0855246	-0.0855246	-0.142096	-0.264519	-0.28195	-0.15155	-0.15155	-0.178046	-0.468731	-0.398738
2	0.644363	0.533879	0.533879	-0.0337319	0.341092	0.318139	0.946038	0.946038	-0.0422661	0.604419	0.449917
2	0.238444	-0.19058	-0.19058	-0.535865	-0.388331	-0.39003	-0.337709	-0.337709	-0.671439	-0.688127	-0.551586
2	0.0652862	1.34742	1.34742	1.16674	1.16231	1.17484	2.38763	2.38763	1.46193	2.05963	1.66147
2	0.0451791	1.24513	1.24513	1.09483	1.07899	1.04618	2.20638	2.20638	1.37182	1.91198	1.47952
2	0.0233772	0.669101	0.669101	0.560987	0.504648	0.485197	1.18565	1.18565	0.702917	0.894242	0.686172
2	0.0984077	-0.792628	-0.792628	-1.01445	-0.974504	-0.982712	-1.40454	-1.40454	-1.2711	-1.72683	-1.38976
2	0.0624502	-0.336685	-0.336685	-0.513392	-0.556347	-0.513649	-0.59661	-0.59661	-0.64328	-0.985852	-0.72641
2	0.406751	1.40314	1.40314	0.952171	1.17111	1.24829	2.48638	2.48638	1.19307	2.07522	1.76535
2	0.0444723	0.960228	0.960228	0.81111	0.748076	0.78521	1.70153	1.70153	1.01632	1.3256	1.11046
2	0.00218214	-0.967881	-0.967881	-1.00091	-1.16654	-1.18315	-1.71509	-1.71509	-1.25414	-2.06712	-1.67323
2	1.23453	1.22283	1.22283	0.437165	0.955646	0.889067	2.16686	2.16686	0.547768	1.69341	1.25733
2	0.668496	-0.321271	-0.321271	-0.899413	-0.531583	-0.504097	-0.569294	-0.569294	-1.12696	-0.94197	-0.712901
2	1.59342	0.279523	0.279523	-0.613062	0.0204859	0.0448978	0.495317	0.495317	-0.768167	0.0363013	0.0634951
2	0.873911	0.0403877	0.0403877	-0.620638	-0.152272	-0.139636	0.0715674	0.0715674	-0.77766	-0.269827	-0.197475
2	0.0390998	0.184403	0.184403	0.0445822	0.00509456	0.0255232	0.326764	0.326764	0.0558615	0.0090276	0.0360952
2	2.64454	0.036398	0.036398	-1.1135	-0.97367	-0.916484	0.0644976	0.0644976	-1.39522	-1.45179	-1.13468
2	0.0190507	-0.183582	-0.183582	-0.281179	-0.364262	-0.363546	-0.325308	-0.325308	-0.352318	-0.645476	-0.514132
2	0.601603	0.895915	0.895915	0.347462	0.701436	0.718827	1.58757	1.58757	0.43537	1.24295	1.01657
2	0.656002	-0.748753	-0.748753	-1.32147	-0.957473	-0.902264	-1.3268	-1.3268	-1.6558	-1.69665	-1.27599
2	0.0707311	1.06642	1.06642	0.87836	0.859539	0.882271	1.8897	1.8897	1.10059	1.52311	1.24772
2	0.850168	-0.462346	-0.462346	-1.11433	-0.667227	-0.645154	-0.819282	-0.819282	-1.39626	-1.18233	-0.912385
2	0.673395	-0.0881593	-0.0881593	-0.668416	-0.290681	-0.274655	-0.156219	-0.156219	-0.837525	-0.515089	-0.388421
2	1.20968	0.468734	0.468734	-0.308979	0.17036	0.217106	0.830601	0.830601	-0.387151	0.30188	0.307034
2	0.888243	-0.0480681	-0.0480681	-0.714492	-0.271162	-0.263089	-0.0851772	-0.0851772	-0.895259	-0.480502	-0.372064
2	2.48499	-0.821882	-0.821882	-1.93655	-1.75255	-1.72495	-1.45638	-1.45638	-2.4265	-2.60329	-2.11534
2	0.00913227	-0.182809	-0.182809	-0.250382	-0.380749	-0.364782	-0.323939	-0.323939	-0.313729	-0.674691	-0.51588
2	0.000305298	1.06689	1.06689	1.05453	0.866932	0.907323	1.89053	1.89053	1.32133	1.53621	1.28315
2	0.0257851	1.84466	1.84466	1.73112	1.63688	1.65511	3.26876	3.26876	2.16909	2.90057	2.34068
2	0.75831	0.4516	0.4516	-0.164156	0.270956	0.287232	0.800239	0.800239	-0.205687	0.480136	0.406207
2	0.977444	-0.0673225	-0.0673225	-0.766409	-0.277191	-0.260763	-0.119296	-0.119296	-0.96031	-0.491185	-0.368774
2	0.117644	-1.50572	-1.50572	-1.74825	-1.68456	-1.66368	-2.66815	-2.66815	-2.19056	-2.98505	-2.3528
2	0.599381	-0.879061	-0.879061	-1.4265	-1.06954	-1.07961	-1.55771	-1.55771	-1.78741	-1.89524	-1.52679
2	6.22103	0.0462385	-1.71743	-1.71743	-1.82499	-1.79649	0.0819351	-2.15194	-2.15194	-2.85231	-2.07575
2	1.37305	-1.42036	-1.42036	-2.24893	-1.8067	-1.76044	-2.51689	-2.51689	-2.81791	-3.20149	-2.48964
2	0.000218462	0.497181	0.497181	0.48673	0.294692	0.29105	0.88101	0.88101	0.609873	0.522197	0.411607
2	0.0283165	1.15153	1.15153	1.03254	0.938219	0.950722	2.04052	2.04052	1.29377	1.66253	1.34452
2	0.329535	-0.783059	-0.783059	-1.18897	-0.983834	-0.953482	-1.38759	-1.38759	-1.48979	-1.74336	-1.34843
2	0.00305482	1.77718	1.77718	1.73809	1.59407	1.60293	3.14917	3.14917	2.17783	2.82471	2.26689
2	1.57158	0.11765	0.11765	-0.768798	-0.331457	-0.31216	0.208478	0.208478	-0.963304	-0.587344	-0.441461
2	1.66841	-0.108456	-0.108456	-1.0218	-0.614833	-0.630124	-0.192184	-0.192184	-1.28032	-1.08949	-0.85376
2	3.23335	0.0670471	0.0670471	-1.20444	-0.323038	-0.28038	0.118808	0.118808	-1.50916	-0.367005	-0.23407
2	2.73695	-0.396278	-0.396278	-1.5661	-0.678028	-0.725284	-0.702208	-0.702208	-1.96232	-0.879675	-0.83863
2	2.04691	0.581396	0.581396	-0.430263	0.307105	0.332778	1.03024	1.03024	-0.539119	0.530462	0.431963
2	0.603131	0.83654	0.83654	0.28739	0.646531	0.651319	1.48236	1.48236	0.3601	1.14566	0.921104
2	0.557732	-0.0259867	-0.0259867	-0.554064	-0.200236	-0.21413	-0.0460487	-0.0460487	-0.694242	-0.35482	-0.302826
2	0.373618	-0.216084	-0.216084	-0.648298	-0.428485	-0.407241	-0.382903	-0.382903	-0.812318	-0.75928	-0.575926
2	8.39396	0.326486	-1.72217	-1.72217	-0.478256	-0.675556	0.578537	-2.15788	-2.15788	-0.327994	-0.348715
2	1.31972	0.603702	0.603702	-0.208615	0.340136	0.396876	1.06977	1.06977	-0.261395	0.602724	0.561267
2	0.00751339	0.935005	0.935005	0.873714	0.759932	0.780096	1.65684	1.65684	1.09476	1.34661	1.10322
2	0.103065	1.20978	1.20978	0.982773	0.990066	1.05097	2.14374	2.14374	1.23141	1.75441	1.4863
2	3.5215	-0.0886751	-0.0886751	-1.41561	-1.35411	-1.3826	-0.157133	-0.157133	-1.77376	-2.01972	-1.74099
2	2.0148	0.716057	0.716057	-0.287637	0.432662	0.434159	1.26886	1.26886	-0.360409	0.766682	0.527004
2	0.280113	-0.0544296	-0.0544296	-0.428671	-0.257023	-0.232066	-0.0964498	-0.0964498	-0.537124	-0.455446	-0.328191
2	0.885557	0.066629	0.066629	-0.598787	-0.151151	-0.109542	0.118067	0.118067	-0.75028	-0.267841	-0.154916
2	1.28649	-0.471702	-0.471702	-1.27373	-0.755678	-0.746152	-0.83586	-0.83586	-1.59598	-1.33907	-1.05522
2	0.80575	0.490495	0.490495	-0.144229	0.304833	0.29441	0.869162	0.869162	-0.180719	0.540166	0.416359
2	1.46605	1.13337	1.13337	0.277202	0.911891	0.934311	2.00834	2.00834	0.347334	1.61588	1.32132
2	4.55	0.910875	-0.597436	-0.597436	0.392719	0.571319	1.61408	-0.748587	-0.748587	0.377786	0.42661
2	1.36172	0.152809	0.152809	-0.672335	-0.151848	-0.237809	0.270778	0.270778	-0.842435	-0.269075	-0.317874
2	1.85009	-1.20568	-1.20568	-2.16747	-1.41176	-1.50909	-2.13647	-2.13647	-2.71584	-2.50165	-1.94029
2	1.29644	0.495922	0.495922	-0.309201	0.164719	0.171306	0.878778	0.878778	-0.387429	0.291884	0.242263
2	0.685521	-0.467989	-0.467989	-1.05345	-0.684415	-0.662326	-0.829281	-0.829281	-1.31997	-1.21279	-0.93667
2	0.610033	1.70619	1.70619	1.1539	1.49626	1.51701	3.02338	3.02338	1.44584	2.65139	2.14537
2	5.99556	-0.248124	-1.97953	-1.97953	-0.899986	-0.791019	-0.439678	-2.48036	-2.48036	-0.759116	-0.494952
2	0.686355	0.946269	0.946269	0.360455	0.740198	0.763089	1.6768	1.6768	0.45165	1.31164	1.07917
2	3.1056	-0.0248123	-0.0248123	-1.27093	-1.20859	-1.1545	-0.0439677	-0.0439677	-1.59247	-1.48502	-1.30066
2	1.93828	-0.345144	-0.345144	-1.32959	-0.631663	-0.641004	-0.611599	-0.611599	-1.66598	-1.00939	-0.906517
2	0.0863149	2.15077	2.15077	1.94303	1.95698	1.99255	3.81119	3.81119	2.43461	3.46778	2.81789
2	0.0860808	1.06911	1.06911	0.861645	0.873652	0.834128	1.89447	1.89447	1.07964	1.54812	1.17964
2	1.99188	0.0265344	0.0265344	-0.971434	-0.298635	-0.323345	0.0470192	0.0470192	-1.21721	-0.510837	-0.432574
2	7.86147	0.1161	-1.86651	-1.86651	-0.786722	-0.63956	0.205731	-2.33873	-2.33873	-0.585315	-0.358098
2	0.0106286	-0.453591	-0.453591	-0.526491	-0.632031	-0.61133	-0.803768	-0.803768	-0.659693	-1.11997	-0.864551
2	2.51378	1.26913	1.26913	0.148018	0.914974	0.90724	2.24891	2.24891	0.185467	1.31972	1.02774
2	1.56167	0.0122832	0.0122832	-0.871366	-0.276228	-0.274258	0.021766	0.021766	-1.09182	-0.489479	-0.387859
2	0.0645459	-0.221933	-0.221933	-0.40158	-0.432321	-0.425925	-0.393267	-0.393267	-0.503179	-0.766078	-0.602349
2	0.36053	0.392471	0.392471	-0.0321054	0.182089	0.19943	0.695462	0.695462	-0.040228	0.322663	0.282037
2	1.51687	0.127667	0.127667	-0.743214	-0.298102	-0.296526	0.226227	0.226227	-0.931248	-0.52824	-0.419351
2	0.00910669	-0.0879032	-0.0879032	-0.155382	-0.274886	-0.277213	-0.155765	-0.155765	-0.194693	-0.4871	-0.392039
2	0.22394	0.262398	0.262398	-0.0722208	0.0816999	0.0927498	0.464972	0.464972	-0.0904926	0.144773	0.131168
2	0.00288429	-0.518142	-0.518142	-0.556118	-0.707226	-0.689893	-0.918153	-0.918153	-0.696816	-1.25321	-0.975656
2	0.280988	0.337156	0.337156	-0.0376695	0.144525	0.15612	0.597444	0.597444	-0.0471999	0.2561	0.220786
2	0.0622443	0.0307642	0.0307642	-0.14565	-0.196873	-0.14026	0.0545144	0.0545144	-0.1825	-0.34886	-0.198357
2	0.163956	0.28723	0.28723	0.000911932	0.107507	0.107996	0.508974	0.508974	0.00114265	0.190504	0.15273
2	0.227988	-0.62296	-0.62296	-0.96059	-0.801722	-0.809025	-1.10389	-1.10389	-1.20362	-1.42066	-1.14413
2	0.740017	0.0680069	0.0680069	-0.540276	-0.145325	-0.117541	0.120509	0.120509	-0.676966	-0.257518	-0.166228
2	0.878745	-0.327637	-0.327637	-0.990489	-0.565301	-0.511042	-0.580575	-0.580575	-1.24108	-1.00172	-0.722723
2	0.915595	0.496564	0.496564	-0.180043	0.314671	0.312249	0.879916	0.879916	-0.225594	0.5576	0.441587
2	0.257756	-0.96464	-0.96464	-1.32364	-1.13486	-1.13864	-1.70935	-1.70935	-1.65852	-2.01098	-1.61027
2	0.00556875	-0.223789	-0.223789	-0.276556	-0.4162	-0.390184	-0.396556	-0.396556	-0.346525	-0.737511	-0.551803
2	0.263719	-0.373313	-0.373313	-0.736438	-0.558182	-0.590113	-0.661514	-0.661514	-0.922756	-0.989104	-0.834546
2	1.40765	0.228584	0.228584	-0.610358	-0.132808	-0.116378	0.405053	0.405053	-0.764779	-0.235336	-0.164583
2	1.80383	-0.606639	-0.606639	-1.55633	-0.859102	-0.848869	-1.07497	-1.07497	-1.95008	-1.52234	-1.20048
2	2.69126	0.623691	0.623691	-0.536322	-0.445899	-0.341291	1.10519	1.10519	-0.672012	-0.635781	-0.417977
2	0.714599	-0.514347	-0.514347	-1.11209	-0.719268	-0.696175	-0.911428	-0.911428	-1.39345	-1.27455	-0.98454
2	1.79466	0.392767	0.392767	-0.554507	0.111052	0.147987	0.695987	0.695987	-0.694798	0.196784	0.209285
2	1.03182	-0.36989	-0.36989	-1.08816	-0.579139	-0.554585	-0.655449	-0.655449	-1.36346	-1.02624	-0.784302
2	0.74916	0.344013	0.344013	-0.268016	0.179909	0.112352	0.609595	0.609595	-0.335824	0.318801	0.148632
2	0.461609	1.61028	1.61028	1.12985	1.43344	1.39041	2.85342	2.85342	1.41571	2.54006	1.96633
2	2.87613	-0.938463	-0.938463	-2.13766	-2.04419	-1.97227	-1.66297	-1.66297	-2.67848	-2.92785	-2.38868
2	0.0370792	1.14615	1.14615	1.00999	0.928835	0.959138	2.03099	2.03099	1.26552	1.6459	1.35643
2	0.145569	0.481447	0.481447	0.211662	0.294155	0.306733	0.853129	0.853129	0.265212	0.521245	0.433786
2	0.19884	0.437954	0.437954	0.122645	0.241324	0.263863	0.776058	0.776058	0.153674	0.427629	0.373159
2	1.33981	-0.427772	-0.427772	-1.24625	-0.809451	-0.73992	-0.758017	-0.758017	-1.56155	-1.43436	-1.04641
2	0.706204	-0.992248	-0.992248	-1.58647	-1.19653	-1.18782	-1.75827	-1.75827	-1.98785	-2.12027	-1.67982
2	0.0025273	0.533233	0.533233	0.497685	0.335762	0.347981	0.944893	0.944893	0.623599	0.594973	0.492119
2	3.73824	0.545351	0.545351	-0.821806	-0.831748	-0.747244	0.966368	0.966368	-1.02972	-1.21773	-0.977269
2	0.0950135	0.0341929	0.0341929	-0.183768	-0.16639	-0.137668	0.0605902	0.0605902	-0.230261	-0.294845	-0.194692
2	1.97074	0.699507	0.699507	-0.293152	0.427053	0.368091	1.23953	1.23953	-0.36732	0.727564	0.494103
2	0.111167	1.31893	1.31893	1.08317	1.11098	1.12685	2.33716	2.33716	1.35721	1.96867	1.59361
2	1.25577	0.277941	0.277941	-0.514452	0.0737891	0.079707	0.492515	0.492515	-0.644608	0.130755	0.112723
2	1.21549	0.546021	0.546021	-0.233559	0.241521	0.235714	0.967554	0.967554	-0.29265	0.427977	0.33335
2	1.81523	0.834917	0.834917	-0.11777	0.58988	0.520151	1.47948	1.47948	-0.147566	1.04527	0.735605
2	0.08397	0.684737	0.684737	0.479834	0.456142	0.501599	1.21336	1.21336	0.601232	0.808288	0.709368
2	0.772551	0.0966339	0.0966339	-0.524877	-0.0945918	-0.104453	0.171236	0.171236	-0.657671	-0.167618	-0.147719
2	0.130216	0.93959	0.93959	0.684427	0.743685	0.758475	1.66496	1.66496	0.857587	1.31782	1.07264
2	0.0636031	-0.788593	-0.788593	-0.966923	-1.01304	-0.966069	-1.39739	-1.39739	-1.21155	-1.79512	-1.36623
2	3.15545	-0.158121	-0.158121	-1.4142	-1.3093	-1.37136	-0.280191	-0.280191	-1.77199	-2.04092	-1.46959
2	4.38106	-1.25647	-2.73651	-2.73651	-2.72704	-2.73565	-2.22647	-3.42885	-3.42885	-4.83235	-3.72764
2	0.47407	1.11474	1.11474	0.627874	0.921923	0.908335	1.97532	1.97532	0.786726	1.63366	1.28458
2	0.90522	0.563145	0.563145	-0.109618	0.373861	0.35845	0.997898	0.997898	-0.137351	0.662485	0.506924
2	1.73305	1.17647	1.17647	0.245595	0.913317	0.909513	2.08471	2.08471	0.30773	1.61841	1.28624
2	0.153383	-0.228405	-0.228405	-0.505337	-0.408672	-0.408266	-0.404735	-0.404735	-0.633187	-0.724171	-0.577375
2	5.10113	-1.4262	-3.02325	-3.02325	-3.0551	-3.08188	-2.52724	-3.78813	-3.78813	-5.14451	-3.51228
2	0.159722	-0.453075	-0.453075	-0.735672	-0.627331	-0.646973	-0.802853	-0.802853	-0.921797	-1.11164	-0.914957
2	0.0282331	0.484939	0.484939	0.366126	0.302645	0.309675	0.859317	0.859317	0.458756	0.536291	0.437946
2	2.14539	0.0682282	0.0682282	-0.967482	-0.21283	-0.220774	0.120901	0.120901	-1.21225	-0.352584	-0.259666
2	0.354264	-0.0180775	-0.0180775	-0.438948	-0.206257	-0.206481	-0.0320334	-0.0320334	-0.550002	-0.36549	-0.292008
2	0.0194961	-0.501912	-0.501912	-0.600645	-0.737261	-0.718254	-0.889394	-0.889394	-0.752608	-1.30643	-1.01576
2	0.00269193	1.38823	1.38823	1.35154	1.21489	1.19232	2.45995	2.45995	1.69348	2.1528	1.68619
2	1.938	0.0953182	0.0953182	-0.88906	-0.160511	-0.240378	0.168905	0.168905	-1.11399	-0.277119	-0.338492
2	3.79304	-0.110784	-0.110784	-1.48793	-1.5419	-1.43481	-0.19631	-0.19631	-1.86437	-2.14512	-1.76615
2	0.971215	0.153159	0.153159	-0.543697	-0.0390208	-0.0153586	0.271399	0.271399	-0.681252	-0.0691453	-0.0217203
2	0.580258	0.259127	0.259127	-0.279509	0.0308139	0.0722738	0.459176	0.459176	-0.350225	0.0546025	0.102211
2	0.00190895	-0.0442532	-0.0442532	-0.0751478	-0.262863	-0.221795	-0.0784171	-0.0784171	-0.0941602	-0.465795	-0.313665
2	0.829131	-1.11077	-1.11077	-1.75464	-1.34268	-1.27245	-1.9683	-1.9683	-2.19856	-2.37923	-1.79952
2	0.0142159	-0.192754	-0.192754	-0.277062	-0.380326	-0.395672	-0.341561	-0.341561	-0.347159	-0.673941	-0.559565
2	0.0706965	-0.361846	-0.361846	-0.549858	-0.540792	-0.534918	-0.641195	-0.641195	-0.688972	-0.958289	-0.756489
2	4.13629	-0.213611	-1.65172	-1.65172	-1.62106	-1.64658	-0.378521	-2.0696	-2.0696	-2.64139	-2.18687
2	6.96318	0.326857	-1.53904	-1.53904	-1.58119	-1.62504	0.579194	-1.92842	-1.92842	-2.40329	-2.06701
2	0.793661	1.05668	1.05668	0.426738	0.852303	0.89005	1.87245	1.87245	0.534703	1.51029	1.25872
2	0.933141	-0.937944	-0.937944	-1.621	-1.11816	-1.15463	-1.66205	-1.66205	-2.03112	-1.98138	-1.6329
2	0.0359988	-0.813797	-0.813797	-0.947959	-0.997445	-1.00012	-1.44206	-1.44206	-1.18779	-1.76748	-1.41438
2	3.87666	0.0764982	-1.31574	-1.31574	-0.301511	-0.322404	0.135556	-1.64862	-1.64862	-0.320618	-0.258123
2	0.00382516	0.260225	0.260225	0.216492	0.0807151	0.0173063	0.461122	0.461122	0.271265	0.143028	0.0244748
2	0.0297977	0.559551	0.559551	0.43749	0.387618	0.364127	0.99153	0.99153	0.548175	0.686863	0.514953
2	3.50742	0.238543	0.238543	-1.08573	-0.0737971	-0.12542	0.422701	0.422701	-1.36043	-0.0840175	-0.119301
2	0.0106573	-0.0477502	-0.0477502	-0.120748	-0.251578	-0.213778	-0.0846137	-0.0846137	-0.151297	-0.445799	-0.302328
2	0.00813658	0.655772	0.655772	0.591989	0.448887	0.44275	1.16203	1.16203	0.741762	0.795432	0.626143
2	1.4548	-0.842355	-0.842355	-1.69523	-1.08834	-1.05842	-1.49266	-1.49266	-2.12413	-1.92854	-1.49684
2	0.0165544	0.093363	0.093363	0.00238382	-0.123279	-0.088239	0.16544	0.16544	0.00298693	-0.218451	-0.124789
2	0.672907	-1.29288	-1.29288	-1.87293	-1.48438	-1.47514	-2.29099	-2.29099	-2.34678	-2.63034	-2.08616
2	0.373647	-0.381671	-0.381671	-0.813902	-0.594082	-0.625522	-0.676325	-0.676325	-1.01982	-1.05272	-0.884622
2	2.12617	-0.183814	-0.183814	-1.21487	-0.959186	-0.917439	-0.32572	-0.32572	-1.52224	-1.58006	-1.22088
2	1.81126	0.222665	0.222665	-0.728982	-0.0135205	-0.0134884	0.394565	0.394565	-0.913414	-0.0239584	-0.0190754
2	1.12258	-1.82404	-1.82404	-2.57324	-2.01217	-2.03847	-3.23222	-3.23222	-3.22427	-3.56559	-2.88283
2	0.0136215	0.834688	0.834688	0.752161	0.626229	0.659204	1.47908	1.47908	0.942458	1.10968	0.932256
2	0.635045	0.205738	0.205738	-0.357753	0.00870058	0.00985559	0.36457	0.36457	-0.448265	0.0154175	0.0139379
2	0.023269	0.0509859	0.0509859	-0.0568775	-0.141515	-0.146972	0.0903475	0.0903475	-0.0712675	-0.250767	-0.20785
2	0.0442297	-1.18544	-1.18544	-1.33415	-1.35666	-1.37063	-2.10061	-2.10061	-1.67169	-2.40402	-1.93836
2	0.00435659	-0.240115	-0.240115	-0.286788	-0.460977	-0.404802	-0.425487	-0.425487	-0.359345	-0.816856	-0.572477
2	0.637136	0.110135	0.110135	-0.454283	-0.144333	-0.0635578	0.19516	0.19516	-0.569217	-0.255759	-0.0898844
2	1.87108	0.869799	0.869799	-0.097434	0.259915	0.246896	1.54129	1.54129	-0.122085	0.426888	0.30778
2	1.43632	0.457954	0.457954	-0.38949	0.0818808	0.11043	0.8115	0.8115	-0.488031	0.145094	0.156172
2	1.15895	-1.86322	-1.86322	-2.62445	-2.09188	-2.07828	-3.30163	-3.30163	-3.28843	-3.70683	-2.93913
2	0.0576995	0.353394	0.353394	0.183542	0.163554	0.194123	0.626218	0.626218	0.229978	0.289819	0.274532
2	2.64209	-0.609894	-0.609894	-1.75926	-0.973585	-1.03482	-1.08074	-1.08074	-2.20435	-1.37642	-1.0543
2	0.0684146	0.751021	0.751021	0.566069	0.534199	0.540454	1.33082	1.33082	0.709284	0.946606	0.764318
2	0.0646355	-0.491395	-0.491395	-0.671166	-0.687949	-0.676227	-0.870756	-0.870756	-0.840971	-1.21905	-0.95633
2	1.28743	0.131817	0.131817	-0.670501	-0.168228	-0.140594	0.233581	0.233581	-0.840138	-0.298101	-0.198829
2	1.55641	0.311972	0.311972	-0.570187	0.0702759	0.0596671	0.552818	0.552818	-0.714444	0.12453	0.084382
2	0.257617	-0.345669	-0.345669	-0.704568	-0.570455	-0.522702	-0.612528	-0.612528	-0.882823	-1.01085	-0.739212
2	2.40815	0.777989	0.777989	-0.319315	-0.132633	-0.131968	1.3786	1.3786	-0.400102	-0.193621	-0.152216
2	0.40469	1.13024	1.13024	0.680411	0.919127	0.943191	2.00279	2.00279	0.852555	1.6287	1.33387
2	0.697659	0.486498	0.486498	-0.104119	0.291391	0.300323	0.86208	0.86208	-0.130461	0.516347	0.424722
2	5.47231	1.33308	-0.321051	-0.321051	-0.39518	-0.340363	2.36223	-0.402276	-0.402276	-0.592818	-0.481346
2	2.28573	1.04057	1.04057	-0.0284754	0.190794	0.196189	1.84391	1.84391	-0.0356796	0.277023	0.220446
2	0.022507	-0.690858	-0.690858	-0.79694	-0.861475	-0.869705	-1.22421	-1.22421	-0.998566	-1.52654	-1.22995
2	0.473204	-0.253051	-0.253051	-0.739468	-0.458733	-0.420463	-0.448408	-0.448408	-0.926554	-0.81288	-0.594624
2	0.0357689	0.163252	0.163252	0.0295196	-0.048281	-0.0278682	0.289285	0.289285	0.0369881	-0.0855544	-0.0394115
2	0.00371508	-0.198263	-0.198263	-0.241362	-0.417597	-0.389144	-0.351323	-0.351323	-0.302426	-0.739986	-0.550333
2	0.297899	-0.0297298	-0.0297298	-0.41567	-0.23528	-0.193792	-0.0526814	-0.0526814	-0.520834	-0.416919	-0.274064
2	0.48623	1.1516	1.1516	0.658535	0.948231	0.987235	2.04065	2.04065	0.825145	1.68027	1.39616
2	0.252547	-0.544297	-0.544297	-0.899647	-0.703654	-0.746374	-0.9645	-0.9645	-1.12726	-1.24688	-1.05553
2	6.28154	1.32742	-0.4448	-0.4448	0.781324	0.628837	2.3522	-0.557334	-0.557334	0.639874	0.400853
2	0.264306	-0.35573	-0.35573	-0.719258	-0.574231	-0.526589	-0.630357	-0.630357	-0.901231	-1.01754	-0.744709
2	1.90511	0.0351765	0.0351765	-0.940813	-0.277493	-0.254023	0.0623331	0.0623331	-1.17884	-0.459891	-0.354596
2	0.203934	0.763878	0.763878	0.444555	0.599744	0.613448	1.3536	1.3536	0.557028	1.06275	0.867547
2	2.95355	0.974588	0.974588	-0.240638	-0.121404	-0.140147	1.72698	1.72698	-0.30152	-0.18788	-0.179458
2	0.119111	-0.483638	-0.483638	-0.727678	-0.67944	-0.696807	-0.857012	-0.857012	-0.911781	-1.20397	-0.985434
2	0.00156551	0.674094	0.674094	0.646116	0.459102	0.49553	1.1945	1.1945	0.809583	0.813533	0.700785
2	1.54294	0.989795	0.989795	0.11146	0.74274	0.732931	1.75393	1.75393	0.139659	1.31614	1.03652
2	0.929905	0.458069	0.458069	-0.223805	0.290036	0.271722	0.811703	0.811703	-0.280428	0.513946	0.384273
2	5.02181	1.33331	-0.251273	-0.251273	-0.283444	-0.26819	2.36264	-0.314845	-0.314845	-0.45905	-0.342226
2	0.0190063	-0.320494	-0.320494	-0.417978	-0.534712	-0.510651	-0.567918	-0.567918	-0.523726	-0.947514	-0.72217
2	3.98312	0.768379	-0.642847	-0.642847	0.384579	0.345406	1.36157	-0.805487	-0.805487	0.356716	0.2905
2	0.0923816	0.613769	0.613769	0.398848	0.412147	0.404715	1.0876	1.0876	0.499757	0.730328	0.572354
2	0.998874	-0.198936	-0.198936	-0.905644	-0.399677	-0.408188	-0.352516	-0.352516	-1.13477	-0.708232	-0.577266
2	0.852609	-0.0558372	-0.0558372	-0.708757	-0.259651	-0.250811	-0.098944	-0.098944	-0.888073	-0.460104	-0.354701
2	0.00423188	0.709873	0.709873	0.663874	0.546047	0.510076	1.2579	1.2579	0.831834	0.967601	0.721356
2	0.242901	-0.694555	-0.694555	-1.04305	-0.918131	-0.848684	-1.23076	-1.23076	-1.30695	-1.62694	-1.20022
2	0.349083	-0.381784	-0.381784	-0.799566	-0.541168	-0.548607	-0.676525	-0.676525	-1.00186	-0.958954	-0.775848
2	1.14811	-0.942598	-0.942598	-1.70026	-1.13207	-1.14958	-1.67029	-1.67029	-2.13043	-2.00604	-1.62575
2	1.14157	-0.128269	-0.128269	-0.883774	-0.38361	-0.385037	-0.227294	-0.227294	-1.10737	-0.679761	-0.544525
2	0.698078	1.07547	1.07547	0.48468	0.850582	0.906014	1.90575	1.90575	0.607303	1.50724	1.2813
2	1.05613	-0.927276	-0.927276	-1.65396	-1.10737	-1.13477	-1.64314	-1.64314	-2.07241	-1.96227	-1.60481
2	0.0613306	-0.219203	-0.219203	-0.394318	-0.437883	-0.403589	-0.388429	-0.388429	-0.49408	-0.775933	-0.570761
2	1.12841	-0.937599	-0.937599	-1.68873	-1.16389	-1.1303	-1.66143	-1.66143	-2.11598	-2.06242	-1.59848
2	0.00154641	0.230043	0.230043	0.202236	0.0297807	0.0370011	0.407638	0.407638	0.253402	0.0527716	0.0523275
2	7.76328	-0.972498	-2.94269	-2.94269	-1.70169	-1.7449	-1.72328	-3.68718	-3.68718	-1.29332	-0.911146
2	5.72228	0.391373	-1.30012	-1.30012	-1.42458	-1.37059	0.693517	-1.62905	-1.62905	-2.2416	-1.9383
2	0.283002	0.420045	0.420045	0.0438791	0.238942	0.218664	0.744324	0.744324	0.0549805	0.423407	0.309237
2	0.658028	-0.719334	-0.719334	-1.29293	-0.934881	-0.912003	-1.27467	-1.27467	-1.62004	-1.65662	-1.28977
2	4.52762	0.0228431	-1.48175	-1.48175	-1.47467	-1.47961	0.0404781	-1.85664	-1.85664	-2.57953	-1.62124
2	0.166486	0.265928	0.265928	-0.0225906	0.0873705	0.115131	0.471226	0.471226	-0.028306	0.154821	0.16282
2	0.00238449	0.254857	0.254857	0.220328	0.0923097	0.0692634	0.451609	0.451609	0.276071	0.163574	0.0979532
2	2.32115	-0.157741	-0.157741	-1.23504	-1.00914	-0.975525	-0.279519	-0.279519	-1.54751	-1.57311	-1.22537
2	3.17816	0.730772	0.730772	-0.529816	0.341389	0.422966	1.29494	1.29494	-0.663859	0.435714	0.394621
2	0.744813	0.177652	0.177652	-0.432599	-0.00378243	-0.00468046	0.314802	0.314802	-0.542046	-0.00670249	-0.00661917
2	0.120284	0.442324	0.442324	0.197085	0.218946	0.271908	0.783802	0.783802	0.246948	0.387974	0.384536
2	0.553917	0.702947	0.702947	0.176679	0.502742	0.519472	1.24563	1.24563	0.221379	0.890864	0.734644
2	6.47202	-0.219601	-2.01849	-2.01849	-0.904382	-0.879861	-0.389135	-2.52917	-2.52917	-0.662129	-0.567149
2	0.00660904	-1.24003	-1.24003	-1.29751	-1.41299	-1.41231	-2.19734	-2.19734	-1.62579	-2.50384	-1.99731
2	2.3422	1.11074	1.11074	0.0285674	0.784512	0.848431	1.96824	1.96824	0.035795	1.06073	1.04431
2	0.254037	-1.18898	-1.18898	-1.54538	-1.34253	-1.38297	-2.10689	-2.10689	-1.93636	-2.37897	-1.95581
2	0.075072	-0.363725	-0.363725	-0.557468	-0.563596	-0.556466	-0.644525	-0.644525	-0.698507	-0.998698	-0.786962
2	2.84423	-0.270892	-0.270892	-1.46342	-1.32443	-1.35914	-0.480024	-0.480024	-1.83366	-1.9563	-1.56186
2	0.7496	-0.743268	-0.743268	-1.35548	-0.974746	-0.965039	-1.31708	-1.31708	-1.69841	-1.72726	-1.36477
2	7.18863	0.759971	-1.1359	-1.1359	0.167908	0.101026	1.34668	-1.42328	-1.42328	0.13235	0.0612092
2	1.45998	-0.899804	-0.899804	-1.7542	-1.10801	-1.1263	-1.59446	-1.59446	-2.19801	-1.96341	-1.59282
2	0.235944	-0.791988	-0.791988	-1.13546	-0.993336	-0.999138	-1.40341	-1.40341	-1.42273	-1.7602	-1.413
2	0.162369	-0.0800087	-0.0800087	-0.364937	-0.273774	-0.260908	-0.141776	-0.141776	-0.457266	-0.485129	-0.368979
2	0.0651892	0.358684	0.358684	0.178144	0.205057	0.16091	0.635591	0.635591	0.223214	0.363362	0.227561
2	0.099738	0.669756	0.669756	0.446442	0.446237	0.440704	1.18681	1.18681	0.559392	0.790737	0.623249
2	0.19917	-0.395498	-0.395498	-0.711069	-0.576295	-0.585826	-0.700826	-0.700826	-0.890969	-1.0212	-0.828483
2	1.12226	-0.7753	-0.7753	-1.52438	-1.03645	-0.960607	-1.37384	-1.37384	-1.91005	-1.83659	-1.3585
2	1.74144	-0.42475	-0.42475	-1.35787	-0.672238	-0.664112	-0.752661	-0.752661	-1.70142	-1.19121	-0.939196
2	0.248497	0.740956	0.740956	0.388467	0.545596	0.545515	1.31298	1.31298	0.486749	0.966801	0.771474
2	4.26065	0.271267	-1.1883	-1.1883	-0.203804	-0.196213	0.480688	-1.48893	-1.48893	-0.196455	-0.159675
2	0.789921	-0.857714	-0.857714	-1.48617	-1.07806	-1.07845	-1.51988	-1.51988	-1.86217	-1.91034	-1.52516
2	0.453288	1.09983	1.09983	0.623756	0.88371	0.900184	1.9489	1.9489	0.781566	1.56594	1.27305
2	0.00440955	-1.02349	-1.02349	-1.07044	-1.26061	-1.19643	-1.81363	-1.81363	-1.34126	-2.23381	-1.69201
2	0.49442	-0.0186859	-0.0186859	-0.515888	-0.225407	-0.18904	-0.0331116	-0.0331116	-0.646408	-0.399424	-0.267343
2	0.115125	0.63013	0.63013	0.390208	0.427117	0.442721	1.1166	1.1166	0.48893	0.756855	0.626103
2	0.00399188	-0.595785	-0.595785	-0.640461	-0.787671	-0.77296	-1.05574	-1.05574	-0.802498	-1.39576	-1.09313
2	0.683723	-0.959938	-0.959938	-1.54463	-1.17832	-1.19043	-1.70102	-1.70102	-1.93542	-2.088	-1.68352
2	0.172742	0.399232	0.399232	0.105343	0.204718	0.243999	0.707444	0.707444	0.131995	0.362762	0.345067
2	0.405927	-0.0804673	-0.0804673	-0.530982	-0.257535	-0.303009	-0.142589	-0.142589	-0.665321	-0.456355	-0.42852
2	0.0073821	0.707368	0.707368	0.646614	0.515916	0.472455	1.25346	1.25346	0.810207	0.914209	0.668153
2	0.000318498	0.719966	0.719966	0.707347	0.508618	0.553154	1.27579	1.27579	0.886305	0.901275	0.782278
2	3.84772	-0.334328	-1.72136	-1.72136	-0.674405	-0.754161	-0.592433	-2.15687	-2.15687	-0.760014	-0.604785
2	0.00300252	-0.307605	-0.307605	-0.346351	-0.497839	-0.479046	-0.545079	-0.545079	-0.433978	-0.882176	-0.677474
2	6.16215	-0.395797	-2.1511	-2.1511	-2.24743	-2.17605	-0.701356	-2.69532	-2.69532	-3.13078	-2.63602
2	0.897727	-0.144912	-0.144912	-0.814885	-0.342219	-0.323058	-0.256786	-0.256786	-1.02105	-0.606416	-0.456873
2	0.125434	0.138963	0.138963	-0.111471	-0.0353693	-0.0253005	0.246243	0.246243	-0.139673	-0.0626748	-0.0357803
2	1.88404	-0.0195784	-0.0195784	-0.990155	-0.72443	-0.578762	-0.0346931	-0.0346931	-1.24066	-0.957005	-0.818493
2	0.0637536	-0.623901	-0.623901	-0.802442	-0.802906	-0.810906	-1.10556	-1.10556	-1.00546	-1.42276	-1.14679
2	0.0995719	-0.271227	-0.271227	-0.494354	-0.461622	-0.474301	-0.480616	-0.480616	-0.619426	-0.817999	-0.670763
2	0.155578	0.341566	0.341566	0.0626594	0.149284	0.140735	0.605258	0.605258	0.0785122	0.264533	0.19903
2	0.773976	0.916555	0.916555	0.294471	0.723834	0.686892	1.62414	1.62414	0.368972	1.28264	0.971412
2	0.530586	0.826118	0.826118	0.311052	0.650383	0.649312	1.46389	1.46389	0.389748	1.15248	0.918265
2	2.31739	-0.536107	-0.536107	-1.61253	-0.811011	-0.848753	-0.949988	-0.949988	-2.0205	-1.18179	-1.12786
2	2.01212	-1.21508	-1.21508	-2.2181	-1.52649	-1.50773	-2.15313	-2.15313	-2.77928	-2.3467	-2.10005
2	0.610749	0.288468	0.288468	-0.264139	0.105769	0.125248	0.511168	0.511168	-0.330966	0.187424	0.177127
2	3.05314	0.992966	0.992966	-0.242578	-0.194077	-0.174745	1.75955	1.75955	-0.303951	-0.310982	-0.197304
2	2.11691	-0.435238	-0.435238	-1.46405	-1.19881	-1.18803	-0.771247	-0.771247	-1.83446	-1.55314	-1.51227
2	0.842762	0.467851	0.467851	-0.181288	0.271089	0.305038	0.829036	0.829036	-0.227154	0.480372	0.431389
2	0.220687	0.105859	0.105859	-0.226321	-0.103249	-0.0686043	0.187582	0.187582	-0.28358	-0.182958	-0.0970212
2	0.000125972	0.379481	0.379481	0.371545	0.192225	0.19785	0.672444	0.672444	0.465546	0.340625	0.279802
2	0.0140803	0.00545046	0.00545046	-0.0784553	-0.162849	-0.164036	0.00965827	0.00965827	-0.0983045	-0.28857	-0.231982
2	5.77476	-0.36716	-2.06639	-2.06639	-1.01822	-1.00353	-0.650611	-2.58919	-2.58919	-0.822756	-0.694179
2	0.302758	0.218225	0.218225	-0.17085	0.0324075	0.036698	0.386696	0.386696	-0.214075	0.0574264	0.0518988
2	0.407035	-0.17904	-0.17904	-0.630169	-0.343413	-0.362103	-0.317261	-0.317261	-0.789602	-0.60853	-0.512091
2	5.69301	-0.398408	-2.08557	-2.08557	-2.2217	-2.20117	-0.705983	-2.61322	-2.61322	-3.4261	-2.44843
2	0.612643	0.353577	0.353577	-0.199887	0.17796	0.144815	0.626541	0.626541	-0.250458	0.315347	0.204799
2	0.973717	-0.326023	-0.326023	-1.02378	-0.505209	-0.485995	-0.577716	-0.577716	-1.28279	-0.895234	-0.687301
2	0.281296	-0.916185	-0.916185	-1.29122	-1.12258	-1.10189	-1.62349	-1.62349	-1.61789	-1.98922	-1.55831
2	0.56799	-0.627977	-0.627977	-1.16089	-0.826836	-0.826484	-1.11278	-1.11278	-1.45459	-1.46516	-1.16882
2	1.23694	-0.364095	-0.364095	-1.15052	-0.611486	-0.589733	-0.645179	-0.645179	-1.44161	-1.08356	-0.834008
2	0.0328298	-2.20323	-2.20323	-2.33135	-2.38525	-2.38414	-3.90414	-3.90414	-2.92118	-4.22668	-3.37169
2	5.7676	-0.535098	-2.23327	-2.23327	-2.30603	-2.29728	-0.948199	-2.79829	-2.79829	-3.11821	-2.99129
2	0.826305	-0.431461	-0.431461	-1.07423	-0.659942	-0.619447	-0.764553	-0.764553	-1.34601	-1.16942	-0.87603
2	0.18347	0.335613	0.335613	0.0327352	0.156418	0.173102	0.594709	0.594709	0.0410172	0.277175	0.244804
2	1.04754	0.265284	0.265284	-0.458436	0.0508674	0.06527	0.470086	0.470086	-0.574421	0.0901376	0.0923057
2	0.992176	-0.513056	-0.513056	-1.21739	-0.723849	-0.67961	-0.90914	-0.90914	-1.52539	-1.28267	-0.961113
2	0.0297288	1.084	1.084	0.962077	0.914028	0.904571	1.92085	1.92085	1.20548	1.61967	1.27926
2	0.476726	-1.01476	-1.01476	-1.50299	-1.21947	-1.19725	-1.79817	-1.79817	-1.88324	-2.16091	-1.69316
2	0.057768	0.176843	0.176843	0.00689009	-0.0191862	-0.0378008	0.313367	0.313367	0.00863329	-0.0339981	-0.0534584
2	0.870818	-1.89361	-1.89361	-2.55347	-2.06612	-2.09142	-3.3555	-3.3555	-3.1995	-3.66118	-2.95772
2	0.195768	-1.14215	-1.14215	-1.45502	-1.30257	-1.33011	-2.02391	-2.02391	-1.82314	-2.30817	-1.88105
2	1.67883	-0.148243	-0.148243	-1.06444	-0.669094	-0.625029	-0.262688	-0.262688	-1.33374	-1.17867	-0.857311
2	1.96227	-0.268082	-0.268082	-1.2586	-0.614718	-0.508617	-0.475044	-0.475044	-1.57703	-0.996577	-0.719293
2	0.234082	0.469089	0.469089	0.126977	0.276383	0.268259	0.83123	0.83123	0.159102	0.489753	0.379376
2	0.35463	-1.57837	-1.57837	-1.99946	-1.75418	-1.75209	-2.7969	-2.7969	-2.50533	-3.10842	-2.47783
2	0.29733	-1.17421	-1.17421	-1.55978	-1.3871	-1.35694	-2.08071	-2.08071	-1.95441	-2.45796	-1.91901
2	0.00612134	-0.422793	-0.422793	-0.478117	-0.598222	-0.62635	-0.749194	-0.749194	-0.59908	-1.06006	-0.885793
2	1.16136	1.16615	1.16615	0.40413	0.887521	0.944015	2.06644	2.06644	0.506375	1.5727	1.33504
2	0.484193	0.230853	0.230853	-0.26118	0.0060191	0.0377867	0.409074	0.409074	-0.327258	0.0106659	0.0534385
2	0.154422	0.347374	0.347374	0.069505	0.174592	0.172483	0.61555	0.61555	0.0870898	0.309379	0.243928
2	0.00228668	-0.182325	-0.182325	-0.216139	-0.403818	-0.366596	-0.323082	-0.323082	-0.270822	-0.715568	-0.518445
2	0.000356291	0.339888	0.339888	0.326541	0.133303	0.173466	0.602285	0.602285	0.409156	0.236213	0.245318
2	1.72614	0.270411	0.270411	-0.658605	-0.307807	-0.287776	0.47917	0.47917	-0.825232	-0.498545	-0.380047
2	0.0461962	-1.35424	-1.35424	-1.50622	-1.53181	-1.52339	-2.39973	-2.39973	-1.8873	-2.71439	-2.15439
2	0.0899838	-0.512919	-0.512919	-0.725032	-0.711621	-0.70216	-0.908897	-0.908897	-0.908465	-1.261	-0.993005
2	3.39536	0.941075	0.941075	-0.361875	-0.353139	-0.29013	1.66759	1.66759	-0.45343	-0.535956	-0.374623
2	3.36705	0.387176	0.387176	-0.910331	-0.0305237	-0.124678	0.68608	0.68608	-1.14064	-0.0358312	-0.105663
2	1.00565	-0.161484	-0.161484	-0.870583	-0.375575	-0.34993	-0.28615	-0.28615	-1.09084	-0.665522	-0.494876
2	0.579556	-2.17143	-2.17143	-2.70974	-2.39552	-2.39716	-3.84779	-3.84779	-3.3953	-4.24488	-3.3901
2	0.00259808	0.716772	0.716772	0.680729	0.537847	0.550642	1.27013	1.27013	0.852954	0.953071	0.778726
2	0.00234427	0.84652	0.84652	0.812284	0.690309	0.665498	1.50004	1.50004	1.01779	1.22323	0.941156
2	0.985588	0.85724	0.85724	0.155247	0.664016	0.674438	1.51904	1.51904	0.194524	1.17664	0.953799
2	1.45892	-0.113585	-0.113585	-0.96767	-0.445958	-0.472244	-0.201275	-0.201275	-1.21249	-0.790241	-0.667853
2	0.299793	-0.494225	-0.494225	-0.88139	-0.688178	-0.675814	-0.875772	-0.875772	-1.10438	-1.21946	-0.955745
2	3.49836	0.751853	0.751853	-0.570713	-0.537405	-0.522285	1.33229	1.33229	-0.715104	-0.825759	-0.609235
2	3.24613	-0.692984	-0.692984	-1.96698	-1.07696	-1.05803	-1.22797	-1.22797	-2.46462	-1.20542	-1.05738
2	0.1075	0.537765	0.537765	0.305924	0.357413	0.353265	0.952924	0.952924	0.383323	0.63334	0.499592
2	1.45282	0.00225944	0.00225944	-0.850036	-0.351332	-0.371327	0.00400376	0.00400376	-1.0651	-0.622563	-0.525136
2	1.09785	-0.291346	-0.291346	-1.03224	-0.521466	-0.473347	-0.516268	-0.516268	-1.2934	-0.924042	-0.669413
2	0.103739	-0.301889	-0.301889	-0.529638	-0.506579	-0.49134	-0.534951	-0.534951	-0.663636	-0.897663	-0.694859
2	0.0474064	-0.134409	-0.134409	-0.288368	-0.306029	-0.322873	-0.238174	-0.238174	-0.361325	-0.542286	-0.456611
2	4.9803	0.411173	-1.16685	-1.16685	-0.0105873	-0.117421	0.728602	-1.46206	-1.46206	-0.00968301	-0.0870868
2	0.278392	0.0936408	0.0936408	-0.279449	-0.0850816	-0.0980461	0.165932	0.165932	-0.35015	-0.150765	-0.138658
2	0.120631	1.10547	1.10547	0.859877	0.913192	0.892989	1.9589	1.9589	1.07743	1.61819	1.26288
2	1.46562	0.83858	0.83858	-0.0174625	0.451143	0.420724	1.48597	1.48597	-0.0218805	0.799429	0.594993
2	0.0114692	-0.57996	-0.57996	-0.655687	-0.779615	-0.772508	-1.02769	-1.02769	-0.821575	-1.38148	-1.09249
2	0.0292415	0.479012	0.479012	0.358096	0.31594	0.310285	0.848814	0.848814	0.448694	0.559849	0.43881
2	0.30482	0.199217	0.199217	-0.191181	-0.0118087	0.0217154	0.353014	0.353014	-0.239549	-0.0209251	0.0307103
2	0.685554	0.723596	0.723596	0.138124	0.520873	0.524253	1.28222	1.28222	0.17307	0.922992	0.741406
2	0.000355908	-1.18938	-1.18938	-1.20272	-1.35451	-1.42742	-2.1076	-2.1076	-1.50701	-2.40021	-2.01867
2	3.97727	0.367343	-1.04285	-1.04285	-0.0729979	-0.0646983	0.650935	-1.30669	-1.30669	-0.0783459	-0.0528632
2	0.00870182	-0.316932	-0.316932	-0.382894	-0.511559	-0.518544	-0.561607	-0.561607	-0.479766	-0.906487	-0.733332
2	0.163574	0.453523	0.453523	0.167539	0.249872	0.254956	0.803647	0.803647	0.209926	0.442776	0.360562
2	0.00992227	0.193422	0.193422	0.122987	0.00263034	0.0200494	0.342746	0.342746	0.154103	0.00466098	0.0283541
2	1.29143	0.897217	0.897217	0.0936547	0.574068	0.588031	1.58988	1.58988	0.117349	1.01725	0.831601
2	0.0108519	-0.408989	-0.408989	-0.48265	-0.601889	-0.573982	-0.724732	-0.724732	-0.60476	-1.06655	-0.811733
2	0.934286	-0.625564	-0.625564	-1.30904	-0.838408	-0.802594	-1.10851	-1.10851	-1.64023	-1.48567	-1.13504
2	0.651146	-0.45395	-0.45395	-1.02454	-0.650492	-0.630879	-0.804403	-0.804403	-1.28375	-1.15268	-0.892197
2	1.9103	1.10635	1.10635	0.12903	0.819306	0.852675	1.96046	1.96046	0.161674	1.45182	1.20586
2	0.234745	0.801245	0.801245	0.458648	0.595519	0.626382	1.41981	1.41981	0.574686	1.05526	0.885838
2	0.238163	1.23074	1.23074	0.885656	1.04943	1.03885	2.18088	2.18088	1.10973	1.85961	1.46916
2	0.945852	-1.45606	-1.45606	-2.14375	-1.65557	-1.62177	-2.58015	-2.58015	-2.68612	-2.93369	-2.29353
2	0.124858	0.0591729	0.0591729	-0.190685	-0.154402	-0.10861	0.104855	0.104855	-0.238929	-0.273601	-0.153598
2	5.23195	1.33297	-0.28443	-0.28443	0.79027	0.857653	2.36203	-0.35639	-0.35639	0.57778	0.624037
2	0.236325	0.0766515	0.0766515	-0.267097	-0.108955	-0.125474	0.135827	0.135827	-0.334672	-0.19307	-0.177448
2	2.0269	-0.679311	-0.679311	-1.68601	-1.35865	-1.35549	-1.20375	-1.20375	-2.11257	-2.22375	-1.75237
2	0.155989	0.605577	0.605577	0.326302	0.42002	0.434736	1.07309	1.07309	0.408857	0.744279	0.61481
2	2.38813	0.547002	0.547002	-0.545732	-0.275235	-0.283089	0.969293	0.969293	-0.683802	-0.414422	-0.345917
2	0.548265	-0.223954	-0.223954	-0.74753	-0.425731	-0.433636	-0.396848	-0.396848	-0.936655	-0.7544	-0.613255
2	2.48662	-0.494354	-0.494354	-1.60939	-0.921857	-0.777782	-0.876	-0.876	-2.01657	-1.11191	-0.935117
2	0.00328654	0.76909	0.76909	0.728553	0.554151	0.5621	1.36284	1.36284	0.912877	0.98196	0.794929
2	4.47847	0.98706	-0.509347	-0.509347	0.482493	0.634372	1.74908	-0.638212	-0.638212	0.491128	0.466534
2	2.63367	0.227862	0.227862	-0.919672	-0.0875434	-0.0687155	0.403774	0.403774	-1.15235	-0.123409	-0.0814823
2	0.429491	0.579476	0.579476	0.11607	0.400784	0.410168	1.02684	1.02684	0.145435	0.710194	0.580065
2	0.759176	0.210138	0.210138	-0.405969	0.0394742	0.00779372	0.372367	0.372367	-0.508679	0.0699486	0.011022
2	0.158183	-0.0710486	-0.0710486	-0.352281	-0.257174	-0.247205	-0.125899	-0.125899	-0.441408	-0.455715	-0.3496
2	0.109946	-0.833742	-0.833742	-1.0682	-1.01709	-1.02802	-1.4774	-1.4774	-1.33846	-1.80229	-1.45383
2	0.295926	0.201192	0.201192	-0.183467	0.00202062	0.0221046	0.356514	0.356514	-0.229885	0.00358056	0.0312606
2	0.373243	-1.1116	-1.1116	-1.5436	-1.30291	-1.29197	-1.96977	-1.96977	-1.93413	-2.30877	-1.82712
2	0.913533	-0.732458	-0.732458	-1.4083	-0.941171	-0.932285	-1.29792	-1.29792	-1.7646	-1.66776	-1.31845
2	0.536885	0.860998	0.860998	0.342884	0.677886	0.634378	1.5257	1.5257	0.429633	1.20122	0.897146
2	0.991735	-0.0565068	-0.0565068	-0.760685	-0.241017	-0.256895	-0.100131	-0.100131	-0.953139	-0.427085	-0.363304
2	0.425552	0.231277	0.231277	-0.229999	0.00336888	0.0532392	0.409825	0.409825	-0.288189	0.00596969	0.0752916
2	0.764376	0.320064	0.320064	-0.29815	0.134713	0.125349	0.567156	0.567156	-0.373582	0.238713	0.17727
2	3.96075	-0.0253352	-1.43259	-1.43259	-0.465237	-0.386931	-0.0448942	-1.79504	-1.79504	-0.464558	-0.312032
2	0.789772	-0.188637	-0.188637	-0.817037	-0.392894	-0.354811	-0.334267	-0.334267	-1.02375	-0.696213	-0.501779
2	0.0890109	0.76907	0.76907	0.558107	0.600038	0.599411	1.3628	1.3628	0.699308	1.06327	0.847695
2	0.17488	0.82882	0.82882	0.533118	0.644276	0.653303	1.46868	1.46868	0.667997	1.14166	0.92391
2	2.61505	-1.40619	-1.40619	-2.54966	-1.68675	-1.7525	-2.49179	-2.49179	-3.19473	-2.48755	-1.77944
2	0.499905	-0.205186	-0.205186	-0.705138	-0.405958	-0.404437	-0.363591	-0.363591	-0.883538	-0.719362	-0.57196
2	1.79654	-0.691007	-0.691007	-1.63878	-1.25071	-1.24202	-1.22447	-1.22447	-2.05339	-2.18965	-1.71066
2	1.03925	-0.0110892	-0.0110892	-0.731941	-0.180653	-0.221415	-0.0196501	-0.0196501	-0.917122	-0.32012	-0.313128
2	2.09135	0.949022	0.949022	-0.073561	0.211419	0.22531	1.68168	1.68168	-0.0921719	0.342317	0.286542
2	0.0337675	0.26147	0.26147	0.131532	0.0684257	0.0798479	0.463327	0.463327	0.16481	0.121251	0.112922
2	2.95824	-0.0874613	-0.0874613	-1.30365	-0.474419	-0.476011	-0.154982	-0.154982	-1.63348	-0.653155	-0.49441
2	4.01956	0.416178	-1.00149	-1.00149	0.0975239	0.051988	0.737471	-1.25487	-1.25487	0.0964426	0.0424535
2	0.476784	1.0964	1.0964	0.608145	0.933166	0.924893	1.94283	1.94283	0.762006	1.65358	1.308
2	0.105222	0.544538	0.544538	0.315167	0.378266	0.370633	0.964927	0.964927	0.394905	0.670291	0.524155
2	0.696057	-0.956683	-0.956683	-1.54662	-1.12938	-1.17674	-1.69525	-1.69525	-1.93792	-2.00128	-1.66415
2	4.23227	-1.53544	-2.99013	-2.99013	-2.05086	-2.02196	-2.72082	-3.74664	-3.74664	-2.01014	-1.63046
2	0.568807	-0.326791	-0.326791	-0.860086	-0.504091	-0.520296	-0.579078	-0.579078	-1.07769	-0.893254	-0.73581
2	0.967203	-0.199185	-0.199185	-0.8946	-0.397615	-0.432444	-0.352958	-0.352958	-1.12093	-0.704577	-0.611569
2	0.0212998	0.327073	0.327073	0.223875	0.119091	0.137912	0.579577	0.579577	0.280515	0.211031	0.195036
2	0.732955	-0.532796	-0.532796	-1.13817	-0.700584	-0.715657	-0.94412	-0.94412	-1.42613	-1.24144	-1.01209
2	5.67692	-0.211698	-1.89647	-1.89647	-0.663586	-0.75871	-0.375132	-2.37628	-2.37628	-0.576281	-0.515653
2	0.000639012	-0.424884	-0.424884	-0.442759	-0.646204	-0.624524	-0.752898	-0.752898	-0.554776	-1.14508	-0.88321
2	0.464664	-1.43729	-1.43729	-1.9193	-1.66809	-1.61732	-2.54689	-2.54689	-2.40488	-2.95588	-2.28724
2	0.141797	0.874848	0.874848	0.608581	0.656014	0.676345	1.55024	1.55024	0.762551	1.16246	0.956496
2	0.0203987	-0.366592	-0.366592	-0.467584	-0.555691	-0.56573	-0.649604	-0.649604	-0.585882	-0.984689	-0.800063
2	0.0426665	0.10996	0.10996	-0.0360991	-0.0754961	-0.0613215	0.19485	0.19485	-0.0452322	-0.13378	-0.0867217
2	0.159422	-0.335727	-0.335727	-0.618059	-0.516608	-0.536546	-0.594912	-0.594912	-0.774428	-0.915434	-0.758791
2	1.81785	-0.643121	-0.643121	-1.5965	-0.957334	-0.927154	-1.13962	-1.13962	-2.00041	-1.66177	-1.31119
2	3.36622	-0.699542	-0.699542	-1.99689	-1.88956	-1.90872	-1.2396	-1.2396	-2.5021	-3.00742	-2.40862
2	0.27437	0.189546	0.189546	-0.18084	0.00299723	0.0217177	0.335877	0.335877	-0.226592	0.00531113	0.0307134
2	0.751168	-0.390114	-0.390114	-1.00296	-0.58344	-0.582628	-0.691285	-0.691285	-1.25671	-1.03386	-0.82396
2	0.250145	1.20093	1.20093	0.84727	1.02589	1.02368	2.12805	2.12805	1.06163	1.81789	1.4477
2	0.372495	0.400497	0.400497	-0.0310668	0.233074	0.201291	0.709685	0.709685	-0.0389267	0.41301	0.284669
2	2.18207	-0.675689	-0.675689	-1.72022	-1.47659	-1.44161	-1.19733	-1.19733	-2.15543	-2.28495	-1.74907
2	0.865411	-0.224394	-0.224394	-0.882197	-0.438195	-0.403129	-0.397628	-0.397628	-1.10539	-0.776487	-0.570111
2	1.06012	0.560777	0.560777	-0.167276	0.327009	0.351874	0.993703	0.993703	-0.209597	0.579464	0.497625
2	0.512477	-1.18188	-1.18188	-1.68808	-1.36834	-1.36928	-2.0943	-2.0943	-2.11516	-2.42472	-1.93645
2	1.2937	0.627315	0.627315	-0.176957	0.34823	0.322947	1.11161	1.11161	-0.221727	0.617067	0.456716
2	0.960507	1.8544	1.8544	1.16139	1.67636	1.64213	3.28601	3.28601	1.45522	2.97053	2.32232
2	2.12592	1.27058	1.27058	0.239579	0.506527	0.51224	2.25148	2.25148	0.300193	0.707064	0.641953
2	3.4768	1.73048	1.73048	0.411994	0.386305	0.492991	3.06642	3.06642	0.516229	0.497972	0.60563
2	2.13393	0.539484	0.539484	-0.493456	0.224785	0.24322	0.955971	0.955971	-0.618301	0.374761	0.321066
2	1.59036	-0.878375	-0.878375	-1.7701	-1.15592	-1.12948	-1.55649	-1.55649	-2.21794	-2.04829	-1.59732
2	4.24315	0.168033	-1.28853	-1.28853	-1.33447	-1.28978	0.297756	-1.61453	-1.61453	-2.34977	-1.61838
2	0.214401	0.485754	0.485754	0.158339	0.324109	0.285667	0.860761	0.860761	0.198399	0.574325	0.403994
2	0.336041	-0.813873	-0.813873	-1.22378	-1.01898	-0.976409	-1.44219	-1.44219	-1.53339	-1.80565	-1.38085
2	0.128222	0.449569	0.449569	0.196368	0.291356	0.268119	0.796641	0.796641	0.246049	0.516285	0.379177
2	0.292513	0.593644	0.593644	0.211208	0.371968	0.412027	1.05194	1.05194	0.264644	0.659131	0.582695
2	0.389407	0.365674	0.365674	-0.0755788	0.199695	0.19119	0.647977	0.647977	-0.0947003	0.353862	0.270383
2	0.316561	-0.288252	-0.288252	-0.686098	-0.480305	-0.464349	-0.510786	-0.510786	-0.85968	-0.851105	-0.656688
2	5.73826	0.2145	-1.47935	-1.47935	-1.54933	-1.5491	0.380096	-1.85363	-1.85363	-2.49793	-2.11821
2	0.151316	1.06936	1.06936	0.794305	0.859459	0.880857	1.89492	1.89492	0.995264	1.52297	1.24572
2	0.732573	0.249654	0.249654	-0.355562	0.0369171	0.0629429	0.442389	0.442389	-0.445519	0.0654175	0.0890147
2	0.0143581	0.320822	0.320822	0.236093	0.127614	0.108955	0.5685	0.5685	0.295824	0.226134	0.154086
2	0.0693308	1.27741	1.27741	1.09122	1.08136	1.10016	2.26358	2.26358	1.3673	1.91619	1.55585
2	1.39375	-1.1955	-1.1955	-2.03029	-1.56598	-1.53468	-2.11844	-2.11844	-2.54395	-2.77493	-2.17036
2	0.426232	-0.436678	-0.436678	-0.898323	-0.637189	-0.644921	-0.773797	-0.773797	-1.1256	-1.12911	-0.912057
2	1.34349	-0.0864817	-0.0864817	-0.906083	-0.413731	-0.454405	-0.153246	-0.153246	-1.13532	-0.733135	-0.642625
2	0.488612	0.766003	0.766003	0.27173	0.571268	0.553888	1.35737	1.35737	0.340478	1.01229	0.783315
2	0.336009	0.191991	0.191991	-0.217893	-0.001192	-0.0176807	0.340209	0.340209	-0.27302	-0.00211223	-0.0250043
2	0.558727	-0.416251	-0.416251	-0.9448	-0.601984	-0.612586	-0.737601	-0.737601	-1.18383	-1.06672	-0.866327
2	0.362835	-1.15705	-1.15705	-1.58299	-1.34431	-1.36852	-2.05031	-2.05031	-1.98348	-2.38214	-1.93538
2	0.290981	0.977963	0.977963	0.596531	0.74429	0.786696	1.73296	1.73296	0.747453	1.31889	1.11256
2	0.401434	0.370164	0.370164	-0.0778505	0.183111	0.217305	0.655934	0.655934	-0.0975466	0.324474	0.307316
2	0.284387	1.10124	1.10124	0.724149	0.891638	0.908766	1.9514	1.9514	0.907359	1.57999	1.28519
2	0.800785	-0.297214	-0.297214	-0.92998	-0.489041	-0.500003	-0.526667	-0.526667	-1.16527	-0.866585	-0.70711
2	1.1016	0.107081	0.107081	-0.635079	-0.110197	-0.0640296	0.189749	0.189749	-0.795755	-0.19527	-0.0905515
2	1.326	-0.213568	-0.213568	-1.02782	-0.533578	-0.524212	-0.378444	-0.378444	-1.28785	-0.945506	-0.741348
2	7.09502	-0.323423	-2.20691	-2.20691	-2.29576	-2.27574	-0.573109	-2.76525	-2.76525	-3.70512	-3.14991
2	0.320462	0.596087	0.596087	0.195798	0.394891	0.398556	1.05627	1.05627	0.245335	0.699751	0.563643
2	0.0191194	-1.25282	-1.25282	-1.35059	-1.42985	-1.44164	-2.22	-2.22	-1.69229	-2.53371	-2.03879
2	0.11444	-0.955799	-0.955799	-1.19501	-1.14538	-1.14985	-1.69368	-1.69368	-1.49734	-2.02962	-1.62614
2	0.865657	-0.412953	-0.412953	-1.07085	-0.615224	-0.547166	-0.731757	-0.731757	-1.34178	-1.09018	-0.773809
2	0.324394	0.130687	0.130687	-0.27205	-0.0630193	-0.0620204	0.231578	0.231578	-0.340879	-0.111671	-0.08771
2	1.53162	-0.190813	-0.190813	-1.06592	-0.60211	-0.610166	-0.338122	-0.338122	-1.3356	-1.06694	-0.862905
2	0.209253	-0.278288	-0.278288	-0.601749	-0.44552	-0.450084	-0.49313	-0.49313	-0.753991	-0.789466	-0.636515
2	0.10019	0.371502	0.371502	0.147683	0.157259	0.195494	0.658305	0.658305	0.185046	0.278664	0.27647
2	1.66404	-0.354115	-0.354115	-1.26627	-0.891263	-0.820686	-0.627495	-0.627495	-1.58663	-1.46848	-1.16063
2	0.623924	1.00116	1.00116	0.442624	0.80595	0.793545	1.77407	1.77407	0.554608	1.42815	1.12224
2	0.0854722	-0.305694	-0.305694	-0.512421	-0.52033	-0.485639	-0.541693	-0.541693	-0.642064	-0.92203	-0.686797
2	0.748308	-0.785769	-0.785769	-1.39745	-0.938955	-0.972969	-1.39239	-1.39239	-1.751	-1.66384	-1.37599
2	3.53118	0.0875729	0.0875729	-1.24118	-0.328554	-0.341252	0.15518	0.15518	-1.5552	-0.312567	-0.314091
2	0.487304	0.8027	0.8027	0.309089	0.590135	0.563284	1.42239	1.42239	0.387288	1.04573	0.796604
2	0.630466	-1.8832	-1.8832	-2.44465	-2.08163	-2.07343	-3.33704	-3.33704	-3.06315	-3.68867	-2.93228
2	0.603673	-0.537634	-0.537634	-1.08703	-0.73387	-0.753613	-0.952693	-0.952693	-1.36205	-1.30043	-1.06577
2	1.57748	0.665578	0.665578	-0.222532	0.271553	0.195854	1.17941	1.17941	-0.278833	0.481194	0.271264
2	2.53269	-0.679413	-0.679413	-1.80473	-1.61865	-1.54067	-1.20393	-1.20393	-2.26133	-2.66393	-1.97775
2	1.4098	-0.306961	-0.306961	-1.14655	-0.686129	-0.664155	-0.543939	-0.543939	-1.43662	-1.21583	-0.939258
2	0.156415	-0.602335	-0.602335	-0.881991	-0.803169	-0.764549	-1.06734	-1.06734	-1.10513	-1.42322	-1.08124
2	0.131361	0.284011	0.284011	0.027729	0.101329	0.0746018	0.50327	0.50327	0.0347444	0.179556	0.105503
2	0.287841	-1.43088	-1.43088	-1.81025	-1.60686	-1.63572	-2.53553	-2.53553	-2.26824	-2.84738	-2.31325
2	2.48264	0.297932	0.297932	-0.816214	-0.624275	-0.590174	0.527938	0.527938	-1.02272	-0.938552	-0.71115
2	1.40777	-0.0448955	-0.0448955	-0.883875	-0.273113	-0.277951	-0.0795553	-0.0795553	-1.1075	-0.483959	-0.393082
2	0.0602644	-0.0622144	-0.0622144	-0.235801	-0.243029	-0.244607	-0.110245	-0.110245	-0.295458	-0.43065	-0.345927
2	0.0475221	0.138506	0.138506	-0.0156402	-0.0469413	-0.0680362	0.245434	0.245434	-0.0195972	-0.0831804	-0.0962177
2	0.432111	0.801646	0.801646	0.336828	0.613869	0.637701	1.42052	1.42052	0.422046	1.08778	0.901845
2	0.273485	-0.754442	-0.754442	-1.12423	-0.934259	-0.916238	-1.33688	-1.33688	-1.40866	-1.65552	-1.29576
2	1.05062	0.0365515	0.0365515	-0.688233	-0.170961	-0.166593	0.0647696	0.0647696	-0.862356	-0.302945	-0.235598
2	1.03439	-0.394989	-0.394989	-1.11415	-0.607233	-0.596909	-0.699925	-0.699925	-1.39603	-1.07602	-0.844156
2	2.31541	0.283049	0.283049	-0.792917	0.0121241	-0.0321639	0.501566	0.501566	-0.993525	0.0163257	-0.0404996
2	0.474433	-1.05352	-1.05352	-1.54057	-1.244	-1.24412	-1.86685	-1.86685	-1.93033	-2.20437	-1.75945
2	0.424048	-0.606639	-0.606639	-1.0671	-0.794373	-0.798049	-1.07497	-1.07497	-1.33708	-1.40764	-1.12861
2	0.00518878	0.5216	0.5216	0.470665	0.299084	0.330639	0.92428	0.92428	0.589743	0.529979	0.467595
2	0.170596	0.493221	0.493221	0.201163	0.295309	0.312086	0.873992	0.873992	0.252057	0.523291	0.441356
2	0.057526	0.367805	0.367805	0.198209	0.161021	0.16822	0.651754	0.651754	0.248355	0.285331	0.237899
2	0.410512	0.342894	0.342894	-0.110158	0.105493	0.16274	0.607612	0.607612	-0.138028	0.186934	0.230149
2	1.50737	1.10604	1.10604	0.237893	0.834349	0.874396	1.95992	1.95992	0.29808	1.47847	1.23658
2	0.217127	1.28447	1.28447	0.954984	1.08993	1.08546	2.2761	2.2761	1.1966	1.93136	1.53508
2	1.6768	-0.0760288	-0.0760288	-0.991671	-0.356235	-0.319669	-0.134724	-0.134724	-1.24256	-0.631252	-0.452081
2	0.419926	-0.480938	-0.480938	-0.939155	-0.666692	-0.646254	-0.852226	-0.852226	-1.17676	-1.18138	-0.913942
2	0.439575	1.45971	1.45971	0.9909	1.26821	1.25991	2.58663	2.58663	1.2416	2.24728	1.78178
2	0.0242279	0.748746	0.748746	0.638683	0.565468	0.546458	1.32679	1.32679	0.800269	1.00201	0.772808
2	0.368336	0.416783	0.416783	-0.0123651	0.236219	0.236895	0.738544	0.738544	-0.0154934	0.418582	0.335021
2	0.307345	-0.115064	-0.115064	-0.507075	-0.298125	-0.279655	-0.203895	-0.203895	-0.635365	-0.528281	-0.395492
2	1.53945	1.25094	1.25094	0.373605	0.808106	0.850207	2.21668	2.21668	0.468128	1.43197	1.20237
2	0.542054	0.138225	0.138225	-0.382378	-0.0880946	-0.0217851	0.244935	0.244935	-0.47912	-0.156104	-0.0308088
2	2.59692	-0.80807	-0.80807	-1.94757	-1.73323	-1.71402	-1.43191	-1.43191	-2.4403	-2.71357	-2.23773
2	0.016045	0.193971	0.193971	0.104403	-0.0218564	0.00586352	0.343719	0.343719	0.130817	-0.0387298	0.00829227
2	0.0705615	-1.56757	-1.56757	-1.75541	-1.73494	-1.76627	-2.77776	-2.77776	-2.19952	-3.07433	-2.49788
2	1.07821	-1.25777	-1.25777	-1.99201	-1.44702	-1.47644	-2.22878	-2.22878	-2.49599	-2.56413	-2.08801
2	2.22861	-0.468185	-0.468185	-1.52379	-0.758884	-0.77557	-0.829628	-0.829628	-1.90931	-1.21954	-0.927627
2	0.0880526	-0.935443	-0.935443	-1.14527	-1.13376	-1.11239	-1.65761	-1.65761	-1.43502	-2.00903	-1.57316
2	1.11888	-1.08369	-1.08369	-1.83165	-1.32067	-1.27291	-1.92031	-1.92031	-2.29505	-2.34025	-1.80017
2	7.27641	-0.383461	-2.29087	-2.29087	-1.11385	-1.06759	-0.679496	-2.87046	-2.87046	-0.820169	-0.62764
2	3.14682	0.704474	0.704474	-0.549882	-0.508105	-0.445739	1.24834	1.24834	-0.689002	-0.793103	-0.576602
2	0.557712	1.03843	1.03843	0.510361	0.846964	0.843089	1.84011	1.84011	0.639482	1.50083	1.19231
2	0.96412	0.398678	0.398678	-0.295627	0.181997	0.183513	0.706462	0.706462	-0.370421	0.3225	0.259527
2	0.0610747	0.546763	0.546763	0.372014	0.359326	0.343311	0.96887	0.96887	0.466133	0.636729	0.485515
2	1.59129	-0.25605	-0.25605	-1.14804	-0.720549	-0.704667	-0.453723	-0.453723	-1.43849	-1.25767	-0.99655
2	0.0623451	0.105275	0.105275	-0.0712823	-0.0760427	-0.0730138	0.186549	0.186549	-0.0893167	-0.134748	-0.103257
2	1.70206	-0.777473	-0.777473	-1.69999	-1.0769	-1.03837	-1.37769	-1.37769	-2.13008	-1.90828	-1.46848
2	2.42325	0.193368	0.193368	-0.90737	-0.686034	-0.722373	0.34265	0.34265	-1.13694	-0.983152	-0.778691
2	0.0983825	-0.0275999	-0.0275999	-0.249391	-0.236004	-0.249167	-0.0489074	-0.0489074	-0.312487	-0.418201	-0.352375
2	0.11569	0.0396819	0.0396819	-0.200828	-0.143783	-0.137475	0.0703167	0.0703167	-0.251637	-0.254785	-0.194419
2	1.77988	-1.24121	-1.24121	-2.18458	-1.56684	-1.55439	-2.19944	-2.19944	-2.73728	-2.74545	-2.08454
2	0.577667	0.492718	0.492718	-0.0447139	0.298137	0.337196	0.873102	0.873102	-0.0560266	0.528302	0.476867
2	1.24289	0.0392512	0.0392512	-0.749068	-0.220089	-0.171904	0.0695536	0.0695536	-0.938582	-0.389999	-0.243109
2	0.000564302	0.328381	0.328381	0.311584	0.13916	0.159801	0.581894	0.581894	0.390414	0.246593	0.225993
2	0.885994	1.08318	1.08318	0.417595	0.892127	0.928312	1.9194	1.9194	0.523247	1.58086	1.31283
2	0.802027	-0.743742	-0.743742	-1.377	-0.919526	-0.920526	-1.31792	-1.31792	-1.72538	-1.62941	-1.30182
2	0.11375	0.732366	0.732366	0.49388	0.552059	0.570453	1.29776	1.29776	0.618832	0.978253	0.806743
2	0.340816	-0.772674	-0.772674	-1.18548	-0.973269	-0.951564	-1.36919	-1.36919	-1.4854	-1.72464	-1.34572
2	0.357085	0.64656	0.64656	0.224017	0.473766	0.454591	1.14571	1.14571	0.280693	0.839517	0.642888
2	1.19168	0.296974	0.296974	-0.474933	0.0756149	0.113523	0.526241	0.526241	-0.595091	0.13399	0.160546
2	1.04721	0.0789227	0.0789227	-0.644682	-0.104321	-0.107921	0.139852	0.139852	-0.807786	-0.184858	-0.152624
2	0.000793458	-0.67082	-0.67082	-0.690738	-0.870909	-0.893202	-1.1887	-1.1887	-0.865494	-1.54326	-1.26318
2	0.747917	0.859417	0.859417	0.247896	0.666548	0.684687	1.5229	1.5229	0.310614	1.18113	0.968294
2	0.281093	0.318614	0.318614	-0.0562811	0.141597	0.115206	0.564587	0.564587	-0.0705202	0.250912	0.162926
2	1.06262	0.256022	0.256022	-0.472887	0.0595071	0.067477	0.453674	0.453674	-0.592528	0.105447	0.0954269
2	0.609589	0.825011	0.825011	0.272929	0.620832	0.627917	1.46193	1.46193	0.34198	1.10012	0.888009
2	0.22234	0.395314	0.395314	0.0618921	0.175305	0.209316	0.7005	0.7005	0.0775508	0.310641	0.296017
2	1.73966	-0.882853	-0.882853	-1.8155	-1.43899	-1.38959	-1.56442	-1.56442	-2.27482	-2.53517	-1.96518
2	0.248965	0.328685	0.328685	-0.0241361	0.129077	0.124493	0.582432	0.582432	-0.0302425	0.228725	0.17606
2	1.82662	-0.830092	-0.830092	-1.78577	-1.45268	-1.38777	-1.47093	-1.47093	-2.23756	-2.20714	-1.96261
2	0.0591836	0.657365	0.657365	0.485342	0.434266	0.488156	1.16486	1.16486	0.608134	0.769524	0.690357
2	0.356812	-0.32738	-0.32738	-0.749761	-0.515235	-0.510551	-0.580121	-0.580121	-0.939451	-0.913002	-0.722028
2	0.813535	0.915321	0.915321	0.277538	0.702831	0.726092	1.62196	1.62196	0.347755	1.24542	1.02685
2	1.21998	-1.66167	-1.66167	-2.44268	-1.88297	-1.83468	-2.94449	-2.94449	-3.06068	-3.33664	-2.59463
2	1.28265	0.257086	0.257086	-0.543743	-0.0467011	-0.0754081	0.455559	0.455559	-0.68131	-0.0827548	-0.106643
2	0.235047	1.36587	1.36587	1.02305	1.15734	1.20191	2.42034	2.42034	1.28189	2.05081	1.69976
2	0.777849	0.480702	0.480702	-0.142936	0.299256	0.281845	0.851809	0.851809	-0.179099	0.530284	0.39859
2	0.101947	0.250021	0.250021	0.0242469	0.0423909	0.0670246	0.443039	0.443039	0.0303814	0.075117	0.0947872
2	1.1728	0.246769	0.246769	-0.518999	-0.00758532	0.0223595	0.437277	0.437277	-0.650306	-0.0134413	0.0316211
2	0.534636	-0.890889	-0.890889	-1.40792	-1.10535	-1.078	-1.57866	-1.57866	-1.76412	-1.95869	-1.52452
2	1.95805	-1.22596	-1.22596	-2.21542	-1.95534	-1.84777	-2.17241	-2.17241	-2.77592	-1.80139	-2.53863
2	0.105162	0.410372	0.410372	0.181067	0.227438	0.243766	0.727183	0.727183	0.226877	0.403022	0.344738
2	0.257884	0.453179	0.453179	0.0940941	0.262198	0.219528	0.803038	0.803038	0.1179	0.464618	0.310459
2	0.0813989	-1.48046	-1.48046	-1.6822	-1.6457	-1.65026	-2.62338	-2.62338	-2.10779	-2.91619	-2.33382
2	0.0354383	0.0738331	0.0738331	-0.0592802	-0.0797769	-0.116108	0.130833	0.130833	-0.074278	-0.141365	-0.164202
2	0.0428443	1.00215	1.00215	0.855788	0.813116	0.769112	1.77582	1.77582	1.0723	1.44085	1.08769
2	0.386908	0.161286	0.161286	-0.278548	-0.0609761	-0.0318757	0.2858	0.2858	-0.349021	-0.10805	-0.0450791
2	3.28216	0.0801424	0.0801424	-1.2009	-1.20245	-1.1138	0.142013	0.142013	-1.50473	-1.71747	-1.36446
2	0.0163035	0.398304	0.398304	0.308017	0.199258	0.222342	0.705799	0.705799	0.385946	0.353088	0.31444
2	0.462581	0.488626	0.488626	0.00769901	0.284957	0.315929	0.865849	0.865849	0.00964686	0.504946	0.446791
2	0.0382669	-0.663203	-0.663203	-0.801527	-0.860806	-0.848765	-1.1752	-1.1752	-1.00431	-1.52536	-1.20033
2	0.0241294	-1.49107	-1.49107	-1.6009	-1.67941	-1.67141	-2.64218	-2.64218	-2.00593	-2.97594	-2.36373
2	0.616993	1.59826	1.59826	1.04284	1.39526	1.38972	2.83214	2.83214	1.30668	2.47241	1.96536
2	0.736097	0.360234	0.360234	-0.246436	0.18045	0.177574	0.638338	0.638338	-0.308784	0.31976	0.251128
2	1.83067	-0.306103	-0.306103	-1.26283	-0.953384	-0.914197	-0.542417	-0.542417	-1.58233	-1.30109	-1.25488
2	0.509264	-0.603434	-0.603434	-1.10804	-0.758962	-0.81004	-1.06929	-1.06929	-1.38838	-1.34489	-1.14557
2	1.86519	-0.902443	-0.902443	-1.86815	-1.55403	-1.50928	-1.59914	-1.59914	-2.34079	-2.5532	-2.05679
2	0.910894	0.245005	0.245005	-0.429863	0.0469034	0.0546322	0.434152	0.434152	-0.538618	0.0831132	0.0772616
2	0.0187052	0.775345	0.775345	0.678636	0.550628	0.58795	1.37392	1.37392	0.850331	0.975718	0.831486
2	0.188155	1.30435	1.30435	0.997628	1.12597	1.11738	2.31132	2.31132	1.25003	1.99522	1.58021
2	2.7701	0.986404	0.986404	-0.190477	-0.146924	-0.0369488	1.74792	1.74792	-0.238668	-0.196849	-0.0436748
2	0.99417	1.29755	1.29755	0.592504	1.09877	1.1117	2.29926	2.29926	0.742407	1.94703	1.57218
2	1.18556	-0.120887	-0.120887	-0.890809	-0.406745	-0.367917	-0.214213	-0.214213	-1.11618	-0.720757	-0.520313
2	0.385053	-0.263655	-0.263655	-0.702433	-0.46503	-0.438939	-0.467199	-0.467199	-0.880149	-0.824038	-0.620754
2	0.230322	-0.525945	-0.525945	-0.865299	-0.705226	-0.690666	-0.93198	-0.93198	-1.08422	-1.24967	-0.976749
2	1.127	0.0150126	0.0150126	-0.735654	-0.186299	-0.18172	0.0266025	0.0266025	-0.921775	-0.330124	-0.256991
2	3.85651	-0.678769	-2.06739	-2.06739	-1.00808	-1.02678	-1.20279	-2.59043	-2.59043	-1.18898	-0.896576
2	0.553098	-0.421832	-0.421832	-0.947711	-0.601042	-0.588248	-0.74749	-0.74749	-1.18748	-1.06505	-0.831908
2	0.00620337	0.0924766	0.0924766	0.0367838	-0.0888025	-0.0943296	0.163869	0.163869	0.0460901	-0.157359	-0.133402
2	0.319552	0.437052	0.437052	0.0373322	0.205253	0.267488	0.774461	0.774461	0.0467773	0.36371	0.378286
2	0.00849909	-0.468753	-0.468753	-0.533941	-0.662545	-0.628273	-0.830635	-0.830635	-0.669029	-1.17404	-0.888512
2	0.0858184	-0.0881506	-0.0881506	-0.295296	-0.289535	-0.277832	-0.156204	-0.156204	-0.370006	-0.513059	-0.392914
2	0.00319856	-1.59623	-1.59623	-1.63623	-1.79263	-1.78633	-2.82854	-2.82854	-2.05019	-3.17655	-2.52625
2	0.169272	-0.70655	-0.70655	-0.997472	-0.879197	-0.897412	-1.25201	-1.25201	-1.24983	-1.55795	-1.26913
2	0.196783	-0.410996	-0.410996	-0.724671	-0.642885	-0.589528	-0.72829	-0.72829	-0.908013	-1.1392	-0.833719
2	1.6899	0.415285	0.415285	-0.503927	-0.135791	-0.0496699	0.73589	0.73589	-0.63142	-0.216674	-0.0702439
2	0.780113	0.93221	0.93221	0.307665	0.764905	0.766803	1.65189	1.65189	0.385504	1.35542	1.08442
2	2.1143	-0.515529	-0.515529	-1.54371	-0.791239	-0.794827	-0.913523	-0.913523	-1.93427	-1.35535	-1.03432
2	0.192796	-0.51409	-0.51409	-0.824571	-0.722799	-0.667289	-0.910973	-0.910973	-1.03319	-1.28081	-0.943689
2	0.47201	1.222	1.222	0.736198	1.03166	1.02651	2.1654	2.1654	0.922456	1.82811	1.45171
2	0.147717	0.293172	0.293172	0.0214026	0.0810793	0.120414	0.519503	0.519503	0.0268175	0.143673	0.170291
2	0.536125	-0.153406	-0.153406	-0.671153	-0.339749	-0.344106	-0.271836	-0.271836	-0.840955	-0.602039	-0.486639
2	0.489266	-0.491922	-0.491922	-0.986525	-0.710575	-0.654118	-0.87169	-0.87169	-1.23612	-1.25915	-0.925062
2	5.01366	-0.114535	-1.69783	-1.69783	-0.635245	-0.547918	-0.202957	-2.12738	-2.12738	-0.545327	-0.403653
2	0.06446	0.145143	0.145143	-0.0343843	-0.0412838	-0.0170354	0.257194	0.257194	-0.0430836	-0.0731552	-0.0240917
2	0.513927	0.605921	0.605921	0.0990048	0.415857	0.406033	1.0737	1.0737	0.124053	0.736903	0.574217
2	0.173542	1.52921	1.52921	1.23464	1.32673	1.34283	2.70978	2.70978	1.54701	2.35098	1.89905
2	2.20776	0.527802	0.527802	-0.522854	0.213484	0.1674	0.935271	0.935271	-0.655136	0.347317	0.142529
2	0.351805	0.311805	0.311805	-0.107602	0.115949	0.109206	0.552521	0.552521	-0.134826	0.205463	0.154441
2	0.891672	0.287745	0.287745	-0.379965	0.0875018	0.0936185	0.509887	0.509887	-0.476096	0.155054	0.132397
2	2.76259	0.666963	0.666963	-0.508322	-0.351907	-0.309948	1.18186	1.18186	-0.636927	-0.571516	-0.397941
2	0.0537214	-1.00907	-1.00907	-1.17296	-1.19116	-1.20297	-1.78809	-1.78809	-1.46972	-2.11076	-1.70125
2	0.173009	-0.129643	-0.129643	-0.42376	-0.335825	-0.329408	-0.229729	-0.229729	-0.530971	-0.595086	-0.465853
2	0.117832	-0.120431	-0.120431	-0.363158	-0.270584	-0.325929	-0.213405	-0.213405	-0.455037	-0.479477	-0.460933
2	0.407881	-0.478844	-0.478844	-0.930442	-0.685976	-0.703513	-0.848516	-0.848516	-1.16584	-1.21556	-0.994917
2	0.66501	-0.855801	-0.855801	-1.43243	-1.05618	-1.04951	-1.51649	-1.51649	-1.79484	-1.87156	-1.48423
2	0.885135	1.14531	1.14531	0.480048	0.941591	0.976233	2.02949	2.02949	0.6015	1.66851	1.3806
2	1.42813	-0.855779	-0.855779	-1.7008	-1.10142	-1.11553	-1.51645	-1.51645	-2.13111	-1.95172	-1.5776
2	0.562445	0.443866	0.443866	-0.0864383	0.258883	0.249049	0.786535	0.786535	-0.108307	0.458743	0.352209
2	0.852319	-0.198515	-0.198515	-0.851324	-0.407606	-0.413757	-0.35177	-0.35177	-1.06671	-0.722282	-0.585141
2	6.5169	-0.390989	-2.19611	-2.19611	-2.30858	-2.27541	-0.692837	-2.75172	-2.75172	-3.59347	-2.70441
2	0.109064	-0.478396	-0.478396	-0.711917	-0.699284	-0.688729	-0.847722	-0.847722	-0.892032	-1.23914	-0.974011
2	1.29676	0.215425	0.215425	-0.589795	-0.113924	-0.118914	0.381736	0.381736	-0.739013	-0.201874	-0.16817
2	1.34525	-0.578925	-0.578925	-1.39906	-0.883512	-0.894615	-1.02586	-1.02586	-1.75302	-1.56559	-1.26518
2	0.771829	0.81039	0.81039	0.18917	0.623912	0.60985	1.43602	1.43602	0.23703	1.10558	0.862458
2	0.00348351	-1.32722	-1.32722	-1.36896	-1.53822	-1.55958	-2.35185	-2.35185	-1.7153	-2.72574	-2.20558
2	2.96711	-0.470352	-0.470352	-1.68837	-1.5472	-1.5783	-0.833468	-0.833468	-2.11552	-2.33715	-1.94798
2	0.861717	-0.432313	-0.432313	-1.08871	-0.647722	-0.597607	-0.766062	-0.766062	-1.36415	-1.14777	-0.845144
2	2.51051	-0.938558	-0.938558	-2.05894	-1.93943	-1.8879	-1.66313	-1.66313	-2.57985	-2.51695	-2.15888
2	0.422645	-0.0708036	-0.0708036	-0.530502	-0.269321	-0.257301	-0.125465	-0.125465	-0.664719	-0.477239	-0.363879
2	0.00939004	-0.123008	-0.123008	-0.191528	-0.327344	-0.31602	-0.217971	-0.217971	-0.239985	-0.580056	-0.44692
2	4.89442	0.325964	-1.23839	-1.23839	-0.147576	-0.045047	0.577611	-1.55171	-1.55171	-0.137317	-0.0340843
2	0.588361	-0.56131	-0.56131	-1.10369	-0.784713	-0.765701	-0.994648	-0.994648	-1.38293	-1.39052	-1.08286
2	0.943976	0.250101	0.250101	-0.436913	0.0235654	0.0776696	0.443181	0.443181	-0.547453	0.0417581	0.109841
2	3.31682	0.667783	0.667783	-0.620009	0.24365	0.324746	1.18332	1.18332	-0.776872	0.278555	0.282831
2	3.9385	-0.716257	-2.11956	-2.11956	-2.11757	-2.04687	-1.26921	-2.65581	-2.65581	-3.18098	-2.67712
2	0.240739	0.0292643	0.0292643	-0.317679	-0.172138	-0.19165	0.0518566	0.0518566	-0.398051	-0.305031	-0.271034
2	2.03717	0.509543	0.509543	-0.499706	-0.195784	-0.188109	0.902916	0.902916	-0.626132	-0.280371	-0.252275
2	0.363468	-0.191651	-0.191651	-0.617953	-0.365367	-0.414442	-0.339607	-0.339607	-0.774295	-0.647434	-0.58611
2	0.161153	-0.0911208	-0.0911208	-0.374981	-0.276307	-0.298745	-0.161467	-0.161467	-0.469851	-0.489619	-0.422489
2	0.239457	-0.681414	-0.681414	-1.02743	-0.886616	-0.890994	-1.20747	-1.20747	-1.28737	-1.57109	-1.26006
2	0.526094	1.31779	1.31779	0.80491	1.11696	1.14583	2.33514	2.33514	1.00855	1.97926	1.62045
2	0.938353	-0.539909	-0.539909	-1.22487	-0.693432	-0.722314	-0.956723	-0.956723	-1.53477	-1.22877	-1.02151
2	0.0428075	0.68297	0.68297	0.536669	0.488225	0.493054	1.21023	1.21023	0.672447	0.86514	0.697284
2	0.372913	-0.401825	-0.401825	-0.833631	-0.569281	-0.600311	-0.712038	-0.712038	-1.04454	-1.00877	-0.848968
2	0.245767	0.0204111	0.0204111	-0.330136	-0.154792	-0.175862	0.0361686	0.0361686	-0.41366	-0.274294	-0.248706
2	4.071	0.216591	-1.21012	-1.21012	-1.17515	-1.20999	0.383802	-1.51628	-1.51628	-2.05953	-1.51221
2	1.49112	0.710046	0.710046	-0.153412	0.45471	0.456455	1.25821	1.25821	-0.192225	0.786167	0.645525
2	0.254213	-1.2818	-1.2818	-1.63832	-1.47906	-1.44736	-2.27136	-2.27136	-2.05282	-2.62091	-2.04688
2	0.833875	-0.561364	-0.561364	-1.20707	-0.774552	-0.761642	-0.994743	-0.994743	-1.51246	-1.37251	-1.07712
2	0.019274	-0.208499	-0.208499	-0.306667	-0.374871	-0.386398	-0.369462	-0.369462	-0.384254	-0.664276	-0.546449
2	0.48585	-0.717232	-0.717232	-1.21011	-0.897136	-0.911402	-1.27094	-1.27094	-1.51626	-1.58973	-1.28892
2	0.0129278	1.00588	1.00588	0.925485	0.787938	0.815913	1.78243	1.78243	1.15963	1.39623	1.15387
2	1.3234	0.0277489	0.0277489	-0.785699	-0.229942	-0.223051	0.0491713	0.0491713	-0.984481	-0.40746	-0.315442
2	0.390821	0.199405	0.199405	-0.242648	0.0452772	0.0249659	0.353348	0.353348	-0.304037	0.0802317	0.0353072
2	0.568246	-0.18736	-0.18736	-0.720392	-0.402861	-0.387855	-0.332004	-0.332004	-0.902651	-0.713874	-0.54851
2	0.433069	0.847597	0.847597	0.382264	0.654821	0.649967	1.50195	1.50195	0.478977	1.16035	0.919192
2	0.0770422	-0.349197	-0.349197	-0.545465	-0.547732	-0.53336	-0.61878	-0.61878	-0.683467	-0.970585	-0.754285
2	0.739379	-1.04055	-1.04055	-1.64857	-1.21868	-1.22953	-1.84387	-1.84387	-2.06566	-2.15952	-1.73882
2	1.04334	-0.126036	-0.126036	-0.848305	-0.320053	-0.29924	-0.223336	-0.223336	-1.06293	-0.567137	-0.423189
2	0.0552431	-0.772474	-0.772474	-0.938671	-0.968497	-0.982019	-1.36883	-1.36883	-1.17615	-1.71619	-1.38878
2	0.440179	-0.168368	-0.168368	-0.637505	-0.37503	-0.338158	-0.298351	-0.298351	-0.798794	-0.664557	-0.478227
2	0.00246147	-0.237485	-0.237485	-0.272567	-0.409315	-0.410359	-0.420826	-0.420826	-0.341526	-0.72531	-0.580336
2	0.0283289	0.295096	0.295096	0.176082	0.130357	0.131369	0.522914	0.522914	0.220631	0.230993	0.185785
2	0.0094391	-0.465431	-0.465431	-0.534129	-0.613289	-0.676863	-0.824747	-0.824747	-0.669264	-1.08675	-0.957229
2	0.0571199	-0.173354	-0.173354	-0.342351	-0.345654	-0.365923	-0.307186	-0.307186	-0.428966	-0.612502	-0.517493
2	0.0168133	-1.40892	-1.40892	-1.50061	-1.6423	-1.59519	-2.49662	-2.49662	-1.88026	-2.91018	-2.25595
2	1.92052	0.0949513	0.0949513	-0.884976	-0.558968	-0.487131	0.168255	0.168255	-1.10888	-0.900882	-0.615509
2	0.244098	-0.187699	-0.187699	-0.537054	-0.400994	-0.39954	-0.332604	-0.332604	-0.672929	-0.710565	-0.565035
2	0.202767	0.182438	0.182438	-0.135969	-0.0457599	-0.0185526	0.323283	0.323283	-0.17037	-0.081087	-0.0262373
2	0.462187	0.354519	0.354519	-0.126203	0.180543	0.166744	0.628211	0.628211	-0.158133	0.319924	0.235812
2	1.92227	0.704477	0.704477	-0.275897	0.425647	0.400069	1.24834	1.24834	-0.345699	0.67417	0.549873
2	0.0455188	-0.165315	-0.165315	-0.316177	-0.379658	-0.3235	-0.29294	-0.29294	-0.39617	-0.672757	-0.457499
2	0.266929	-0.213906	-0.213906	-0.579234	-0.421964	-0.416707	-0.379044	-0.379044	-0.72578	-0.747724	-0.589313
2	0.228187	0.786007	0.786007	0.44823	0.593821	0.585369	1.39281	1.39281	0.561632	1.05226	0.827836
2	1.63566	0.086553	0.086553	-0.817785	-0.171151	-0.165156	0.153373	0.153373	-1.02469	-0.303282	-0.233566
2	0.934395	0.157477	0.157477	-0.526041	-0.0196208	-0.0533724	0.279052	0.279052	-0.65913	-0.0347682	-0.07548
2	2.01469	1.07588	1.07588	0.0722103	0.383395	0.464473	1.90646	1.90646	0.0904795	0.607075	0.632324
2	1.57024	1.21952	1.21952	0.333449	0.942916	1.01414	2.161	2.161	0.417811	1.67086	1.43421
2	2.17623	-0.19916	-0.19916	-1.24229	-0.507854	-0.505478	-0.352913	-0.352913	-1.55659	-0.724834	-0.627581
2	0.089468	0.0639097	0.0639097	-0.147594	-0.0877376	-0.139324	0.113249	0.113249	-0.184936	-0.155472	-0.197034
2	0.000369099	0.621642	0.621642	0.608057	0.423085	0.439742	1.10155	1.10155	0.761895	0.74971	0.621889
2	0.265099	1.55529	1.55529	1.19122	1.387	1.36669	2.75599	2.75599	1.4926	2.45777	1.93279
2	1.30295	1.17492	1.17492	0.367774	0.87452	0.88406	2.08196	2.08196	0.460821	1.54966	1.25025
2	1.3714	0.634292	0.634292	-0.193777	0.435966	0.414315	1.12397	1.12397	-0.242802	0.772536	0.58593
2	0.355351	-0.186835	-0.186835	-0.60835	-0.396868	-0.381076	-0.331073	-0.331073	-0.762263	-0.703253	-0.538923
2	0.0263639	-0.427247	-0.427247	-0.542059	-0.616445	-0.609016	-0.757085	-0.757085	-0.6792	-1.09235	-0.861279
2	0.26423	0.333946	0.333946	-0.0295302	0.124714	0.0897687	0.591756	0.591756	-0.0370014	0.220994	0.126952
2	0.526055	0.688172	0.688172	0.17531	0.482866	0.498441	1.21945	1.21945	0.219663	0.855643	0.704902
2	0.0243799	0.0115867	0.0115867	-0.0988214	-0.181044	-0.182545	0.0205317	0.0205317	-0.123823	-0.320811	-0.258158
2	0.36522	0.804541	0.804541	0.377213	0.569908	0.593759	1.42565	1.42565	0.472647	1.00988	0.839702
2	0.0182121	0.0783282	0.0783282	-0.0170973	-0.112171	-0.105962	0.138798	0.138798	-0.0214229	-0.198769	-0.149853
2	0.00701287	-0.357711	-0.357711	-0.416926	-0.542067	-0.569437	-0.633867	-0.633867	-0.522408	-0.960548	-0.805305
2	0.810051	-0.466972	-0.466972	-1.10339	-0.653403	-0.656215	-0.827479	-0.827479	-1.38255	-1.15784	-0.928028
2	4.9755	-0.511376	-2.08864	-2.08864	-1.01239	-1.05548	-0.906164	-2.61706	-2.61706	-0.869963	-0.615921
2	0.259404	-0.596723	-0.596723	-0.956865	-0.81045	-0.78701	-1.0574	-1.0574	-1.19895	-1.43612	-1.113
2	1.74712	0.856911	0.856911	-0.0777326	0.630554	0.58687	1.51846	1.51846	-0.0973989	1.11735	0.815408
2	0.242705	0.245768	0.245768	-0.102589	0.059995	0.00644822	0.435503	0.435503	-0.128544	0.106312	0.00911916
2	0.00202464	-1.44781	-1.44781	-1.47963	-1.60716	-1.62777	-2.56553	-2.56553	-1.85397	-2.84791	-2.30201
2	0.0832134	0.527336	0.527336	0.323359	0.341673	0.345047	0.934444	0.934444	0.405168	0.605447	0.48797
2	0.291496	0.0128103	0.0128103	-0.368959	-0.187763	-0.171888	0.0227	0.0227	-0.462306	-0.332719	-0.243087
2	0.263487	2.33642	2.33642	1.97346	2.11246	2.12832	4.14016	4.14016	2.47274	3.7433	3.0099
2	3.47781	0.0179438	0.0179438	-1.30073	-1.23821	-1.2215	0.0317966	0.0317966	-1.62982	-1.80323	-1.65729
2	0.179448	-0.479247	-0.479247	-0.778787	-0.656717	-0.637239	-0.84923	-0.84923	-0.97582	-1.16371	-0.901192
2	0.247525	0.352288	0.352288	0.000488934	0.149599	0.173194	0.624257	0.624257	0.000612635	0.265091	0.244933
2	1.25433	-0.851233	-0.851233	-1.64317	-1.0695	-1.03596	-1.50839	-1.50839	-2.05889	-1.89516	-1.46507
2	0.16709	-0.332466	-0.332466	-0.621507	-0.565662	-0.547209	-0.589133	-0.589133	-0.778749	-1.00236	-0.773871
2	0.00973984	1.74424	1.74424	1.67445	1.54961	1.54524	3.0908	3.0908	2.09809	2.74593	2.18529
2	1.24823	0.433753	0.433753	-0.356258	0.123174	0.122278	0.768614	0.768614	-0.446391	0.218265	0.172927
2	0.0456762	-0.147151	-0.147151	-0.298274	-0.351917	-0.319559	-0.260754	-0.260754	-0.373738	-0.6236	-0.451924
2	0.40263	1.03378	1.03378	0.585101	0.834328	0.878633	1.83187	1.83187	0.733131	1.47844	1.24257
2	0.131997	-0.836268	-0.836268	-1.09317	-1.04424	-1.03838	-1.48188	-1.48188	-1.36974	-1.8504	-1.4685
2	1.89865	-0.0965788	-0.0965788	-1.07091	-0.777709	-0.742667	-0.171139	-0.171139	-1.34185	-1.11041	-0.885948
2	0.00218746	-0.216763	-0.216763	-0.249835	-0.41543	-0.39934	-0.384106	-0.384106	-0.313043	-0.736146	-0.564752
2	3.11524	-0.590498	-0.590498	-1.83855	-1.77394	-1.71985	-1.04637	-1.04637	-2.3037	-2.51706	-2.29001
2	3.81874	0.0652701	0.0652701	-1.31653	-1.31307	-1.28462	0.115659	0.115659	-1.64961	-1.98045	-1.59382
2	0.599429	0.869911	0.869911	0.322449	0.648084	0.688369	1.54149	1.54149	0.404029	1.14841	0.973501
2	0.616645	1.17001	1.17001	0.614741	0.933812	0.977689	2.07327	2.07327	0.77027	1.65472	1.38266
2	0.924293	-1.63041	-1.63041	-2.31023	-1.86942	-1.8024	-2.88911	-2.88911	-2.89472	-3.31264	-2.54899
2	1.10381	0.323432	0.323432	-0.41947	0.158382	0.0946846	0.573125	0.573125	-0.525596	0.280654	0.120745
2	2.51122	-0.608889	-0.608889	-1.72943	-1.55908	-1.55137	-1.07896	-1.07896	-2.16697	-2.47181	-1.84632
2	0.459606	-0.948929	-0.948929	-1.42831	-1.13803	-1.1113	-1.68151	-1.68151	-1.78967	-2.01659	-1.57161
2	1.81345	1.70126	1.70126	0.749036	1.11766	1.12377	3.01465	3.01465	0.938542	1.98051	1.36872
2	3.54626	-0.767985	-0.767985	-2.09957	-1.22225	-1.0812	-1.36088	-1.36088	-2.63077	-1.33503	-1.04298
2	0.405456	0.328668	0.328668	-0.121586	0.154564	0.12597	0.582402	0.582402	-0.152347	0.27389	0.178148
2	0.023372	1.27972	1.27972	1.17162	1.0814	1.06852	2.26767	2.26767	1.46804	1.91624	1.51112
2	0.851075	0.0562084	0.0562084	-0.596124	-0.121097	-0.146727	0.0996018	0.0996018	-0.746943	-0.214585	-0.207503
2	0.218468	0.242636	0.242636	-0.0878699	0.0336491	0.0728813	0.429953	0.429953	-0.110101	0.0596265	0.10307
2	2.56171	0.243658	0.243658	-0.888091	-0.0178756	-0.0523217	0.431764	0.431764	-1.11278	-0.0252287	-0.0581196
2	2.32322	-0.302938	-0.302938	-1.38072	-1.18612	-1.07284	-0.536808	-0.536808	-1.73004	-1.70288	-1.50222
2	0.711811	0.292115	0.292115	-0.304464	0.0822094	0.105807	0.51763	0.51763	-0.381493	0.145676	0.149633
2	0.582158	-0.32988	-0.32988	-0.869398	-0.507598	-0.513926	-0.584551	-0.584551	-1.08936	-0.899468	-0.726801
2	1.4646	1.09253	1.09253	0.23678	0.725973	0.685735	1.93597	1.93597	0.296685	1.28643	0.969776
2	0.0369952	-1.65842	-1.65842	-1.79443	-1.85246	-1.86116	-2.93874	-2.93874	-2.24842	-3.28258	-2.63207
2	1.04997	1.06441	1.06441	0.33985	0.867916	0.904466	1.88614	1.88614	0.425832	1.53795	1.27911
2	0.155817	-0.364252	-0.364252	-0.643373	-0.591081	-0.553115	-0.645458	-0.645458	-0.806146	-1.0474	-0.782222
2	2.3462	-0.357917	-0.357917	-1.44102	-0.756547	-0.64742	-0.634233	-0.634233	-1.80559	-1.05638	-0.801684
2	0.569397	-0.76442	-0.76442	-1.29799	-0.939548	-0.972386	-1.35456	-1.35456	-1.62638	-1.66489	-1.37516
2	4.24762	0.182788	-1.27454	-1.27454	-1.28904	-1.32257	0.323903	-1.597	-1.597	-2.00276	-1.60388
2	1.00051	1.5278	1.5278	0.820515	1.34505	1.33467	2.70728	2.70728	1.0281	2.38344	1.88751
2	2.7093	1.90673	1.90673	0.742841	0.924783	0.868607	3.37875	3.37875	0.93078	1.45002	1.03134
2	0.815964	-0.568447	-0.568447	-1.20718	-0.767894	-0.766689	-1.00729	-1.00729	-1.5126	-1.36072	-1.08426
2	0.215261	0.00700642	0.00700642	-0.321064	-0.138786	-0.173045	0.0124154	0.0124154	-0.402293	-0.24593	-0.244723
2	0.274422	-0.36332	-0.36332	-0.73374	-0.608897	-0.566736	-0.643806	-0.643806	-0.919376	-1.07897	-0.801485
2	0.560826	1.20578	1.20578	0.676243	0.997019	1.01834	2.13666	2.13666	0.847333	1.76673	1.44014
2	0.0175703	0.428215	0.428215	0.334486	0.248743	0.241478	0.758801	0.758801	0.419111	0.440776	0.341502
2	0.0212413	-0.0181644	-0.0181644	-0.121221	-0.166499	-0.225551	-0.0321875	-0.0321875	-0.15189	-0.295038	-0.318977
2	7.74273	-0.210175	-2.17775	-2.17775	-2.26821	-2.26611	-0.372431	-2.72872	-2.72872	-3.61864	-2.96805
2	0.251096	0.484645	0.484645	0.130317	0.265246	0.285367	0.858796	0.858796	0.163288	0.470018	0.403571
2	0.0147945	-0.558562	-0.558562	-0.644569	-0.758655	-0.740115	-0.989777	-0.989777	-0.807645	-1.34434	-1.04668
2	1.17874	0.595878	0.595878	-0.171826	0.389335	0.396063	1.0559	1.0559	-0.215298	0.689905	0.560117
2	1.27242	0.181734	0.181734	-0.615894	-0.0161277	-0.06292	0.322035	0.322035	-0.771716	-0.0285784	-0.0889824
2	1.78289	-0.532875	-0.532875	-1.47704	-0.764333	-0.795616	-0.94426	-0.94426	-1.85073	-1.35441	-1.12517
2	0.00611913	-0.446352	-0.446352	-0.501665	-0.606199	-0.637995	-0.79094	-0.79094	-0.628586	-1.07419	-0.902261
2	0.592977	-0.680439	-0.680439	-1.22495	-0.871298	-0.866554	-1.20574	-1.20574	-1.53486	-1.54395	-1.22549
2	0.576203	0.129355	0.129355	-0.407396	-0.048192	-0.0332273	0.229218	0.229218	-0.510467	-0.0853968	-0.0469905
2	0.0010304	1.10162	1.10162	1.07892	0.912519	0.931292	1.95208	1.95208	1.35189	1.61699	1.31705
2	1.30837	-0.881103	-0.881103	-1.68992	-1.10866	-1.09315	-1.56132	-1.56132	-2.11747	-1.96456	-1.54595
2	0.326008	-0.45812	-0.45812	-0.861858	-0.660453	-0.637464	-0.811793	-0.811793	-1.07991	-1.17033	-0.90151
2	0.58204	0.308557	0.308557	-0.230906	0.108034	0.0880776	0.546766	0.546766	-0.289325	0.191438	0.12456
2	0.0187456	-0.211071	-0.211071	-0.307884	-0.405131	-0.420061	-0.37402	-0.37402	-0.385779	-0.717895	-0.594057
2	2.86385	-0.434771	-0.434771	-1.6314	-1.49845	-1.46599	-0.770418	-0.770418	-2.04415	-2.17353	-1.83847
2	0.330271	-0.648086	-0.648086	-1.05445	-0.864596	-0.832011	-1.14841	-1.14841	-1.32123	-1.53207	-1.17664
2	1.27787	-1.64731	-1.64731	-2.44664	-1.89902	-1.8769	-2.91905	-2.91905	-3.06564	-3.36509	-2.65434
2	2.1328	0.740239	0.740239	-0.292427	-0.034479	-0.00862961	1.31171	1.31171	-0.366411	-0.0532546	-0.0105382
2	4.89541	-0.168871	-1.73339	-1.73339	-0.657569	-0.5909	-0.299241	-2.17193	-2.17193	-0.597611	-0.408126
2	0.0280353	0.439665	0.439665	0.321269	0.231968	0.25536	0.779091	0.779091	0.40255	0.41105	0.361133
2	0.331107	0.401943	0.401943	-0.00493939	0.201436	0.224383	0.712247	0.712247	-0.00618906	0.356946	0.317325
2	0.957829	0.87023	0.87023	0.178193	0.686077	0.669243	1.54206	1.54206	0.223276	1.21574	0.946452
2	0.0269695	0.829154	0.829154	0.71303	0.639805	0.617563	1.46927	1.46927	0.893427	1.13374	0.873366
2	0.00389141	-0.700009	-0.700009	-0.744119	-0.907107	-0.88268	-1.24042	-1.24042	-0.932381	-1.6074	-1.2483
2	0.0374674	-0.432724	-0.432724	-0.569595	-0.607193	-0.618711	-0.766791	-0.766791	-0.713702	-1.07595	-0.87499
2	0.466175	-0.681368	-0.681368	-1.16416	-0.899547	-0.873585	-1.20739	-1.20739	-1.45869	-1.59401	-1.23544
2	2.52328	-0.541606	-0.541606	-1.66483	-0.890454	-0.816661	-0.959731	-0.959731	-2.08604	-1.27143	-1.02325
2	0.146722	0.852383	0.852383	0.581531	0.64192	0.657722	1.51043	1.51043	0.728658	1.13749	0.93016
2	0.621011	0.474497	0.474497	-0.0827335	0.273138	0.300287	0.840813	0.840813	-0.103665	0.484003	0.424669
2	5.00352	-0.590505	-2.1722	-2.1722	-2.21037	-2.21902	-1.04638	-2.72177	-2.72177	-3.79128	-3.09134
2	1.44489	-0.926656	-0.926656	-1.77662	-1.16031	-1.14243	-1.64204	-1.64204	-2.22611	-2.05608	-1.61564
2	0.334475	0.226204	0.226204	-0.182743	0.0632385	0.0546304	0.400835	0.400835	-0.228977	0.112059	0.077259
2	0.436208	0.48955	0.48955	0.0225338	0.302567	0.291309	0.867487	0.867487	0.0282349	0.536152	0.411974
2	0.448977	-0.428098	-0.428098	-0.9019	-0.647839	-0.620489	-0.758593	-0.758593	-1.13008	-1.14798	-0.877504
2	0.0034038	0.127861	0.127861	0.0866066	-0.0612805	-0.0364415	0.22657	0.22657	0.108518	-0.10859	-0.051536
2	0.106626	-0.751642	-0.751642	-0.982539	-0.955115	-0.952389	-1.33192	-1.33192	-1.23112	-1.69247	-1.34688
2	1.47926	-0.736638	-0.736638	-1.59665	-1.03679	-1.0169	-1.30533	-1.30533	-2.00061	-1.66969	-1.43812
2	0.80717	0.626151	0.626151	-0.00913232	0.433282	0.446805	1.10955	1.10955	-0.0114428	0.767779	0.631877
2	6.36195	-0.434526	-2.21805	-2.21805	-1.06294	-1.09238	-0.769984	-2.77922	-2.77922	-0.900549	-0.641529
2	2.47776	0.185553	0.185553	-0.927498	-0.731818	-0.690892	0.328802	0.328802	-1.16215	-1.14627	-0.926376
2	0.0330167	-0.288406	-0.288406	-0.416891	-0.494415	-0.498883	-0.511059	-0.511059	-0.522365	-0.876109	-0.705528
2	0.0271987	0.960757	0.960757	0.844141	0.773985	0.765857	1.70247	1.70247	1.05771	1.37151	1.08308
2	0.416833	0.981854	0.981854	0.525327	0.777575	0.815361	1.73985	1.73985	0.658235	1.37787	1.15309
2	0.319082	-0.320967	-0.320967	-0.720393	-0.469065	-0.518152	-0.568756	-0.568756	-0.902652	-0.831187	-0.732777
2	0.148344	2.03159	2.03159	1.75924	1.8201	1.83786	3.59999	3.59999	2.20433	3.22524	2.59913
2	1.99108	-0.195993	-0.195993	-1.19376	-0.47608	-0.512948	-0.347302	-0.347302	-1.49578	-0.772365	-0.619775
2	0.0578545	0.208378	0.208378	0.0382979	0.0390727	-0.0064194	0.369248	0.369248	0.0479873	0.0692372	-0.0090784
2	0.00998423	-0.146004	-0.146004	-0.216659	-0.356765	-0.324705	-0.25872	-0.25872	-0.271473	-0.632191	-0.459203
2	0.275579	1.20965	1.20965	0.838447	1.04843	1.02902	2.14351	2.14351	1.05057	1.85783	1.45526
2	0.0243772	-0.0775628	-0.0775628	-0.187965	-0.267349	-0.265565	-0.137442	-0.137442	-0.23552	-0.473746	-0.375566
2	0.26871	-0.0255438	-0.0255438	-0.392089	-0.222591	-0.204971	-0.0452639	-0.0452639	-0.491287	-0.394433	-0.289873
2	1.04798	-0.509042	-0.509042	-1.23291	-0.732346	-0.710292	-0.902027	-0.902027	-1.54484	-1.29772	-1.0045
2	0.0232605	-0.593351	-0.593351	-0.701195	-0.821887	-0.795023	-1.05142	-1.05142	-0.878597	-1.45639	-1.12433
2	1.13305	-0.167529	-0.167529	-0.920208	-0.39359	-0.373915	-0.296862	-0.296862	-1.15302	-0.697445	-0.528796
2	1.34267	0.997945	0.997945	0.178595	0.685602	0.655319	1.76837	1.76837	0.22378	1.21489	0.926761
2	3.42303	-0.761202	-0.761202	-2.06945	-2.09703	-1.95205	-1.34886	-1.34886	-2.59302	-3.30425	-2.5066
2	1.08446	-0.14791	-0.14791	-0.884274	-0.395148	-0.362565	-0.262098	-0.262098	-1.10799	-0.700207	-0.512745
2	1.1139	-0.113821	-0.113821	-0.860112	-0.329485	-0.312365	-0.201692	-0.201692	-1.07772	-0.58385	-0.441751
2	0.252973	0.824017	0.824017	0.468367	0.63087	0.629046	1.46017	1.46017	0.586864	1.11791	0.889606
2	0.181828	1.64621	1.64621	1.34469	1.39907	1.45227	2.9171	2.9171	1.6849	2.47917	2.05382
2	0.886099	0.679892	0.679892	0.0142725	0.495245	0.46335	1.20478	1.20478	0.0178834	0.87758	0.655276
2	0.00440709	0.15509	0.15509	0.108148	-0.0307253	-0.0266676	0.274821	0.274821	0.13551	-0.0544455	-0.0377137
2	0.0268015	0.498676	0.498676	0.382914	0.275106	0.316346	0.883658	0.883658	0.479791	0.487491	0.447381
2	0.00170412	0.348373	0.348373	0.319183	0.138428	0.164404	0.61732	0.61732	0.399936	0.245295	0.232502
2	0.29563	-1.25333	-1.25333	-1.6378	-1.48325	-1.48119	-2.22092	-2.22092	-2.05216	-2.62834	-2.09472
2	1.01316	-0.445173	-0.445173	-1.15692	-0.624141	-0.637508	-0.788851	-0.788851	-1.44962	-1.10598	-0.901572
2	0.00255269	-1.80073	-1.80073	-1.83646	-2.00636	-1.98384	-3.19091	-3.19091	-2.30108	-3.55528	-2.80557
2	1.16838	0.126692	0.126692	-0.63763	-0.0931351	-0.0760242	0.224499	0.224499	-0.79895	-0.165036	-0.107514
2	2.27555	0.450476	0.450476	-0.616189	0.135129	0.148868	0.798248	0.798248	-0.772085	0.191458	0.187293
2	4.38565	0.0860306	-1.39479	-1.39479	-0.309774	-0.332676	0.152447	-1.74767	-1.74767	-0.291115	-0.250754
2	0.00300638	-0.872689	-0.872689	-0.91146	-1.0739	-1.06617	-1.54641	-1.54641	-1.14206	-1.90297	-1.5078
2	2.86115	1.22497	1.22497	0.0289021	0.180207	0.222719	2.17066	2.17066	0.0362143	0.268592	0.288257
2	0.00410026	0.4415	0.4415	0.396222	0.257147	0.267803	0.782342	0.782342	0.496466	0.455666	0.378731
2	1.57334	1.05003	1.05003	0.163084	0.782485	0.79885	1.86066	1.86066	0.204344	1.38657	1.12974
2	0.112125	0.453925	0.453925	0.21715	0.22108	0.301072	0.804359	0.804359	0.272089	0.391756	0.42578
2	0.322921	0.46597	0.46597	0.0641489	0.253044	0.271339	0.825704	0.825704	0.0803786	0.448397	0.383731
2	1.62646	-0.471001	-0.471001	-1.37279	-0.783508	-0.732233	-0.834619	-0.834619	-1.72011	-1.38838	-1.03553
2	0.545108	-1.72513	-1.72513	-2.24719	-1.93529	-1.91856	-3.05694	-3.05694	-2.81573	-3.42935	-2.71325
2	1.88946	0.361428	0.361428	-0.610544	0.115075	0.132068	0.640454	0.640454	-0.765011	0.198921	0.186773
2	0.122698	-0.568522	-0.568522	-0.816209	-0.785444	-0.739094	-1.00743	-1.00743	-1.02271	-1.39182	-1.04524
2	0.0379133	0.149373	0.149373	0.0116899	-0.033111	-0.0274306	0.26469	0.26469	0.0146475	-0.058673	-0.0387927
2	0.112501	0.240489	0.240489	0.00331664	0.0477735	0.0744433	0.426149	0.426149	0.00415575	0.0846551	0.105279
2	0.419213	0.220254	0.220254	-0.237574	0.00919912	0.0325194	0.390292	0.390292	-0.297681	0.0163009	0.0459893
2	1.45054	-0.0420738	-0.0420738	-0.893703	-0.276428	-0.289191	-0.0745551	-0.0745551	-1.11981	-0.489833	-0.408978
2	5.98041	-0.0261652	-1.75539	-1.75539	-0.582767	-0.592878	-0.0463651	-2.1995	-2.1995	-0.503067	-0.354236
2	0.0276787	0.850259	0.850259	0.732618	0.664729	0.681546	1.50667	1.50667	0.91797	1.17791	0.963852
2	0.23057	-0.425304	-0.425304	-0.764841	-0.605146	-0.615037	-0.753643	-0.753643	-0.958346	-1.07232	-0.869794
2	0.0542929	0.326907	0.326907	0.162146	0.150554	0.12878	0.579283	0.579283	0.203168	0.266784	0.182122
2	0.598488	0.548316	0.548316	0.00128408	0.363733	0.379027	0.971622	0.971622	0.00160895	0.644537	0.536025
2	0.15892	0.625462	0.625462	0.343576	0.413124	0.436316	1.10833	1.10833	0.4305	0.732061	0.617044
2	2.25615	-0.934751	-0.934751	-1.99686	-1.7752	-1.69801	-1.65639	-1.65639	-2.50207	-2.68045	-2.21707
2	1.8461	1.05119	1.05119	0.0904316	0.745509	0.829535	1.86271	1.86271	0.113311	1.28831	1.17314
2	0.00771517	0.125154	0.125154	0.0630447	-0.0952516	-0.0729561	0.221774	0.221774	0.078995	-0.168787	-0.103175
2	1.51152	-1.09852	-1.09852	-1.96786	-1.31354	-1.35433	-1.94658	-1.94658	-2.46573	-2.32761	-1.91532
2	1.47175	0.552188	0.552188	-0.305645	0.332114	0.28842	0.978483	0.978483	-0.382973	0.588509	0.407887
2	0.420816	0.717582	0.717582	0.258879	0.532004	0.510892	1.27156	1.27156	0.324376	0.942717	0.72251
2	0.330996	-1.0055	-1.0055	-1.41231	-1.19467	-1.18688	-1.78175	-1.78175	-1.76963	-2.11696	-1.6785
2	0.234503	-1.14075	-1.14075	-1.48317	-1.33298	-1.2993	-2.02142	-2.02142	-1.85841	-2.36205	-1.83749
2	0.98642	1.11184	1.11184	0.409548	0.896344	0.925755	1.97019	1.97019	0.513164	1.58833	1.30922
2	0.0372608	-0.0314112	-0.0314112	-0.167904	-0.256151	-0.225704	-0.0556609	-0.0556609	-0.210384	-0.453902	-0.319193
2	0.607096	0.412974	0.412974	-0.137978	0.176008	0.217312	0.731793	0.731793	-0.172887	0.311888	0.307325
2	0.0899177	0.436422	0.436422	0.224387	0.253829	0.272681	0.773345	0.773345	0.281158	0.449787	0.385629
2	1.80513	-0.398643	-0.398643	-1.34868	-0.965862	-0.951732	-0.706399	-0.706399	-1.68989	-1.64677	-1.30874
2	0.0798919	-0.489793	-0.489793	-0.689658	-0.655652	-0.671442	-0.867918	-0.867918	-0.864141	-1.16182	-0.949562
2	4.64279	-0.110984	-1.6346	-1.6346	-0.676338	-0.412219	-0.196665	-2.04815	-2.04815	-0.646045	-0.313657
2	0.509273	0.707835	0.707835	0.203219	0.487638	0.526566	1.25429	1.25429	0.254634	0.864099	0.744676
2	1.8169	-1.13069	-1.13069	-2.08382	-1.70882	-1.72975	-2.0036	-2.0036	-2.61102	-2.88416	-2.22288
2	0.10492	-0.293451	-0.293451	-0.522492	-0.50332	-0.470515	-0.519998	-0.519998	-0.654683	-0.891887	-0.665409
2	2.18274	0.174694	0.174694	-0.869993	-0.167235	-0.122812	0.309559	0.309559	-1.0901	-0.258803	-0.145205
2	0.489824	0.867129	0.867129	0.372244	0.67176	0.676941	1.53656	1.53656	0.466421	1.19036	0.957339
2	0.00286262	0.948146	0.948146	0.910313	0.760288	0.761993	1.68012	1.68012	1.14062	1.34724	1.07762
2	0.357445	-0.323846	-0.323846	-0.746602	-0.542481	-0.540496	-0.573858	-0.573858	-0.935492	-0.961282	-0.764377
2	0.125833	0.27367	0.27367	0.0228385	0.0850787	0.0764242	0.484946	0.484946	0.0286167	0.15076	0.10808
2	2.24405	-0.552668	-0.552668	-1.61193	-1.36638	-1.33918	-0.979332	-0.979332	-2.01974	-2.05897	-1.74733
2	0.419603	0.83738	0.83738	0.379339	0.606034	0.652668	1.48385	1.48385	0.475312	1.0739	0.923012
2	0.619806	0.42331	0.42331	-0.13338	0.226793	0.24098	0.750109	0.750109	-0.167125	0.401879	0.340797
2	0.149706	0.12975	0.12975	-0.143843	-0.0577117	-0.0429078	0.229919	0.229919	-0.180235	-0.102266	-0.0606808
2	0.892782	0.584541	0.584541	-0.0835837	0.403339	0.393215	1.03581	1.03581	-0.10473	0.71472	0.556089
2	1.65935	-0.184411	-0.184411	-1.09528	-0.4952	-0.415855	-0.326778	-0.326778	-1.37238	-0.877499	-0.588107
2	2.51777	0.0791807	0.0791807	-1.04282	-0.300723	-0.24166	0.140309	0.140309	-1.30665	-0.352788	-0.272174
2	0.0329775	0.045856	0.045856	-0.0825524	-0.144452	-0.124579	0.0812573	0.0812573	-0.103438	-0.255971	-0.176182
2	0.629744	-1.24478	-1.24478	-1.80591	-1.46416	-1.41482	-2.20576	-2.20576	-2.26281	-2.59451	-2.00085
2	0.294341	-0.930281	-0.930281	-1.31391	-1.11509	-1.1477	-1.64847	-1.64847	-1.64633	-1.97594	-1.62309
2	1.12273	-0.330876	-0.330876	-1.08012	-0.532193	-0.51051	-0.586316	-0.586316	-1.35339	-0.943052	-0.72197
2	0.311993	-0.291866	-0.291866	-0.68683	-0.488543	-0.518448	-0.51719	-0.51719	-0.860598	-0.865702	-0.733196
2	1.39543	-0.159858	-0.159858	-0.995152	-0.509387	-0.526458	-0.28327	-0.28327	-1.24693	-0.85613	-0.744524
2	0.228225	1.11974	1.11974	0.781931	0.885879	0.926285	1.98418	1.98418	0.979759	1.56979	1.30996
2	0.241179	-0.373697	-0.373697	-0.720956	-0.590654	-0.549191	-0.662194	-0.662194	-0.903358	-1.04664	-0.776673
2	0.162332	0.0768042	0.0768042	-0.208092	-0.112465	-0.108717	0.136098	0.136098	-0.260739	-0.19929	-0.153749
2	1.53934	0.526539	0.526539	-0.35077	0.283835	0.30008	0.933032	0.933032	-0.439514	0.502958	0.424377
2	0.0215307	0.429601	0.429601	0.325845	0.249323	0.258623	0.761257	0.761257	0.408283	0.441802	0.365748
2	1.07035	-0.0433592	-0.0433592	-0.774917	-0.238852	-0.243552	-0.0768328	-0.0768328	-0.97097	-0.423248	-0.344434
2	0.0750297	0.928978	0.928978	0.73529	0.772933	0.728507	1.64616	1.64616	0.921319	1.36965	1.03026
2	0.0145442	-0.825295	-0.825295	-0.910571	-1.02642	-0.988596	-1.46243	-1.46243	-1.14095	-1.81882	-1.39809
2	8.14125	0.615569	-1.40201	-1.40201	-1.52209	-1.49778	1.09079	-1.75672	-1.75672	-2.51152	-2.06217
2	0.44052	1.36957	1.36957	0.900247	1.18286	1.17921	2.42688	2.42688	1.12801	2.09605	1.66765
2	7.51848	0.297791	-1.64108	-1.64108	-0.286748	-0.397751	0.527689	-2.05628	-2.05628	-0.22215	-0.240074
2	2.22217	1.16638	1.16638	0.112298	0.343764	0.386231	2.06683	2.06683	0.14071	0.52109	0.485751
2	2.75559	0.0338422	0.0338422	-1.13995	-0.352136	-0.300014	0.0599688	0.0599688	-1.42836	-0.466766	-0.34092
2	0.266842	-0.503436	-0.503436	-0.868705	-0.705095	-0.668904	-0.892094	-0.892094	-1.08849	-1.24943	-0.945973
2	0.827795	-0.838119	-0.838119	-1.48147	-1.0356	-1.04731	-1.48516	-1.48516	-1.85628	-1.8351	-1.48112
2	0.441569	-0.196864	-0.196864	-0.666741	-0.390624	-0.366204	-0.348845	-0.348845	-0.835427	-0.69219	-0.517891
2	3.17672	0.0280535	0.0280535	-1.23225	-1.14606	-1.1651	0.049711	0.049711	-1.54401	-1.572	-1.48242
2	3.3373	-1.70949	-1.70949	-3.00125	-2.96638	-2.95489	-3.02923	-3.02923	-3.76057	-4.45064	-3.96335
2	0.468979	0.592357	0.592357	0.108116	0.416299	0.400432	1.04966	1.04966	0.135469	0.737685	0.566297
2	0.442728	0.633296	0.633296	0.162803	0.450527	0.442298	1.12221	1.12221	0.203992	0.798337	0.625503
2	0.0093684	1.30686	1.30686	1.23842	1.10106	1.12873	2.31578	2.31578	1.55174	1.95108	1.59627
2	0.0470317	0.380216	0.380216	0.226867	0.196392	0.228844	0.673747	0.673747	0.284265	0.348008	0.323635
2	2.35518	0.075645	0.075645	-1.00952	-0.245909	-0.223607	0.134044	0.134044	-1.26493	-0.372076	-0.283811
2	0.13397	0.175949	0.175949	-0.0828658	-0.0159627	-0.00033318	0.311783	0.311783	-0.103831	-0.028286	-0.000471188
2	1.39502	0.109848	0.109848	-0.725323	-0.107089	-0.148123	0.194652	0.194652	-0.90883	-0.189763	-0.209477
2	0.330382	-0.186152	-0.186152	-0.592589	-0.383044	-0.362752	-0.329863	-0.329863	-0.742513	-0.678758	-0.513009
2	0.543285	-0.202152	-0.202152	-0.723345	-0.444965	-0.398494	-0.358215	-0.358215	-0.906351	-0.788482	-0.563555
2	0.0905565	0.231365	0.231365	0.018578	0.0366435	0.0665409	0.409981	0.409981	0.0232783	0.0649326	0.094103
2	0.00303074	1.05896	1.05896	1.02004	0.862931	0.856791	1.87649	1.87649	1.2781	1.52912	1.21169
2	0.102388	-0.829692	-0.829692	-1.05595	-1.01627	-1.00504	-1.47022	-1.47022	-1.32311	-1.80084	-1.42135
2	0.280731	-0.105106	-0.105106	-0.47976	-0.302222	-0.280858	-0.186249	-0.186249	-0.60114	-0.53554	-0.397193
3	0.204154	-0.551583	-0.551583	-0.957783	-0.794839	-0.722594	-1.19708	-1.19708	-1.2001	-1.72501	-1.25157
3	1.81647	0.0379703	0.0379703	-1.47586	-0.166904	-0.136429	0.0824053	0.0824053	-1.84925	-0.277854	-0.188909
3	0.214694	0.409564	0.409564	0.0197367	0.216272	0.18657	0.88886	0.88886	0.0247301	0.469366	0.323149
3	1.61621	0.338983	0.338983	-1.12893	-0.378723	-0.350645	0.735682	0.735682	-1.41455	-0.483465	-0.356674
3	0.226276	0.0183307	0.0183307	-0.520304	-0.221923	-0.165614	0.0397823	0.0397823	-0.651941	-0.481631	-0.286851
3	2.15344	-0.786966	-0.786966	-2.42103	-1.1363	-1.06485	-1.70792	-1.70792	-3.03355	-1.4089	-1.21775
3	2.25761	-0.646467	-0.646467	-1.87193	-1.30323	-1.2454	-1.403	-1.403	-2.34552	-1.74864	-1.44527
3	1.00096	0.793275	0.793275	-0.142555	0.569068	0.563448	1.72161	1.72161	-0.178621	1.23503	0.97592
3	1.51188	-0.693656	-0.693656	-1.94703	-0.994439	-0.976938	-1.50541	-1.50541	-2.43963	-2.01232	-1.47429
3	0.909633	0.182045	0.182045	-0.918526	-0.0404669	-0.0201513	0.395086	0.395086	-1.15091	-0.0878237	-0.0349031
3	0.67953	0.719817	0.719817	-0.210475	0.496882	0.517996	1.56219	1.56219	-0.263725	1.07836	0.897196
3	0.0289995	-0.170462	-0.170462	-0.342078	-0.379025	-0.362755	-0.369946	-0.369946	-0.428624	-0.822582	-0.62831
3	0.586167	-0.283307	-0.283307	-1.16688	-0.479976	-0.47516	-0.614851	-0.614851	-1.4621	-1.04167	-0.823
3	1.41844	0.550514	0.550514	-0.223011	0.155603	0.13679	1.19476	1.19476	-0.279433	0.318894	0.236927
3	2.23228	-0.812699	-0.812699	-2.40571	-1.18059	-1.13435	-1.76377	-1.76377	-3.01435	-1.83627	-1.57693
3	0.60419	-1.18392	-1.18392	-2.08079	-1.40395	-1.38173	-2.56942	-2.56942	-2.60724	-3.04693	-2.39323
3	0.948001	-1.19771	-1.19771	-1.95522	-1.40991	-1.43523	-2.59935	-2.59935	-2.4499	-3.05988	-2.48589
3	0.807584	0.0950303	0.0950303	-0.535846	-0.0957448	-0.0835814	0.20624	0.20624	-0.671415	-0.207791	-0.144767
3	0.0302863	-0.650402	-0.650402	-0.842452	-0.882136	-0.872809	-1.41154	-1.41154	-1.05559	-1.91446	-1.51175
3	1.10029	1.04802	1.04802	0.202946	0.81531	0.793132	2.27447	2.27447	0.254291	1.76943	1.37374
3	0.689275	-0.487401	-0.487401	-1.26821	-0.683003	-0.724464	-1.05779	-1.05779	-1.58907	-1.48229	-1.25481
3	0.31732	0.294002	0.294002	-0.343546	0.0695974	0.107535	0.638061	0.638061	-0.430464	0.151044	0.186257
3	0.164757	0.0536582	0.0536582	-0.233933	-0.159217	-0.150574	0.116452	0.116452	-0.293118	-0.345543	-0.260802
3	1.05052	-0.61453	-0.61453	-1.6917	-0.830628	-0.820727	-1.33369	-1.33369	-2.1197	-1.80268	-1.42154
3	1.27386	-0.165779	-0.165779	-1.13717	-0.443684	-0.41552	-0.359784	-0.359784	-1.42488	-0.730361	-0.719703
3	0.309598	-0.0371707	-0.0371707	-0.493878	-0.213427	-0.220342	-0.0806701	-0.0806701	-0.61883	-0.463191	-0.381643
3	0.347486	0.53213	0.53213	0.0895768	0.340199	0.33626	1.15486	1.15486	0.11224	0.738321	0.582419
3	2.34168	-0.656298	-0.656298	-1.76525	-1.35669	-1.39861	-1.42434	-1.42434	-2.21186	-2.50844	-1.86906
3	0.204338	0.398285	0.398285	-0.0983021	0.191008	0.180556	0.864383	0.864383	-0.123173	0.414538	0.312731
3	0.167346	-0.653714	-0.653714	-1.10934	-0.845607	-0.838102	-1.41873	-1.41873	-1.39001	-1.83519	-1.45164
3	0.45645	0.40566	0.40566	-0.356727	0.202376	0.217146	0.880388	0.880388	-0.446978	0.439209	0.376107
3	0.0502957	-0.0490786	-0.0490786	-0.25569	-0.240804	-0.280931	-0.106513	-0.106513	-0.320379	-0.522606	-0.486587
3	0.0435076	-0.239473	-0.239473	-0.463189	-0.434753	-0.449031	-0.519719	-0.519719	-0.580375	-0.943526	-0.777745
3	2.75008	-0.447498	-0.447498	-2.02462	-1.01635	-0.948392	-0.971186	-0.971186	-2.53685	-1.23721	-0.952436
3	0.341971	0.490417	0.490417	-0.101784	0.272993	0.299909	1.06433	1.06433	-0.127536	0.592466	0.519457
3	0.0893782	0.0674152	0.0674152	-0.256009	-0.183507	-0.150672	0.146308	0.146308	-0.320779	-0.398258	-0.260971
3	0.357069	0.0328499	0.0328499	-0.396296	-0.191234	-0.179625	0.0712929	0.0712929	-0.496559	-0.415028	-0.31112
3	3.66172	0.235946	-0.818443	-1.38985	-1.28545	-1.31652	0.512064	-1.45029	-1.74148	-2.04252	-1.51644
3	1.25575	0.189738	0.189738	-0.950601	-0.255158	-0.174124	0.411781	0.411781	-1.1911	-0.387713	-0.267727
3	0.297423	0.287418	0.287418	-0.340878	0.0601921	0.0917339	0.623771	0.623771	-0.42712	0.130633	0.158888
3	0.64072	0.520162	0.520162	-0.404	0.281398	0.279693	1.12889	1.12889	-0.506212	0.610706	0.484442
3	6.94045	-0.315598	-3.34345	-3.34345	-3.51005	-3.5712	-0.68493	-4.18935	-4.18935	-3.5535	-3.17288
3	1.01003	0.759688	0.759688	-0.370141	0.506468	0.534043	1.64872	1.64872	-0.463787	1.09917	0.92499
3	0.0617518	0.812907	0.812907	0.626238	0.620949	0.614578	1.76422	1.76422	0.784677	1.34762	1.06448
3	0.145545	-0.153025	-0.153025	-0.561342	-0.35922	-0.368717	-0.332103	-0.332103	-0.703361	-0.779602	-0.598486
3	0.597348	-1.04106	-1.04106	-1.59895	-1.28029	-1.24931	-2.25937	-2.25937	-2.00348	-2.61666	-2.16387
3	4.77162	0.600035	-1.92055	-1.92055	-2.00162	-1.97747	1.30223	-2.40645	-2.40645	-2.61701	-2.12641
3	1.4419	-0.335985	-0.335985	-1.10491	-0.611748	-0.64132	-0.729175	-0.729175	-1.38445	-1.32765	-1.04499
3	0.390933	-0.290465	-0.290465	-0.664993	-0.534854	-0.513505	-0.630385	-0.630385	-0.833237	-1.16077	-0.889416
3	0.917697	-0.153051	-0.153051	-0.805593	-0.397543	-0.362334	-0.33216	-0.33216	-1.00941	-0.862773	-0.627581
3	1.26814	0.21721	0.21721	-1.05513	-0.00505904	-0.0177786	0.471401	0.471401	-1.32207	-0.0105958	-0.0307935
3	1.15493	0.549937	0.549937	-0.277017	0.30134	0.275417	1.19351	1.19351	-0.347102	0.653986	0.477036
3	0.95394	0.0599274	0.0599274	-0.883272	-0.155788	-0.149893	0.130058	0.130058	-1.10674	-0.3381	-0.259622
3	0.235683	0.0307021	0.0307021	-0.479763	-0.181986	-0.178503	0.0666316	0.0666316	-0.601143	-0.394956	-0.309176
3	0.958921	-0.01853	-0.01853	-0.721316	-0.253539	-0.2148	-0.0402148	-0.0402148	-0.903809	-0.550246	-0.372044
3	0.382703	0.386048	0.386048	-0.149096	0.141371	0.189336	0.837824	0.837824	-0.186817	0.296077	0.327939
3	0.360145	-0.0492766	-0.0492766	-0.484233	-0.262553	-0.249419	-0.106943	-0.106943	-0.606744	-0.569809	-0.432006
3	0.123033	0.858578	0.858578	0.459898	0.649831	0.681179	1.86334	1.86334	0.576252	1.4103	1.17984
3	4.75757	0.741469	-0.517514	-0.567041	-0.578482	-0.624398	1.60918	-0.91704	-0.710502	-0.878216	-0.707045
3	0.415524	0.0649993	0.0649993	-0.606987	-0.175226	-0.138833	0.141065	0.141065	-0.760555	-0.380286	-0.240465
3	0.607334	0.997834	0.997834	0.113755	0.744365	0.801498	2.16556	2.16556	0.142534	1.61547	1.38824
3	0.117894	0.504576	0.504576	0.209883	0.294001	0.295608	1.09506	1.09506	0.262983	0.638059	0.512009
3	2.00217	-0.423268	-0.423268	-2.02032	-0.674956	-0.733345	-0.918601	-0.918601	-2.53146	-1.10071	-0.73769
3	0.192157	0.31301	0.31301	-0.193003	0.127807	0.12565	0.679313	0.679313	-0.241833	0.277375	0.217632
3	1.77511	0.830085	0.830085	-0.707222	0.61158	0.630118	1.8015	1.8015	-0.886149	0.985482	0.755549
3	1.02424	0.00983439	0.00983439	-1.13478	-0.25067	-0.203355	0.0213432	0.0213432	-1.42187	-0.544018	-0.352221
3	0.397264	-0.295095	-0.295095	-0.922987	-0.480598	-0.493564	-0.640432	-0.640432	-1.1565	-1.04302	-0.854878
3	1.70077	0.541512	0.541512	-0.284009	0.200262	0.161842	1.17522	1.17522	-0.355863	0.366932	0.179044
3	2.57122	-0.721198	-0.721198	-2.56743	-2.35406	-2.30357	-1.56519	-1.56519	-3.21698	-2.70108	-2.32955
3	1.80456	-0.322149	-0.322149	-1.19161	-0.942653	-0.921227	-0.699147	-0.699147	-1.49309	-1.50197	-1.14617
3	0.547713	0.678589	0.678589	0.203295	0.450748	0.459817	1.47271	1.47271	0.254729	0.978241	0.796426
3	0.581107	-0.638279	-0.638279	-1.37805	-0.835798	-0.826178	-1.38523	-1.38523	-1.7267	-1.8139	-1.43098
3	0.26287	-0.92092	-0.92092	-1.41932	-1.16305	-1.14405	-1.99864	-1.99864	-1.77841	-2.52412	-1.98154
3	2.01119	0.796976	0.796976	-0.568939	-0.185279	-0.0861332	1.72964	1.72964	-0.712881	-0.257196	-0.0926762
3	0.663486	0.540106	0.540106	-0.050847	0.304275	0.316892	1.17217	1.17217	-0.0637113	0.660356	0.548873
3	0.517397	0.703167	0.703167	0.0561529	0.448884	0.472257	1.52605	1.52605	0.0703595	0.974194	0.817972
3	1.666	-0.3226	-0.3226	-1.61061	-1.02138	-0.990137	-0.700126	-0.700126	-2.01809	-1.52112	-1.23941
3	0.23121	0.121329	0.121329	-0.325959	-0.0501444	-0.0398309	0.263316	0.263316	-0.408426	-0.108826	-0.0689891
3	2.10629	0.879363	0.879363	-0.564074	0.4817	0.532724	1.90845	1.90845	-0.706784	0.709239	0.82417
3	0.765619	-0.0333681	-0.0333681	-0.587192	-0.30079	-0.230022	-0.0724175	-0.0724175	-0.735751	-0.600066	-0.398409
3	2.29764	0.330428	0.330428	-1.40642	0.0256932	0.0659207	0.717115	0.717115	-1.76224	0.0293374	0.0711431
3	0.620937	-0.41568	-0.41568	-1.30927	-0.632551	-0.585251	-0.902134	-0.902134	-1.64051	-1.3728	-1.01368
3	0.976963	0.284862	0.284862	-0.719681	0.0456569	0.0590081	0.618226	0.618226	-0.90176	0.0990874	0.102205
3	0.123993	0.0726219	0.0726219	-0.313467	-0.156861	-0.127582	0.157608	0.157608	-0.392774	-0.340429	-0.220979
3	0.155743	0.319877	0.319877	-0.103218	0.131664	0.133542	0.694217	0.694217	-0.129332	0.285744	0.231301
3	1.78381	-0.332155	-0.332155	-1.74403	-0.621922	-0.626462	-0.720862	-0.720862	-2.18527	-1.08296	-0.832952
3	0.426685	0.25104	0.25104	-0.435164	0.0327083	0.0559661	0.544822	0.544822	-0.545261	0.0709855	0.0969362
3	0.1114	0.752942	0.752942	0.496722	0.547484	0.561787	1.63408	1.63408	0.622393	1.18818	0.973043
3	1.48302	0.366379	0.366379	-0.995334	0.0533033	0.0812135	0.795138	0.795138	-1.24715	0.0960103	0.140607
3	0.222312	0.167442	0.167442	-0.37698	-0.0375677	-0.0267787	0.363393	0.363393	-0.472356	-0.0815317	-0.0463821
3	0.351601	0.25248	0.25248	-0.147752	0.0447002	0.0533143	0.547948	0.547948	-0.185133	0.0970111	0.0923432
3	0.50822	0.570599	0.570599	-0.0877266	0.359031	0.378952	1.23835	1.23835	-0.109921	0.77919	0.656365
3	0.860871	-0.140604	-0.140604	-0.876566	-0.343872	-0.329855	-0.305147	-0.305147	-1.09834	-0.746291	-0.571325
3	3.29668	0.406705	-0.285339	-1.64912	-0.211436	-0.197234	0.882655	-0.505623	-2.06635	-0.209179	-0.158661
3	0.0974213	0.765132	0.765132	0.423495	0.534947	0.570815	1.66053	1.66053	0.530639	1.16097	0.98868
3	0.409532	0.322086	0.322086	-0.118311	0.118398	0.130582	0.699011	0.699011	-0.148244	0.256955	0.226174
3	0.386911	-0.181308	-0.181308	-0.822992	-0.44016	-0.386014	-0.393486	-0.393486	-1.03121	-0.955263	-0.668596
3	0.190627	0.0179786	0.0179786	-0.435705	-0.207086	-0.210541	0.0390183	0.0390183	-0.545938	-0.44943	-0.364668
3	0.216292	0.0925828	0.0925828	-0.444417	-0.159359	-0.12924	0.200929	0.200929	-0.556854	-0.34585	-0.22385
3	0.440128	-0.521738	-0.521738	-1.09796	-0.728056	-0.74014	-1.13231	-1.13231	-1.37575	-1.58007	-1.28196
3	2.98613	1.37806	1.37806	-0.595835	0.838109	1.0025	2.99075	2.99075	-0.746581	0.758374	0.916104
3	2.01731	-0.667078	-0.667078	-1.56057	-1.18692	-1.1666	-1.44773	-1.44773	-1.95539	-1.56476	-1.11206
3	0.219231	0.439426	0.439426	-0.0820928	0.229812	0.251532	0.953668	0.953668	-0.102862	0.498751	0.435667
3	0.495879	0.683388	0.683388	0.104863	0.483039	0.507318	1.48313	1.48313	0.131393	1.04832	0.8787
3	0.915723	0.580111	0.580111	-0.500623	0.375861	0.395187	1.25899	1.25899	-0.627281	0.815715	0.684484
3	1.64578	-0.786691	-0.786691	-2.26152	-1.07218	-1.11895	-1.70732	-1.70732	-2.83368	-1.83964	-1.46465
3	1.21112	0.442199	0.442199	-0.545036	0.170358	0.181377	0.959686	0.959686	-0.68293	0.347637	0.314155
3	0.787533	-0.622112	-0.622112	-1.323	-0.846418	-0.793593	-1.35014	-1.35014	-1.65771	-1.83695	-1.37454
3	0.633868	-0.768929	-0.768929	-1.62977	-0.985467	-0.95773	-1.66878	-1.66878	-2.0421	-2.13872	-1.65884
3	0.588202	0.43951	0.43951	-0.156734	0.232217	0.212039	0.953851	0.953851	-0.196388	0.503972	0.367262
3	5.38662	0.481018	-2.0374	-2.0374	-2.13796	-2.10203	1.04393	-2.55286	-2.55286	-2.66414	-2.49063
3	0.902191	-0.12834	-0.12834	-1.01878	-0.358675	-0.347699	-0.278531	-0.278531	-1.27653	-0.778418	-0.602233
3	0.536458	0.638516	0.638516	-0.0451288	0.386927	0.464825	1.38574	1.38574	-0.0565463	0.839732	0.805101
3	0.780299	0.35946	0.35946	-0.616762	0.138872	0.147952	0.780122	0.780122	-0.772803	0.301388	0.256261
3	1.43845	0.10257	0.10257	-1.2819	-0.125989	-0.111528	0.222604	0.222604	-1.60623	-0.242182	-0.179043
3	0.0529999	-0.310601	-0.310601	-0.55863	-0.499701	-0.488212	-0.674085	-0.674085	-0.699963	-1.08448	-0.845609
3	2.4704	-0.123708	-0.123708	-1.80245	-0.566087	-0.555585	-0.268478	-0.268478	-2.25847	-0.770684	-0.54677
3	0.769731	-0.157204	-0.157204	-0.670081	-0.373048	-0.357768	-0.341174	-0.341174	-0.839611	-0.809612	-0.619673
3	0.77982	0.184444	0.184444	-0.814185	-0.0162975	-0.0101063	0.400292	0.400292	-1.02017	-0.0353699	-0.0175046
3	0.922775	-0.687946	-0.687946	-1.76012	-0.869824	-0.910397	-1.49302	-1.49302	-2.20543	-1.88774	-1.57685
3	2.37612	0.431728	0.431728	-0.928943	-0.893403	-0.782022	0.936962	0.936962	-1.16397	-1.14989	-0.840134
3	1.49041	-0.0260299	-0.0260299	-1.0818	-0.356596	-0.316486	-0.0564916	-0.0564916	-1.3555	-0.691637	-0.54817
3	1.08157	-0.266229	-0.266229	-1.09751	-0.517648	-0.505734	-0.577787	-0.577787	-1.37518	-1.12343	-0.875957
3	0.510137	1.14313	1.14313	0.531028	0.949746	0.926994	2.48088	2.48088	0.665378	2.0612	1.6056
3	0.100979	0.963782	0.963782	0.656466	0.744912	0.776575	2.09166	2.09166	0.822552	1.61665	1.34507
3	1.64477	0.0345009	0.0345009	-1.44339	-0.683999	-0.628938	0.074876	0.074876	-1.80857	-0.899887	-0.68998
3	0.696358	-0.529288	-0.529288	-1.48412	-0.748859	-0.762949	-1.14869	-1.14869	-1.85961	-1.62522	-1.32147
3	1.44153	0.344583	0.344583	-0.569571	-0.147831	-0.134455	0.747834	0.747834	-0.713672	-0.27818	-0.214801
3	0.626171	-0.101839	-0.101839	-0.839261	-0.321764	-0.327761	-0.221018	-0.221018	-1.05159	-0.698312	-0.567699
3	0.958453	0.540978	0.540978	-0.452391	0.342111	0.303654	1.17406	1.17406	-0.566846	0.74247	0.525944
3	1.07878	-0.348243	-0.348243	-1.41717	-0.61224	-0.592798	-0.755777	-0.755777	-1.77572	-1.32872	-1.02676
3	2.04429	0.501065	0.501065	-1.10941	0.270824	0.251076	1.08744	1.08744	-1.39009	0.363349	0.314781
3	2.34699	0.681959	0.681959	-1.02595	-0.650977	-0.568667	1.48003	1.48003	-1.28551	-0.712019	-0.543239
3	0.0294009	-0.0245722	-0.0245722	-0.203347	-0.257259	-0.204861	-0.0533281	-0.0533281	-0.254794	-0.55832	-0.35483
3	0.335292	0.736433	0.736433	0.0835981	0.520304	0.496415	1.59825	1.59825	0.104748	1.12919	0.859816
3	0.00621913	0.115657	0.115657	0.0427558	-0.0868771	-0.0605292	0.251005	0.251005	0.0535731	-0.188546	-0.10484
3	0.533117	-0.387757	-0.387757	-0.892136	-0.607258	-0.599824	-0.841534	-0.841534	-1.11785	-1.31791	-1.03893
3	2.32835	-0.168385	-0.168385	-1.08242	-0.700544	-0.745587	-0.365439	-0.365439	-1.35627	-0.914583	-0.706655
3	0.538549	0.429087	0.429087	-0.355567	0.185385	0.223338	0.931231	0.931231	-0.445525	0.402333	0.386832
3	1.76185	-0.20342	-0.20342	-1.73161	-0.575306	-0.5458	-0.441474	-0.441474	-2.16971	-0.839088	-0.725938
3	3.75792	0.192425	-0.734329	-1.82121	-0.4821	-0.479978	0.417612	-1.30124	-2.28197	-0.415923	-0.396516
3	0.114735	-1.11103	-1.11103	-1.4968	-1.30445	-1.32151	-2.41122	-2.41122	-1.8755	-2.831	-2.28893
3	1.61414	-0.658388	-0.658388	-2.08875	-0.86688	-0.89082	-1.42887	-1.42887	-2.61721	-1.85836	-1.35067
3	1.52165	1.37269	1.37269	0.0671251	1.0466	1.15712	2.97909	2.97909	0.0841078	1.97093	2.00418
3	0.770941	-0.598291	-0.598291	-1.13887	-0.820473	-0.797515	-1.29845	-1.29845	-1.427	-1.78064	-1.38134
3	0.538189	-0.40917	-0.40917	-1.17651	-0.670101	-0.597547	-0.888005	-0.888005	-1.47417	-1.45429	-1.03498
3	0.06077	0.311282	0.311282	0.111618	0.0860739	0.108617	0.675562	0.675562	0.139857	0.186803	0.18813
3	0.164597	-1.19529	-1.19529	-1.52826	-1.39993	-1.39718	-2.59408	-2.59408	-1.91491	-3.0382	-2.41998
3	0.79236	-0.148576	-0.148576	-0.918779	-0.344684	-0.353482	-0.322447	-0.322447	-1.15123	-0.748055	-0.612248
3	0.431621	1.18946	1.18946	0.455793	0.935194	0.972924	2.58144	2.58144	0.571108	2.02961	1.68515
3	0.493774	-0.0701357	-0.0701357	-0.801192	-0.275536	-0.262656	-0.152213	-0.152213	-1.00389	-0.597984	-0.454934
3	2.13594	-0.23625	-0.23625	-1.33632	-0.704302	-0.676968	-0.512723	-0.512723	-1.67441	-0.932896	-0.800578
3	1.54685	0.112718	0.112718	-1.08387	-0.46724	-0.480876	0.244627	0.244627	-1.35808	-0.716982	-0.545745
3	0.460054	-0.488886	-0.488886	-1.23849	-0.688712	-0.707696	-1.06101	-1.06101	-1.55183	-1.49468	-1.22577
3	1.00895	0.0448526	0.0448526	-0.807097	-0.182534	-0.18779	0.0973418	0.0973418	-1.01129	-0.396147	-0.325262
3	0.426662	-0.689872	-0.689872	-1.36645	-0.904291	-0.922524	-1.4972	-1.4972	-1.71216	-1.96255	-1.59786
3	0.773841	0.340339	0.340339	-0.618896	0.122638	0.14611	0.738624	0.738624	-0.775477	0.266157	0.253071
3	0.22247	-1.80074	-1.80074	-2.2638	-2.01183	-2.02091	-3.90807	-3.90807	-2.83654	-4.36619	-3.50033
3	1.1921	0.43051	0.43051	-0.792963	0.147572	0.197111	0.934318	0.934318	-0.993582	0.320269	0.341406
3	1.83239	0.528972	0.528972	-0.745287	0.161403	0.218184	1.14801	1.14801	-0.933845	0.310281	0.377907
3	0.723422	0.988849	0.988849	0.0970239	0.729152	0.766649	2.14606	2.14606	0.121571	1.58245	1.32788
3	1.00288	0.761669	0.761669	-0.314591	0.538443	0.560952	1.65302	1.65302	-0.394182	1.16856	0.971597
3	1.18115	-0.133251	-0.133251	-1.38814	-0.38975	-0.358058	-0.28919	-0.28919	-1.73933	-0.545181	-0.620174
3	0.20459	0.115076	0.115076	-0.369561	-0.134276	-0.11603	0.249745	0.249745	-0.46306	-0.291414	-0.200969
3	0.498864	-0.214218	-0.214218	-0.72679	-0.423515	-0.4112	-0.464908	-0.464908	-0.910668	-0.919139	-0.712219
3	1.33947	-0.97495	-0.97495	-2.04093	-1.24968	-1.24158	-2.11589	-2.11589	-2.55729	-2.60774	-2.15048
3	0.155022	-0.439771	-0.439771	-0.877963	-0.649819	-0.647594	-0.954417	-0.954417	-1.10009	-1.41028	-1.12167
3	3.05972	0.202758	-0.746499	-1.34354	-0.460523	-0.412568	0.440037	-1.3228	-1.68345	-0.66867	-0.531821
3	1.14374	-0.561088	-0.561088	-1.39217	-0.888884	-0.820728	-1.21771	-1.21771	-1.74439	-1.88612	-1.42154
3	0.323495	-0.0472317	-0.0472317	-0.574499	-0.254493	-0.246812	-0.102505	-0.102505	-0.719847	-0.552315	-0.42749
3	1.01998	-0.10468	-0.10468	-1.10755	-0.332128	-0.344417	-0.227183	-0.227183	-1.38776	-0.720803	-0.596548
3	1.46928	-0.866582	-0.866582	-2.26433	-1.07339	-1.11433	-1.88071	-1.88071	-2.8372	-2.23058	-1.68078
3	0.337043	0.673528	0.673528	0.231268	0.48073	0.487421	1.46173	1.46173	0.289779	1.04331	0.844238
3	0.555446	-0.0844415	-0.0844415	-0.887693	-0.270457	-0.291515	-0.18326	-0.18326	-1.11228	-0.586963	-0.504919
3	0.0698452	0.0634288	0.0634288	-0.16594	-0.127663	-0.138172	0.137657	0.137657	-0.207922	-0.277062	-0.239321
3	0.469799	-0.253782	-0.253782	-1.0319	-0.448441	-0.481319	-0.550774	-0.550774	-1.29297	-0.973232	-0.833669
3	0.487397	-0.349294	-0.349294	-1.05395	-0.555632	-0.523642	-0.758058	-0.758058	-1.3206	-1.20587	-0.906974
3	1.27389	-0.554505	-0.554505	-1.29856	-0.867414	-0.904704	-1.20342	-1.20342	-1.62709	-1.88251	-1.56699
3	1.81751	0.116956	0.116956	-1.389	-0.0964607	-0.0363011	0.253825	0.253825	-1.74041	-0.149493	-0.0521267
3	1.12362	0.681116	0.681116	0.0145121	0.454485	0.434152	1.4782	1.4782	0.0181837	0.986351	0.751974
3	4.24516	0.628119	-0.540496	-0.925429	-0.459779	-0.360964	1.36318	-0.957765	-1.15956	-0.624178	-0.456437
3	0.459301	1.03323	1.03323	0.639197	0.7974	0.825945	2.24238	2.24238	0.800914	1.54379	1.43058
3	0.349912	-0.0875761	-0.0875761	-0.767507	-0.329181	-0.291449	-0.190063	-0.190063	-0.961687	-0.714409	-0.504804
3	0.736463	0.589742	0.589742	-0.379525	0.366927	0.348873	1.27989	1.27989	-0.475545	0.796326	0.604265
3	1.37211	0.405171	0.405171	-0.815244	0.13529	0.160052	0.879327	0.879327	-1.0215	0.280548	0.27432
3	1.65852	0.230752	0.230752	-1.25372	-0.102131	-0.0721298	0.500792	0.500792	-1.57092	-0.185225	-0.0966011
3	0.730335	0.511739	0.511739	-0.40691	0.330042	0.329673	1.11061	1.11061	-0.509858	0.716277	0.571011
3	1.50185	-0.186429	-0.186429	-1.40119	-0.492818	-0.416016	-0.4046	-0.4046	-1.75569	-0.717981	-0.72056
3	1.53724	0.169926	0.169926	-1.01076	-0.473487	-0.3639	0.368784	0.368784	-1.26648	-0.629476	-0.466812
3	1.16998	0.0136976	0.0136976	-1.21562	-0.266922	-0.320726	0.0297273	0.0297273	-1.52317	-0.57929	-0.480576
3	3.72675	0.262056	-1.92257	-1.92257	-1.87432	-1.81569	0.56873	-2.40898	-2.40898	-2.58671	-1.85575
3	0.62373	-0.174186	-0.174186	-1.01515	-0.367933	-0.392323	-0.378029	-0.378029	-1.27198	-0.798511	-0.679523
3	0.195557	-0.308193	-0.308193	-0.818807	-0.490619	-0.498305	-0.668858	-0.668858	-1.02597	-1.06477	-0.86309
3	0.536834	0.256751	0.256751	-0.415937	0.0352164	0.050242	0.557217	0.557217	-0.521169	0.0764287	0.0870217
3	1.05234	-0.817835	-0.817835	-1.9643	-1.0792	-1.04641	-1.77491	-1.77491	-2.46127	-2.34214	-1.81244
3	2.32966	0.401415	0.401415	-1.20695	-0.0653099	0.000802839	0.871175	0.871175	-1.51231	-0.0793436	0.000867138
3	1.94348	0.258727	0.258727	-0.663149	-0.401174	-0.335632	0.561505	0.561505	-0.830925	-0.716481	-0.523029
3	0.607763	-0.635441	-0.635441	-1.32833	-0.864135	-0.836083	-1.37907	-1.37907	-1.6644	-1.8754	-1.44814
3	0.40241	0.836609	0.836609	0.434033	0.614027	0.645404	1.81566	1.81566	0.543843	1.3326	1.11787
3	1.19144	-0.3391	-0.3391	-1.29315	-0.600617	-0.5665	-0.735936	-0.735936	-1.62032	-1.30349	-0.981206
3	0.245571	-0.402499	-0.402499	-0.944401	-0.601638	-0.606622	-0.873527	-0.873527	-1.18333	-1.30571	-1.0507
3	0.289589	0.710642	0.710642	0.144772	0.503095	0.513444	1.54228	1.54228	0.1814	1.09185	0.889311
3	0.506032	0.94515	0.94515	0.462753	0.745183	0.731117	2.05122	2.05122	0.57983	1.61724	1.26633
3	0.519861	0.0167422	0.0167422	-0.752124	-0.202703	-0.181803	0.0363349	0.0363349	-0.942412	-0.439917	-0.314893
3	0.50556	0.0445379	0.0445379	-0.464029	-0.140684	-0.152898	0.0966589	0.0966589	-0.581428	-0.305322	-0.264827
3	2.87876	1.09497	1.09497	-0.722779	0.731225	0.703983	2.37637	2.37637	-0.905642	1.04895	0.821025
3	1.66794	0.200619	0.200619	-1.18522	-0.0307391	-0.0115617	0.435396	0.435396	-1.48508	-0.0550277	-0.0168214
3	0.0305874	0.711954	0.711954	0.510009	0.511183	0.508749	1.54513	1.54513	0.639042	1.1094	0.881179
3	0.779278	-0.663842	-0.663842	-1.63248	-0.874853	-0.862949	-1.44071	-1.44071	-2.0455	-1.89866	-1.49467
3	1.95782	-0.0552745	-0.0552745	-1.67093	-1.16103	-1.09507	-0.11996	-0.11996	-2.09368	-1.30089	-1.0065
3	0.224708	0.155556	0.155556	-0.358003	-0.034904	-0.0480643	0.337598	0.337598	-0.448577	-0.0757508	-0.0832498
3	0.416145	-0.255634	-0.255634	-0.927705	-0.482883	-0.429008	-0.554792	-0.554792	-1.16241	-1.04798	-0.743064
3	1.07915	0.463562	0.463562	-0.596419	0.253572	0.196797	1.00605	1.00605	-0.747313	0.550317	0.340863
3	2.65511	-0.218082	-0.218082	-1.91737	-0.545507	-0.556005	-0.473294	-0.473294	-2.40246	-0.850938	-0.734942
3	2.56417	0.166852	0.166852	-1.12441	-0.48465	-0.493229	0.362113	0.362113	-1.40888	-0.622993	-0.421868
3	0.40606	-0.475862	-0.475862	-1.11768	-0.691804	-0.653723	-1.03274	-1.03274	-1.40045	-1.50139	-1.13228
3	0.0544075	0.859004	0.859004	0.683997	0.6685	0.680739	1.86426	1.86426	0.857048	1.45082	1.17907
3	1.42008	0.261417	0.261417	-0.878962	-0.0197869	-0.0117983	0.567343	0.567343	-1.10134	-0.0405738	-0.0180848
3	0.00105023	-0.925474	-0.925474	-0.962033	-1.13741	-1.10062	-2.00852	-2.00852	-1.20543	-2.46847	-1.90634
3	0.342462	-0.839213	-0.839213	-1.51075	-1.04309	-1.08722	-1.82131	-1.82131	-1.89297	-2.26377	-1.88313
3	0.1455	1.1451	1.1451	0.924264	0.937811	0.951747	2.48516	2.48516	1.1581	2.03529	1.64847
3	1.36276	0.452481	0.452481	-0.701366	-0.011972	-0.0251101	0.982001	0.982001	-0.878811	-0.0186886	-0.0353366
3	0.771136	0.0943182	0.0943182	-0.767939	-0.153772	-0.100146	0.204695	0.204695	-0.962228	-0.316605	-0.173459
3	1.55573	0.391888	0.391888	-1.0471	0.0276416	0.14321	0.8505	0.8505	-1.31201	0.0494589	0.234365
3	2.9965	-0.548488	-0.548488	-1.94788	-1.25408	-1.1821	-1.19036	-1.19036	-2.44069	-1.18431	-1.03206
3	2.40823	0.420816	0.420816	-1.36667	-1.13128	-1.06235	0.913281	0.913281	-1.71244	-1.31915	-1.00356
3	1.7517	-0.552906	-0.552906	-1.87015	-1.30237	-1.27809	-1.19995	-1.19995	-2.3433	-1.75934	-1.5687
3	0.255317	0.835503	0.835503	0.253194	0.62505	0.618356	1.81326	1.81326	0.317252	1.35652	1.07102
3	1.50688	0.116693	0.116693	-1.18598	-0.444645	-0.443627	0.253255	0.253255	-1.48603	-0.668696	-0.549059
3	0.488297	-0.244507	-0.244507	-0.756433	-0.452737	-0.447689	-0.530643	-0.530643	-0.947811	-0.982556	-0.77542
3	1.00015	-0.154325	-0.154325	-1.30906	-0.380845	-0.373921	-0.334925	-0.334925	-1.64025	-0.826532	-0.64765
3	0.443218	0.485603	0.485603	0.0652797	0.244377	0.294975	1.05388	1.05388	0.0817954	0.530362	0.510911
3	0.242454	1.00527	1.00527	0.446662	0.822878	0.822049	2.1817	2.1817	0.559667	1.78586	1.42383
3	2.66723	-0.939038	-0.939038	-2.68335	-2.39626	-2.40511	-2.03796	-2.03796	-3.36224	-3.23456	-2.37769
3	1.17082	-0.230769	-0.230769	-1.44311	-0.595776	-0.529914	-0.500829	-0.500829	-1.80822	-1.15028	-0.915024
3	0.825912	-0.581873	-0.581873	-1.44119	-0.802103	-0.772467	-1.26281	-1.26281	-1.80581	-1.74077	-1.33795
3	3.54804	0.197441	-0.884913	-1.06814	-1.33201	-1.24293	0.428498	-1.56807	-1.33838	-1.7783	-1.33219
3	0.403347	-0.100412	-0.100412	-0.607911	-0.301122	-0.301995	-0.217921	-0.217921	-0.761712	-0.653514	-0.523071
3	1.07993	-0.206702	-0.206702	-0.807137	-0.415824	-0.421042	-0.448598	-0.448598	-1.01134	-0.902445	-0.729266
3	0.110578	-0.473207	-0.473207	-0.793367	-0.702256	-0.660854	-1.02698	-1.02698	-0.994089	-1.52408	-1.14463
3	0.940284	0.441566	0.441566	-0.633647	0.220812	0.227322	0.958314	0.958314	-0.793959	0.479219	0.393734
3	0.00183066	0.573349	0.573349	0.5284	0.372898	0.374246	1.24432	1.24432	0.662086	0.809285	0.648214
3	1.7101	-0.43324	-0.43324	-1.93137	-0.717531	-0.743935	-0.940243	-0.940243	-2.42001	-1.24282	-0.93091
3	0.220066	-0.375682	-0.375682	-0.881613	-0.623152	-0.565646	-0.815327	-0.815327	-1.10466	-1.3524	-0.979728
3	1.78637	0.439245	0.439245	-1.09351	0.190115	0.146666	0.953276	0.953276	-1.37017	0.370152	0.202883
3	0.0313598	0.107116	0.107116	-0.0417482	-0.10939	-0.0695974	0.23247	0.23247	-0.0523104	-0.237406	-0.120546
3	0.235548	0.0300232	0.0300232	-0.470482	-0.189586	-0.179848	0.0651582	0.0651582	-0.589513	-0.411452	-0.311506
3	2.85318	0.140285	0.140285	-1.32008	-0.667642	-0.610778	0.304456	0.304456	-1.65406	-0.692491	-0.639
3	0.680494	0.450221	0.450221	-0.198641	0.232896	0.235396	0.977096	0.977096	-0.248897	0.505445	0.407717
3	0.937777	-0.899311	-0.899311	-1.48346	-1.10408	-1.13164	-1.95174	-1.95174	-1.85878	-2.39613	-1.96005
3	1.58323	0.445544	0.445544	-0.988104	0.160681	0.175737	0.966946	0.966946	-1.23809	0.29464	0.301884
3	0.561854	-0.159121	-0.159121	-0.673682	-0.3847	-0.366688	-0.345333	-0.345333	-0.844124	-0.834899	-0.635122
3	0.462991	-0.0451104	-0.0451104	-0.699779	-0.293483	-0.265215	-0.0979013	-0.0979013	-0.876824	-0.636935	-0.459366
3	0.899911	-0.258076	-0.258076	-1.05197	-0.469453	-0.49044	-0.560092	-0.560092	-1.31812	-1.01884	-0.849467
3	1.691	0.31055	0.31055	-0.86505	-0.0773809	-0.044419	0.673974	0.673974	-1.08391	-0.139421	-0.0616153
3	5.02151	-0.325459	-1.61189	-1.85014	-1.92078	-1.95532	-0.706331	-2.85629	-2.31823	-2.39049	-2.2475
3	0.629286	1.02844	1.02844	0.223589	0.783333	0.80991	2.23197	2.23197	0.280157	1.70004	1.40281
3	0.802269	-0.183427	-0.183427	-1.17203	-0.421824	-0.392826	-0.398085	-0.398085	-1.46856	-0.915467	-0.680394
3	4.43362	-0.33801	-1.48372	-2.18774	-1.40759	-1.38349	-0.73357	-2.62917	-2.74124	-1.05483	-0.866882
3	1.03176	0.431156	0.431156	-0.69865	0.23186	0.175976	0.93572	0.93572	-0.875408	0.503197	0.304799
3	2.40911	0.180707	0.180707	-0.914041	-0.341146	-0.374149	0.392182	0.392182	-1.14529	-0.408676	-0.311267
3	1.66929	0.691879	0.691879	-0.640044	-0.11232	-0.0566281	1.50156	1.50156	-0.801975	-0.135782	-0.0644832
3	0.302648	0.288067	0.288067	-0.346279	0.0847879	0.0655845	0.625179	0.625179	-0.433888	0.184012	0.113596
3	0.0996219	0.196996	0.196996	-0.0331825	-0.0344412	-0.0240588	0.427533	0.427533	-0.0415776	-0.0747463	-0.0416711
3	0.364289	-0.135507	-0.135507	-0.661904	-0.387015	-0.345095	-0.294084	-0.294084	-0.829366	-0.839924	-0.597723
3	0.182707	-0.473371	-0.473371	-0.848275	-0.674269	-0.683564	-1.02734	-1.02734	-1.06289	-1.46334	-1.18397
3	0.0380613	0.569636	0.569636	0.401732	0.339516	0.367026	1.23626	1.23626	0.50337	0.736838	0.635708
3	0.780536	0.560435	0.560435	-0.301093	0.344679	0.375618	1.21629	1.21629	-0.377269	0.748043	0.650589
3	0.30226	0.811698	0.811698	0.316374	0.629811	0.633999	1.7616	1.7616	0.396416	1.36685	1.09812
3	0.269963	0.119231	0.119231	-0.436061	-0.0558901	-0.0868404	0.258763	0.258763	-0.546384	-0.121296	-0.150412
3	0.0215761	0.426647	0.426647	0.260994	0.179705	0.221008	0.925935	0.925935	0.327026	0.390008	0.382798
3	5.12759	0.608687	-1.91747	-1.91747	-0.560384	-0.462446	1.32101	-2.40259	-2.40259	-0.37135	-0.240008
3	0.110846	0.111911	0.111911	-0.227252	-0.117958	-0.0954484	0.242876	0.242876	-0.284747	-0.256	-0.165321
3	1.10334	-0.217547	-0.217547	-0.914764	-0.478818	-0.447094	-0.472134	-0.472134	-1.1462	-1.03916	-0.774389
3	1.14874	0.42286	0.42286	-0.770805	0.192593	0.158048	0.917715	0.917715	-0.965818	0.417978	0.273747
3	0.667043	0.259864	0.259864	-0.22052	0.0559922	0.014438	0.563971	0.563971	-0.276312	0.121518	0.0250073
3	1.97863	-0.307469	-0.307469	-1.87459	-0.530127	-0.563823	-0.667288	-0.667288	-2.34886	-0.716811	-0.615952
3	0.213976	0.946108	0.946108	0.412277	0.740942	0.7318	2.0533	2.0533	0.516583	1.60804	1.26751
3	2.21371	0.477	0.477	-0.52487	0.0238194	0.0453346	1.03521	1.03521	-0.657662	0.0339762	0.0515451
3	0.0603956	0.313381	0.313381	0.130801	0.0993908	0.116809	0.680118	0.680118	0.163894	0.215704	0.202318
3	0.0276564	-0.888521	-0.888521	-1.08052	-1.08796	-1.09337	-1.92832	-1.92832	-1.3539	-2.36116	-1.89377
3	0.524313	-0.101774	-0.101774	-0.876161	-0.330967	-0.306248	-0.220876	-0.220876	-1.09783	-0.718285	-0.530437
3	0.544416	0.22169	0.22169	-0.367437	-0.00877366	0.0226743	0.481124	0.481124	-0.460399	-0.0190411	0.039273
3	0.210583	-0.237855	-0.237855	-0.524378	-0.46896	-0.434618	-0.516207	-0.516207	-0.657045	-1.01777	-0.75278
3	1.26114	0.394623	0.394623	-0.780375	0.169975	0.22225	0.856434	0.856434	-0.97781	0.361759	0.384948
3	1.34751	0.691413	0.691413	-0.646965	0.407668	0.421435	1.50055	1.50055	-0.810647	0.720556	0.622386
3	0.45641	-0.00481468	-0.00481468	-0.783428	-0.204729	-0.196283	-0.0104491	-0.0104491	-0.981635	-0.444316	-0.339971
3	0.0464959	0.546388	0.546388	0.302147	0.314761	0.338018	1.1858	1.1858	0.378591	0.683113	0.585464
3	0.442925	-0.10342	-0.10342	-0.591544	-0.352374	-0.298078	-0.224448	-0.224448	-0.741205	-0.764744	-0.516286
3	0.781378	0.284002	0.284002	-0.684388	0.0506842	0.0908794	0.616357	0.616357	-0.857538	0.109998	0.157408
3	1.67658	0.51501	0.51501	-0.943837	0.271594	0.290419	1.11771	1.11771	-1.18263	0.51043	0.443271
3	1.87123	0.681352	0.681352	-0.288215	0.0851975	0.13799	1.47871	1.47871	-0.361134	0.157339	0.235309
3	0.717417	-0.410016	-0.410016	-1.37122	-0.660797	-0.625055	-0.889841	-0.889841	-1.71814	-1.4341	-1.08263
3	0.770623	0.27174	0.27174	-0.340889	0.0112	0.0382886	0.589745	0.589745	-0.427134	0.0243069	0.0663178
3	0.0186108	0.737589	0.737589	0.636653	0.526716	0.554213	1.60076	1.60076	0.797726	1.14311	0.959925
3	0.387607	0.040425	0.040425	-0.452166	-0.172834	-0.163086	0.0877328	0.0877328	-0.566564	-0.375094	-0.282473
3	1.2354	0.800852	0.800852	0.157346	0.480268	0.506146	1.73806	1.73806	0.197155	1.04231	0.87667
3	1.7005	-0.668543	-0.668543	-2.16482	-1.43543	-1.40965	-1.45091	-1.45091	-2.71253	-1.81656	-1.50021
3	0.539187	0.614742	0.614742	0.114228	0.376195	0.427758	1.33415	1.33415	0.143127	0.816441	0.740898
3	0.119404	0.497713	0.497713	0.189812	0.277957	0.289711	1.08017	1.08017	0.237834	0.60324	0.501794
3	0.412986	-1.13042	-1.13042	-1.87015	-1.37061	-1.33157	-2.4533	-2.4533	-2.3433	-2.97457	-2.30635
3	0.75978	-0.336406	-0.336406	-1.32765	-0.597472	-0.57451	-0.730088	-0.730088	-1.66355	-1.29667	-0.99508
3	0.409981	-0.260954	-0.260954	-0.948435	-0.480199	-0.471779	-0.566339	-0.566339	-1.18839	-1.04216	-0.817144
3	0.808455	-0.281212	-0.281212	-0.864986	-0.481169	-0.481608	-0.610303	-0.610303	-1.08383	-1.04426	-0.834169
3	1.69271	-0.364115	-0.364115	-1.85721	-0.673275	-0.596209	-0.790224	-0.790224	-2.32708	-1.16496	-0.989609
3	1.26819	0.146163	0.146163	-0.942071	-0.176261	-0.121277	0.317213	0.317213	-1.18041	-0.275602	-0.210057
3	3.67778	-0.923775	-1.84981	-2.90108	-1.49501	-1.44771	-2.00483	-3.27788	-3.63505	-1.39609	-1.24505
3	2.46384	0.0592607	0.0592607	-1.4368	-0.43993	-0.354171	0.128611	0.128611	-1.80031	-0.582086	-0.441329
3	1.36615	0.0956048	0.0956048	-0.83384	-0.201217	-0.173662	0.207487	0.207487	-1.0448	-0.416176	-0.300791
3	2.18489	0.120292	0.120292	-1.05311	-0.467404	-0.47185	0.261065	0.261065	-1.31955	-0.927105	-0.679728
3	0.10706	0.832475	0.832475	0.489359	0.598525	0.640107	1.80669	1.80669	0.613167	1.29895	1.1087
3	1.17695	-0.504498	-0.504498	-1.75031	-0.741441	-0.752015	-1.09489	-1.09489	-2.19314	-1.60912	-1.30253
3	0.472954	-0.527725	-0.527725	-1.08072	-0.739048	-0.766785	-1.1453	-1.1453	-1.35415	-1.60393	-1.32811
3	0.455143	0.0763608	0.0763608	-0.689217	-0.131718	-0.122777	0.165723	0.165723	-0.863589	-0.285862	-0.212657
3	1.22556	-0.293603	-0.293603	-1.0845	-0.566342	-0.55287	-0.637194	-0.637194	-1.35888	-1.22911	-0.927597
3	2.41783	-0.316051	-0.316051	-1.27144	-0.799127	-0.879094	-0.685914	-0.685914	-1.59312	-1.04005	-0.836568
3	1.31218	-0.312781	-0.312781	-1.12987	-0.636469	-0.642908	-0.678815	-0.678815	-1.41573	-1.3813	-1.11355
3	0.163095	0.145481	0.145481	-0.303478	-0.117676	-0.0580355	0.315731	0.315731	-0.380258	-0.152321	-0.100521
3	1.37934	-0.562908	-0.562908	-1.31497	-0.953669	-0.958636	-1.22166	-1.22166	-1.64765	-1.99809	-1.66041
3	0.465973	0.0707325	0.0707325	-0.709942	-0.161022	-0.139687	0.153508	0.153508	-0.889558	-0.349459	-0.241946
3	0.0269575	0.706381	0.706381	0.547083	0.492284	0.506505	1.53303	1.53303	0.685495	1.06839	0.877292
3	0.0216465	-0.101987	-0.101987	-0.223116	-0.318025	-0.320138	-0.221338	-0.221338	-0.279565	-0.690196	-0.554494
3	2.40884	-0.805527	-0.805527	-2.59542	-1.18215	-1.2024	-1.7482	-1.7482	-3.25206	-1.44772	-1.19038
3	0.400697	1.13487	1.13487	0.436017	0.930727	0.970578	2.46296	2.46296	0.54633	2.01992	1.68109
3	1.49319	-0.533809	-0.533809	-1.69607	-0.822079	-0.829011	-1.1585	-1.1585	-2.12518	-1.76816	-1.10077
3	2.17743	0.644004	0.644004	-1.05988	0.480746	0.465391	1.39766	1.39766	-1.32803	0.709105	0.548291
3	0.451976	-0.560371	-0.560371	-1.06994	-0.750146	-0.779073	-1.21615	-1.21615	-1.34063	-1.62801	-1.34939
3	0.592161	-0.484185	-0.484185	-1.34965	-0.732493	-0.693564	-1.05081	-1.05081	-1.69111	-1.5897	-1.20129
3	0.215428	0.043672	0.043672	-0.389534	-0.157907	-0.199094	0.0947796	0.0947796	-0.488087	-0.342699	-0.344842
3	1.24064	-0.307898	-0.307898	-1.56992	-0.598718	-0.554096	-0.668218	-0.668218	-1.96711	-1.21512	-0.959722
3	0.413322	1.23639	1.23639	0.721936	1.0581	1.02403	2.6833	2.6833	0.904586	2.29634	1.77367
3	0.696122	0.272778	0.272778	-0.311173	0.0543526	0.0631111	0.591999	0.591999	-0.389899	0.117959	0.109312
3	0.435213	-0.0993798	-0.0993798	-0.833622	-0.328623	-0.331498	-0.21568	-0.21568	-1.04453	-0.713198	-0.574171
3	1.06441	0.279488	0.279488	-0.662378	0.0555088	0.0701071	0.606561	0.606561	-0.82996	0.120468	0.121429
3	0.120841	-0.733853	-0.733853	-1.12767	-0.953731	-0.945062	-1.59265	-1.59265	-1.41297	-2.06984	-1.6369
3	1.48718	-0.549935	-0.549935	-1.72727	-0.850864	-0.794494	-1.1935	-1.1935	-2.16427	-1.72352	-1.3761
3	0.189107	-0.0412661	-0.0412661	-0.541509	-0.255846	-0.229033	-0.0895581	-0.0895581	-0.678511	-0.555252	-0.396696
3	0.200152	0.14872	0.14872	-0.355277	-0.0654766	-0.0541848	0.32276	0.32276	-0.445162	-0.142101	-0.0938508
3	1.80307	-0.25649	-0.25649	-1.73276	-0.544798	-0.519799	-0.55665	-0.55665	-2.17115	-0.851234	-0.783256
3	0.141424	0.175211	0.175211	-0.14294	-0.0481083	-0.0304924	0.380254	0.380254	-0.179104	-0.104408	-0.0528144
3	0.318454	-0.279264	-0.279264	-0.726522	-0.467799	-0.459558	-0.606076	-0.606076	-0.910332	-1.01524	-0.795977
3	0.557773	0.227677	0.227677	-0.477571	0.0261104	0.0400128	0.494119	0.494119	-0.598396	0.0566664	0.0693041
3	0.251534	0.156205	0.156205	-0.422059	-0.0511127	-0.0700594	0.339005	0.339005	-0.528839	-0.110928	-0.121346
3	0.0374836	0.365151	0.365151	0.239019	0.134872	0.138008	0.792472	0.792472	0.299491	0.292707	0.239037
3	0.00472133	0.752767	0.752767	0.703882	0.503202	0.556042	1.6337	1.6337	0.881964	1.09208	0.963092
3	5.5378	-0.478729	-1.7719	-2.49365	-1.89763	-1.77379	-1.03897	-3.13982	-3.12454	-1.68806	-1.38349
3	1.03709	0.0598553	0.0598553	-1.08239	-0.227378	-0.174334	0.129902	0.129902	-1.35624	-0.468043	-0.301955
3	0.0301609	-0.272269	-0.272269	-0.447443	-0.504871	-0.48097	-0.590894	-0.590894	-0.560646	-1.0957	-0.833064
3	1.08173	0.733774	0.733774	-0.455365	0.445444	0.488584	1.59248	1.59248	-0.570573	0.900381	0.8385
3	0.172885	0.300559	0.300559	-0.00736833	0.0738193	0.0970815	0.652291	0.652291	-0.00923252	0.160207	0.16815
3	1.81078	-0.00337439	-0.00337439	-1.55572	-0.204765	-0.26087	-0.00732331	-0.00732331	-1.94932	-0.299927	-0.3212
3	2.10484	-0.741146	-0.741146	-2.23107	-1.08894	-1.03079	-1.60848	-1.60848	-2.79553	-1.65156	-1.74706
3	0.945277	-0.527013	-0.527013	-1.34795	-0.714273	-0.749513	-1.14375	-1.14375	-1.68898	-1.55016	-1.29819
3	0.307604	0.297199	0.297199	-0.154372	0.0523731	0.0845502	0.644998	0.644998	-0.193429	0.113663	0.146445
3	0.581753	-0.207034	-0.207034	-1.00388	-0.437072	-0.409889	-0.449318	-0.449318	-1.25787	-0.94856	-0.709948
3	2.57756	0.365372	0.365372	-1.48133	-0.0943368	-0.0263787	0.792952	0.792952	-1.85611	-0.105056	-0.0261104
3	0.985696	0.313957	0.313957	-0.782565	0.0951885	0.0845734	0.681368	0.681368	-0.980554	0.206584	0.146485
3	0.126043	-0.02987	-0.02987	-0.278332	-0.267089	-0.241115	-0.0648257	-0.0648257	-0.34875	-0.579653	-0.417624
3	0.377952	0.514483	0.514483	-0.187565	0.289112	0.328001	1.11656	1.11656	-0.235019	0.627448	0.568114
3	1.48792	-0.840192	-0.840192	-2.19854	-1.15691	-1.12026	-1.82344	-1.82344	-2.75476	-2.23228	-1.77608
3	0.250543	-0.251221	-0.251221	-0.828774	-0.448626	-0.475592	-0.545215	-0.545215	-1.03845	-0.973635	-0.82375
3	0.642135	-0.0323893	-0.0323893	-0.892158	-0.241802	-0.249472	-0.0702932	-0.0702932	-1.11787	-0.524774	-0.432098
3	0.739277	-2.21207	-2.21207	-3.17442	-2.45652	-2.4036	-4.80076	-4.80076	-3.97755	-5.33129	-4.16316
3	0.355402	0.671496	0.671496	0.106113	0.440757	0.458365	1.45732	1.45732	0.132959	0.956557	0.793911
3	0.913575	0.169008	0.169008	-0.933042	-0.0361791	-0.065349	0.366792	0.366792	-1.1691	-0.078518	-0.113188
3	0.141424	-0.623799	-0.623799	-0.973322	-0.802746	-0.806679	-1.3538	-1.3538	-1.21957	-1.74217	-1.39721
3	1.81818	-0.520082	-0.520082	-1.6859	-0.949065	-0.907896	-1.12871	-1.12871	-2.11244	-1.87192	-1.57252
3	1.69319	-0.55484	-0.55484	-2.02429	-0.822443	-0.738821	-1.20415	-1.20415	-2.53643	-1.15051	-1.06697
3	0.622287	-0.326661	-0.326661	-1.18669	-0.560529	-0.514746	-0.708939	-0.708939	-1.48692	-1.21649	-0.891567
3	2.19527	0.00819204	0.00819204	-1.20467	-0.441782	-0.394373	0.0177789	0.0177789	-1.50945	-0.583485	-0.431548
3	0.176322	0.0825283	0.0825283	-0.402038	-0.110342	-0.132053	0.179108	0.179108	-0.503753	-0.239471	-0.228723
3	0.000814267	-0.241572	-0.241572	-0.274273	-0.436159	-0.437636	-0.524275	-0.524275	-0.343664	-0.946579	-0.758007
3	0.511497	1.22654	1.22654	0.480303	1.00402	1.00685	2.6619	2.6619	0.60182	2.17899	1.74392
3	0.0167035	0.159393	0.159393	0.0113817	-0.0397866	-0.00936952	0.345925	0.345925	0.0142612	-0.0863472	-0.0162285
3	0.0089803	-0.500215	-0.500215	-0.590563	-0.707771	-0.713835	-1.0856	-1.0856	-0.739976	-1.53605	-1.2364
3	0.613114	-0.365295	-0.365295	-1.23428	-0.596281	-0.578586	-0.792785	-0.792785	-1.54655	-1.29409	-1.00214
3	1.14595	-0.62345	-0.62345	-1.31804	-0.878085	-0.864704	-1.35305	-1.35305	-1.6515	-1.90567	-1.49771
3	0.200024	0.523768	0.523768	0.0677785	0.324774	0.328596	1.13671	1.13671	0.0849265	0.704843	0.569145
3	2.40819	-0.0459853	-0.0459853	-1.03241	-0.608785	-0.515171	-0.0997999	-0.0997999	-1.29362	-0.743343	-0.502584
3	1.86707	0.919838	0.919838	-0.408456	0.570264	0.559105	1.99629	1.99629	-0.511795	0.921883	0.702781
3	0.585528	-0.906953	-0.906953	-1.60212	-1.11806	-1.08509	-1.96832	-1.96832	-2.00745	-2.42649	-1.87943
3	2.53199	-0.707422	-0.707422	-2.4593	-1.02258	-1.07797	-1.53529	-1.53529	-3.08151	-1.47419	-1.08293
3	0.165324	0.0998795	0.0998795	-0.368393	-0.121235	-0.0901652	0.216764	0.216764	-0.461596	-0.263112	-0.156171
3	0.290912	-0.160878	-0.160878	-0.768364	-0.368055	-0.365857	-0.349148	-0.349148	-0.96276	-0.798774	-0.633683
3	0.814311	0.000937848	0.000937848	-0.95547	-0.218195	-0.175968	0.00203537	0.00203537	-1.1972	-0.473539	-0.304785
3	0.0569652	-1.22374	-1.22374	-1.46292	-1.45006	-1.4054	-2.65584	-2.65584	-1.83303	-3.14702	-2.43423
3	3.98076	0.453608	-0.695514	-0.834513	-0.44865	-0.510539	0.984447	-1.23246	-1.04564	-0.406848	-0.356564
3	0.306884	-1.58926	-1.58926	-1.98868	-1.78542	-1.7942	-3.44912	-3.44912	-2.49182	-3.87482	-3.10764
3	0.892191	-0.0265682	-0.0265682	-0.994414	-0.23567	-0.246709	-0.0576598	-0.0576598	-1.246	-0.511466	-0.427313
3	0.355494	-0.0371906	-0.0371906	-0.529418	-0.265199	-0.264805	-0.0807133	-0.0807133	-0.66336	-0.57555	-0.458656
3	0.315831	0.240675	0.240675	-0.219189	-0.00144381	0.0699553	0.522328	0.522328	-0.274644	-0.00313345	0.121166
3	5.18805	-0.104295	-1.28108	-2.29773	-1.48595	-1.2915	-0.226346	-2.27008	-2.87906	-0.984638	-0.848753
3	1.075	-0.247909	-0.247909	-1.04815	-0.50992	-0.478092	-0.538026	-0.538026	-1.31333	-1.10666	-0.828079
3	1.82494	0.51073	0.51073	-0.991659	-0.343291	-0.329501	1.10842	1.10842	-1.24255	-0.416194	-0.34099
3	1.39023	-0.365876	-0.365876	-1.48105	-0.619615	-0.660642	-0.794045	-0.794045	-1.85575	-1.25726	-1.14427
3	1.83504	-0.469014	-0.469014	-2.02813	-1.51707	-1.32306	-1.01788	-1.01788	-2.54125	-1.75996	-1.28004
3	2.30752	0.306092	0.306092	-1.36913	-0.0683736	-0.0155495	0.664299	0.664299	-1.71552	-0.0852613	-0.0148726
3	3.06702	-0.217156	-1.09861	-1.95659	-2.04436	-1.91207	-0.471284	-1.94674	-2.45161	-2.28002	-2.24762
3	0.313186	0.0753612	0.0753612	-0.530354	-0.148547	-0.101334	0.163553	0.163553	-0.664533	-0.322386	-0.175515
3	0.702073	-0.0826303	-0.0826303	-1.00873	-0.308042	-0.266501	-0.179329	-0.179329	-1.26394	-0.668531	-0.461593
3	0.556725	1.12383	1.12383	0.276153	0.909853	0.923372	2.439	2.439	0.34602	1.97462	1.59933
3	0.653315	1.16721	1.16721	0.244026	0.982108	0.987248	2.53314	2.53314	0.305764	2.13143	1.70996
3	0.278942	-0.358203	-0.358203	-0.797535	-0.596418	-0.515465	-0.777393	-0.777393	-0.999311	-1.29438	-0.892812
3	0.383561	0.0263864	0.0263864	-0.42633	-0.193721	-0.180657	0.0572652	0.0572652	-0.534192	-0.420425	-0.312908
3	0.266127	0.226845	0.226845	-0.304059	0.0328931	0.0215223	0.492312	0.492312	-0.380986	0.0713867	0.0372776
3	0.887257	-0.15075	-0.15075	-0.888086	-0.39312	-0.334174	-0.327167	-0.327167	-1.11277	-0.853173	-0.578807
3	1.58707	0.448369	0.448369	-0.605144	0.141124	0.100546	0.973078	0.973078	-0.758245	0.233392	0.141256
3	0.598457	0.457776	0.457776	-0.267008	0.233796	0.249246	0.993492	0.993492	-0.334562	0.507397	0.431707
3	1.86815	-0.0811268	-0.0811268	-1.62019	-0.363513	-0.348083	-0.176066	-0.176066	-2.0301	-0.622171	-0.49615
3	0.625008	1.06349	1.06349	0.434536	0.864869	0.843574	2.30805	2.30805	0.544474	1.87699	1.46111
3	1.79793	-0.590962	-0.590962	-1.82232	-1.01293	-1.01238	-1.28254	-1.28254	-2.28337	-1.58181	-1.31819
3	0.616551	-0.0289081	-0.0289081	-0.923374	-0.2354	-0.196682	-0.0627382	-0.0627382	-1.15699	-0.510879	-0.340663
3	1.49151	-0.449599	-0.449599	-1.80076	-0.755888	-0.696732	-0.975747	-0.975747	-2.25635	-1.30429	-1.03743
3	0.612216	0.915322	0.915322	0.0259344	0.69614	0.710638	1.98649	1.98649	0.0324958	1.51081	1.23086
3	0.494764	0.372009	0.372009	-0.436278	0.152192	0.162985	0.807357	0.807357	-0.546656	0.330295	0.282298
3	0.73844	-0.424839	-0.424839	-1.25725	-0.645891	-0.601725	-0.922011	-0.922011	-1.57534	-1.40175	-1.04222
3	1.95619	0.27746	0.27746	-0.983449	-0.630091	-0.614333	0.602161	0.602161	-1.23226	-0.974868	-0.752086
3	2.13111	0.0814516	0.0814516	-0.919358	-0.706767	-0.628292	0.176771	0.176771	-1.15196	-0.92976	-0.741905
3	0.198211	-0.178115	-0.178115	-0.66797	-0.351916	-0.385637	-0.386556	-0.386556	-0.836967	-0.76375	-0.667942
3	1.65863	0.778532	0.778532	-0.63948	0.0944297	0.14445	1.68962	1.68962	-0.801269	0.123627	0.174392
3	0.808433	0.982456	0.982456	0.240699	0.779437	0.75917	2.13219	2.13219	0.301596	1.69158	1.31492
3	0.948777	0.3443	0.3443	-0.42873	0.0884861	0.108347	0.747221	0.747221	-0.537199	0.192038	0.187663
3	0.325752	0.235676	0.235676	-0.251874	0.0326306	0.00617807	0.511479	0.511479	-0.315599	0.0708168	0.0107007
3	2.32548	-0.243651	-0.243651	-1.44608	-1.24501	-1.19199	-0.528786	-0.528786	-1.81194	-1.99474	-1.66054
3	0.360731	-0.47843	-0.47843	-0.863889	-0.750179	-0.717058	-1.03832	-1.03832	-1.08245	-1.48387	-1.24198
3	2.2877	0.679258	0.679258	-1.01619	0.437225	0.44657	1.47417	1.47417	-1.27329	0.571471	0.465274
3	1.60014	-0.433022	-0.433022	-1.86131	-0.741353	-0.723804	-0.939771	-0.939771	-2.33222	-1.24998	-1.11535
3	1.16621	1.81595	1.81595	0.781881	1.58583	1.60837	3.94109	3.94109	0.979697	3.44167	2.78577
3	1.50964	-1.42778	-1.42778	-2.60739	-2.01066	-1.97639	-3.09866	-3.09866	-3.26706	-2.95734	-2.40281
3	0.749739	-0.259444	-0.259444	-1.17765	-0.488948	-0.427623	-0.56306	-0.56306	-1.4756	-1.06114	-0.740666
3	0.924809	-0.338314	-0.338314	-1.08128	-0.581267	-0.534242	-0.734228	-0.734228	-1.35485	-1.2615	-0.925334
3	0.868228	-1.12644	-1.12644	-1.92181	-1.36637	-1.33768	-2.44467	-2.44467	-2.40803	-2.96538	-2.31693
3	0.785798	0.125731	0.125731	-0.531952	-0.127656	-0.0767755	0.272869	0.272869	-0.666536	-0.271606	-0.132979
3	4.32113	-0.0421109	-2.44088	-2.44088	-2.47455	-2.43059	-0.0913917	-3.05843	-3.05843	-3.33006	-2.61623
3	2.93504	0.57584	-1.39575	-1.39575	-1.33548	-1.20369	1.24972	-1.74887	-1.74887	-1.4135	-1.23974
3	0.299262	-0.200514	-0.200514	-0.67249	-0.403623	-0.402152	-0.435167	-0.435167	-0.84263	-0.875967	-0.696548
3	0.240154	0.249066	0.249066	-0.138627	0.0385618	0.0245762	0.540537	0.540537	-0.1737	0.0836892	0.0425672
3	0.445014	1.11808	1.11808	0.70824	0.910349	0.931121	2.42652	2.42652	0.887425	1.97569	1.61275
3	0.642525	1.1611	1.1611	0.24779	0.901406	0.94318	2.5199	2.5199	0.310481	1.95629	1.63364
3	0.329265	-0.881307	-0.881307	-1.53175	-1.07802	-1.09582	-1.91267	-1.91267	-1.91929	-2.33958	-1.89802
3	1.36957	0.296657	0.296657	-0.897509	0.0103349	-0.00745141	0.643822	0.643822	-1.12458	0.0214271	-0.0125157
3	0.403662	0.614758	0.614758	-0.115572	0.412444	0.399957	1.33418	1.33418	-0.144812	0.89511	0.692746
3	0.838399	0.579132	0.579132	-0.361322	0.375722	0.348413	1.25687	1.25687	-0.452737	0.815415	0.603469
3	2.17799	0.333464	0.333464	-0.712933	-0.577715	-0.53498	0.723704	0.723704	-0.893304	-0.934078	-0.651573
3	0.0582893	0.0838358	0.0838358	-0.101045	-0.155461	-0.138307	0.181945	0.181945	-0.12661	-0.317837	-0.239555
3	1.90771	0.484434	0.484434	-1.10956	0.245158	0.183212	1.05135	1.05135	-1.39028	0.334905	0.187413
3	0.416649	0.207534	0.207534	-0.425724	-0.0135257	-0.0204536	0.450403	0.450403	-0.533432	-0.0293543	-0.0354266
3	0.97665	0.42932	0.42932	-0.603526	0.190278	0.165949	0.931735	0.931735	-0.756218	0.412952	0.287432
3	0.00383317	-0.12758	-0.12758	-0.185255	-0.324862	-0.283128	-0.276881	-0.276881	-0.232124	-0.705035	-0.490392
3	0.685988	-0.533162	-0.533162	-1.29433	-0.739438	-0.744313	-1.1571	-1.1571	-1.6218	-1.60477	-1.28919
3	1.47827	-0.435777	-0.435777	-1.82127	-0.650795	-0.638417	-0.94575	-0.94575	-2.28205	-1.27216	-1.03603
3	1.46183	0.0499516	0.0499516	-0.861827	-0.444891	-0.395212	0.108408	0.108408	-1.07987	-0.838004	-0.674191
3	0.215734	-0.258019	-0.258019	-0.625674	-0.45982	-0.454031	-0.559968	-0.559968	-0.78397	-0.997928	-0.786405
3	1.12435	0.0623871	0.0623871	-1.03582	-0.136967	-0.138538	0.135396	0.135396	-1.29788	-0.297255	-0.239955
3	0.140614	-0.554407	-0.554407	-0.985856	-0.773042	-0.752559	-1.20321	-1.20321	-1.23528	-1.6777	-1.30347
3	0.0387355	-0.105039	-0.105039	-0.323185	-0.327604	-0.321443	-0.227961	-0.227961	-0.404951	-0.710985	-0.556756
3	0.628331	1.35355	1.35355	0.512221	1.11702	1.1427	2.93756	2.93756	0.641813	2.42423	1.97921
3	2.56556	-0.0193669	-0.0193669	-1.17688	-0.981442	-0.886137	-0.0420312	-0.0420312	-1.47463	-1.16268	-0.923935
3	0.0117665	-0.774467	-0.774467	-0.875506	-0.94923	-0.95096	-1.68079	-1.68079	-1.09701	-2.06008	-1.64711
3	2.20679	0.936277	0.936277	-0.729209	0.457981	0.456457	2.03196	2.03196	-0.913699	0.551945	0.42086
3	1.38998	0.0222621	0.0222621	-1.20885	-0.417427	-0.410939	0.0483145	0.0483145	-1.51469	-0.742923	-0.59672
3	2.50848	-0.496336	-0.496336	-2.15646	-0.916613	-0.890902	-1.07718	-1.07718	-2.70205	-1.04176	-0.942013
3	2.70869	-0.199946	-0.199946	-2.07239	-1.91186	-1.75269	-0.433936	-0.433936	-2.5967	-2.24103	-1.81088
3	2.19961	0.0736288	0.0736288	-1.6386	-1.27738	-1.20238	0.159794	0.159794	-2.05316	-1.46567	-1.14346
3	0.66923	0.609816	0.609816	-0.160613	0.397	0.370516	1.32346	1.32346	-0.201249	0.861593	0.641752
3	0.722201	0.417855	0.417855	-0.435146	0.180828	0.228649	0.906855	0.906855	-0.545237	0.392445	0.396031
3	1.04555	0.1206	0.1206	-0.921628	-0.123303	-0.0933459	0.261734	0.261734	-1.1548	-0.2676	-0.16168
3	2.74509	0.0380559	0.0380559	-1.80037	-1.59284	-1.5726	0.0825912	0.0825912	-2.25587	-1.92163	-1.56796
3	1.98518	-0.242691	-0.242691	-1.19858	-0.925697	-0.864357	-0.526702	-0.526702	-1.50182	-1.41581	-1.08502
3	0.0827375	0.151057	0.151057	-0.171104	-0.0639797	-0.0546865	0.327832	0.327832	-0.214394	-0.138853	-0.0947199
3	1.17435	0.912521	0.912521	-0.129899	0.689933	0.706825	1.98041	1.98041	-0.162763	1.49733	1.22426
3	2.63572	-0.0690971	-0.0690971	-1.92914	-1.63637	-1.63171	-0.149959	-0.149959	-2.41722	-1.89281	-1.64521
3	3.71533	-0.265657	-1.13774	-2.33514	-2.43671	-2.37973	-0.576544	-2.01608	-2.92592	-3.12139	-2.35663
3	0.159301	-0.0279079	-0.0279079	-0.373434	-0.248361	-0.234533	-0.0605674	-0.0605674	-0.467912	-0.539008	-0.406224
3	1.98217	-0.998379	-0.998379	-1.93148	-1.66014	-1.6516	-2.16674	-2.16674	-2.42014	-2.3937	-2.02237
3	0.0764425	0.604403	0.604403	0.285204	0.390441	0.411592	1.31171	1.31171	0.357361	0.847358	0.712898
3	1.37539	0.293939	0.293939	-0.992503	0.0163473	0.0807822	0.637924	0.637924	-1.24361	0.0354779	0.139919
3	2.24133	-0.499615	-0.499615	-2.2256	-0.821288	-0.733615	-1.08429	-1.08429	-2.78867	-0.964298	-0.734998
3	2.3929	-0.824493	-0.824493	-2.38651	-1.32587	-1.31366	-1.78936	-1.78936	-2.9903	-1.58898	-1.22769
3	3.04478	0.800654	-1.20222	-1.20222	0.170549	0.29502	1.73763	-1.50638	-1.50638	0.146223	0.217896
3	0.533584	-0.321032	-0.321032	-1.14596	-0.545831	-0.521758	-0.696722	-0.696722	-1.43589	-1.1846	-0.903711
3	0.0248492	0.239234	0.239234	0.0586082	-0.0223831	0.0576252	0.5192	0.5192	0.0734361	-0.048577	0.0998098
3	4.82194	-0.33181	-1.43559	-2.51584	-1.71948	-1.70045	-0.720113	-2.54389	-3.15234	-1.03007	-0.825242
3	0.234791	-0.654146	-0.654146	-1.21236	-0.881069	-0.854611	-1.41967	-1.41967	-1.51908	-1.91215	-1.48023
3	1.66428	-0.144966	-0.144966	-1.55406	-0.349863	-0.330421	-0.314614	-0.314614	-1.94723	-0.597461	-0.529865
3	0.636349	0.307324	0.307324	-0.500057	0.102291	0.106831	0.666972	0.666972	-0.626571	0.221998	0.185037
3	2.31022	-1.03097	-1.03097	-1.93785	-1.58324	-1.49534	-2.23747	-2.23747	-2.42813	-1.92561	-1.72516
3	0.379292	0.329785	0.329785	-0.212392	0.133342	0.135256	0.71572	0.71572	-0.266127	0.289386	0.234271
3	0.540325	-0.157117	-0.157117	-0.983258	-0.369822	-0.329921	-0.340984	-0.340984	-1.23202	-0.802611	-0.571439
3	2.10389	0.371428	0.371428	-0.541582	-0.396433	-0.421849	0.806095	0.806095	-0.678603	-0.53943	-0.508606
3	3.29729	-0.0433008	-2.12022	-2.12022	-0.435613	-0.375008	-0.0939741	-2.65664	-2.65664	-0.369635	-0.273094
3	3.68378	-0.373309	-1.33894	-2.28045	-2.14698	-2.18352	-0.810177	-2.37262	-2.8574	-2.80642	-2.39276
3	3.45274	0.0180287	-1.00184	-1.57832	-0.878839	-0.813261	0.0391271	-1.77527	-1.97764	-0.71823	-0.530337
3	1.66328	0.00151049	0.00151049	-1.06335	-0.301351	-0.372441	0.00327817	0.00327817	-1.33238	-0.590937	-0.491878
3	4.10949	0.446389	-0.582046	-1.54975	-1.66996	-1.64168	0.968779	-1.03139	-1.94184	-1.81719	-1.56464
3	6.07813	0.522297	-0.814143	-1.66262	-1.58396	-1.25268	1.13352	-1.44267	-2.08326	-0.830641	-0.592539
3	0.52637	0.10512	0.10512	-0.67255	-0.112481	-0.0867118	0.228138	0.228138	-0.842705	-0.244113	-0.150189
3	1.08722	-1.27831	-1.27831	-2.08141	-1.51154	-1.51624	-2.77426	-2.77426	-2.60801	-3.28044	-2.62621
3	1.26301	0.370939	0.370939	-0.47081	0.000970503	0.0136153	0.805035	0.805035	-0.589925	0.0020565	0.0235823
3	0.943478	-0.331264	-0.331264	-0.995302	-0.553878	-0.553024	-0.718929	-0.718929	-1.24711	-1.20206	-0.957865
3	1.14907	0.19368	0.19368	-0.936758	-0.0658395	-0.0930025	0.420335	0.420335	-1.17376	-0.142889	-0.161085
3	0.15254	0.144732	0.144732	-0.304702	-0.0734263	-0.0670127	0.314105	0.314105	-0.381792	-0.159354	-0.116069
3	0.304445	-0.257107	-0.257107	-0.723319	-0.473948	-0.428626	-0.557989	-0.557989	-0.906318	-1.02859	-0.742402
3	0.309631	-0.403382	-0.403382	-0.750202	-0.63161	-0.59733	-0.875444	-0.875444	-0.940004	-1.37076	-1.03461
3	2.7698	-0.218886	-0.218886	-1.22714	-1.24944	-1.22522	-0.475039	-0.475039	-1.53761	-1.84104	-1.70678
3	2.00109	0.296251	0.296251	-1.20658	-0.0485251	-0.0148983	0.642941	0.642941	-1.51185	-0.0670663	-0.0164314
3	0.218726	-0.145893	-0.145893	-0.599045	-0.38235	-0.391303	-0.316625	-0.316625	-0.750603	-0.829799	-0.677757
3	1.10073	0.356158	0.356158	-0.436998	0.0967912	0.106054	0.772954	0.772954	-0.547558	0.210062	0.18369
3	0.561383	0.303953	0.303953	-0.471838	0.0571781	0.0998355	0.659657	0.659657	-0.591213	0.124091	0.17292
3	2.40386	0.543096	0.543096	-1.21684	0.209972	0.274087	1.17866	1.17866	-1.5247	0.238497	0.243677
3	0.755883	-0.27044	-0.27044	-0.992193	-0.498913	-0.500024	-0.586925	-0.586925	-1.24322	-1.08277	-0.866067
3	0.730918	0.210606	0.210606	-0.346875	-0.0024352	-0.0109463	0.457071	0.457071	-0.434634	-0.00528502	-0.0189595
3	0.297743	-0.0823651	-0.0823651	-0.463536	-0.305572	-0.268178	-0.178754	-0.178754	-0.580811	-0.663171	-0.464497
3	0.611775	0.348395	0.348395	-0.522136	0.131342	0.13772	0.756107	0.756107	-0.654236	0.285046	0.238538
3	1.20673	0.743344	0.743344	-0.204951	0.420812	0.394432	1.61325	1.61325	-0.256803	0.867225	0.63338
3	0.0199591	-0.121889	-0.121889	-0.257889	-0.339042	-0.296247	-0.264531	-0.264531	-0.323134	-0.73581	-0.513116
3	0.541599	0.294059	0.294059	-0.548566	0.0851903	0.101513	0.638184	0.638184	-0.687354	0.184885	0.175825
3	1.20427	-0.0242169	-0.0242169	-0.914535	-0.268731	-0.269348	-0.052557	-0.052557	-1.14591	-0.583216	-0.466525
3	1.29263	0.981188	0.981188	-0.202671	0.721561	0.751802	2.12943	2.12943	-0.253947	1.47877	1.30216
3	0.291084	0.147673	0.147673	-0.309628	-0.0870866	-0.0551762	0.320488	0.320488	-0.387964	-0.189001	-0.0955679
3	0.554822	-0.139869	-0.139869	-0.93354	-0.364481	-0.371742	-0.303552	-0.303552	-1.16973	-0.791018	-0.643875
3	1.03595	0.252072	0.252072	-0.662277	0.0159706	0.00796473	0.547061	0.547061	-0.829833	0.0346602	0.0137953
3	0.136269	0.685551	0.685551	0.448747	0.459836	0.492619	1.48782	1.48782	0.56228	0.997963	0.853241
3	0.261042	0.202838	0.202838	-0.132678	-0.0206943	0.00596881	0.44021	0.44021	-0.166246	-0.044912	0.0103383
3	1.35807	0.0501246	0.0501246	-0.923366	-0.215916	-0.278741	0.108783	0.108783	-1.15698	-0.468593	-0.471478
3	1.17504	1.05527	1.05527	0.0428543	0.752125	0.756266	2.2902	2.2902	0.0536964	1.4247	1.30989
3	0.316502	0.581065	0.581065	0.119097	0.367165	0.398436	1.26106	1.26106	0.149229	0.796843	0.690111
3	0.669921	-0.45774	-0.45774	-0.979207	-0.68106	-0.691817	-0.993414	-0.993414	-1.22695	-1.47808	-1.19826
3	1.49489	-0.317258	-0.317258	-1.72779	-0.67607	-0.596826	-0.688533	-0.688533	-2.16493	-1.20247	-0.907836
3	0.319199	-0.149758	-0.149758	-0.622529	-0.40465	-0.374212	-0.325014	-0.325014	-0.780029	-0.878196	-0.648154
3	0.744166	0.716943	0.716943	0.0413388	0.542442	0.482328	1.55595	1.55595	0.0517976	1.17724	0.835417
3	0.964492	0.0031475	0.0031475	-1.12758	-0.206193	-0.201862	0.00683089	0.00683089	-1.41286	-0.447492	-0.349636
3	0.344666	0.841372	0.841372	0.380797	0.588862	0.612167	1.826	1.826	0.477138	1.27798	1.0603
3	0.137029	0.357337	0.357337	0.0528614	0.149766	0.139524	0.775515	0.775515	0.0662354	0.325031	0.241663
3	0.329124	-0.231231	-0.231231	-0.650658	-0.462106	-0.437457	-0.501832	-0.501832	-0.815274	-1.00289	-0.757697
3	0.0123608	-0.29224	-0.29224	-0.384414	-0.504872	-0.498523	-0.634236	-0.634236	-0.481671	-1.0957	-0.863467
3	0.319216	-0.580896	-0.580896	-1.0077	-0.82135	-0.785194	-1.26069	-1.26069	-1.26265	-1.78254	-1.36
3	0.192849	1.03366	1.03366	0.600282	0.83379	0.853443	2.24331	2.24331	0.752153	1.80954	1.47821
3	1.13929	0.87419	0.87419	-0.315351	0.517274	0.594582	1.89722	1.89722	-0.395134	1.03807	0.947154
3	0.179407	-0.621702	-0.621702	-1.04142	-0.805168	-0.818265	-1.34926	-1.34926	-1.3049	-1.74742	-1.41728
3	4.55376	0.0151353	-2.36765	-2.36765	-0.952041	-0.828649	0.0328476	-2.96666	-2.96666	-0.584096	-0.474627
3	0.197154	0.283656	0.283656	-0.117532	0.081951	0.0808723	0.615607	0.615607	-0.147268	0.177855	0.140075
3	1.25345	0.212936	0.212936	-0.78154	-0.15489	-0.118093	0.462127	0.462127	-0.97927	-0.299279	-0.181687
3	0.8234	-0.873761	-0.873761	-1.41874	-1.06548	-1.07885	-1.89629	-1.89629	-1.77769	-2.31237	-1.86863
3	0.750208	0.292483	0.292483	-0.698504	0.084736	0.0712956	0.634765	0.634765	-0.875226	0.183899	0.123488
3	1.54185	-0.650479	-0.650479	-1.98612	-0.890155	-0.917523	-1.41171	-1.41171	-2.4886	-1.79686	-1.48079
3	2.55107	-0.668435	-0.668435	-2.09197	-1.86494	-1.82632	-1.45068	-1.45068	-2.62124	-2.7297	-2.20906
3	1.65215	-0.0307909	-0.0307909	-1.24555	-0.373763	-0.353359	-0.0668242	-0.0668242	-1.56067	-0.670744	-0.594161
3	2.2972	-0.197427	-0.197427	-1.45792	-0.767921	-0.747387	-0.428467	-0.428467	-1.82677	-1.4977	-1.07767
3	0.261923	-0.393761	-0.393761	-0.9458	-0.620133	-0.591821	-0.854564	-0.854564	-1.18509	-1.34585	-1.02506
3	0.749344	0.00106434	0.00106434	-0.902581	-0.202595	-0.204807	0.0023099	0.0023099	-1.13093	-0.439685	-0.354735
3	0.614122	-0.574415	-0.574415	-1.19356	-0.847327	-0.810949	-1.24663	-1.24663	-1.49553	-1.83892	-1.4046
3	1.1165	0.829577	0.829577	-0.20978	0.601263	0.590053	1.8004	1.8004	-0.262854	1.3049	1.022
3	1.08491	0.267429	0.267429	-0.911671	0.062343	0.0461351	0.580391	0.580391	-1.14232	0.1353	0.0799084
3	0.704865	0.569118	0.569118	0.00856597	0.337652	0.360318	1.23513	1.23513	0.0107332	0.732792	0.624089
3	1.10767	0.279541	0.279541	-0.900518	0.0487756	0.0546983	0.606676	0.606676	-1.12835	0.105856	0.0947402
3	0.399441	0.244135	0.244135	-0.335355	0.0504272	-0.0151941	0.529835	0.529835	-0.4202	0.10944	-0.0249195
3	1.15591	0.05069	0.05069	-0.756401	-0.197869	-0.181767	0.110011	0.110011	-0.94777	-0.429428	-0.31483
3	0.101759	-0.696716	-0.696716	-1.00374	-0.890231	-0.891364	-1.51205	-1.51205	-1.25768	-1.93203	-1.54389
3	1.46253	0.321286	0.321286	-0.769704	-0.0495942	0.0354834	0.697275	0.697275	-0.964439	-0.0719599	0.0614591
3	0.372101	0.426515	0.426515	-0.170581	0.231786	0.235886	0.925649	0.925649	-0.213738	0.503036	0.408566
3	0.942529	0.942198	0.942198	0.104581	0.733975	0.753517	2.04481	2.04481	0.131039	1.59292	1.30513
3	0.332003	0.160188	0.160188	-0.316849	-0.0446212	-0.0394828	0.34765	0.34765	-0.397012	-0.0968395	-0.0683862
3	0.70859	0.699159	0.699159	-0.119455	0.481645	0.466146	1.51736	1.51736	-0.149677	1.04529	0.807389
3	0.105507	0.0966624	0.0966624	-0.108648	-0.0977469	-0.116585	0.209782	0.209782	-0.136137	-0.212136	-0.20193
3	4.28066	-0.161406	-1.20528	-2.21109	-1.17191	-0.894896	-0.350292	-2.13576	-2.7705	-1.03755	-0.782403
3	1.21805	0.362852	0.362852	-0.609736	0.124904	0.137471	0.787482	0.787482	-0.763999	0.271074	0.238107
3	2.56235	-0.201047	-0.201047	-1.44291	-0.824352	-0.827464	-0.436325	-0.436325	-1.80796	-0.92934	-0.768818
3	0.454854	0.603742	0.603742	0.161742	0.408152	0.405234	1.31028	1.31028	0.202663	0.885795	0.701885
3	0.96675	-0.550622	-0.550622	-1.38043	-0.747755	-0.738898	-1.19499	-1.19499	-1.72968	-1.62282	-1.27981
3	0.662193	0.700807	0.700807	-0.184173	0.456327	0.49304	1.52093	1.52093	-0.230769	0.92396	0.85397
3	0.115195	-0.707684	-0.707684	-0.967541	-0.934881	-0.915819	-1.53586	-1.53586	-1.21233	-2.02893	-1.58624
3	1.56679	0.580909	0.580909	-0.566524	0.277273	0.294719	1.26072	1.26072	-0.709854	0.556771	0.433067
3	0.225391	0.438176	0.438176	0.00217395	0.237983	0.258951	0.950956	0.950956	0.00272396	0.516484	0.448516
3	0.680576	0.0690448	0.0690448	-0.835744	-0.180917	-0.132164	0.149845	0.149845	-1.04719	-0.392638	-0.228915
3	0.966293	-0.806426	-0.806426	-1.87006	-1.03748	-0.996876	-1.75015	-1.75015	-2.34318	-2.2516	-1.72664
3	0.0336524	0.247386	0.247386	0.0465366	0.0437883	0.0108213	0.536892	0.536892	0.0583103	0.0950321	0.0187431
3	0.146684	0.240641	0.240641	-0.0177243	0.0351138	0.0251122	0.522254	0.522254	-0.0222085	0.0762062	0.0434956
3	0.0888458	0.173272	0.173272	-0.128284	-0.0126111	-0.0675097	0.376045	0.376045	-0.16074	-0.0273694	-0.11693
3	0.659476	-0.00949273	-0.00949273	-0.9471	-0.245932	-0.193108	-0.0206017	-0.0206017	-1.18672	-0.533737	-0.334473
3	0.371962	-0.332901	-0.332901	-1.0327	-0.500717	-0.555112	-0.722482	-0.722482	-1.29397	-1.08669	-0.961482
3	1.03889	1.33121	1.33121	0.302118	1.02649	1.11258	2.88908	2.88908	0.378554	1.15294	1.92704
3	0.572224	0.173767	0.173767	-0.420025	-0.0561576	-0.0163142	0.37712	0.37712	-0.526292	-0.121877	-0.028257
3	0.0621583	-0.854879	-0.854879	-1.10261	-1.04038	-1.07809	-1.85531	-1.85531	-1.38157	-2.25789	-1.86731
3	0.671922	-0.0902585	-0.0902585	-1.01526	-0.311906	-0.295794	-0.195884	-0.195884	-1.27213	-0.676916	-0.512331
3	1.39055	-0.402091	-0.402091	-1.68067	-0.85175	-0.842768	-0.872642	-0.872642	-2.10588	-1.51451	-1.09755
3	0.947975	-0.394844	-0.394844	-1.50423	-0.615156	-0.602525	-0.856913	-0.856913	-1.88479	-1.33505	-1.0436
3	0.0759953	-0.165235	-0.165235	-0.482537	-0.376718	-0.334209	-0.358603	-0.358603	-0.604619	-0.817575	-0.578867
3	0.624013	-0.440511	-0.440511	-1.11869	-0.696894	-0.645259	-0.956022	-0.956022	-1.40172	-1.42227	-1.11762
3	2.51417	-0.568268	-0.568268	-1.9538	-1.76412	-1.70839	-1.23329	-1.23329	-2.44811	-2.40805	-2.10373
3	1.13186	-0.252629	-0.252629	-1.07306	-0.5298	-0.530922	-0.54827	-0.54827	-1.34454	-1.1498	-0.919583
3	2.61516	0.881733	0.881733	-0.47585	0.125984	0.173258	1.91359	1.91359	-0.59624	0.154323	0.151496
3	2.75272	0.244206	0.244206	-1.64812	-0.0316603	0.0488334	0.529991	0.529991	-2.06509	-0.031293	0.0459743
3	0.709733	0.0596674	0.0596674	-0.465092	-0.156466	-0.163095	0.129494	0.129494	-0.58276	-0.339572	-0.282489
3	1.88508	-0.601253	-0.601253	-2.18342	-0.856145	-0.822902	-1.30488	-1.30488	-2.73582	-1.23106	-0.924811
3	0.222944	0.138096	0.138096	-0.352083	-0.104196	-0.0436011	0.299705	0.299705	-0.441161	-0.226132	-0.0755192
3	0.598734	0.514627	0.514627	-0.334816	0.291016	0.322645	1.11687	1.11687	-0.419525	0.631579	0.558838
3	0.356397	0.414768	0.414768	-0.237979	0.213541	0.181619	0.900154	0.900154	-0.298188	0.463439	0.314573
3	0.121144	0.268669	0.268669	-0.129809	0.0561252	0.0385179	0.583081	0.583081	-0.162651	0.121806	0.066715
3	0.342505	0.347256	0.347256	-0.324113	0.125852	0.124236	0.753637	0.753637	-0.406114	0.273131	0.203805
3	0.288165	-0.568448	-0.568448	-1.18333	-0.782413	-0.765453	-1.23368	-1.23368	-1.48272	-1.69804	-1.3258
3	0.801631	-0.479571	-0.479571	-1.29842	-0.715531	-0.720832	-1.04079	-1.04079	-1.62692	-1.55289	-1.24852
3	0.139516	0.733997	0.733997	0.47812	0.526984	0.544948	1.59296	1.59296	0.599084	1.14369	0.943877
3	0.330539	0.0825234	0.0825234	-0.57721	-0.139474	-0.104763	0.179097	0.179097	-0.723245	-0.302695	-0.181454
3	0.156233	0.477559	0.477559	0.187731	0.259785	0.294047	1.03643	1.03643	0.235227	0.563801	0.509304
3	0.0586893	0.211171	0.211171	0.00501931	-0.0163091	0.0387088	0.458295	0.458295	0.0062892	-0.0353951	0.0670457
3	2.14927	0.0683351	0.0683351	-1.61791	-0.328091	-0.25322	0.148305	0.148305	-2.02724	-0.411239	-0.303127
3	0.365454	-0.465325	-0.465325	-1.15321	-0.687878	-0.665734	-1.00988	-1.00988	-1.44497	-1.49287	-1.15308
3	2.98277	0.216386	0.216386	-0.806829	-0.460385	-0.505359	0.469614	0.469614	-1.01096	-0.494819	-0.426902
3	0.693796	-0.312221	-0.312221	-1.25919	-0.488502	-0.517225	-0.677601	-0.677601	-1.57776	-1.06018	-0.89586
3	0.441571	0.435881	0.435881	-0.0808879	0.244277	0.253825	0.945975	0.945975	-0.101353	0.530145	0.439639
3	1.2516	0.171612	0.171612	-1.11314	-0.0560895	-0.0806935	0.372443	0.372443	-1.39477	-0.121729	-0.139765
3	1.38975	0.205504	0.205504	-1.1361	-0.176868	-0.0710441	0.445997	0.445997	-1.42353	-0.189428	-0.102884
3	1.45373	-0.256866	-0.256866	-1.13102	-0.724915	-0.725638	-0.557466	-0.557466	-1.41717	-1.42071	-1.19311
3	2.98517	0.490187	0.490187	-0.781058	-0.244978	-0.0698131	1.06383	1.06383	-0.978665	-0.264968	-0.0599089
3	0.504932	1.19223	1.19223	0.681773	0.999007	0.990457	2.58746	2.58746	0.854261	2.16811	1.71552
3	0.517061	0.390213	0.390213	-0.279843	0.166392	0.200363	0.846863	0.846863	-0.350644	0.361114	0.347039
3	0.948295	-0.248213	-0.248213	-1.35132	-0.491495	-0.45779	-0.538686	-0.538686	-1.69321	-1.06667	-0.792916
3	0.227044	-0.0949739	-0.0949739	-0.644131	-0.322967	-0.309382	-0.206118	-0.206118	-0.807096	-0.639341	-0.535865
3	0.151017	-0.106522	-0.106522	-0.481809	-0.339164	-0.292078	-0.23118	-0.23118	-0.603706	-0.736075	-0.505894
3	0.880939	0.970145	0.970145	0.00751436	0.759652	0.750868	2.10547	2.10547	0.0094155	1.64864	1.30054
3	0.790793	-0.919137	-0.919137	-1.57837	-1.12526	-1.11748	-1.99477	-1.99477	-1.9777	-2.4421	-1.93554
3	0.517661	0.543947	0.543947	-0.163045	0.325966	0.337696	1.18051	1.18051	-0.204295	0.707431	0.584907
3	1.83944	0.367102	0.367102	-0.790882	-0.051834	-0.0126767	0.796706	0.796706	-0.990976	-0.0829443	-0.0168141
3	0.332056	-0.142229	-0.142229	-0.802794	-0.368403	-0.358372	-0.308673	-0.308673	-1.0059	-0.79953	-0.620719
3	1.03289	-0.0579257	-0.0579257	-1.00739	-0.259611	-0.278804	-0.125714	-0.125714	-1.26226	-0.563423	-0.482903
3	1.30502	0.212129	0.212129	-0.451592	-0.0809891	-0.0364876	0.460376	0.460376	-0.565845	-0.16376	-0.0572829
3	0.798762	-1.17355	-1.17355	-1.69421	-1.41713	-1.37615	-2.54692	-2.54692	-2.12284	-3.07554	-2.38357
3	1.65449	-0.0308907	-0.0308907	-1.26	-0.344021	-0.324521	-0.0670408	-0.0670408	-1.57878	-0.570354	-0.498733
3	0.635118	1.37311	1.37311	0.572026	1.15165	1.13684	2.98001	2.98001	0.716749	2.49938	1.96907
3	0.462378	0.0417861	0.0417861	-0.562853	-0.179606	-0.175583	0.0906866	0.0906866	-0.705255	-0.389792	-0.304119
3	0.51392	0.407508	0.407508	-0.0720023	0.185368	0.193516	0.884397	0.884397	-0.0902189	0.402296	0.33518
3	2.07932	0.0286899	0.0286899	-1.09429	-0.4947	-0.376297	0.0622645	0.0622645	-1.37114	-0.643818	-0.473589
3	1.48683	-0.456901	-0.456901	-1.81803	-1.04643	-1.02636	-0.991593	-0.991593	-2.27799	-1.50439	-1.12234
3	0.513047	0.333054	0.333054	-0.159927	0.0995536	0.143302	0.722813	0.722813	-0.200389	0.216057	0.248206
3	8.0642	-0.19823	-3.3193	-3.3193	-2.89335	-2.50924	-0.43021	-4.15908	-4.15908	-1.27994	-1.14197
3	1.14182	0.344401	0.344401	-0.542268	0.0800833	0.108668	0.74744	0.74744	-0.679461	0.173801	0.188219
3	1.35766	-0.114195	-0.114195	-1.43786	-0.382931	-0.406248	-0.247833	-0.247833	-1.80164	-0.80714	-0.675828
3	1.3837	-0.0104854	-0.0104854	-1.22185	-0.335192	-0.254946	-0.0227561	-0.0227561	-1.53098	-0.618773	-0.44158
3	0.501659	-0.502887	-0.502887	-1.2046	-0.725618	-0.684727	-1.0914	-1.0914	-1.50937	-1.57478	-1.18598
3	0.210718	0.358827	0.358827	0.0388627	0.140765	0.151144	0.778748	0.778748	0.0486949	0.305497	0.26179
3	0.825315	-0.226447	-0.226447	-1.27487	-0.476557	-0.423325	-0.491449	-0.491449	-1.59741	-0.953836	-0.733221
3	0.68106	-0.0438967	-0.0438967	-0.594632	-0.269837	-0.227723	-0.0952673	-0.0952673	-0.745074	-0.585616	-0.394427
3	0.199467	0.589116	0.589116	0.0769693	0.365875	0.414896	1.27853	1.27853	0.0964425	0.794044	0.718621
3	1.03866	0.293368	0.293368	-0.838264	0.0750531	0.0985714	0.636685	0.636685	-1.05034	0.162885	0.170731
3	0.293446	0.0635002	0.0635002	-0.464267	-0.154692	-0.1549	0.137812	0.137812	-0.581727	-0.335722	-0.268294
3	0.387427	-0.16146	-0.16146	-0.813214	-0.388749	-0.381266	-0.350411	-0.350411	-1.01896	-0.843687	-0.660372
3	0.813501	0.319691	0.319691	-0.65798	0.125871	0.0889793	0.693812	0.693812	-0.824449	0.273172	0.147844
3	0.524137	0.183823	0.183823	-0.578878	-0.0418634	-0.0206162	0.398944	0.398944	-0.725335	-0.0908544	-0.0357084
3	0.943187	0.401208	0.401208	-0.442041	0.195552	0.16418	0.870726	0.870726	-0.553877	0.424399	0.284369
3	0.633139	-0.185481	-0.185481	-0.966128	-0.386647	-0.384424	-0.402543	-0.402543	-1.21056	-0.839125	-0.665842
3	0.106821	-0.777926	-0.777926	-1.10473	-0.992622	-1.00184	-1.6883	-1.6883	-1.38422	-2.15425	-1.73523
3	1.34831	-0.544567	-0.544567	-1.86197	-0.814119	-0.764372	-1.18185	-1.18185	-2.33304	-1.46695	-1.28662
3	3.79151	-0.281647	-1.40047	-1.59082	-1.1849	-1.17393	-0.611247	-2.48164	-1.9933	-1.08814	-0.896976
3	0.386694	0.576705	0.576705	0.00757646	0.361001	0.400243	1.2516	1.2516	0.0094933	0.783467	0.693241
3	0.186022	-0.0974037	-0.0974037	-0.395206	-0.301186	-0.297791	-0.211391	-0.211391	-0.495193	-0.653653	-0.515789
3	1.1056	0.555912	0.555912	-0.633538	0.315683	0.343202	1.20647	1.20647	-0.793823	0.679408	0.594443
3	0.442851	0.541216	0.541216	0.0958273	0.356682	0.348965	1.17458	1.17458	0.120072	0.774093	0.604425
3	0.223982	0.112135	0.112135	-0.326341	-0.0734889	-0.0678681	0.243362	0.243362	-0.408906	-0.15949	-0.117551
3	0.53259	-0.528795	-0.528795	-1.08034	-0.746767	-0.711575	-1.14762	-1.14762	-1.35367	-1.62068	-1.23248
3	0.112555	0.95739	0.95739	0.60912	0.731828	0.71532	2.07778	2.07778	0.763228	1.58826	1.23897
3	0.762707	0.493791	0.493791	-0.501453	0.287448	0.272434	1.07165	1.07165	-0.62832	0.623837	0.47187
3	0.974358	-0.516855	-0.516855	-1.15891	-0.765636	-0.761718	-1.12171	-1.12171	-1.45211	-1.56416	-1.31933
3	1.16549	-0.958651	-0.958651	-1.64544	-1.24729	-1.21703	-2.08052	-2.08052	-2.06174	-2.70694	-2.10795
3	0.185617	-0.426796	-0.426796	-0.795228	-0.64586	-0.627167	-0.926258	-0.926258	-0.99642	-1.40168	-1.08629
3	0.526413	-0.0106433	-0.0106433	-0.716614	-0.217566	-0.216403	-0.0230988	-0.0230988	-0.897917	-0.472175	-0.374821
3	0.693002	0.147712	0.147712	-0.672095	-0.0709819	-0.036497	0.320573	0.320573	-0.842135	-0.154049	-0.0632147
3	0.229445	0.202163	0.202163	-0.337761	-0.0338509	0.0164454	0.438746	0.438746	-0.423214	-0.0734652	0.0284843
3	0.472256	0.0213943	0.0213943	-0.738198	-0.190394	-0.202663	0.0464313	0.0464313	-0.924962	-0.413205	-0.351022
3	0.931998	-0.648096	-0.648096	-1.73898	-0.855336	-0.86905	-1.40654	-1.40654	-2.17894	-1.8563	-1.50524
3	1.36207	-1.15895	-1.15895	-2.25644	-1.45363	-1.42431	-2.51522	-2.51522	-2.82732	-2.60586	-2.46698
3	2.6364	-0.272276	-0.272276	-1.80353	-1.58923	-1.52711	-0.590909	-0.590909	-2.25982	-2.29462	-1.67867
3	3.60833	0.537765	-0.26703	-1.55748	-1.43023	-1.42383	1.16709	-0.473179	-1.95152	-1.82557	-1.51451
3	0.0102294	-0.0819198	-0.0819198	-0.186919	-0.328416	-0.285256	-0.177787	-0.177787	-0.234209	-0.712747	-0.494078
3	0.0436169	0.48975	0.48975	0.248934	0.251393	0.307742	1.06288	1.06288	0.311914	0.545588	0.533024
3	0.531316	0.956178	0.956178	0.465178	0.717251	0.744448	2.07515	2.07515	0.582868	1.55662	1.28942
3	0.758553	0.0847878	0.0847878	-0.910271	-0.122076	-0.134208	0.184011	0.184011	-1.14057	-0.264937	-0.232455
3	1.17223	-0.53018	-0.53018	-1.35034	-0.761274	-0.762011	-1.15063	-1.15063	-1.69197	-1.65216	-1.31984
3	3.49884	-1.06225	-3.22052	-3.22052	-1.57986	-1.48749	-2.30537	-4.03531	-4.03531	-0.936801	-0.930596
3	0.0208057	0.284413	0.284413	0.129386	0.0634339	0.0983122	0.617249	0.617249	0.162121	0.137668	0.170282
3	2.51235	0.218513	0.218513	-1.61111	-0.157012	-0.174166	0.47423	0.47423	-2.01872	-0.194186	-0.172753
3	1.10494	0.430013	0.430013	-0.661273	0.145913	0.18279	0.933239	0.933239	-0.828575	0.316668	0.316601
3	0.956728	-0.569578	-0.569578	-1.64577	-0.796816	-0.784133	-1.23613	-1.23613	-2.06215	-1.7293	-1.35816
3	1.27226	0.252716	0.252716	-0.715417	-0.0040873	0.0081539	0.548458	0.548458	-0.896417	-0.00887051	0.014123
3	0.498612	-0.370876	-0.370876	-0.935518	-0.627891	-0.580447	-0.804897	-0.804897	-1.1722	-1.09564	-1.00536
3	0.194199	0.138077	0.138077	-0.329648	-0.0675035	-0.0669158	0.299662	0.299662	-0.413049	-0.1465	-0.115902
3	0.583009	0.0733494	0.0733494	-0.580227	-0.127209	-0.104836	0.159187	0.159187	-0.727024	-0.276077	-0.181582
3	0.0404162	0.718185	0.718185	0.496867	0.506892	0.551041	1.55865	1.55865	0.622574	1.10009	0.95443
3	0.237085	1.15037	1.15037	0.601107	0.955722	0.961374	2.49659	2.49659	0.753187	2.07417	1.66515
3	1.83535	0.277906	0.277906	-0.930678	-0.0674591	-0.108706	0.603128	0.603128	-1.16614	-0.142384	-0.180316
3	0.898059	0.125524	0.125524	-0.78569	-0.120964	-0.0731159	0.272419	0.272419	-0.98447	-0.262523	-0.126641
3	0.856135	1.13212	1.13212	0.0921328	0.902371	0.910119	2.45699	2.45699	0.115442	1.95838	1.57637
3	0.255843	0.171763	0.171763	-0.161883	-0.0202034	-0.0355413	0.372771	0.372771	-0.202839	-0.0438466	-0.0615593
3	3.68123	0.402477	-0.636086	-1.30346	-0.536431	-0.453521	0.873479	-1.12715	-1.63324	-0.545357	-0.44213
3	2.39107	0.0830026	0.0830026	-1.34854	-0.44112	-0.402611	0.180137	0.180137	-1.68973	-0.652257	-0.512299
3	0.124915	-0.593862	-0.593862	-0.968835	-0.815044	-0.775986	-1.28883	-1.28883	-1.21395	-1.76886	-1.34405
3	1.08896	0.354716	0.354716	-0.564773	0.0844435	0.126601	0.769825	0.769825	-0.707661	0.183264	0.219279
3	1.03823	0.173498	0.173498	-0.52386	-0.0454642	-0.0103533	0.376537	0.376537	-0.656396	-0.098669	-0.0179324
3	4.11567	-0.35336	-1.27993	-2.52093	-1.38186	-1.32022	-0.766883	-2.26804	-3.15873	-1.01022	-0.777127
3	0.228514	1.05272	1.05272	0.661438	0.792081	0.86519	2.28467	2.28467	0.828782	1.56056	1.49855
3	2.26809	0.513036	0.513036	-0.780916	-0.476589	-0.502133	1.11342	1.11342	-0.978487	-0.791455	-0.690761
3	0.111622	-0.388039	-0.388039	-0.749363	-0.555668	-0.615936	-0.842146	-0.842146	-0.938952	-1.20594	-1.06683
3	0.0248025	-0.00747812	-0.00747812	-0.189103	-0.22166	-0.185367	-0.0162295	-0.0162295	-0.236946	-0.48106	-0.321065
3	0.0552668	-0.631986	-0.631986	-0.83788	-0.842843	-0.847986	-1.37157	-1.37157	-1.04986	-1.82919	-1.46875
3	0.4096	0.671888	0.671888	-0.0503263	0.460183	0.4449	1.45817	1.45817	-0.0630588	0.998717	0.770589
3	0.24944	-0.205899	-0.205899	-0.781669	-0.40986	-0.421176	-0.446854	-0.446854	-0.979431	-0.889503	-0.729498
3	0.182858	0.0701898	0.0701898	-0.370724	-0.12634	-0.128868	0.15233	0.15233	-0.464517	-0.27419	-0.223206
3	0.0281173	0.35637	0.35637	0.24569	0.14182	0.172771	0.773415	0.773415	0.30785	0.307786	0.299248
3	2.09935	-0.616505	-0.616505	-2.28492	-1.9138	-1.82694	-1.33798	-1.33798	-2.86301	-2.09047	-1.67955
3	1.74579	-0.495385	-0.495385	-2.00016	-1.2908	-1.17947	-1.07511	-1.07511	-2.5062	-1.69304	-1.29504
3	0.0962049	0.101448	0.101448	-0.234541	-0.0951168	-0.0893651	0.220169	0.220169	-0.29388	-0.206428	-0.154785
3	2.92565	0.352357	0.352357	-0.858534	-0.397996	-0.311981	0.764707	0.764707	-1.07574	-0.327455	-0.26008
3	0.186764	-0.452455	-0.452455	-0.851787	-0.638235	-0.643081	-0.981944	-0.981944	-1.06729	-1.38514	-1.11385
3	0.129736	-0.692908	-0.692908	-1.04671	-0.892873	-0.899965	-1.50379	-1.50379	-1.31153	-1.93777	-1.55878
3	0.0372329	0.569403	0.569403	0.454501	0.353525	0.364685	1.23575	1.23575	0.56949	0.767241	0.631654
3	0.587282	0.557743	0.557743	-0.162133	0.345036	0.364553	1.21045	1.21045	-0.203153	0.748818	0.631424
3	0.807427	-0.71839	-0.71839	-1.57203	-0.974733	-0.947631	-1.55909	-1.55909	-1.96975	-1.78793	-1.64135
3	0.288179	-0.212249	-0.212249	-0.646392	-0.432497	-0.43481	-0.460636	-0.460636	-0.80993	-0.93863	-0.753114
3	1.61246	-0.461678	-0.461678	-1.78531	-1.15707	-1.10687	-1.00196	-1.00196	-2.23699	-1.5779	-1.27741
3	0.68402	0.448281	0.448281	-0.361589	0.20647	0.244609	0.972887	0.972887	-0.453071	0.448093	0.423675
3	0.829474	1.01574	1.01574	-0.0117129	0.801889	0.798948	2.20443	2.20443	-0.0146763	1.74031	1.38382
3	0.534966	0.329822	0.329822	-0.136911	0.0985522	0.16753	0.7158	0.7158	-0.171549	0.213884	0.29017
3	0.282503	-0.461906	-0.461906	-0.925928	-0.67286	-0.716794	-1.00246	-1.00246	-1.16019	-1.46028	-1.24152
3	0.27584	0.0129709	0.0129709	-0.376282	-0.185764	-0.188123	0.0281503	0.0281503	-0.471481	-0.403156	-0.325839
3	0.121618	0.85698	0.85698	0.4544	0.636385	0.655581	1.85987	1.85987	0.569363	1.38112	1.1355
3	0.182082	-0.097499	-0.097499	-0.492916	-0.335694	-0.344407	-0.211598	-0.211598	-0.617623	-0.728543	-0.59653
3	0.0225137	-0.152228	-0.152228	-0.275424	-0.354603	-0.356459	-0.330374	-0.330374	-0.345107	-0.769581	-0.617404
3	1.46401	-0.850867	-0.850867	-2.16325	-1.0525	-1.0762	-1.8466	-1.8466	-2.71055	-2.22381	-1.86403
3	0.550004	0.843829	0.843829	0.0151159	0.640321	0.655281	1.83133	1.83133	0.0189402	1.38966	1.13498
3	2.46164	-0.824036	-0.824036	-2.39896	-2.12604	-2.03322	-1.78837	-1.78837	-3.00589	-2.35942	-2.30427
3	0.476772	0.288361	0.288361	-0.296281	0.0586449	0.0793279	0.625818	0.625818	-0.37124	0.127275	0.1374
3	0.152622	0.206298	0.206298	-0.227671	-0.00187843	0.030524	0.44772	0.44772	-0.285272	-0.00407669	0.0528691
3	0.530528	-0.580721	-0.580721	-1.41522	-0.781742	-0.778528	-1.26031	-1.26031	-1.77328	-1.69658	-1.34845
3	0.229512	0.842418	0.842418	0.475527	0.645158	0.633594	1.82826	1.82826	0.595835	1.40016	1.09742
3	0.239426	1.35478	1.35478	0.844924	1.12249	1.13755	2.94022	2.94022	1.05869	2.4361	1.97029
3	0.951002	-0.642239	-0.642239	-1.25674	-0.837625	-0.869342	-1.39382	-1.39382	-1.5747	-1.81786	-1.50574
3	0.653813	-1.01027	-1.01027	-1.62795	-1.22418	-1.22056	-2.19256	-2.19256	-2.03982	-2.6568	-2.11408
3	0.458146	-0.688696	-0.688696	-1.38462	-0.896627	-0.89577	-1.49465	-1.49465	-1.73493	-1.94591	-1.55152
3	0.426875	0.044415	0.044415	-0.708264	-0.194834	-0.194302	0.0963921	0.0963921	-0.887455	-0.422841	-0.336541
3	0.576036	-0.676704	-0.676704	-1.5291	-0.859513	-0.839716	-1.46862	-1.46862	-1.91596	-1.86537	-1.45443
3	0.262593	0.940044	0.940044	0.375366	0.727457	0.750649	2.04014	2.04014	0.470333	1.57877	1.30016
3	1.48794	0.969534	0.969534	-0.437258	0.631959	0.654551	2.10414	2.10414	-0.547884	0.904003	0.97679
3	0.448168	-0.173159	-0.173159	-0.658983	-0.405483	-0.385454	-0.375799	-0.375799	-0.825706	-0.880002	-0.667626
3	2.08659	-0.67261	-0.67261	-2.02456	-1.03184	-1.11256	-1.45974	-1.45974	-2.53678	-1.71098	-1.36629
3	0.0740808	0.377148	0.377148	0.192105	0.168856	0.150537	0.81851	0.81851	0.240707	0.36646	0.260739
3	0.212228	0.918958	0.918958	0.39221	0.689757	0.71232	1.99438	1.99438	0.491439	1.49695	1.23377
3	1.7215	-0.354735	-0.354735	-1.57569	-0.730622	-0.670346	-0.769867	-0.769867	-1.97434	-1.14667	-1.03393
3	0.219562	-0.233557	-0.233557	-0.516654	-0.468079	-0.445433	-0.506879	-0.506879	-0.647368	-1.01585	-0.771513
3	0.656013	0.103367	0.103367	-0.520873	-0.13225	-0.0971274	0.224333	0.224333	-0.652654	-0.287016	-0.16823
3	0.721824	0.0732942	0.0732942	-0.535564	-0.130805	-0.161433	0.159067	0.159067	-0.671062	-0.283881	-0.279609
3	2.74933	-0.170367	-0.170367	-1.99169	-0.57722	-0.49081	-0.369741	-0.369741	-2.49559	-0.596244	-0.510504
3	0.934912	-0.113788	-0.113788	-0.852425	-0.354546	-0.31003	-0.246949	-0.246949	-1.06809	-0.769457	-0.536988
3	0.62455	1.14873	1.14873	0.250504	0.931825	0.953008	2.49305	2.49305	0.313881	2.0223	1.65066
3	0.95949	0.00727213	0.00727213	-1.12324	-0.248982	-0.176484	0.0157824	0.0157824	-1.40742	-0.490732	-0.305679
3	0.735618	0.621924	0.621924	-0.327962	0.384332	0.385066	1.34974	1.34974	-0.410937	0.834101	0.666954
3	0.0902409	0.136143	0.136143	-0.0855951	-0.103692	-0.0774299	0.295465	0.295465	-0.107251	-0.225039	-0.123625
3	0.142613	0.502659	0.502659	0.145307	0.30264	0.295822	1.0909	1.0909	0.182069	0.656808	0.512378
3	1.65961	0.757826	0.757826	-0.230668	0.382026	0.444291	1.64468	1.64468	-0.289027	0.644427	0.680196
3	0.180664	0.628807	0.628807	0.170074	0.428023	0.419155	1.36467	1.36467	0.213102	0.928921	0.725997
3	0.12632	0.0878432	0.0878432	-0.277336	-0.0994388	-0.122099	0.190643	0.190643	-0.347501	-0.215808	-0.211482
3	0.433765	0.48498	0.48498	-0.00553587	0.254641	0.294876	1.05253	1.05253	-0.00693645	0.552638	0.51074
3	2.20643	-0.293868	-0.293868	-1.61398	-0.739117	-0.770631	-0.637769	-0.637769	-2.02231	-1.55475	-1.18779
3	0.581974	0.201115	0.201115	-0.631966	-0.0115991	-0.0116802	0.436471	0.436471	-0.791854	-0.0251731	-0.0202307
3	0.212677	0.518349	0.518349	0.128056	0.323815	0.330067	1.12495	1.12495	0.160454	0.702762	0.571692
3	4.00863	0.0183548	-1.02146	-1.8961	-2.06818	-1.97617	0.0398346	-1.81003	-2.37582	-2.35524	-2.55639
3	0.343374	0.720147	0.720147	0.0478915	0.512458	0.515797	1.56291	1.56291	0.060008	1.11217	0.893387
3	1.56646	0.738757	0.738757	-0.643959	0.433857	0.465751	1.60329	1.60329	-0.806881	0.877771	0.764196
3	1.18103	-0.639083	-0.639083	-1.83937	-0.962608	-0.965515	-1.38698	-1.38698	-2.30473	-2.005	-1.60267
3	2.71446	-0.79068	-0.79068	-2.54125	-1.18644	-1.28927	-1.71598	-1.71598	-3.18418	-1.45925	-0.667831
3	0.179391	-1.02283	-1.02283	-1.50614	-1.24149	-1.2259	-2.2198	-2.2198	-1.88719	-2.69436	-2.12332
3	0.385885	0.323325	0.323325	-0.325354	0.132594	0.14244	0.701698	0.701698	-0.407668	0.287764	0.246714
3	0.0729972	-0.667681	-0.667681	-0.853765	-0.894689	-0.888134	-1.44904	-1.44904	-1.06977	-1.94171	-1.53829
3	1.10887	-0.832062	-0.832062	-2.02256	-1.082	-1.05652	-1.80579	-1.80579	-2.53427	-2.34821	-1.82995
3	0.373675	0.473089	0.473089	-0.198142	0.248342	0.294444	1.02673	1.02673	-0.248272	0.538967	0.509993
3	0.928888	0.489897	0.489897	-0.51965	0.291658	0.282313	1.0632	1.0632	-0.651122	0.632973	0.488981
3	0.252607	-0.131292	-0.131292	-0.680055	-0.310207	-0.345696	-0.284938	-0.284938	-0.852109	-0.673229	-0.598763
3	0.817786	0.195889	0.195889	-0.840264	0.0124886	-0.00482898	0.425131	0.425131	-1.05285	0.0271036	-0.00836403
3	0.238999	-1.22906	-1.22906	-1.52411	-1.44137	-1.43409	-2.66737	-2.66737	-1.90971	-3.12815	-2.48391
3	1.09642	0.101413	0.101413	-1.10637	-0.117369	-0.120977	0.220093	0.220093	-1.38628	-0.254722	-0.209539
3	0.1822	-0.197562	-0.197562	-0.688537	-0.420739	-0.383993	-0.42876	-0.42876	-0.862737	-0.913113	-0.665095
3	0.318842	0.882163	0.882163	0.531831	0.669603	0.649118	1.91452	1.91452	0.666385	1.45321	1.1243
3	0.655498	-0.56158	-0.56158	-1.49642	-0.849576	-0.78351	-1.21877	-1.21877	-1.87501	-1.49612	-1.35708
3	2.21455	-0.167884	-0.167884	-1.88545	-0.428927	-0.361003	-0.364351	-0.364351	-2.36247	-0.502277	-0.373424
3	0.0233787	-0.386705	-0.386705	-0.529886	-0.582503	-0.575335	-0.83925	-0.83925	-0.663948	-1.26418	-0.99651
3	0.922232	-0.334985	-0.334985	-0.935353	-0.56637	-0.516119	-0.727004	-0.727004	-1.172	-1.22917	-0.893944
3	1.53804	-0.225236	-0.225236	-1.12103	-0.753778	-0.700671	-0.48882	-0.48882	-1.40465	-1.21923	-1.03938
3	1.37005	-0.131062	-0.131062	-1.2872	-0.390556	-0.333123	-0.284439	-0.284439	-1.61286	-0.839569	-0.576985
3	0.596021	0.901795	0.901795	0.0406185	0.676836	0.705504	1.95713	1.95713	0.050895	1.46891	1.22197
3	2.86143	0.323455	-1.62951	-1.62951	0.0243223	0.0811652	0.70198	-2.04178	-2.04178	0.0234224	0.0676898
3	2.28873	-0.36834	-0.36834	-1.97731	-0.749485	-0.664599	-0.799394	-0.799394	-2.47757	-1.13469	-0.954945
3	0.957227	0.622967	0.622967	-0.3472	0.340038	0.441429	1.352	1.352	-0.435042	0.737971	0.764577
3	0.246697	0.0221045	0.0221045	-0.544628	-0.238808	-0.209136	0.0479725	0.0479725	-0.682418	-0.518275	-0.362234
3	0.186881	0.140973	0.140973	-0.214258	-0.117163	-0.0675184	0.305949	0.305949	-0.268466	-0.244163	-0.116945
3	0.680562	-0.644665	-0.644665	-1.52239	-0.880372	-0.841787	-1.39909	-1.39909	-1.90755	-1.91064	-1.45802
3	1.50944	-0.443628	-0.443628	-1.76447	-0.732594	-0.698257	-0.962789	-0.962789	-2.21088	-1.36862	-1.07096
3	0.0959425	-0.174464	-0.174464	-0.362771	-0.395297	-0.381126	-0.378631	-0.378631	-0.454552	-0.857896	-0.66013
3	0.166036	-0.96366	-0.96366	-1.28563	-1.22089	-1.15962	-2.09139	-2.09139	-1.6109	-2.64964	-2.00851
3	1.13302	-0.124551	-0.124551	-1.08594	-0.392607	-0.372077	-0.270309	-0.270309	-1.36069	-0.852058	-0.644457
3	0.952316	0.328715	0.328715	-0.798114	0.104436	0.130114	0.713396	0.713396	-1.00004	0.226654	0.225364
3	0.361414	0.00447859	0.00447859	-0.520307	-0.189461	-0.196991	0.00971971	0.00971971	-0.651945	-0.41118	-0.341199
3	0.286511	-0.338536	-0.338536	-0.80545	-0.569074	-0.549761	-0.73471	-0.73471	-1.00923	-1.23504	-0.952214
3	0.710392	-0.587079	-0.587079	-1.08423	-0.809087	-0.784369	-1.27411	-1.27411	-1.35854	-1.75593	-1.35857
3	1.10858	-0.499864	-0.499864	-1.16991	-0.765862	-0.758895	-1.08483	-1.08483	-1.4659	-1.66212	-1.31444
3	0.687978	-0.927913	-0.927913	-1.77246	-1.10546	-1.11878	-2.01381	-2.01381	-2.22089	-2.39913	-1.93778
3	1.27101	-0.794809	-0.794809	-1.75823	-1.07857	-1.05336	-1.72494	-1.72494	-2.20306	-2.1035	-1.77629
3	0.289307	0.968781	0.968781	0.348232	0.745527	0.791801	2.10251	2.10251	0.436335	1.61799	1.37144
3	0.602345	-0.0745212	-0.0745212	-0.688973	-0.312989	-0.266244	-0.16173	-0.16173	-0.863283	-0.679268	-0.461148
3	1.88102	0.893057	0.893057	-0.640639	0.675101	0.717149	1.93817	1.93817	-0.802721	1.11999	0.940752
3	1.43421	-0.184793	-0.184793	-1.10482	-0.535061	-0.541752	-0.401048	-0.401048	-1.38434	-1.11701	-0.913419
3	0.413432	-0.357071	-0.357071	-0.830449	-0.583673	-0.564781	-0.774937	-0.774937	-1.04055	-1.26672	-0.97823
3	1.11492	-0.0957322	-0.0957322	-1.221	-0.319911	-0.287583	-0.207764	-0.207764	-1.52991	-0.69429	-0.498109
3	0.393118	-0.14833	-0.14833	-0.535292	-0.370458	-0.339658	-0.321915	-0.321915	-0.67072	-0.80399	-0.588305
3	2.58193	-0.676945	-0.676945	-2.14875	-1.30057	-1.24539	-1.46915	-1.46915	-2.69238	-1.62914	-1.29476
3	1.77389	-0.00250735	-0.00250735	-1.02423	-0.474183	-0.479776	-0.0054416	-0.0054416	-1.28336	-0.791861	-0.68353
3	0.42757	-0.675166	-0.675166	-1.12349	-0.893677	-0.865206	-1.46528	-1.46528	-1.40773	-1.93951	-1.49858
3	3.13563	0.120327	-1.92396	-1.92396	-0.293155	-0.129415	0.261141	-2.41072	-2.41072	-0.22909	-0.0983584
3	1.85871	0.979405	0.979405	-0.328474	0.625351	0.621609	2.12556	2.12556	-0.411578	1.08237	0.849295
3	0.0602559	-0.531398	-0.531398	-0.814703	-0.743998	-0.723398	-1.15327	-1.15327	-1.02082	-1.61467	-1.25296
3	0.613611	0.233385	0.233385	-0.666879	0.016221	-0.000979625	0.506506	0.506506	-0.8356	0.0352037	-0.00169676
3	0.596373	-0.530819	-0.530819	-1.39632	-0.773296	-0.72316	-1.15201	-1.15201	-1.74959	-1.67825	-1.25255
3	0.707683	0.223105	0.223105	-0.571006	0.0177795	-0.014399	0.484196	0.484196	-0.715471	0.0385861	-0.0249397
3	0.924211	-0.40349	-0.40349	-1.21519	-0.607333	-0.631144	-0.875679	-0.875679	-1.52263	-1.31807	-1.09317
3	0.216261	-0.412115	-0.412115	-0.946554	-0.652528	-0.624411	-0.894397	-0.894397	-1.18603	-1.30466	-1.08151
3	0.245372	-0.0747269	-0.0747269	-0.394416	-0.28094	-0.281531	-0.162177	-0.162177	-0.494204	-0.609712	-0.487626
3	1.50993	-0.918276	-0.918276	-2.09229	-1.20161	-1.17569	-1.9929	-1.9929	-2.62164	-2.55702	-2.03635
3	0.280727	-0.390542	-0.390542	-0.999287	-0.63649	-0.593689	-0.847579	-0.847579	-1.25211	-1.38135	-1.0283
3	0.130723	0.32202	0.32202	-0.0881802	0.148712	0.103148	0.698867	0.698867	-0.11049	0.322745	0.178658
3	0.680813	-0.0362169	-0.0362169	-0.970102	-0.259945	-0.238416	-0.0786	-0.0786	-1.21554	-0.564147	-0.412949
3	1.10515	0.0710685	0.0710685	-0.568871	-0.147491	-0.16675	0.154237	0.154237	-0.712796	-0.320093	-0.288819
3	1.00367	-0.029278	-0.029278	-0.917709	-0.236163	-0.234229	-0.0635409	-0.0635409	-1.14989	-0.512535	-0.405696
3	0.0829622	-0.242546	-0.242546	-0.424546	-0.441566	-0.424202	-0.526387	-0.526387	-0.531956	-0.958312	-0.734739
3	0.67234	0.56363	0.56363	-0.285109	0.370122	0.358402	1.22322	1.22322	-0.357242	0.803261	0.620771
3	0.379091	-0.472366	-0.472366	-0.843525	-0.676602	-0.667495	-1.02516	-1.02516	-1.05694	-1.4684	-1.15614
3	0.333536	-0.263688	-0.263688	-0.922724	-0.481766	-0.449589	-0.572272	-0.572272	-1.15617	-1.04556	-0.778711
3	0.0222295	0.575503	0.575503	0.40355	0.326223	0.384301	1.24899	1.24899	0.505648	0.707988	0.665629
3	0.207702	0.270397	0.270397	-0.0421803	0.080872	0.0825948	0.586831	0.586831	-0.0528519	0.175513	0.143058
3	1.25032	0.5146	0.5146	-0.346905	0.158515	0.177698	1.11681	1.11681	-0.434672	0.332763	0.307782
3	0.831307	0.378783	0.378783	-0.346743	0.135018	0.14926	0.822056	0.822056	-0.434469	0.293024	0.258527
3	0.359661	0.860243	0.860243	0.237752	0.579559	0.670465	1.86695	1.86695	0.297904	1.14417	1.16128
3	2.9596	-0.051059	-0.051059	-1.7601	-0.536542	-0.513502	-0.110811	-0.110811	-2.20541	-0.809883	-0.559801
3	0.464525	0.492034	0.492034	-0.288608	0.283812	0.265406	1.06784	1.06784	-0.361625	0.615946	0.459696
3	3.88938	0.634393	-0.479803	-0.886108	-0.157451	-0.178184	1.3768	-0.850215	-1.11029	-0.15152	-0.142483
3	0.105381	-0.131429	-0.131429	-0.454757	-0.349915	-0.350168	-0.285235	-0.285235	-0.569811	-0.759407	-0.606508
3	0.865085	1.10795	1.10795	0.0449208	0.857295	0.906031	2.40453	2.40453	0.0562857	1.86055	1.56929
3	0.439076	-0.722176	-0.722176	-1.48256	-0.953228	-0.960836	-1.56731	-1.56731	-1.85765	-2.06875	-1.66422
3	0.162877	0.062474	0.062474	-0.36713	-0.144082	-0.151749	0.135585	0.135585	-0.460014	-0.312696	-0.262836
3	1.52648	-0.0257064	-0.0257064	-1.45198	-0.240217	-0.267735	-0.0557895	-0.0557895	-1.81933	-0.455262	-0.410717
3	1.70978	-0.537966	-0.537966	-1.72397	-0.91078	-0.898781	-1.16753	-1.16753	-2.16013	-1.523	-1.26909
3	0.658752	-0.0384131	-0.0384131	-0.966537	-0.235813	-0.246948	-0.0833664	-0.0833664	-1.21107	-0.511775	-0.427726
3	0.503703	-0.899058	-0.899058	-1.53481	-1.12739	-1.12089	-1.95119	-1.95119	-1.92312	-2.44673	-1.94145
3	0.434045	1.01604	1.01604	0.257285	0.812809	0.795224	2.20508	2.20508	0.322379	1.76401	1.37737
3	0.664105	0.524337	0.524337	0.0176402	0.294099	0.311179	1.13795	1.13795	0.0221032	0.638271	0.538978
3	2.29954	-0.0993015	-0.0993015	-1.8465	-1.54714	-1.49975	-0.21551	-0.21551	-2.31366	-1.73173	-1.40688
3	0.157038	0.0375545	0.0375545	-0.195192	-0.148676	-0.149581	0.0815031	0.0815031	-0.244576	-0.322667	-0.259082
3	0.629675	-0.192045	-0.192045	-0.903156	-0.380232	-0.430808	-0.416788	-0.416788	-1.13165	-0.825202	-0.746182
3	0.403732	0.587233	0.587233	-0.136892	0.387351	0.392499	1.27445	1.27445	-0.171526	0.840652	0.679828
3	1.18907	-0.221663	-0.221663	-1.18585	-0.453533	-0.476561	-0.481067	-0.481067	-1.48588	-0.984284	-0.825428
3	0.642434	-0.179434	-0.179434	-0.892394	-0.370622	-0.414632	-0.389419	-0.389419	-1.11817	-0.804346	-0.718164
3	0.467686	0.937184	0.937184	0.246738	0.709639	0.70341	2.03393	2.03393	0.309163	1.5401	1.21834
3	1.45385	0.444369	0.444369	-0.694162	0.201342	0.140551	0.964396	0.964396	-0.869785	0.411728	0.234226
3	1.07319	-0.697091	-0.697091	-1.88138	-0.946549	-0.919815	-1.51287	-1.51287	-2.35737	-2.05426	-1.59317
3	0.337288	0.162356	0.162356	-0.508009	-0.0497582	-0.00868905	0.352355	0.352355	-0.636535	-0.107988	-0.0150499
3	4.0146	-0.433218	-1.45152	-2.40219	-1.23023	-1.28601	-0.940196	-2.57211	-3.00995	-1.17139	-0.829474
3	2.57017	0.659153	0.659153	-1.17455	-0.937336	-0.86077	1.43053	1.43053	-1.47171	-1.1373	-0.852278
3	1.06833	0.999392	0.999392	-0.190712	0.789445	0.738563	2.16894	2.16894	-0.238962	1.7133	1.27923
3	1.95931	-0.856312	-0.856312	-2.42366	-1.84779	-1.82851	-1.85842	-1.85842	-3.03684	-2.3171	-1.76282
3	1.2087	0.761682	0.761682	-0.502354	0.519494	0.540733	1.65305	1.65305	-0.62945	1.12744	0.936577
3	0.379749	-0.217037	-0.217037	-0.634248	-0.457971	-0.423961	-0.471026	-0.471026	-0.794713	-0.993916	-0.734322
3	1.21049	-0.50595	-0.50595	-1.67348	-0.767878	-0.72494	-1.09804	-1.09804	-2.09687	-1.60218	-1.25563
3	1.52389	0.424091	0.424091	-0.446302	0.13805	0.111622	0.920388	0.920388	-0.559216	0.293591	0.161356
3	1.17422	0.98183	0.98183	-0.251767	0.73339	0.786555	2.13083	2.13083	-0.315465	1.51115	1.36235
3	0.821671	-0.683305	-0.683305	-1.70878	-0.909483	-0.892385	-1.48295	-1.48295	-2.1411	-1.97381	-1.54566
3	0.508519	-0.437329	-0.437329	-1.19586	-0.639222	-0.645549	-0.949116	-0.949116	-1.49841	-1.38728	-1.11812
3	1.0651	0.345607	0.345607	-0.671908	0.0704969	0.0704921	0.750057	0.750057	-0.841901	0.152581	0.122096
3	1.00254	0.276533	0.276533	-0.522852	0.0329772	0.0809771	0.600147	0.600147	-0.655133	0.0715692	0.140257
3	0.649832	-0.433378	-0.433378	-1.01636	-0.63008	-0.642325	-0.940542	-0.940542	-1.2735	-1.36744	-1.11254
3	0.586142	0.320085	0.320085	-0.194614	0.108365	0.118696	0.694668	0.694668	-0.243851	0.23518	0.205587
3	0.834213	0.306427	0.306427	-0.745904	0.0870552	0.0756117	0.665027	0.665027	-0.934618	0.188932	0.130963
3	1.01686	-0.462885	-0.462885	-1.31836	-0.721141	-0.671209	-1.00458	-1.00458	-1.6519	-1.56506	-1.16257
3	0.3993	-0.827473	-0.827473	-1.55463	-1.05155	-1.00122	-1.79583	-1.79583	-1.94796	-2.28214	-1.73417
3	1.98631	-0.0483805	-0.0483805	-1.63436	-0.290435	-0.229885	-0.104998	-0.104998	-2.04786	-0.380335	-0.302389
3	0.529668	-0.239213	-0.239213	-1.07662	-0.458545	-0.457991	-0.519154	-0.519154	-1.34901	-0.995162	-0.793263
3	0.731197	-0.837149	-0.837149	-1.82351	-1.04167	-1.07912	-1.81683	-1.81683	-2.28486	-2.2607	-1.86908
3	1.43129	0.508953	0.508953	-0.779587	0.279171	0.268448	1.10456	1.10456	-0.976823	0.563585	0.464966
3	0.0454906	-0.0892762	-0.0892762	-0.329209	-0.294099	-0.302488	-0.193753	-0.193753	-0.412498	-0.63827	-0.523925
3	2.09188	-0.501201	-0.501201	-2.17116	-1.7888	-1.68178	-1.08774	-1.08774	-2.72046	-1.75438	-1.62885
3	0.578474	-0.247115	-0.247115	-0.743351	-0.457453	-0.457008	-0.536304	-0.536304	-0.931418	-0.992793	-0.79156
3	0.602505	0.299401	0.299401	-0.532725	0.0474645	0.075369	0.649777	0.649777	-0.667504	0.10301	0.130543
3	0.418809	-0.317762	-0.317762	-0.868974	-0.535786	-0.535555	-0.689627	-0.689627	-1.08882	-1.16279	-0.927608
3	0.91819	0.634883	0.634883	-0.301781	0.390928	0.423899	1.37786	1.37786	-0.378131	0.848416	0.734215
3	0.103583	-0.8854	-0.8854	-1.11911	-1.1212	-1.08163	-1.92155	-1.92155	-1.40225	-2.4333	-1.87344
3	1.84304	-0.270661	-0.270661	-1.14016	-0.898255	-0.858343	-0.587404	-0.587404	-1.42862	-1.53782	-1.0703
3	0.11171	0.595466	0.595466	0.319484	0.392148	0.37786	1.29232	1.29232	0.400313	0.851063	0.654473
3	2.00788	-0.803221	-0.803221	-1.93185	-1.35865	-1.29504	-1.7432	-1.7432	-2.4206	-2.17878	-1.64583
3	0.553446	-0.0553193	-0.0553193	-0.767373	-0.331758	-0.254557	-0.120057	-0.120057	-0.961519	-0.68548	-0.440906
3	1.86392	1.03407	1.03407	-0.311457	0.739443	0.67898	2.2442	2.2442	-0.390255	1.17561	0.885336
3	0.351647	0.0185103	0.0185103	-0.403418	-0.191155	-0.184071	0.0401721	0.0401721	-0.505483	-0.414856	-0.318821
3	2.07765	-0.530114	-0.530114	-2.18976	-0.846754	-0.755609	-1.15049	-1.15049	-2.74377	-0.95088	-0.949887
3	0.834083	-0.106821	-0.106821	-0.690878	-0.344248	-0.339784	-0.23183	-0.23183	-0.86567	-0.747108	-0.588524
3	0.918126	-1.30595	-1.30595	-2.3164	-1.53772	-1.50941	-2.83425	-2.83425	-2.90246	-3.33724	-2.61437
3	1.95763	-0.226503	-0.226503	-1.59892	-1.1484	-1.08021	-0.49157	-0.49157	-2.00345	-1.75941	-1.33853
3	0.534829	0.317379	0.317379	-0.172225	0.0856077	0.0953532	0.688795	0.688795	-0.215797	0.185791	0.165157
3	0.311746	0.231805	0.231805	-0.192178	0.00821813	-0.00507103	0.503078	0.503078	-0.240798	0.0178355	-0.00878328
3	0.489086	-0.504387	-0.504387	-1.01677	-0.716237	-0.714444	-1.09465	-1.09465	-1.27401	-1.55442	-1.23745
3	0.162132	0.064739	0.064739	-0.284026	-0.167044	-0.163035	0.140501	0.140501	-0.355884	-0.362528	-0.282385
3	0.114185	-0.513535	-0.513535	-0.889371	-0.727028	-0.713925	-1.1145	-1.1145	-1.11438	-1.57784	-1.23655
3	0.0402157	0.826542	0.826542	0.607601	0.630311	0.636464	1.79381	1.79381	0.761324	1.36794	1.10239
3	0.169582	-0.868034	-0.868034	-1.26512	-1.11267	-1.10429	-1.88386	-1.88386	-1.58519	-2.41478	-1.91269
3	0.964738	-0.157725	-0.157725	-1.12089	-0.410243	-0.356209	-0.342305	-0.342305	-1.40447	-0.890333	-0.616972
3	0.4906	0.333695	0.333695	-0.393081	0.118053	0.105528	0.724204	0.724204	-0.492531	0.256205	0.182779
3	1.32261	-0.58331	-0.58331	-1.48151	-0.901548	-0.848878	-1.26593	-1.26593	-1.85633	-1.7975	-1.4703
3	0.0667469	1.17999	1.17999	1.02562	0.927881	1.00505	2.56088	2.56088	1.2851	2.01374	1.7408
3	0.246285	-0.143861	-0.143861	-0.592431	-0.362111	-0.352898	-0.312216	-0.312216	-0.742316	-0.785671	-0.611238
3	2.2281	0.908903	0.908903	-0.713876	0.59719	0.500556	1.97256	1.97256	-0.894486	0.775209	0.467346
3	0.76673	-0.0502785	-0.0502785	-0.954035	-0.292636	-0.285724	-0.109117	-0.109117	-1.19541	-0.635096	-0.494888
3	0.208775	0.316285	0.316285	-0.168053	0.13717	0.124627	0.68642	0.68642	-0.21057	0.297694	0.215861
3	2.10269	1.24249	1.24249	-0.415359	0.695312	0.860159	2.69653	2.69653	-0.520444	0.423475	0.907711
3	0.295981	0.851937	0.851937	0.364938	0.651546	0.637472	1.84892	1.84892	0.457267	1.41402	1.10413
3	1.08234	-0.422376	-0.422376	-1.58787	-0.638146	-0.650282	-0.916666	-0.916666	-1.9896	-1.38494	-1.12632
3	1.97929	-0.0363334	-0.0363334	-1.52852	-0.436947	-0.446316	-0.0788529	-0.0788529	-1.91523	-0.648272	-0.548959
3	0.225446	-0.508206	-0.508206	-0.905212	-0.700695	-0.697951	-1.10294	-1.10294	-1.13423	-1.52069	-1.20889
3	0.557236	0.138788	0.138788	-0.594343	-0.0882199	-0.10743	0.301205	0.301205	-0.744712	-0.19146	-0.186073
3	0.136869	-0.614157	-0.614157	-1.01226	-0.812749	-0.841689	-1.33288	-1.33288	-1.26837	-1.76388	-1.45785
3	0.0439334	0.13262	0.13262	-0.0899069	-0.0541588	-0.0826104	0.28782	0.28782	-0.112653	-0.117539	-0.143085
3	1.01801	0.506736	0.506736	-0.344262	0.261449	0.277196	1.09975	1.09975	-0.431361	0.567412	0.480118
3	1.5088	-0.170774	-0.170774	-1.17292	-0.726901	-0.644392	-0.370625	-0.370625	-1.46967	-1.11031	-0.927805
3	0.448752	-0.372212	-0.372212	-0.969736	-0.615597	-0.584503	-0.807796	-0.807796	-1.21508	-1.33601	-1.01239
3	0.599028	0.274958	0.274958	-0.511286	0.0592503	0.0455968	0.59673	0.59673	-0.640641	0.128589	0.0789761
3	0.260782	0.0641804	0.0641804	-0.42207	-0.166519	-0.112715	0.139288	0.139288	-0.528854	-0.361389	-0.195228
3	1.96163	-0.216034	-0.216034	-1.58361	-1.09349	-1.11317	-0.468849	-0.468849	-1.98426	-1.6254	-1.38958
3	1.30448	0.0128145	0.0128145	-1.14236	-0.378096	-0.343761	0.0278107	0.0278107	-1.43138	-0.719825	-0.595412
3	2.1344	1.03028	1.03028	-0.637191	0.726115	0.660881	2.23597	2.23597	-0.7984	0.96275	0.742159
3	1.36947	-0.85572	-0.85572	-1.75651	-1.16852	-1.13183	-1.85713	-1.85713	-2.2009	-2.28687	-1.94052
3	1.12691	-0.670006	-0.670006	-1.50678	-0.97602	-0.915515	-1.45409	-1.45409	-1.88799	-2.02328	-1.58572
3	0.552195	-0.565489	-0.565489	-1.02109	-0.791755	-0.779992	-1.22726	-1.22726	-1.27943	-1.71831	-1.35099
3	0.661011	-0.638653	-0.638653	-1.48991	-0.833565	-0.853793	-1.38604	-1.38604	-1.86686	-1.80905	-1.47881
3	0.0244138	-0.276728	-0.276728	-0.389069	-0.485085	-0.473375	-0.600572	-0.600572	-0.487503	-1.05276	-0.81991
3	1.27358	-0.194611	-0.194611	-1.48397	-0.474904	-0.454103	-0.422356	-0.422356	-1.85941	-0.961767	-0.689029
3	2.81896	-0.522261	-0.522261	-1.97403	-1.84273	-1.76889	-1.13344	-1.13344	-2.47346	-2.45753	-2.17482
3	2.01174	-0.325278	-0.325278	-1.3644	-1.31587	-1.19213	-0.705938	-0.705938	-1.7096	-1.26083	-1.38817
3	4.50095	0.308322	-0.818764	-1.64942	-1.57883	-1.59974	0.669139	-1.45086	-2.06672	-2.3653	-1.84026
3	2.54313	0.67119	0.67119	-0.824414	0.178151	0.131039	1.45666	1.45666	-1.03299	0.29229	0.166466
3	0.913187	-0.206274	-0.206274	-1.0041	-0.439269	-0.421746	-0.447668	-0.447668	-1.25814	-0.953327	-0.730486
3	0.340166	-0.730436	-0.730436	-1.31452	-0.964994	-0.975964	-1.58523	-1.58523	-1.64709	-2.09429	-1.69042
3	0.475381	-0.373098	-0.373098	-1.14471	-0.588557	-0.587277	-0.809719	-0.809719	-1.43433	-1.27732	-1.01719
3	0.364834	0.206055	0.206055	-0.293404	-0.019007	0.0487799	0.447192	0.447192	-0.367636	-0.04125	0.0844892
3	0.6505	-0.964983	-0.964983	-1.61967	-1.15988	-1.19902	-2.09426	-2.09426	-2.02945	-2.51725	-2.07676
3	1.08969	0.597974	0.597974	-0.606199	0.396038	0.410624	1.29776	1.29776	-0.759568	0.859505	0.711222
3	2.66795	0.859674	0.859674	-1.01921	0.670745	0.578492	1.86572	1.86572	-1.27707	0.774293	0.516884
3	1.19947	-0.057801	-0.057801	-1.29597	-0.337489	-0.263914	-0.125443	-0.125443	-1.62384	-0.652308	-0.457112
3	0.732729	0.0231861	0.0231861	-0.631003	-0.153355	-0.169816	0.0503199	0.0503199	-0.790647	-0.332821	-0.294129
3	1.15078	-1.0133	-1.0133	-2.16272	-1.31166	-1.31523	-2.19913	-2.19913	-2.70989	-2.84665	-2.26521
3	2.33421	-0.469978	-0.469978	-2.23324	-0.858379	-0.783225	-1.01997	-1.01997	-2.79825	-0.994523	-0.881617
3	0.573368	-0.0988679	-0.0988679	-0.91064	-0.308757	-0.346679	-0.214569	-0.214569	-1.14103	-0.670083	-0.600466
3	0.141023	0.25384	0.25384	-0.171852	0.0285059	0.0621784	0.550898	0.550898	-0.21533	0.0618651	0.107696
3	1.87679	0.158302	0.158302	-0.922655	-0.691198	-0.70367	0.343556	0.343556	-1.15609	-0.875357	-0.663557
3	0.0142152	-0.130338	-0.130338	-0.232183	-0.314691	-0.3181	-0.282866	-0.282866	-0.290925	-0.682962	-0.550966
3	1.4091	-0.10316	-0.10316	-1.47376	-0.332756	-0.286604	-0.223884	-0.223884	-1.84662	-0.646841	-0.496412
3	0.0607821	0.349199	0.349199	0.0753649	0.123784	0.165666	0.757852	0.757852	0.0944322	0.268643	0.286943
3	1.14815	-0.841255	-0.841255	-2.06667	-1.04834	-1.0414	-1.82574	-1.82574	-2.58954	-2.27517	-1.80376
3	0.0827945	-0.421598	-0.421598	-0.676444	-0.6296	-0.626621	-0.914977	-0.914977	-0.847584	-1.3664	-1.08534
3	0.0268103	-0.0829845	-0.0829845	-0.1928	-0.295181	-0.29978	-0.180098	-0.180098	-0.241578	-0.64062	-0.519235
3	0.997267	0.197713	0.197713	-0.629997	-0.0449764	-0.0334763	0.42909	0.42909	-0.789386	-0.0976104	-0.0579826
3	0.0432872	-0.222905	-0.222905	-0.413379	-0.39556	-0.408181	-0.483762	-0.483762	-0.517964	-0.858469	-0.70699
3	0.828903	-0.132753	-0.132753	-0.843691	-0.359118	-0.324552	-0.288108	-0.288108	-1.05714	-0.77938	-0.562141
3	0.531477	0.787148	0.787148	0.00749421	0.57867	0.537296	1.70832	1.70832	0.00939025	1.25586	0.930623
3	1.03295	-0.279668	-0.279668	-1.40397	-0.518577	-0.486089	-0.606953	-0.606953	-1.75918	-1.12545	-0.841932
3	1.12851	1.23159	1.23159	0.00674357	0.992448	1.01589	2.67286	2.67286	0.00844969	2.15387	1.75957
3	3.25589	0.422731	-0.611883	-0.823092	-0.502545	-0.568553	0.917436	-1.08426	-1.03133	-0.973065	-0.786449
3	1.01121	-0.552902	-0.552902	-1.68893	-0.773358	-0.772708	-1.19994	-1.19994	-2.11623	-1.67839	-1.33837
3	1.86818	-0.0981895	-0.0981895	-1.12434	-0.869385	-0.870108	-0.213097	-0.213097	-1.40879	-1.37545	-1.1882
3	0.651645	-0.617634	-0.617634	-1.26782	-0.857561	-0.841299	-1.34043	-1.34043	-1.58858	-1.86113	-1.09555
3	0.100813	-0.0188251	-0.0188251	-0.339211	-0.233164	-0.189892	-0.0408553	-0.0408553	-0.425031	-0.506026	-0.328903
3	2.10051	0.124178	0.124178	-1.54187	-0.148891	-0.0773248	0.269498	0.269498	-1.93196	-0.177737	-0.0908034
3	0.0225194	0.811503	0.811503	0.682987	0.554581	0.617092	1.76117	1.76117	0.855782	1.20359	1.06883
3	1.19888	0.0208437	0.0208437	-0.799918	-0.234388	-0.230026	0.0452362	0.0452362	-1.0023	-0.508682	-0.398417
3	1.98734	0.0188586	0.0188586	-0.842466	-0.715886	-0.727547	0.040928	0.040928	-1.05561	-1.22338	-1.07709
3	0.0425607	1.48207	1.48207	1.24497	1.28816	1.28925	3.21647	3.21647	1.55995	2.79565	2.23304
3	0.387777	-0.257042	-0.257042	-0.757391	-0.467994	-0.474436	-0.557848	-0.557848	-0.949011	-1.01567	-0.821748
3	3.39716	-0.403874	-1.33847	-2.21979	-2.36504	-2.21527	-0.876512	-2.37179	-2.7814	-2.92527	-2.6631
3	0.383396	0.185909	0.185909	-0.527255	-0.0514667	-0.00951364	0.40347	0.40347	-0.66065	-0.111696	-0.0164781
3	1.42511	0.512308	0.512308	-0.464851	0.182772	0.179514	1.11184	1.11184	-0.582459	0.311065	0.26702
3	1.95868	-0.232098	-0.232098	-1.78935	-1.37807	-1.25915	-0.503712	-0.503712	-2.24206	-1.64902	-1.19739
3	0.659165	-0.142312	-0.142312	-1.01352	-0.38201	-0.341934	-0.308854	-0.308854	-1.26995	-0.829061	-0.592247
3	3.13944	0.606183	-0.130245	-1.36007	0.0943085	0.292567	1.31557	-0.230796	-1.70416	0.0659979	0.245075
3	0.824531	0.498352	0.498352	-0.19524	0.318053	0.298495	1.08155	1.08155	-0.244636	0.690259	0.517009
3	0.0178774	0.12987	0.12987	0.0416423	-0.0674582	-0.0974937	0.281852	0.281852	0.0521778	-0.146402	-0.168864
3	0.751335	-0.597409	-0.597409	-1.1545	-0.818742	-0.789349	-1.29653	-1.29653	-1.44659	-1.77688	-1.36719
3	2.10953	0.0185562	0.0185562	-1.51567	-0.291885	-0.222048	0.0402717	0.0402717	-1.89913	-0.436982	-0.279907
3	0.422259	0.840575	0.840575	0.137741	0.642232	0.634352	1.82427	1.82427	0.172589	1.39381	1.09873
3	2.18169	-0.179163	-0.179163	-1.83876	-0.495016	-0.552633	-0.38883	-0.38883	-2.30396	-0.719605	-0.602735
3	1.83345	0.560952	0.560952	-0.931287	-0.301633	-0.274879	1.21741	1.21741	-1.1669	-0.368121	-0.269718
3	0.181797	-0.285976	-0.285976	-0.61846	-0.503144	-0.505631	-0.620642	-0.620642	-0.77493	-1.09195	-0.875779
3	1.49609	0.0154624	0.0154624	-1.32271	-0.223077	-0.183262	0.0335574	0.0335574	-1.65735	-0.418854	-0.306582
3	1.56455	-0.712743	-0.712743	-2.15452	-1.00276	-0.969418	-1.54684	-1.54684	-2.69961	-1.81322	-1.61698
3	1.45154	0.0643495	0.0643495	-1.21487	-0.431506	-0.388702	0.139655	0.139655	-1.52224	-0.748706	-0.551103
3	0.350337	-0.196781	-0.196781	-0.826432	-0.401454	-0.412298	-0.427066	-0.427066	-1.03552	-0.871259	-0.714121
3	0.133595	0.530151	0.530151	0.213659	0.325043	0.347592	1.15057	1.15057	0.267714	0.705429	0.602048
3	3.18443	0.359535	-0.482144	-1.5113	-0.0523657	-0.120136	0.780285	-0.854364	-1.89366	-0.0716133	-0.118585
3	0.135362	-0.0176034	-0.0176034	-0.435745	-0.233812	-0.227505	-0.038204	-0.038204	-0.545988	-0.507432	-0.39405
3	0.0996931	0.410625	0.410625	0.0462317	0.212575	0.172812	0.891163	0.891163	0.0579283	0.461343	0.29932
3	1.22179	0.261291	0.261291	-0.56226	-0.0443063	-0.0133487	0.56707	0.56707	-0.704512	-0.0961561	-0.0231206
3	0.94485	0.0947016	0.0947016	-0.587698	-0.162021	-0.13438	0.205527	0.205527	-0.736386	-0.351627	-0.232753
3	1.61651	0.129458	0.129458	-1.33822	-0.676048	-0.578855	0.280958	0.280958	-1.67679	-0.800738	-0.590052
3	1.49942	0.91346	0.91346	-0.477462	0.647371	0.672939	1.98245	1.98245	-0.59826	1.30938	1.16556
3	0.33809	-0.0469286	-0.0469286	-0.715337	-0.260928	-0.233567	-0.101847	-0.101847	-0.896317	-0.566282	-0.40455
3	0.0168468	0.649012	0.649012	0.512326	0.449241	0.454012	1.40852	1.40852	0.641944	0.974971	0.786372
3	3.57402	-0.981859	-1.92313	-2.88023	-2.96928	-2.92152	-2.13089	-3.4078	-3.60893	-4.11233	-3.21988
3	0.867021	-0.652817	-0.652817	-1.72799	-0.899124	-0.870578	-1.41678	-1.41678	-2.16517	-1.95133	-1.50788
3	0.392719	-1.22263	-1.22263	-1.80376	-1.44469	-1.42622	-2.65343	-2.65343	-2.26012	-3.13535	-2.47029
3	0.143756	0.110413	0.110413	-0.256239	-0.107284	-0.0930669	0.239624	0.239624	-0.321068	-0.232833	-0.161197
3	0.25874	1.19503	1.19503	0.607679	0.986618	0.993909	2.59353	2.59353	0.761421	2.14122	1.7215
3	0.82796	0.669148	0.669148	0.138534	0.43584	0.46632	1.45222	1.45222	0.173583	0.945886	0.807689
3	0.624809	0.467731	0.467731	-0.444563	0.232814	0.276299	1.0151	1.0151	-0.557038	0.505268	0.478564
3	0.309153	0.117166	0.117166	-0.491366	-0.0761174	-0.102377	0.254281	0.254281	-0.615682	-0.165195	-0.177322
3	1.63005	0.695028	0.695028	-0.184709	0.186866	0.195936	1.50839	1.50839	-0.23144	0.395409	0.313804
3	3.57381	-0.344069	-1.28757	-2.23796	-2.17853	-2.14002	-0.74672	-2.28158	-2.80417	-2.83827	-2.24112
3	0.556397	-0.0499108	-0.0499108	-0.781578	-0.309431	-0.252525	-0.108319	-0.108319	-0.979317	-0.671545	-0.437386
3	1.05146	0.909942	0.909942	0.0907442	0.655799	0.703909	1.97481	1.97481	0.113703	1.42325	1.21921
3	0.435132	-0.545971	-0.545971	-1.06469	-0.779358	-0.760385	-1.1849	-1.1849	-1.33406	-1.69141	-1.31703
3	1.13449	1.28051	1.28051	0.437779	1.00242	1.01794	2.77903	2.77903	0.548537	2.17552	1.76312
3	0.600309	0.283109	0.283109	-0.531368	0.0872823	0.073663	0.614419	0.614419	-0.665804	0.189425	0.127588
3	1.23641	0.408023	0.408023	-0.853544	0.0721394	0.104258	0.885516	0.885516	-1.06949	0.146016	0.175319
3	0.296128	0.915701	0.915701	0.41403	0.675323	0.726587	1.98731	1.98731	0.518779	1.46563	1.25849
3	1.09929	1.26022	1.26022	0.0523502	1.05146	1.0373	2.735	2.735	0.0655948	2.28195	1.79665
3	3.10994	0.631185	-0.165427	-1.26368	0.186797	0.285546	1.36983	-0.293139	-1.5834	0.203187	0.261502
3	1.79899	0.304672	0.304672	-1.1867	0.0317976	0.0448051	0.661217	0.661217	-1.48694	0.0605274	0.0695395
3	0.621843	0.900535	0.900535	0.052586	0.673613	0.652856	1.95439	1.95439	0.0658903	1.46191	1.13078
3	0.0158365	0.780949	0.780949	0.642213	0.575937	0.599502	1.69486	1.69486	0.804692	1.24993	1.03837
3	0.47127	-0.108801	-0.108801	-0.665559	-0.349935	-0.327446	-0.236127	-0.236127	-0.833946	-0.759451	-0.567153
3	0.510303	-0.0164713	-0.0164713	-0.734357	-0.270708	-0.239445	-0.0357471	-0.0357471	-0.920149	-0.587506	-0.414731
3	2.59819	0.836237	0.836237	-0.626669	0.277923	0.317298	1.81485	1.81485	-0.785216	0.471016	0.434653
3	1.92073	-0.295105	-0.295105	-1.81963	-1.39381	-1.25116	-0.640455	-0.640455	-2.28	-1.65527	-1.30953
3	0.0627735	-0.773253	-0.773253	-0.973751	-0.999568	-0.995607	-1.67816	-1.67816	-1.22011	-2.16932	-1.72444
3	0.135355	0.266453	0.266453	-0.155746	0.0539657	0.0698596	0.578273	0.578273	-0.195149	0.11712	0.121
3	0.18038	-1.49869	-1.49869	-1.91494	-1.70183	-1.67941	-3.25256	-3.25256	-2.39942	-3.69341	-2.90882
3	1.00793	-0.345184	-0.345184	-1.20643	-0.55768	-0.527074	-0.749139	-0.749139	-1.51166	-1.21031	-0.912919
3	2.13526	-0.352463	-0.352463	-1.76485	-1.41849	-1.39434	-0.764935	-0.764935	-2.21135	-1.86671	-1.50418
3	0.140866	0.400833	0.400833	-0.0160995	0.210856	0.2251	0.869912	0.869912	-0.0201727	0.457613	0.389884
3	0.943818	0.00560802	0.00560802	-1.05575	-0.223866	-0.23496	0.0121709	0.0121709	-1.32286	-0.485847	-0.406963
3	0.245909	0.398885	0.398885	-0.164387	0.169643	0.204892	0.865684	0.865684	-0.205977	0.368169	0.354884
3	0.91369	-0.202744	-0.202744	-1.3044	-0.413021	-0.434372	-0.440008	-0.440008	-1.63441	-0.896362	-0.752354
3	1.81263	-0.131807	-0.131807	-1.21002	-0.684033	-0.582181	-0.286055	-0.286055	-1.51616	-1.17144	-0.965098
3	5.08102	-0.693841	-1.97769	-2.34677	-2.1061	-2.04022	-1.50581	-3.50449	-2.9405	-1.34125	-1.09639
3	0.826291	0.303303	0.303303	-0.413281	0.10437	0.122681	0.658247	0.658247	-0.517841	0.226509	0.212489
3	2.18328	-0.354656	-0.354656	-2.01529	-0.612554	-0.608071	-0.769696	-0.769696	-2.52516	-0.814228	-0.593554
3	0.688247	-0.128602	-0.128602	-1.07663	-0.354131	-0.317879	-0.279099	-0.279099	-1.34902	-0.768556	-0.550582
3	0.948549	0.151536	0.151536	-0.542031	-0.108846	-0.102371	0.328873	0.328873	-0.679165	-0.236224	-0.177311
3	0.186826	0.854748	0.854748	0.3596	0.634986	0.644287	1.85502	1.85502	0.450579	1.37808	1.11594
3	3.11472	0.250356	-0.70475	-1.3196	-0.500079	-0.495962	0.543337	-1.24882	-1.65345	-0.483769	-0.435134
3	0.246277	0.413703	0.413703	-0.116935	0.189221	0.170755	0.897843	0.897843	-0.146519	0.41066	0.295757
3	0.719378	-1.30339	-1.30339	-1.88163	-1.5582	-1.54418	-2.82869	-2.82869	-2.35768	-3.3817	-2.6746
3	0.295432	0.237822	0.237822	-0.388844	0.0422785	0.0347889	0.516134	0.516134	-0.487221	0.0917553	0.0602562
3	0.113809	-1.21637	-1.21637	-1.51155	-1.44839	-1.41637	-2.63984	-2.63984	-1.89397	-3.14338	-2.45322
3	0.841466	0.105469	0.105469	-0.634256	-0.0847604	-0.0936889	0.228895	0.228895	-0.794723	-0.183952	-0.162274
3	0.91457	0.341005	0.341005	-0.420367	0.0938259	0.138793	0.740069	0.740069	-0.52672	0.203627	0.240396
3	0.90846	1.39687	1.39687	0.311388	1.16498	1.22792	3.03157	3.03157	0.390169	2.52831	2.12682
3	1.3952	-0.89065	-0.89065	-1.76522	-1.24155	-1.23407	-1.93294	-1.93294	-2.21182	-2.61201	-2.05501
3	0.167941	-0.415113	-0.415113	-0.872813	-0.6199	-0.58877	-0.900903	-0.900903	-1.09363	-1.34534	-1.01978
3	1.1191	-0.0672186	-0.0672186	-0.950958	-0.28536	-0.294807	-0.145882	-0.145882	-1.19155	-0.619305	-0.510621
3	2.48794	-0.539469	-0.539469	-2.36075	-0.712043	-0.717389	-1.17079	-1.17079	-2.95802	-0.796618	-0.686082
3	1.02607	-0.702781	-0.702781	-1.86426	-0.904639	-0.935869	-1.52522	-1.52522	-2.33592	-1.9633	-1.62097
3	0.0736478	-0.102456	-0.102456	-0.328752	-0.314761	-0.295673	-0.222356	-0.222356	-0.411926	-0.683113	-0.51212
3	0.574865	0.319558	0.319558	-0.555934	0.107656	0.118615	0.693524	0.693524	-0.696585	0.233641	0.205447
3	0.419787	0.950566	0.950566	0.203167	0.707662	0.740113	2.06297	2.06297	0.254569	1.53581	1.28191
3	1.12361	-0.983255	-0.983255	-2.20687	-1.21368	-1.2244	-2.13392	-2.13392	-2.7652	-2.63401	-2.12072
3	3.73505	0.463881	-0.519952	-1.43169	-1.6022	-1.44174	1.00674	-0.92136	-1.79391	-1.9017	-1.54822
3	0.594254	0.150449	0.150449	-0.609896	-0.0739452	-0.0317456	0.326513	0.326513	-0.7642	-0.16048	-0.054985
3	0.025419	-0.380383	-0.380383	-0.564217	-0.59189	-0.601373	-0.82553	-0.82553	-0.706964	-1.28455	-1.04161
3	0.573725	-0.480409	-0.480409	-1.01263	-0.720064	-0.687414	-1.04261	-1.04261	-1.26882	-1.56273	-1.19064
3	0.433941	1.57498	1.57498	0.876891	1.33223	1.39389	3.41812	3.41812	1.09874	2.89129	2.41429
3	0.477617	0.250648	0.250648	-0.397424	0.0509769	0.0488962	0.543971	0.543971	-0.497972	0.110633	0.0846907
3	0.639716	0.00574738	0.00574738	-0.917748	-0.192988	-0.182284	0.0124733	0.0124733	-1.14994	-0.418835	-0.315724
3	0.454778	-0.215641	-0.215641	-0.960003	-0.423228	-0.415719	-0.467996	-0.467996	-1.20288	-0.918514	-0.720046
3	0.0660836	1.04527	1.04527	0.864528	0.815356	0.857397	2.26851	2.26851	1.08325	1.76953	1.48506
3	0.431422	-0.541564	-0.541564	-1.29544	-0.750446	-0.748547	-1.17533	-1.17533	-1.62318	-1.62866	-1.29652
3	0.688634	-0.00747918	-0.00747918	-0.653103	-0.233554	-0.248084	-0.0162318	-0.0162318	-0.818338	-0.506872	-0.429694
3	1.10115	-0.162309	-0.162309	-1.371	-0.383853	-0.381093	-0.352254	-0.352254	-1.71786	-0.833062	-0.660073
3	1.76833	0.43038	0.43038	-0.788898	0.0425839	0.0439721	0.934037	0.934037	-0.988489	0.0838124	0.0712123
3	2.5541	0.433625	0.433625	-1.1171	-0.0999155	-0.095579	0.941079	0.941079	-1.39973	-0.109776	-0.0885784
3	0.033557	0.956517	0.956517	0.750668	0.729552	0.766834	2.07589	2.07589	0.940587	1.58332	1.3282
3	0.509669	0.0276781	0.0276781	-0.682133	-0.195989	-0.1668	0.0600687	0.0600687	-0.854713	-0.425348	-0.288906
3	0.877151	0.128652	0.128652	-0.88292	-0.0853004	-0.103029	0.279208	0.279208	-1.1063	-0.185124	-0.178452
3	0.121404	0.794859	0.794859	0.392724	0.569906	0.576522	1.72505	1.72505	0.492083	1.23684	0.998565
3	0.213695	-0.618417	-0.618417	-0.97138	-0.821944	-0.820828	-1.34212	-1.34212	-1.21714	-1.78383	-1.42172
3	0.426238	0.0102464	0.0102464	-0.741789	-0.204516	-0.224182	0.0222373	0.0222373	-0.929462	-0.443852	-0.388294
3	0.177069	-0.051035	-0.051035	-0.319582	-0.269772	-0.270937	-0.110759	-0.110759	-0.400437	-0.585475	-0.469277
3	2.71472	-0.0672917	-0.0672917	-1.70069	-0.69591	-0.551562	-0.14604	-0.14604	-2.13097	-0.697198	-0.572726
3	0.0963921	0.45242	0.45242	0.0955206	0.217471	0.238392	0.98187	0.98187	0.119687	0.47197	0.412906
3	0.256527	0.921579	0.921579	0.490643	0.678723	0.706792	2.00007	2.00007	0.614775	1.47301	1.2242
3	0.0604782	0.062885	0.062885	-0.169117	-0.155337	-0.147273	0.136477	0.136477	-0.211904	-0.337122	-0.255085
3	0.499938	-0.0359374	-0.0359374	-0.786889	-0.270344	-0.233844	-0.0779935	-0.0779935	-0.985972	-0.586717	-0.40503
3	0.225283	-0.00267142	-0.00267142	-0.509097	-0.238328	-0.23726	-0.00579768	-0.00579768	-0.637899	-0.517234	-0.410947
3	1.69569	-0.536881	-0.536881	-1.69936	-0.951009	-0.880695	-1.16517	-1.16517	-2.1293	-1.52706	-1.32254
3	3.33568	0.993965	-1.11171	-1.11171	0.532131	0.421778	2.15716	-1.39297	-1.39297	0.542843	0.307355
3	0.187532	0.192707	0.192707	-0.301456	-0.00853254	0.00339397	0.418224	0.418224	-0.377725	-0.0185178	0.00587854
3	1.44491	-0.153444	-0.153444	-1.36006	-0.638461	-0.622079	-0.333013	-0.333013	-1.70416	-1.12332	-0.934805
3	0.539985	0.487838	0.487838	-0.018249	0.274864	0.279882	1.05873	1.05873	-0.0228661	0.596527	0.48477
3	1.14365	0.0767587	0.0767587	-0.915553	-0.168038	-0.1618	0.166586	0.166586	-1.14719	-0.364685	-0.280246
3	1.81195	1.01284	1.01284	0.141437	0.29252	0.28471	2.19813	2.19813	0.17722	0.434164	0.329781
3	1.79834	-0.646797	-0.646797	-1.83591	-0.999056	-1.02996	-1.40372	-1.40372	-2.3004	-1.75627	-1.31057
3	1.42677	-1.01459	-1.01459	-1.97256	-1.4633	-1.4605	-2.20193	-2.20193	-2.47162	-2.73737	-2.0718
3	0.523892	0.606699	0.606699	0.0451008	0.399741	0.401978	1.31669	1.31669	0.0565113	0.867543	0.696246
3	0.815054	0.093063	0.093063	-0.641393	-0.148226	-0.126981	0.201971	0.201971	-0.803665	-0.321689	-0.219938
3	2.15134	-0.151547	-0.151547	-1.59955	-0.575644	-0.540187	-0.328896	-0.328896	-2.00424	-0.780377	-0.70397
3	0.540506	1.42331	1.42331	0.96914	1.20454	1.24189	3.08895	3.08895	1.21433	2.61416	2.15102
3	2.1681	-1.1215	-1.1215	-2.06122	-2.0684	-1.96525	-2.43395	-2.43395	-2.58271	-2.43541	-2.44353
3	0.655804	1.11048	1.11048	0.178357	0.835999	0.894988	2.41003	2.41003	0.223482	1.81433	1.55017
3	2.06252	-0.634026	-0.634026	-2.10762	-0.955154	-1.02603	-1.376	-1.376	-2.64085	-1.56704	-1.24948
3	0.0519467	0.0721337	0.0721337	-0.150847	-0.136753	-0.133666	0.156549	0.156549	-0.189011	-0.29679	-0.231516
3	0.188918	0.889742	0.889742	0.561803	0.689682	0.680457	1.93097	1.93097	0.703939	1.49679	1.17859
3	0.227854	0.590953	0.590953	0.0995135	0.392254	0.401093	1.28252	1.28252	0.12469	0.851292	0.694714
3	0.0664606	0.283744	0.283744	0.0155352	0.0557584	0.0519061	0.615799	0.615799	0.0194656	0.12101	0.089904
3	0.853053	0.123831	0.123831	-0.538102	-0.0819904	-0.0737239	0.268746	0.268746	-0.674241	-0.17794	-0.127693
3	1.41	0.0345265	0.0345265	-1.25715	-0.247232	-0.151946	0.0749314	0.0749314	-1.57521	-0.420194	-0.263178
3	0.246409	0.293274	0.293274	-0.0162889	0.110102	0.0918974	0.63648	0.63648	-0.02041	0.23895	0.159171
3	0.398785	0.529024	0.529024	-0.129877	0.321226	0.329643	1.14812	1.14812	-0.162736	0.697143	0.570959
3	0.429737	-0.886227	-0.886227	-1.57951	-1.1135	-1.06948	-1.92334	-1.92334	-1.97913	-2.41659	-1.85239
3	3.43676	0.269969	-0.777746	-1.15675	-0.955648	-0.767696	0.585903	-1.37817	-1.44941	-0.922011	-0.797151
3	0.287671	0.555931	0.555931	-0.00187332	0.339998	0.326253	1.20651	1.20651	-0.00234727	0.737884	0.565088
3	0.070665	-0.979892	-0.979892	-1.25987	-1.18992	-1.17765	-2.12662	-2.12662	-1.57861	-2.58244	-2.03975
3	0.488292	-0.582031	-0.582031	-1.14233	-0.796684	-0.812632	-1.26316	-1.26316	-1.43134	-1.72901	-1.40752
3	2.57224	0.35709	0.35709	-0.766375	-0.271008	-0.185099	0.774978	0.774978	-0.960268	-0.305865	-0.196395
3	0.142232	-0.611362	-0.611362	-1.04644	-0.821451	-0.833586	-1.32681	-1.32681	-1.31119	-1.78276	-1.44381
3	1.01667	0.145823	0.145823	-1.00626	-0.11117	-0.0522248	0.316473	0.316473	-1.26084	-0.241267	-0.0904561
3	0.268004	0.607658	0.607658	0.205517	0.398212	0.418644	1.31877	1.31877	0.257513	0.864223	0.725113
3	1.15005	-0.0807913	-0.0807913	-0.944511	-0.320758	-0.343229	-0.175338	-0.175338	-1.18347	-0.696127	-0.59449
3	0.566482	0.440646	0.440646	-0.343613	0.21146	0.206513	0.956317	0.956317	-0.430547	0.458924	0.357691
3	1.1532	0.49508	0.49508	-0.613686	0.249555	0.257871	1.07445	1.07445	-0.768949	0.5416	0.446646
3	1.76677	0.162059	0.162059	-0.931419	-0.253733	-0.291408	0.35171	0.35171	-1.16707	-0.550666	-0.440065
3	1.10172	0.827661	0.827661	0.166026	0.544021	0.552162	1.79624	1.79624	0.208031	1.18067	0.956373
3	0.281157	-0.041359	-0.041359	-0.637639	-0.247307	-0.259471	-0.0897598	-0.0897598	-0.798962	-0.536721	-0.449416
3	0.740518	0.454066	0.454066	-0.362392	0.245479	0.294377	0.985442	0.985442	-0.454077	0.532754	0.509875
3	0.607131	0.0435684	0.0435684	-0.41785	-0.195919	-0.147628	0.0945548	0.0945548	-0.523566	-0.425194	-0.2557
3	0.365961	0.433067	0.433067	-0.239677	0.217121	0.213587	0.939867	0.939867	-0.300316	0.471209	0.369943
3	0.151685	0.398469	0.398469	0.0162837	0.195679	0.190006	0.864782	0.864782	0.0204035	0.424674	0.329099
3	0.971613	-0.862577	-0.862577	-1.49994	-1.06913	-1.10841	-1.87202	-1.87202	-1.87942	-2.32029	-1.91982
3	1.80758	0.925395	0.925395	-0.547786	0.65004	0.735436	2.00835	2.00835	-0.686376	0.938794	1.05931
3	0.283942	-0.37985	-0.37985	-0.976874	-0.568573	-0.58576	-0.824373	-0.824373	-1.22402	-1.23395	-1.01457
3	1.79041	0.16428	0.16428	-1.22897	-0.732767	-0.722119	0.35653	0.35653	-1.5399	-0.936082	-0.674028
3	0.935367	-0.403062	-0.403062	-1.45957	-0.62751	-0.645372	-0.874749	-0.874749	-1.82885	-1.36186	-1.11782
3	1.10068	-0.836489	-0.836489	-1.46109	-1.07827	-1.09204	-1.8154	-1.8154	-1.83074	-2.34013	-1.89147
3	2.37233	-0.967881	-0.967881	-2.57127	-1.33683	-1.26061	-2.10055	-2.10055	-3.2218	-1.5514	-1.40588
3	2.49043	-0.144409	-0.144409	-1.92785	-0.690314	-0.593665	-0.313406	-0.313406	-2.41559	-0.7343	-0.570435
3	2.78814	0.133069	0.133069	-0.95132	-0.990461	-0.949287	0.288794	0.288794	-1.192	-1.61253	-1.34331
3	0.421713	-0.0672523	-0.0672523	-0.687325	-0.279126	-0.282644	-0.145955	-0.145955	-0.861219	-0.605777	-0.489553
3	1.19284	-0.683255	-0.683255	-1.82486	-0.964591	-1.00252	-1.48284	-1.48284	-2.28655	-2.09341	-1.73641
3	0.789863	0.0972011	0.0972011	-0.536747	-0.122141	-0.0888022	0.210952	0.210952	-0.672544	-0.265077	-0.15381
3	1.43124	0.616101	0.616101	-0.749727	0.064925	0.131884	1.3371	1.3371	-0.939408	0.090399	0.172895
3	2.31901	1.04306	1.04306	-0.696003	0.577714	0.639299	2.2637	2.2637	-0.872092	0.643306	0.696988
3	0.362094	0.0818304	0.0818304	-0.608394	-0.141726	-0.136749	0.177593	0.177593	-0.762317	-0.307582	-0.236856
3	0.452112	-0.281827	-0.281827	-0.748924	-0.464156	-0.520319	-0.611637	-0.611637	-0.938401	-1.00734	-0.901218
4	0.217127	-0.276224	-0.276224	-0.849596	-0.478444	-0.5053	-0.692217	-0.692217	-1.06454	-1.19259	-1.0106
4	0.946558	-0.0607965	-0.0607965	-1.06362	-0.312074	-0.272203	-0.152356	-0.152356	-1.33271	-0.716664	-0.544406
4	0.701304	0.485826	0.485826	-0.332638	0.259668	0.232085	1.21748	1.21748	-0.416796	0.650728	0.418942
4	1.55762	-0.0307644	-0.0307644	-1.25483	-0.464225	-0.376475	-0.0770956	-0.0770956	-1.5723	-0.744411	-0.565352
4	0.656633	-0.274918	-0.274918	-1.44608	-0.492109	-0.505528	-0.688944	-0.688944	-1.81193	-1.23323	-1.01106
4	0.379321	0.578444	0.578444	0.00176585	0.360818	0.364227	1.44958	1.44958	0.00221261	0.904211	0.708279
4	0.710626	0.479452	0.479452	-0.507333	0.254449	0.233875	1.20151	1.20151	-0.635688	0.637648	0.467751
4	0.210796	-1.24503	-1.24503	-1.72556	-1.44951	-1.41137	-3.12004	-3.12004	-2.16212	-3.63248	-2.82275
4	0.4469	0.673534	0.673534	0.229839	0.468562	0.481922	1.68788	1.68788	0.287989	1.17422	0.963843
4	0.460581	-0.831486	-0.831486	-1.78738	-1.09292	-1.04859	-2.0837	-2.0837	-2.23959	-2.6758	-2.09717
4	1.17184	-0.750656	-0.750656	-2.30339	-1.04307	-1.0257	-1.88114	-1.88114	-2.88615	-2.18319	-1.96003
4	2.96526	-0.213088	-1.05493	-1.40118	-1.28346	-1.26518	-0.533998	-2.28947	-1.75568	-1.96529	-1.65423
4	0.0362855	0.483487	0.483487	0.206012	0.257294	0.274095	1.21162	1.21162	0.258133	0.644779	0.548189
4	0.426494	0.0532896	0.0532896	-0.77733	-0.158973	-0.148326	0.133544	0.133544	-0.973995	-0.398386	-0.296652
4	0.450077	-0.00649588	-0.00649588	-0.839449	-0.241901	-0.223109	-0.0162787	-0.0162787	-1.05183	-0.589728	-0.43594
4	0.407326	-0.501535	-0.501535	-1.27829	-0.748838	-0.725809	-1.25685	-1.25685	-1.60169	-1.87659	-1.45162
4	0.393251	-1.0645	-1.0645	-1.71416	-1.28182	-1.26067	-2.66764	-2.66764	-2.14784	-3.21223	-2.52135
4	0.599824	0.444945	0.444945	-0.49708	0.220289	0.209907	1.11503	1.11503	-0.622841	0.552044	0.419814
4	0.141121	0.804489	0.804489	0.515934	0.582893	0.578981	2.01605	2.01605	0.646465	1.46073	1.15796
4	2.05674	0.24576	0.24576	-1.10426	-0.203924	-0.114729	0.615874	0.615874	-1.38364	-0.295542	-0.159926
4	2.51702	0.172072	0.172072	-1.8047	-0.501551	-0.458112	0.431213	0.431213	-2.26129	-0.489097	-0.421302
4	0.34736	0.462707	0.462707	-0.256209	0.248041	0.278363	1.15954	1.15954	-0.32103	0.621592	0.556725
4	0.399758	0.633569	0.633569	0.0050077	0.428535	0.409624	1.58772	1.58772	0.00627465	1.07391	0.819248
4	0.546223	-0.422218	-0.422218	-1.4533	-0.693291	-0.625393	-1.05808	-1.05808	-1.82098	-1.51986	-1.25079
4	1.8336	0.405034	0.405034	-0.986055	-0.0831795	0.0884117	1.01502	1.01502	-1.23553	-0.0918355	0.0996986
4	1.03392	0.309325	0.309325	-0.845468	0.0861956	0.0804734	0.775167	0.775167	-1.05937	0.214521	0.160947
4	0.340201	-0.444309	-0.444309	-1.13508	-0.672334	-0.646212	-1.11344	-1.11344	-1.42225	-1.52883	-1.29242
4	0.241864	0.303172	0.303172	-0.124356	0.0590246	0.136865	0.759748	0.759748	-0.155818	0.147916	0.27373
4	0.476052	-0.107053	-0.107053	-0.651364	-0.332079	-0.325837	-0.268274	-0.268274	-0.816159	-0.832191	-0.651675
4	2.32773	0.619435	0.619435	-1.35631	-0.0373057	0.0315605	1.55231	1.55231	-1.69946	-0.0492875	0.0401917
4	0.791172	0.0739966	0.0739966	-0.695225	-0.124674	-0.165069	0.185435	0.185435	-0.871117	-0.312433	-0.320203
4	0.306475	-0.230159	-0.230159	-0.841078	-0.453485	-0.416817	-0.576778	-0.576778	-1.05387	-1.13643	-0.833634
4	0.0647907	0.216539	0.216539	-0.0977265	-0.0175092	0.0182494	0.542647	0.542647	-0.122451	-0.0438781	0.0364989
4	1.13959	-0.228105	-0.228105	-1.69515	-0.485807	-0.44324	-0.571632	-0.571632	-2.12402	-1.0678	-0.886481
4	0.386992	-0.167481	-0.167481	-0.60916	-0.427434	-0.387017	-0.419708	-0.419708	-0.763278	-1.07115	-0.774033
4	0.5637	-0.360996	-0.360996	-1.46993	-0.6292	-0.576808	-0.904655	-0.904655	-1.84182	-1.42269	-1.15362
4	3.37482	-0.0898548	-1.42895	-2.58975	-1.65341	-1.31526	-0.225176	-2.53211	-3.24495	-0.885211	-0.713596
4	0.596351	0.521999	0.521999	-0.252148	0.304402	0.303775	1.30813	1.30813	-0.315941	0.751727	0.607551
4	0.852767	0.43188	0.43188	-0.854848	0.195871	0.192591	1.08229	1.08229	-1.07112	0.490853	0.349229
4	0.291655	0.357556	0.357556	-0.221218	0.122428	0.138387	0.896036	0.896036	-0.277186	0.306805	0.276774
4	0.540177	-0.442133	-0.442133	-1.02882	-0.638576	-0.65239	-1.10799	-1.10799	-1.28911	-1.60027	-1.30478
4	0.160522	-0.130556	-0.130556	-0.498473	-0.346823	-0.321491	-0.327173	-0.327173	-0.624587	-0.869138	-0.642981
4	1.69105	-0.437255	-0.437255	-1.60089	-0.800895	-0.779515	-1.09576	-1.09576	-2.00591	-1.18429	-0.920934
4	3.36833	0.915425	-0.374159	-1.67972	-1.61276	-1.39649	2.29406	-0.663013	-2.10469	-1.81802	-1.11111
4	0.450671	0.223073	0.223073	-0.776876	-0.0211428	0.00840616	0.559022	0.559022	-0.973426	-0.052544	0.0168123
4	0.454096	-0.210756	-0.210756	-1.13017	-0.434414	-0.434078	-0.528154	-0.528154	-1.4161	-1.08864	-0.866531
4	0.325702	-0.0556359	-0.0556359	-0.738549	-0.29088	-0.275167	-0.139423	-0.139423	-0.925402	-0.728945	-0.550334
4	0.877135	-0.0970728	-0.0970728	-1.3134	-0.33945	-0.328463	-0.243264	-0.243264	-1.64569	-0.84597	-0.656926
4	1.79045	-0.34868	-0.34868	-1.59702	-0.685565	-0.690175	-0.873792	-0.873792	-2.00106	-1.16816	-1.0252
4	0.669519	-0.208551	-0.208551	-1.28127	-0.43541	-0.385677	-0.522629	-0.522629	-1.60543	-1.09114	-0.771355
4	0.829485	-0.587129	-0.587129	-1.75939	-0.835114	-0.767141	-1.47135	-1.47135	-2.20451	-2.0928	-1.53428
4	2.0971	-0.15501	-0.15501	-1.53293	-1.27718	-1.20885	-0.388455	-0.388455	-1.92076	-1.8074	-1.22975
4	0.165467	-0.500242	-0.500242	-0.970674	-0.712846	-0.702002	-1.25361	-1.25361	-1.21625	-1.78639	-1.404
4	1.11454	0.176072	0.176072	-1.10669	-0.100541	-0.110321	0.441235	0.441235	-1.38668	-0.228237	-0.213678
4	0.245398	-0.0154967	-0.0154967	-0.489881	-0.244223	-0.226338	-0.0388346	-0.0388346	-0.61382	-0.612022	-0.452677
4	0.364996	-0.66492	-0.66492	-1.49076	-0.883108	-0.858135	-1.66629	-1.66629	-1.86792	-2.21307	-1.71627
4	0.820901	0.309302	0.309302	-0.904714	0.0655982	0.11904	0.775111	0.775111	-1.13361	0.164389	0.23808
4	0.679452	-0.927001	-0.927001	-1.80617	-1.1668	-1.15198	-2.32306	-2.32306	-2.26313	-2.70736	-2.30395
4	0.875568	-0.527447	-0.527447	-1.5925	-0.743534	-0.733216	-1.32178	-1.32178	-1.9954	-1.8633	-1.46643
4	1.56224	-0.276557	-0.276557	-1.46012	-0.75683	-0.736761	-0.693051	-0.693051	-1.82953	-1.36239	-1.09572
4	1.42879	0.44142	0.44142	-1.31232	-0.0689555	-0.0413825	1.1062	1.1062	-1.64433	-0.102351	-0.0536793
4	0.491965	1.31531	1.31531	0.377132	1.06092	1.11119	3.29617	3.29617	0.472546	2.52447	2.22238
4	0.171178	-0.00265089	-0.00265089	-0.54751	-0.239456	-0.18757	-0.00664314	-0.00664314	-0.686031	-0.600078	-0.375141
4	1.04678	0.455065	0.455065	-0.750417	0.217231	0.188968	1.14039	1.14039	-0.940273	0.54438	0.334469
4	0.915696	-0.05733	-0.05733	-1.06294	-0.314738	-0.274276	-0.143669	-0.143669	-1.33186	-0.731793	-0.548552
4	0.20372	-0.0433874	-0.0433874	-0.381107	-0.281513	-0.267855	-0.108729	-0.108729	-0.477527	-0.689697	-0.535709
4	0.688197	0.898407	0.898407	-0.272224	0.666564	0.675787	2.25141	2.25141	-0.341097	1.67041	1.35157
4	0.115335	0.364408	0.364408	-0.122842	0.163099	0.171803	0.913206	0.913206	-0.153921	0.408725	0.343606
4	1.31443	1.18338	1.18338	-0.0545161	0.766378	0.828265	2.96554	2.96554	-0.0683087	1.46629	1.47616
4	0.449252	0.630341	0.630341	-0.282459	0.393207	0.41362	1.57964	1.57964	-0.353922	0.961987	0.827241
4	1.09156	0.417486	0.417486	-0.929117	0.133721	0.203749	1.04622	1.04622	-1.16418	0.297903	0.407498
4	1.41423	0.0272957	0.0272957	-1.11857	-0.444814	-0.434301	0.0684031	0.0684031	-1.40157	-0.810336	-0.651607
4	0.191204	-0.298184	-0.298184	-0.89238	-0.505524	-0.490062	-0.747249	-0.747249	-1.11815	-1.26684	-0.980124
4	1.31634	0.206023	0.206023	-0.571547	-0.0969791	-0.106667	0.516293	0.516293	-0.716148	-0.223928	-0.169266
4	0.192175	-0.282159	-0.282159	-0.58032	-0.493348	-0.480009	-0.707091	-0.707091	-0.72714	-1.23633	-0.960018
4	0.688601	0.640863	0.640863	0.140618	0.393478	0.400448	1.606	1.606	0.176194	0.986057	0.800897
4	0.790702	-0.234906	-0.234906	-1.13076	-0.45965	-0.438505	-0.588675	-0.588675	-1.41684	-1.15188	-0.877009
4	0.90976	-1.15186	-1.15186	-1.98094	-1.38607	-1.34796	-2.88657	-2.88657	-2.48212	-3.47348	-2.69592
4	0.990432	-0.0554159	-0.0554159	-1.46004	-0.278535	-0.277372	-0.138872	-0.138872	-1.82943	-0.698008	-0.554743
4	0.286718	0.492854	0.492854	-0.0751645	0.291891	0.321207	1.23509	1.23509	-0.0941811	0.710713	0.642414
4	1.29771	0.109367	0.109367	-0.992005	-0.282243	-0.251597	0.274073	0.274073	-1.24298	-0.50931	-0.393462
4	1.12328	-0.0419766	-0.0419766	-0.768764	-0.332119	-0.289414	-0.105193	-0.105193	-0.963261	-0.808074	-0.578828
4	1.28584	-0.316468	-0.316468	-1.43851	-0.722788	-0.701461	-0.793068	-0.793068	-1.80246	-1.41377	-1.02053
4	0.581287	0.381657	0.381657	-0.309904	0.153831	0.170196	0.956433	0.956433	-0.388309	0.3855	0.340393
4	2.8389	0.655601	0.097311	-1.57853	-1.36482	-1.41404	1.64294	0.21119	-1.9779	-1.69146	-1.27834
4	1.78104	-0.11738	-0.11738	-0.935997	-0.62057	-0.640831	-0.294155	-0.294155	-1.1728	-0.854598	-0.748376
4	1.15824	0.300626	0.300626	-0.925146	-0.0457745	-0.00763079	0.753368	0.753368	-1.15921	-0.090526	-0.0148909
4	0.797398	0.825457	0.825457	-0.386338	0.604249	0.602575	2.0686	2.0686	-0.484081	1.51425	1.20515
4	0.742019	-0.30014	-0.30014	-1.42753	-0.536291	-0.508818	-0.752151	-0.752151	-1.78869	-1.34394	-1.01764
4	1.03082	-0.203674	-0.203674	-1.2019	-0.447405	-0.408395	-0.510408	-0.510408	-1.50598	-1.09465	-0.816791
4	1.08367	-0.000131408	-0.000131408	-1.53258	-0.253244	-0.240568	-0.000329308	-0.000329308	-1.92032	-0.633061	-0.481136
4	0.82739	-0.586086	-0.586086	-1.33012	-0.830279	-0.780441	-1.46873	-1.46873	-1.66665	-2.08068	-1.56088
4	1.78833	-0.328753	-0.328753	-1.36652	-1.04719	-1.01355	-0.823856	-0.823856	-1.71225	-1.59597	-1.15886
4	0.509562	0.577037	0.577037	-0.0287334	0.353957	0.360868	1.44606	1.44606	-0.036003	0.887016	0.721736
4	0.146677	0.231946	0.231946	-0.149008	0.0319872	0.0280001	0.581256	0.581256	-0.186707	0.0801599	0.0560001
4	0.727757	0.423169	0.423169	-0.398733	0.205711	0.2402	1.06046	1.06046	-0.499613	0.515512	0.4804
4	0.262403	-0.0756959	-0.0756959	-0.798242	-0.293363	-0.300017	-0.189694	-0.189694	-1.0002	-0.735168	-0.600034
4	0.449307	0.366546	0.366546	-0.262696	0.143981	0.142857	0.918565	0.918565	-0.329158	0.360817	0.285714
4	0.39592	0.0722502	0.0722502	-0.376021	-0.146738	-0.150854	0.181059	0.181059	-0.471154	-0.367726	-0.301708
4	0.657086	0.177494	0.177494	-0.908978	-0.0220306	-0.0129458	0.444799	0.444799	-1.13895	-0.0552087	-0.0258915
4	3.53912	0.149378	-2.66624	-2.66624	-0.928613	-0.665871	0.37434	-3.3408	-3.3408	-0.628762	-0.401362
4	1.99739	0.174658	0.174658	-0.876025	-0.501313	-0.497504	0.437693	0.437693	-1.09766	-0.911611	-0.688544
4	0.306241	0.0891376	0.0891376	-0.505359	-0.134128	-0.118129	0.223379	0.223379	-0.633215	-0.336125	-0.236259
4	2.30886	-0.898565	-0.898565	-2.47792	-2.28756	-2.21929	-2.2518	-2.2518	-3.10483	-3.00075	-2.05259
4	0.498442	0.115791	0.115791	-0.734671	-0.087978	-0.132139	0.290173	0.290173	-0.920543	-0.220473	-0.248119
4	2.01646	0.761498	0.761498	-0.79011	0.194376	0.238654	1.90831	1.90831	-0.990008	0.259553	0.252524
4	0.939448	-0.119927	-0.119927	-1.45057	-0.360025	-0.341058	-0.300537	-0.300537	-1.81756	-0.902224	-0.682116
4	0.27324	-0.453181	-0.453181	-1.01929	-0.696104	-0.664401	-1.13567	-1.13567	-1.27717	-1.68847	-1.3288
4	0.449222	0.348701	0.348701	-0.52257	0.0971509	0.148445	0.873845	0.873845	-0.65478	0.24346	0.296891
4	0.142678	-0.138983	-0.138983	-0.500756	-0.331484	-0.364617	-0.348291	-0.348291	-0.627448	-0.8307	-0.729233
4	0.695571	-0.198463	-0.198463	-0.915042	-0.415363	-0.404918	-0.497348	-0.497348	-1.14655	-1.0409	-0.809836
4	0.481709	1.14178	1.14178	0.40351	0.923473	0.937174	2.86129	2.86129	0.505598	2.31422	1.87435
4	0.67767	0.410827	0.410827	-0.339491	0.192885	0.193124	1.02953	1.02953	-0.425382	0.483369	0.386248
4	0.774255	0.26841	0.26841	-0.57119	0.0337126	0.0607529	0.672635	0.672635	-0.715702	0.0844837	0.121506
4	1.15918	-0.671362	-0.671362	-2.1318	-1.00163	-1.00982	-1.68243	-1.68243	-2.67114	-1.86065	-1.58517
4	1.40808	-0.0778138	-0.0778138	-1.3689	-0.334867	-0.368534	-0.195001	-0.195001	-1.71523	-0.675693	-0.546413
4	0.336082	-0.652278	-0.652278	-1.51841	-0.840693	-0.854221	-1.63461	-1.63461	-1.90257	-2.10678	-1.70844
4	0.3286	-0.485737	-0.485737	-1.10786	-0.723758	-0.72094	-1.21726	-1.21726	-1.38815	-1.74782	-1.44188
4	1.67667	0.205932	0.205932	-1.04832	-0.303725	-0.221931	0.516064	0.516064	-1.31354	-0.495775	-0.306998
4	0.386488	0.528972	0.528972	-0.235663	0.327724	0.292044	1.3256	1.3256	-0.295285	0.821277	0.584087
4	1.33301	0.378257	0.378257	-0.90019	0.0923775	0.0571767	0.947913	0.947913	-1.12794	0.20185	0.0893802
4	0.19937	0.665677	0.665677	0.0367343	0.413333	0.460756	1.66819	1.66819	0.0460281	0.91283	0.921512
4	0.279507	0.321118	0.321118	-0.229336	0.117334	0.121525	0.804722	0.804722	-0.287358	0.294039	0.243051
4	0.776476	0.479701	0.479701	-0.764077	0.186361	0.232643	1.20213	1.20213	-0.957388	0.427283	0.465285
4	0.793581	-0.100243	-0.100243	-1.35647	-0.329031	-0.30973	-0.25121	-0.25121	-1.69966	-0.818953	-0.61946
4	0.0526426	1.02708	1.02708	0.763731	0.809279	0.842635	2.57385	2.57385	0.956955	2.02805	1.68527
4	0.740868	0.95902	0.95902	0.0918145	0.69852	0.775993	2.4033	2.4033	0.115044	1.75049	1.55199
4	1.29654	0.346138	0.346138	-0.65371	0.0181618	0.0651936	0.867421	0.867421	-0.819099	0.0353999	0.125856
4	0.794284	0.458151	0.458151	-0.367967	0.241509	0.253031	1.14813	1.14813	-0.461062	0.586614	0.506062
4	0.477092	-0.288117	-0.288117	-0.996176	-0.500998	-0.506272	-0.722021	-0.722021	-1.24821	-1.2555	-1.01254
4	0.415947	-0.262964	-0.262964	-0.96913	-0.470082	-0.440076	-0.658987	-0.658987	-1.21432	-1.17803	-0.880153
4	1.08682	-1.63735	-1.63735	-3.0724	-1.89176	-1.90565	-4.1032	-4.1032	-3.84972	-3.98436	-3.77872
4	0.0579964	0.522017	0.522017	0.221737	0.286402	0.306631	1.30818	1.30818	0.277836	0.696108	0.613261
4	3.23862	-0.120593	-0.929254	-1.97141	-1.02134	-0.974277	-0.302206	-2.01672	-2.47018	-1.47923	-1.26712
4	0.411085	-0.409056	-0.409056	-1.12026	-0.645788	-0.621854	-1.02509	-1.02509	-1.40369	-1.61835	-1.24371
4	2.03199	0.459159	0.459159	-1.67262	0.0166779	0.0185866	1.15065	1.15065	-2.09579	0.0204829	0.019901
4	0.511047	-0.885669	-0.885669	-1.84888	-1.09758	-1.07255	-2.21949	-2.21949	-2.31665	-2.75052	-2.1451
4	1.01826	0.440255	0.440255	-0.609862	0.196555	0.196142	1.10328	1.10328	-0.764157	0.492568	0.392283
4	0.769166	0.0376542	0.0376542	-1.02668	-0.205925	-0.199132	0.0943613	0.0943613	-1.28643	-0.506755	-0.398264
4	1.3157	0.493635	0.493635	-1.10324	0.00485948	0.0707748	1.23705	1.23705	-1.38236	0.00730166	0.10612
4	0.329827	0.217248	0.217248	-0.274047	0.0567904	0.0183396	0.544424	0.544424	-0.343381	0.142317	0.0366792
4	0.645287	0.0628767	0.0628767	-0.900775	-0.145183	-0.139427	0.157569	0.157569	-1.12867	-0.363828	-0.278854
4	0.00630216	0.293791	0.293791	0.223817	0.0330379	0.0946787	0.736241	0.736241	0.280443	0.069767	0.189357
4	0.517692	0.186389	0.186389	-0.431882	-0.0719603	0.000224101	0.467091	0.467091	-0.541148	-0.180332	0.000448203
4	1.15739	-0.874308	-0.874308	-1.88929	-1.12805	-1.11844	-2.19102	-2.19102	-2.36728	-2.8269	-2.23689
4	1.23802	-0.110104	-0.110104	-1.56868	-0.357138	-0.338709	-0.275921	-0.275921	-1.96556	-0.89317	-0.677417
4	1.25085	-1.49553	-1.49553	-2.95994	-1.78646	-1.75695	-3.7478	-3.7478	-3.7088	-3.69895	-3.22318
4	1.01584	-0.846984	-0.846984	-2.21121	-1.08037	-1.08197	-2.12254	-2.12254	-2.77064	-2.7074	-2.16393
4	1.25972	0.127702	0.127702	-0.586136	-0.264179	-0.21506	0.320021	0.320021	-0.734429	-0.506778	-0.38635
4	1.92899	-0.267495	-0.267495	-2.03083	-0.699691	-0.779898	-0.670343	-0.670343	-2.54462	-1.05466	-0.855634
4	0.431982	-0.698463	-0.698463	-1.46809	-0.944713	-0.90799	-1.75035	-1.75035	-1.83951	-2.28254	-1.81598
4	1.34128	-0.12733	-0.12733	-1.10098	-0.618148	-0.547513	-0.319089	-0.319089	-1.37953	-1.00526	-0.801113
4	0.595538	0.0223375	0.0223375	-0.535748	-0.173249	-0.174712	0.0559777	0.0559777	-0.671292	-0.434163	-0.349425
4	0.232212	-0.571824	-0.571824	-1.15514	-0.803168	-0.763481	-1.43299	-1.43299	-1.44739	-1.92314	-1.52696
4	1.70855	0.548578	0.548578	-0.779936	0.146346	0.127861	1.37474	1.37474	-0.977259	0.227451	0.158671
4	2.09969	-0.656313	-0.656313	-1.82776	-1.24456	-1.25298	-1.64472	-1.64472	-2.29018	-1.5432	-1.32522
4	2.07522	-0.266737	-0.266737	-2.18055	-1.98274	-1.82945	-0.668443	-0.668443	-2.73223	-1.85829	-1.5714
4	3.18816	-0.193602	-1.05015	-1.47474	-1.85438	-1.67366	-0.485166	-2.27909	-1.84785	-1.93134	-1.98608
4	0.131714	-0.500909	-0.500909	-0.755568	-0.67102	-0.725727	-1.25528	-1.25528	-0.946727	-1.68158	-1.45145
4	0.672147	0.0482376	0.0482376	-0.478545	-0.19637	-0.172865	0.120884	0.120884	-0.599616	-0.467944	-0.34573
4	1.30072	-0.0673519	-0.0673519	-1.56882	-0.370023	-0.293892	-0.168784	-0.168784	-1.96573	-0.552834	-0.485161
4	1.78517	-0.280825	-0.280825	-1.49561	-0.688899	-0.710162	-0.703747	-0.703747	-1.874	-0.847255	-0.728402
4	0.662157	-0.460213	-0.460213	-1.51564	-0.69171	-0.666466	-1.15329	-1.15329	-1.89909	-1.73342	-1.33293
4	0.696278	-0.214746	-0.214746	-1.14979	-0.448898	-0.450567	-0.538154	-0.538154	-1.44069	-1.11783	-0.901134
4	0.394855	-0.35968	-0.35968	-1.2323	-0.556724	-0.556702	-0.901358	-0.901358	-1.54408	-1.39515	-1.1134
4	1.15493	0.45939	0.45939	-0.32199	0.225325	0.194137	1.15123	1.15123	-0.403454	0.564664	0.380789
4	2.68363	0.49922	-0.22556	-1.2901	-0.423454	-0.233121	1.25104	-0.489524	-1.61649	-0.363917	-0.196943
4	0.593658	0.650606	0.650606	0.152483	0.419214	0.454806	1.63042	1.63042	0.191061	1.05055	0.909612
4	0.55181	0.00270821	0.00270821	-0.731392	-0.254308	-0.190187	0.00678677	0.00678677	-0.916434	-0.551435	-0.380374
4	0.817233	0.478984	0.478984	-0.496216	0.222116	0.26511	1.20033	1.20033	-0.621758	0.556623	0.530221
4	0.539978	-1.20429	-1.20429	-2.10567	-1.40994	-1.39026	-3.01795	-3.01795	-2.6384	-3.53332	-2.78052
4	1.21443	0.133246	0.133246	-1.11368	-0.271402	-0.187506	0.333913	0.333913	-1.39544	-0.48071	-0.328662
4	2.43254	0.0611791	0.0611791	-1.97591	-1.51359	-1.57895	0.153315	0.153315	-2.47582	-1.72787	-1.42801
4	0.690392	-0.286256	-0.286256	-1.47611	-0.533233	-0.509038	-0.717356	-0.717356	-1.84956	-1.33628	-1.01808
4	0.446922	0.217718	0.217718	-0.747867	-0.0232211	0.000279627	0.545601	0.545601	-0.937077	-0.0581922	0.000559255
4	0.300377	0.592216	0.592216	-0.177042	0.358324	0.402656	1.48409	1.48409	-0.221833	0.897959	0.805313
4	0.998633	0.253778	0.253778	-0.67858	-0.0174113	0.0491267	0.635967	0.635967	-0.850261	-0.0371654	0.0982534
4	2.57763	-0.264093	-0.264093	-1.79847	-1.71507	-1.719	-0.661818	-0.661818	-2.25348	-2.39325	-1.73934
4	2.03472	-0.405478	-0.405478	-2.06515	-1.63335	-1.64856	-1.01613	-1.01613	-2.58764	-1.93248	-1.45737
4	1.52066	-0.46466	-0.46466	-2.19156	-1.17756	-1.1483	-1.16444	-1.16444	-2.74602	-1.62282	-1.14259
4	0.358264	-0.292796	-0.292796	-1.03521	-0.506279	-0.512171	-0.733746	-0.733746	-1.29712	-1.26873	-1.02434
4	2.43736	-0.180754	-0.180754	-1.68319	-0.671821	-0.72426	-0.452969	-0.452969	-2.10904	-0.772454	-0.598735
4	1.57098	-0.12599	-0.12599	-1.58099	-0.832562	-0.82528	-0.31573	-0.31573	-1.98098	-1.1841	-0.989524
4	1.48575	0.0167818	0.0167818	-1.50448	-0.420904	-0.366199	0.0420551	0.0420551	-1.88511	-0.668208	-0.534114
4	1.24755	-0.282914	-0.282914	-1.87807	-0.605175	-0.549147	-0.708982	-0.708982	-2.35322	-1.13566	-1.00388
4	1.06923	-0.169103	-0.169103	-1.43065	-0.48514	-0.453868	-0.423773	-0.423773	-1.7926	-0.850995	-0.8952
4	1.41707	-1.04182	-1.04182	-2.19757	-1.59297	-1.56964	-2.6108	-2.6108	-2.75355	-2.52254	-2.16768
4	2.62517	0.341819	0.341819	-0.603501	-0.825378	-0.64267	0.856598	0.856598	-0.756187	-0.798857	-0.680449
4	0.552315	0.0462115	0.0462115	-0.768432	-0.179178	-0.166958	0.115806	0.115806	-0.962845	-0.44902	-0.333916
4	1.69576	-0.10804	-0.10804	-1.94497	-0.4884	-0.504752	-0.270749	-0.270749	-2.43704	-0.873488	-0.67787
4	0.313538	0.072096	0.072096	-0.335541	-0.164795	-0.132829	0.180673	0.180673	-0.420433	-0.412977	-0.265658
4	1.98787	-0.962839	-0.962839	-2.43166	-1.48731	-1.35959	-2.41287	-2.41287	-3.04687	-1.81713	-1.50317
4	0.548631	-0.368571	-0.368571	-1.12253	-0.562554	-0.575494	-0.92364	-0.92364	-1.40653	-1.40976	-1.15099
4	0.425472	-0.222164	-0.222164	-0.922461	-0.442413	-0.435622	-0.556742	-0.556742	-1.15584	-1.10869	-0.870623
4	1.56962	-0.0706725	-0.0706725	-1.23126	-0.46526	-0.458994	-0.177105	-0.177105	-1.54277	-0.797181	-0.635244
4	2.33121	0.285538	0.285538	-1.54671	-0.32371	-0.3345	0.715557	0.715557	-1.93803	-0.351311	-0.278614
4	1.92396	0.407133	0.407133	-0.583159	-0.127653	-0.0628544	1.02028	1.02028	-0.730698	-0.163764	-0.079838
4	2.02211	-0.550551	-0.550551	-2.54194	-1.05924	-0.980839	-1.37968	-1.37968	-3.18505	-1.15943	-1.01338
4	1.71669	0.142935	0.142935	-1.06088	-0.617191	-0.53872	0.358195	0.358195	-1.32929	-0.948545	-0.659569
4	1.25241	-0.646792	-0.646792	-2.1945	-0.940877	-0.917894	-1.62086	-1.62086	-2.7497	-2.05631	-1.68586
4	0.401305	-0.392221	-0.392221	-1.25312	-0.615575	-0.606088	-0.982906	-0.982906	-1.57016	-1.54263	-1.21218
4	0.495634	0.0717511	0.0717511	-0.695847	-0.148201	-0.113272	0.179808	0.179808	-0.871896	-0.371392	-0.226543
4	0.856047	-0.0327008	-0.0327008	-0.909735	-0.247975	-0.260361	-0.0819483	-0.0819483	-1.1399	-0.621425	-0.520722
4	1.77052	-0.336554	-0.336554	-1.76667	-1.35974	-1.32578	-0.843405	-0.843405	-2.21364	-1.55114	-1.33952
4	1.42143	-0.114047	-0.114047	-1.86321	-0.711731	-0.616352	-0.285802	-0.285802	-2.3346	-0.997274	-0.747278
4	0.811031	-0.365484	-0.365484	-1.59961	-0.636232	-0.613732	-0.915904	-0.915904	-2.00432	-1.44109	-1.21105
4	0.971541	0.950363	0.950363	-0.0060114	0.689835	0.715203	2.38161	2.38161	-0.00753229	1.5191	1.33204
4	2.05392	-0.00231061	-0.00231061	-1.28875	-0.551126	-0.505284	-0.0057904	-0.0057904	-1.61481	-0.653066	-0.574093
4	0.842041	-0.465727	-0.465727	-1.58596	-0.724171	-0.683621	-1.16711	-1.16711	-1.98721	-1.81477	-1.36724
4	1.83785	-0.894314	-0.894314	-2.39475	-1.41764	-1.34638	-2.24115	-2.24115	-3.00062	-2.53874	-2.00984
4	1.1117	0.545562	0.545562	-0.857742	0.316949	0.301787	1.36718	1.36718	-1.07475	0.794274	0.603573
4	0.405936	-0.25742	-0.25742	-1.1758	-0.476815	-0.483881	-0.645094	-0.645094	-1.47328	-1.1949	-0.967761
4	3.13792	-0.439444	-1.11806	-2.28623	-1.71754	-1.72001	-1.10125	-2.42649	-2.86465	-2.11607	-1.85494
4	3.54802	0.00632247	-1.43479	-2.47829	-0.972172	-0.828423	0.0158441	-2.54245	-3.1053	-0.795851	-0.527124
4	0.670998	0.608314	0.608314	-0.560589	0.373725	0.410797	1.52444	1.52444	-0.702417	0.92443	0.821595
4	0.0877213	0.317017	0.317017	-0.10463	0.0716276	0.113149	0.794445	0.794445	-0.131101	0.177562	0.226298
4	1.83272	-0.195218	-0.195218	-1.93807	-0.654375	-0.545937	-0.489216	-0.489216	-2.4284	-1.00061	-0.72559
4	0.326397	0.297439	0.297439	-0.363289	0.0838269	0.0720244	0.745382	0.745382	-0.455201	0.21007	0.144049
4	0.0939443	-0.203509	-0.203509	-0.566405	-0.442425	-0.394152	-0.509993	-0.509993	-0.709705	-1.10872	-0.788305
4	0.582717	-0.0574486	-0.0574486	-0.704741	-0.28167	-0.271967	-0.143966	-0.143966	-0.88304	-0.705864	-0.543935
4	2.16114	0.305325	0.305325	-0.954841	-0.14723	-0.133554	0.765144	0.765144	-1.19642	-0.194144	-0.145332
4	2.07013	-0.71377	-0.71377	-1.93375	-1.21276	-1.09913	-1.78871	-1.78871	-2.42299	-1.47252	-1.40551
4	1.69059	-0.0913555	-0.0913555	-0.849011	-0.68449	-0.65444	-0.228937	-0.228937	-1.06381	-1.26278	-1.00817
4	1.62323	-0.360715	-0.360715	-2.07132	-1.21521	-1.07099	-0.903953	-0.903953	-2.59536	-1.52451	-1.19436
4	0.530738	1.13879	1.13879	0.129622	0.905453	0.961203	2.8538	2.8538	0.162416	2.26907	1.92241
4	0.315499	0.140818	0.140818	-0.449657	-0.0767096	-0.10231	0.35289	0.35289	-0.56342	-0.192234	-0.19678
4	0.562635	-0.141053	-0.141053	-0.843957	-0.366069	-0.370018	-0.353478	-0.353478	-1.05748	-0.917368	-0.740037
4	2.21226	0.0921862	0.0921862	-1.80946	-0.553075	-0.35756	0.231019	0.231019	-2.26725	-0.558856	-0.396006
4	0.739779	-0.337034	-0.337034	-1.44542	-0.568048	-0.560808	-0.844607	-0.844607	-1.81111	-1.42353	-1.12162
4	1.42387	0.495851	0.495851	-1.06074	-0.116832	-0.0666867	1.2426	1.2426	-1.32911	-0.16853	-0.0752268
4	1.50034	-0.0690561	-0.0690561	-1.63092	-0.758433	-0.683388	-0.173055	-0.173055	-2.04354	-1.17257	-0.880955
4	1.42417	-0.0527369	-0.0527369	-1.12787	-0.39355	-0.327173	-0.132159	-0.132159	-1.41322	-0.701489	-0.545958
4	0.63017	-0.810121	-0.810121	-1.37271	-1.04288	-1.03921	-2.03016	-2.03016	-1.72001	-2.55571	-2.07843
4	1.63199	-0.363743	-0.363743	-1.40973	-0.984803	-0.978523	-0.91154	-0.91154	-1.7664	-1.5399	-1.35541
4	0.879664	-0.697239	-0.697239	-2.01363	-0.923306	-0.903754	-1.74728	-1.74728	-2.52308	-2.286	-1.80751
4	1.67039	0.026231	0.026231	-1.15165	-0.615458	-0.530029	0.065735	0.065735	-1.44301	-0.915808	-0.729677
4	0.787187	0.794427	0.794427	-0.378255	0.574492	0.562755	1.99083	1.99083	-0.473953	1.43968	1.12551
4	0.195604	-0.228423	-0.228423	-0.637471	-0.454466	-0.421588	-0.572428	-0.572428	-0.798752	-1.13889	-0.843176
4	0.380446	-0.0534842	-0.0534842	-0.561299	-0.247905	-0.254041	-0.134031	-0.134031	-0.703307	-0.62125	-0.508082
4	0.44882	-0.22355	-0.22355	-0.949146	-0.4713	-0.446658	-0.560217	-0.560217	-1.18928	-1.14732	-0.893316
4	0.365326	0.67881	0.67881	-0.0197584	0.446405	0.479309	1.7011	1.7011	-0.0247573	1.11869	0.958618
4	0.82584	-0.225456	-0.225456	-1.36477	-0.463803	-0.402505	-0.564994	-0.564994	-1.71005	-1.16229	-0.805011
4	0.366924	0.277867	0.277867	-0.19823	0.059929	0.0549604	0.696334	0.696334	-0.248382	0.150182	0.109921
4	1.08846	-0.407319	-0.407319	-1.59736	-0.652567	-0.63131	-1.02074	-1.02074	-2.00149	-1.48665	-1.26262
4	1.38108	-0.391859	-0.391859	-1.67903	-0.708257	-0.641342	-0.981999	-0.981999	-2.10383	-1.34976	-1.10963
4	2.00058	0.28584	0.28584	-1.22098	-0.189234	-0.198377	0.716315	0.716315	-1.52989	-0.219218	-0.187252
4	2.32196	0.185437	0.185437	-1.47129	-0.475408	-0.471575	0.464706	0.464706	-1.84353	-0.809904	-0.599369
4	1.12308	-0.0586242	-0.0586242	-1.11007	-0.386249	-0.348734	-0.146912	-0.146912	-1.39091	-0.772333	-0.623956
4	0.0205628	-0.231549	-0.231549	-0.32472	-0.462898	-0.42687	-0.580263	-0.580263	-0.406874	-1.15689	-0.853741
4	0.870101	0.0856738	0.0856738	-1.31326	-0.138689	-0.142105	0.214699	0.214699	-1.64551	-0.347556	-0.284209
4	0.327118	0.226026	0.226026	-0.607239	0.0401604	0.0114399	0.566422	0.566422	-0.760871	0.100642	0.0228798
4	0.596573	0.452202	0.452202	-0.576723	0.221116	0.250472	1.13322	1.13322	-0.722633	0.554116	0.500944
4	0.0106048	0.414258	0.414258	0.297073	0.178432	0.209838	1.03813	1.03813	0.372233	0.447152	0.419677
4	0.550768	-0.891541	-0.891541	-1.88682	-1.16174	-1.09331	-2.2342	-2.2342	-2.36418	-2.86216	-2.18662
4	0.904921	0.380657	0.380657	-0.725506	0.126595	0.146803	0.953927	0.953927	-0.909059	0.309227	0.293606
4	0.433483	-0.155056	-0.155056	-1.05646	-0.3556	-0.374667	-0.388571	-0.388571	-1.32374	-0.891135	-0.749335
4	0.981163	0.596146	0.596146	-0.624825	0.335524	0.36558	1.49394	1.49394	-0.782906	0.784384	0.73116
4	0.161784	0.125298	0.125298	-0.406222	-0.102995	-0.072503	0.313996	0.313996	-0.508996	-0.258105	-0.145006
4	1.20104	-0.296079	-0.296079	-1.1994	-0.631711	-0.638248	-0.741975	-0.741975	-1.50285	-1.20848	-0.994491
4	1.3612	-0.181188	-0.181188	-0.93958	-0.604801	-0.579849	-0.454057	-0.454057	-1.17729	-1.17032	-1.00526
4	0.139708	0.183051	0.183051	-0.354054	-0.0234036	-0.0344141	0.458726	0.458726	-0.443629	-0.0586493	-0.0688281
4	1.14128	-0.161794	-0.161794	-1.1153	-0.422957	-0.44284	-0.405456	-0.405456	-1.39747	-1.05993	-0.865118
4	0.340983	-0.0487738	-0.0487738	-0.548446	-0.305589	-0.245874	-0.122227	-0.122227	-0.687202	-0.745865	-0.491748
4	0.796272	-0.00810708	-0.00810708	-0.757714	-0.243123	-0.201921	-0.0203163	-0.0203163	-0.949416	-0.609266	-0.403841
4	0.639636	-0.746621	-0.746621	-1.48871	-0.977937	-0.936742	-1.87103	-1.87103	-1.86535	-2.45071	-1.87348
4	0.461822	0.194568	0.194568	-0.524526	-0.0193042	-0.00446151	0.487587	0.487587	-0.657231	-0.0483762	-0.00892302
4	1.39218	0.590814	0.590814	-0.550402	0.266043	0.318476	1.48058	1.48058	-0.689654	0.533281	0.629194
4	0.113364	0.585509	0.585509	0.177279	0.355659	0.387483	1.46728	1.46728	0.22213	0.88795	0.774966
4	0.907251	-0.340993	-0.340993	-1.49843	-0.603084	-0.564012	-0.854529	-0.854529	-1.87753	-1.29725	-1.1192
4	1.10599	0.219345	0.219345	-0.960553	-0.0301286	-0.0142429	0.549678	0.549678	-1.20357	-0.0755022	-0.0284857
4	1.43076	0.0310299	0.0310299	-1.17922	-0.340255	-0.278238	0.0777609	0.0777609	-1.47757	-0.558588	-0.444808
4	0.662968	0.965427	0.965427	-0.232886	0.758521	0.772601	2.41936	2.41936	-0.291806	1.90085	1.5452
4	2.08262	-0.0375314	-0.0375314	-1.66824	-0.809912	-0.711515	-0.0940536	-0.0940536	-2.09031	-1.25555	-1.0675
4	0.146978	-0.0769983	-0.0769983	-0.492983	-0.302585	-0.256927	-0.192958	-0.192958	-0.617707	-0.722179	-0.513853
4	4.2483	-0.289038	-1.30298	-1.82443	-1.87898	-1.7606	-0.72433	-2.82781	-2.28601	-1.61541	-1.56126
4	0.0554838	0.0452975	0.0452975	-0.236683	-0.166719	-0.153544	0.113515	0.113515	-0.296563	-0.417797	-0.307089
4	0.569021	-0.0403843	-0.0403843	-1.0634	-0.27908	-0.253611	-0.101203	-0.101203	-1.33244	-0.699374	-0.507221
4	0.0836085	0.565837	0.565837	0.145837	0.305235	0.347052	1.41799	1.41799	0.182733	0.68675	0.694104
4	2.41511	-0.322627	-0.322627	-2.22028	-1.79712	-1.74676	-0.808503	-0.808503	-2.78201	-2.10674	-1.80335
4	0.0909131	-0.0108637	-0.0108637	-0.355741	-0.227445	-0.205243	-0.0272245	-0.0272245	-0.445743	-0.569977	-0.410487
4	1.12575	0.222062	0.222062	-1.15132	-0.0771432	-0.0397991	0.556488	0.556488	-1.4426	-0.169071	-0.0719071
4	1.26532	0.403735	0.403735	-1.03147	0.114419	0.138549	1.01176	1.01176	-1.29244	0.216354	0.227338
4	0.735713	0.116775	0.116775	-0.81439	-0.128358	-0.103466	0.292637	0.292637	-1.02043	-0.317127	-0.206932
4	1.36043	-0.834244	-0.834244	-2.44067	-1.14192	-1.11541	-2.09062	-2.09062	-3.05816	-2.16044	-1.70653
4	2.17333	-0.549561	-0.549561	-2.73576	-2.33879	-2.2501	-1.3772	-1.3772	-3.42791	-2.38772	-1.88895
4	0.359546	-0.101994	-0.101994	-0.642924	-0.348922	-0.311953	-0.255598	-0.255598	-0.805583	-0.828228	-0.623906
4	0.944902	0.11139	0.11139	-0.712557	-0.123063	-0.116248	0.279144	0.279144	-0.892834	-0.308396	-0.232497
4	2.06705	0.215578	0.215578	-1.53535	-0.292028	-0.293033	0.540239	0.540239	-1.9238	-0.399252	-0.321238
4	2.56923	0.774895	-1.56551	-1.56551	-1.2795	-1.17351	1.94189	-1.96158	-1.96158	-1.3394	-0.919735
4	0.873053	-0.10513	-0.10513	-1.4506	-0.345606	-0.308776	-0.263455	-0.263455	-1.8176	-0.773626	-0.617553
4	0.65469	-0.212166	-0.212166	-1.34659	-0.424291	-0.472383	-0.531689	-0.531689	-1.68728	-1.06327	-0.92069
4	0.40663	-0.347619	-0.347619	-1.03072	-0.562799	-0.544537	-0.871133	-0.871133	-1.2915	-1.41037	-1.08907
4	3.02255	0.385853	-0.774706	-2.12948	-0.413691	-0.317552	0.966948	-1.37279	-2.66824	-0.345167	-0.227747
4	0.372116	-0.909969	-0.909969	-1.59237	-1.14652	-1.09822	-2.28038	-2.28038	-1.99524	-2.86739	-2.19643
4	0.273647	-0.0619271	-0.0619271	-0.674775	-0.304461	-0.290564	-0.155189	-0.155189	-0.845493	-0.762979	-0.581127
4	0.574071	-0.251892	-0.251892	-0.752701	-0.491053	-0.479195	-0.63124	-0.63124	-0.943134	-1.23058	-0.958389
4	1.61317	-0.1112	-0.1112	-1.23436	-0.611832	-0.552821	-0.278667	-0.278667	-1.54666	-1.05396	-0.943988
4	0.668395	-0.022389	-0.022389	-0.72392	-0.247681	-0.24178	-0.0561067	-0.0561067	-0.907072	-0.620689	-0.48356
4	0.253287	0.280102	0.280102	-0.155809	0.0404954	0.0613356	0.701936	0.701936	-0.195229	0.0913998	0.122671
4	0.786862	0.475306	0.475306	-0.787802	0.244466	0.250153	1.19112	1.19112	-0.987116	0.612631	0.490277
4	0.13924	0.417133	0.417133	0.132982	0.168634	0.215921	1.04534	1.04534	0.166627	0.41038	0.431843
4	0.142973	0.478066	0.478066	0.0600192	0.264677	0.270302	1.19803	1.19803	0.075204	0.663281	0.540604
4	0.299292	-0.995172	-0.995172	-1.63924	-1.19561	-1.22355	-2.4939	-2.4939	-2.05397	-2.99621	-2.44709
4	0.558741	-0.596457	-0.596457	-1.37796	-0.852315	-0.792762	-1.49472	-1.49472	-1.72658	-2.1359	-1.58552
4	0.0898616	0.321023	0.321023	0.0534936	0.12491	0.163888	0.804484	0.804484	0.0670275	0.313024	0.327777
4	0.484817	-0.16212	-0.16212	-1.18814	-0.414183	-0.396347	-0.406272	-0.406272	-1.48875	-0.963166	-0.792694
4	1.33165	0.762593	0.762593	-0.385453	0.479237	0.447736	1.91106	1.91106	-0.482973	1.01553	0.723829
4	1.85277	0.817682	0.817682	-0.799703	0.390407	0.435568	2.04911	2.04911	-1.00203	0.492578	0.465274
4	0.326514	0.711097	0.711097	0.0765937	0.44858	0.501682	1.78201	1.78201	0.0959719	1.02072	1.00336
4	0.856247	0.661372	0.661372	-0.0989855	0.423844	0.43503	1.6574	1.6574	-0.124029	1.06215	0.842156
4	1.37403	-1.05983	-1.05983	-2.33882	-1.39919	-1.34517	-2.65593	-2.65593	-2.93055	-2.83871	-2.51991
4	2.41959	-0.381036	-0.381036	-2.54405	-0.768449	-0.674342	-0.954876	-0.954876	-3.18769	-1.04532	-0.801194
4	1.00771	-0.249421	-0.249421	-1.01963	-0.485508	-0.480441	-0.625048	-0.625048	-1.2776	-1.21668	-0.960882
4	0.54137	-0.4783	-0.4783	-1.26946	-0.704826	-0.655741	-1.19862	-1.19862	-1.59063	-1.76629	-1.31148
4	1.71868	-0.121955	-0.121955	-1.50598	-0.546716	-0.513322	-0.305619	-0.305619	-1.887	-0.858926	-0.621713
4	1.10251	0.549881	0.549881	-0.40074	0.305558	0.284872	1.378	1.378	-0.502128	0.74313	0.484978
4	0.50458	-0.764084	-0.764084	-1.74533	-0.998144	-0.985761	-1.9148	-1.9148	-2.1869	-2.34819	-1.97152
4	1.95678	-0.0598112	-0.0598112	-1.20799	-0.714375	-0.692207	-0.149887	-0.149887	-1.51361	-1.24163	-1.01958
4	0.427659	0.461575	0.461575	-0.0671654	0.229815	0.24314	1.15671	1.15671	-0.0841582	0.575916	0.486281
4	1.16667	-0.664821	-0.664821	-2.24477	-0.954808	-0.965162	-1.66604	-1.66604	-2.8127	-1.84545	-1.58206
4	0.779313	-0.13315	-0.13315	-0.92112	-0.354731	-0.33854	-0.333673	-0.333673	-1.15416	-0.869665	-0.67708
4	0.339902	-0.138236	-0.138236	-0.819374	-0.352639	-0.351384	-0.346418	-0.346418	-1.02668	-0.883714	-0.702768
4	1.33888	0.0899467	0.0899467	-1.17832	-0.214382	-0.201884	0.225406	0.225406	-1.47644	-0.450789	-0.358782
4	0.643371	0.42122	0.42122	-0.317911	0.185216	0.222276	1.05558	1.05558	-0.398342	0.46415	0.444552
4	2.16868	0.00625408	0.00625408	-2.00388	-1.69701	-1.5447	0.0156727	0.0156727	-2.51087	-1.6629	-1.32733
4	0.229001	-0.719047	-0.719047	-1.18033	-0.952352	-0.926655	-1.80193	-1.80193	-1.47895	-2.38659	-1.85331
4	0.85606	0.0287658	0.0287658	-0.657476	-0.193953	-0.178094	0.0720871	0.0720871	-0.823818	-0.486047	-0.356187
4	2.88723	-0.218246	-0.837163	-2.13648	-1.18028	-1.1058	-0.546923	-1.81686	-2.67701	-0.868485	-0.667516
4	5.63921	0.910513	-0.934196	-2.17702	-0.882779	-0.962999	2.28175	-1.6554	-2.7278	-0.662941	-0.571301
4	0.371873	0.304698	0.304698	-0.347594	0.0708769	0.105122	0.763573	0.763573	-0.435535	0.177618	0.210243
4	0.608278	0.067245	0.067245	-1.09116	-0.180643	-0.150644	0.168516	0.168516	-1.36722	-0.452693	-0.301287
4	1.68564	0.132619	0.132619	-1.00601	-0.732653	-0.60169	0.332342	0.332342	-1.26054	-0.859658	-0.693446
4	1.46496	-0.215578	-0.215578	-1.30219	-0.475189	-0.488025	-0.540238	-0.540238	-1.63164	-1.02434	-0.738146
4	0.707775	-0.446366	-0.446366	-1.14377	-0.641461	-0.65876	-1.11859	-1.11859	-1.43315	-1.6075	-1.31752
4	0.413764	0.0177411	0.0177411	-0.927993	-0.24595	-0.168901	0.0444592	0.0444592	-1.16278	-0.590626	-0.337802
4	1.02022	1.12034	1.12034	-0.125727	0.850988	0.919226	2.80757	2.80757	-0.157536	1.93692	1.83845
4	1.58805	-0.20624	-0.20624	-1.45114	-0.558762	-0.590752	-0.516837	-0.516837	-1.81828	-0.952272	-0.7819
4	0.903459	0.53257	0.53257	-0.287982	0.296744	0.288064	1.33462	1.33462	-0.360842	0.743641	0.576128
4	0.912211	-0.0675279	-0.0675279	-0.809322	-0.279595	-0.302586	-0.169225	-0.169225	-1.01408	-0.700665	-0.605173
4	0.339686	0.350166	0.350166	-0.306429	0.125965	0.101209	0.877516	0.877516	-0.383955	0.315669	0.202417
4	0.29692	0.559825	0.559825	0.0430655	0.339564	0.326587	1.40292	1.40292	0.053961	0.850947	0.653174
4	1.70829	-1.21953	-1.21953	-2.72647	-2.23009	-2.16605	-3.05615	-3.05615	-3.41627	-2.53354	-1.97294
4	2.18482	-0.306964	-0.306964	-1.46473	-0.94188	-0.914552	-0.769252	-0.769252	-1.83531	-1.75735	-1.46395
4	1.01117	-0.0669129	-0.0669129	-1.3596	-0.336856	-0.285445	-0.167684	-0.167684	-1.70358	-0.831009	-0.570891
4	0.653865	0.117384	0.117384	-0.433737	-0.0976325	-0.101026	0.294165	0.294165	-0.543473	-0.244667	-0.202052
4	0.216243	-0.646968	-0.646968	-1.17934	-0.873847	-0.854557	-1.6213	-1.6213	-1.47771	-2.18986	-1.70911
4	0.294609	0.169243	0.169243	-0.61617	-0.0783059	-0.0476632	0.424123	0.424123	-0.772061	-0.189916	-0.0953263
4	2.25467	-0.253147	-0.253147	-2.13853	-1.66338	-1.58967	-0.634386	-0.634386	-2.67958	-2.03782	-1.53881
4	1.98024	0.14134	0.14134	-1.93487	-0.287694	-0.134412	0.354197	0.354197	-2.4244	-0.356724	-0.165449
4	0.225643	0.249263	0.249263	-0.280358	0.0142209	0.0487937	0.624654	0.624654	-0.351289	0.0356376	0.0975874
4	1.25148	0.803052	0.803052	-0.116506	0.539408	0.581475	2.01245	2.01245	-0.145981	1.24933	1.12461
4	1.91674	0.304593	0.304593	-1.75565	-0.0128832	-0.00440205	0.763309	0.763309	-2.19982	-0.0167773	-0.00465592
4	2.61876	-0.467388	-0.467388	-2.24934	-1.49089	-1.47488	-1.17127	-1.17127	-2.81843	-1.55974	-1.05948
4	0.416574	0.0108755	0.0108755	-0.690273	-0.216672	-0.16493	0.0272541	0.0272541	-0.864912	-0.542979	-0.32986
4	0.042012	0.122804	0.122804	-0.0536692	-0.0740683	-0.0841358	0.307746	0.307746	-0.0672476	-0.185615	-0.168272
4	1.08353	-0.103508	-0.103508	-1.01144	-0.329498	-0.382785	-0.25939	-0.25939	-1.26733	-0.825721	-0.700378
4	0.588473	0.10746	0.10746	-0.737924	-0.140577	-0.084348	0.269296	0.269296	-0.924619	-0.32889	-0.168696
4	2.08862	0.0468026	0.0468026	-1.63423	-0.542647	-0.476022	0.117287	0.117287	-2.04768	-0.710344	-0.493863
4	2.11375	0.285331	0.285331	-0.944028	-0.103109	-0.151968	0.715038	0.715038	-1.18287	-0.163655	-0.194266
4	0.945069	-0.754962	-0.754962	-2.0501	-0.97929	-0.981395	-1.89193	-1.89193	-2.56878	-2.4541	-1.96279
4	0.398149	0.480457	0.480457	-0.395796	0.279322	0.260626	1.20403	1.20403	-0.495932	0.699982	0.521252
4	1.41977	1.25366	1.25366	-0.356833	0.940088	0.954748	3.14166	3.14166	-0.447112	2.06839	1.85916
4	0.909693	-0.627763	-0.627763	-1.85736	-0.854671	-0.858193	-1.57317	-1.57317	-2.32728	-1.86317	-1.71639
4	0.556307	-0.06839	-0.06839	-1.01566	-0.280814	-0.310562	-0.171385	-0.171385	-1.27262	-0.703721	-0.621124
4	0.895458	0.022503	0.022503	-1.14368	-0.216483	-0.198504	0.0563925	0.0563925	-1.43304	-0.512577	-0.397008
4	0.907995	0.291201	0.291201	-0.469403	0.0730962	0.0729449	0.72975	0.72975	-0.588162	0.183179	0.14589
4	0.462912	-0.77724	-0.77724	-1.71949	-0.996208	-1.0325	-1.94776	-1.94776	-2.15452	-2.4965	-1.85622
4	1.22743	0.360002	0.360002	-0.882515	0.0231029	0.0360943	0.902165	0.902165	-1.10579	0.0473213	0.0622664
4	0.862217	0.0645471	0.0645471	-0.785124	-0.166758	-0.162292	0.161755	0.161755	-0.98376	-0.417895	-0.324583
4	2.02885	-0.408551	-0.408551	-1.4712	-0.996031	-0.903256	-1.02383	-1.02383	-1.84342	-1.2732	-1.00683
4	1.01219	0.133072	0.133072	-0.683374	-0.130444	-0.0964298	0.333479	0.333479	-0.856267	-0.321386	-0.19286
4	2.22563	0.266952	0.266952	-1.41896	-1.11356	-0.958041	0.668982	0.668982	-1.77796	-1.29333	-0.987272
4	1.16486	-0.217079	-0.217079	-1.63927	-0.467577	-0.45197	-0.544	-0.544	-2.054	-1.14505	-0.90394
4	0.259967	-0.184305	-0.184305	-0.61764	-0.404678	-0.358971	-0.461868	-0.461868	-0.773903	-1.01412	-0.717943
4	1.46698	-0.368288	-0.368288	-1.69761	-0.700224	-0.617162	-0.922929	-0.922929	-2.1271	-1.43412	-1.16782
4	0.510736	-0.156482	-0.156482	-0.816916	-0.349137	-0.398428	-0.392144	-0.392144	-1.0236	-0.874937	-0.793444
4	0.479686	-0.0700947	-0.0700947	-0.568657	-0.263113	-0.276213	-0.175657	-0.175657	-0.712527	-0.659361	-0.552426
4	4.73848	0.530788	-1.32411	-1.78556	-1.28285	-1.32584	1.33015	-2.34633	-2.23731	-1.41228	-1.18794
4	0.39339	0.127519	0.127519	-0.715307	-0.104229	-0.0527012	0.319562	0.319562	-0.896279	-0.261197	-0.105402
4	1.34726	-0.162042	-0.162042	-1.69523	-0.52788	-0.418646	-0.406077	-0.406077	-2.12412	-1.00275	-0.837293
4	0.534834	-0.226693	-0.226693	-1.27935	-0.479416	-0.417595	-0.568092	-0.568092	-1.60302	-1.20142	-0.83519
4	1.07115	-0.360821	-0.360821	-1.53281	-0.607309	-0.615009	-0.904218	-0.904218	-1.92061	-1.47782	-1.23002
4	0.793275	0.607647	0.607647	-0.11649	0.332057	0.381021	1.52276	1.52276	-0.145962	0.795898	0.762043
4	0.36929	-0.65839	-0.65839	-1.50263	-0.890298	-0.831892	-1.64993	-1.64993	-1.8828	-2.23109	-1.66378
4	2.66593	0.114804	-2.29628	-2.29628	-0.381914	-0.417002	0.287699	-2.87723	-2.87723	-0.385688	-0.315289
4	0.515745	-0.181844	-0.181844	-0.983747	-0.39296	-0.362378	-0.455701	-0.455701	-1.23264	-0.984758	-0.724755
4	1.05575	-0.86707	-0.86707	-1.76093	-1.1706	-1.10343	-2.17288	-2.17288	-2.20645	-2.14456	-2.20686
4	0.312077	0.525115	0.525115	-0.24308	0.305907	0.30724	1.31594	1.31594	-0.30458	0.766603	0.61448
4	0.892088	-0.904504	-0.904504	-2.13225	-1.13257	-1.12343	-2.26669	-2.26669	-2.67171	-2.71265	-2.24687
4	0.923065	0.469188	0.469188	-0.856075	0.256114	0.262946	1.17579	1.17579	-1.07266	0.641823	0.525892
4	0.677599	-0.90454	-0.90454	-1.5177	-1.13307	-1.11765	-2.26678	-2.26678	-1.90167	-2.79046	-2.23531
4	0.533549	0.849614	0.849614	0.143686	0.626721	0.662269	2.12913	2.12913	0.180039	1.57056	1.32454
4	0.933682	0.00659816	0.00659816	-0.996477	-0.195634	-0.219517	0.016535	0.016535	-1.24859	-0.49026	-0.439034
4	1.84169	0.189669	0.189669	-1.77237	-1.14928	-0.981563	0.475311	0.475311	-2.22078	-1.20472	-0.802885
4	0.623684	0.217688	0.217688	-0.949839	-0.00879644	0.00204521	0.545527	0.545527	-1.19015	-0.0220439	0.00409041
4	0.781655	0.287999	0.287999	-0.932785	0.0600138	0.0365483	0.721725	0.721725	-1.16878	0.150395	0.0701956
4	0.107289	-0.466868	-0.466868	-0.76498	-0.68602	-0.689434	-1.16997	-1.16997	-0.95852	-1.71917	-1.37887
4	1.16602	-0.0534318	-0.0534318	-1.39958	-0.334474	-0.271693	-0.1339	-0.1339	-1.75367	-0.732544	-0.543385
4	0.998579	0.247092	0.247092	-0.696624	0.0121264	0.0430665	0.619214	0.619214	-0.87287	0.0303888	0.086133
4	1.48282	-0.0751536	-0.0751536	-1.2043	-0.382248	-0.425106	-0.188335	-0.188335	-1.50899	-0.715966	-0.612217
4	0.786894	-0.00176839	-0.00176839	-1.24342	-0.243946	-0.244265	-0.00443159	-0.00443159	-1.55801	-0.611328	-0.488529
4	0.497349	-0.284923	-0.284923	-0.969967	-0.45399	-0.539279	-0.714017	-0.714017	-1.21537	-1.1377	-1.03409
4	1.74899	-0.559993	-0.559993	-2.19558	-1.0276	-0.863268	-1.40334	-1.40334	-2.75106	-1.05578	-1.03547
4	1.11917	0.291639	0.291639	-0.872225	-0.00805772	-0.0318692	0.730848	0.730848	-1.0929	-0.0176805	-0.0480022
4	0.213624	0.330688	0.330688	-0.0782615	0.133164	0.111767	0.828705	0.828705	-0.0980617	0.333709	0.223535
4	0.105981	-0.2145	-0.2145	-0.514242	-0.443804	-0.438621	-0.537537	-0.537537	-0.644346	-1.11217	-0.877242
4	1.15803	-0.643997	-0.643997	-1.85661	-0.951464	-0.926526	-1.61386	-1.61386	-2.32633	-2.15628	-1.8259
4	1.07815	0.514435	0.514435	-0.771571	0.279933	0.294184	1.28918	1.28918	-0.966778	0.64993	0.588367
4	0.619743	-0.0452296	-0.0452296	-0.77489	-0.264486	-0.246666	-0.113345	-0.113345	-0.970937	-0.662801	-0.493332
4	1.73128	-0.329857	-0.329857	-1.9418	-1.38729	-1.25284	-0.82662	-0.82662	-2.43307	-1.53222	-1.32454
4	0.97674	0.342599	0.342599	-0.328284	0.0949848	0.104151	0.858554	0.858554	-0.41134	0.237337	0.208302
4	0.187257	0.561251	0.561251	0.15818	0.333928	0.332051	1.4065	1.4065	0.198199	0.836824	0.664102
4	1.57094	-0.130479	-0.130479	-1.83451	-0.853699	-0.814757	-0.32698	-0.32698	-2.29864	-1.09674	-0.840206
4	0.475505	0.588288	0.588288	-0.267406	0.370584	0.38463	1.47425	1.47425	-0.335059	0.928684	0.769261
4	0.972324	-0.948398	-0.948398	-1.9734	-1.2109	-1.1468	-2.37669	-2.37669	-2.47267	-2.82632	-2.2936
4	2.06376	0.185023	0.185023	-1.09113	-0.379234	-0.309438	0.463668	0.463668	-1.36719	-0.37442	-0.223095
4	0.339624	-0.349946	-0.349946	-0.664656	-0.576131	-0.543885	-0.876964	-0.876964	-0.832814	-1.33955	-1.08777
4	0.447375	0.067242	0.067242	-0.77647	-0.139469	-0.123874	0.168508	0.168508	-0.972917	-0.349508	-0.247749
4	0.477985	0.166009	0.166009	-0.392944	-0.071994	-0.0793716	0.416019	0.416019	-0.492359	-0.180417	-0.154479
4	2.25656	-0.673431	-0.673431	-2.85809	-1.20517	-1.08773	-1.68762	-1.68762	-3.58118	-1.36149	-1.13253
4	0.866623	0.435561	0.435561	-0.645765	0.203764	0.213443	1.09152	1.09152	-0.809143	0.510634	0.426886
4	1.21322	0.725718	0.725718	-0.517048	0.421983	0.440244	1.81865	1.81865	-0.647861	0.835048	0.800387
4	1.14841	1.13714	1.13714	-0.260148	0.85073	0.897017	2.84967	2.84967	-0.325966	1.72059	1.7074
4	0.730961	0.465619	0.465619	-0.346872	0.219609	0.265639	1.16684	1.16684	-0.43463	0.527722	0.531278
4	0.989556	-0.0469697	-0.0469697	-0.657236	-0.287894	-0.235394	-0.117706	-0.117706	-0.823516	-0.703027	-0.470788
4	2.24356	0.0431732	0.0431732	-2.17892	-0.422507	-0.406849	0.108192	0.108192	-2.73019	-0.468716	-0.367748
4	0.425235	0.0331148	0.0331148	-0.901219	-0.172033	-0.163899	0.0829858	0.0829858	-1.12923	-0.431115	-0.327798
4	0.762366	0.243651	0.243651	-0.337498	-0.0159536	0.0564794	0.61059	0.61059	-0.422884	-0.0399311	0.112959
4	0.963718	0.305367	0.305367	-0.791251	0.0464913	0.0767701	0.76525	0.76525	-0.991437	0.1139	0.15354
4	3.1123	-0.381807	-1.14143	-2.31431	-2.12062	-2.13687	-0.956809	-2.47719	-2.89983	-2.7214	-1.8003
4	0.514678	0.297662	0.297662	-0.138938	0.0454843	0.0865492	0.745941	0.745941	-0.174089	0.0847736	0.173098
4	1.5193	-0.021425	-0.021425	-1.29827	-0.452587	-0.450741	-0.0536911	-0.0536911	-1.62673	-0.863362	-0.650663
4	0.303114	-0.210563	-0.210563	-0.938561	-0.494445	-0.395943	-0.527672	-0.527672	-1.17602	-1.10176	-0.791885
4	2.93727	-0.28227	-0.854882	-2.498	-1.15167	-1.0379	-0.707368	-1.85532	-3.12999	-1.15619	-1.1016
4	0.261364	0.589915	0.589915	-0.134114	0.35816	0.341464	1.47833	1.47833	-0.168045	0.897548	0.653016
4	0.666388	0.533641	0.533641	-0.272372	0.28082	0.328863	1.3373	1.3373	-0.341283	0.703735	0.657727
4	2.05666	0.39384	0.39384	-0.848376	-0.656541	-0.570458	0.986962	0.986962	-1.06302	-0.929752	-0.608173
4	0.425954	-0.726804	-0.726804	-1.19091	-0.959727	-0.93185	-1.82137	-1.82137	-1.49221	-2.40508	-1.8637
4	0.716176	-0.546987	-0.546987	-1.50278	-0.85196	-0.749107	-1.37075	-1.37075	-1.88298	-1.80753	-1.49821
4	1.08376	0.43216	0.43216	-1.04116	0.1567	0.208035	1.08299	1.08299	-1.30458	0.311266	0.41607
4	0.907322	-0.93685	-0.93685	-2.27862	-1.20084	-1.1748	-2.34775	-2.34775	-2.85512	-2.79436	-2.34959
4	0.886945	-0.289371	-0.289371	-1.41676	-0.527221	-0.53505	-0.725165	-0.725165	-1.77521	-1.32122	-1.0701
4	1.81152	-0.459493	-0.459493	-1.90406	-1.05162	-1.07484	-1.15149	-1.15149	-2.38578	-1.57793	-1.37228
4	2.34459	0.129275	0.129275	-1.95126	-0.545943	-0.402765	0.323962	0.323962	-2.44493	-0.557551	-0.368907
4	1.43557	0.289901	0.289901	-0.9775	-0.105506	-0.0405784	0.726492	0.726492	-1.22481	-0.219163	-0.0718865
4	0.405018	1.24181	1.24181	0.421367	1.04452	1.03658	3.11198	3.11198	0.527973	2.61758	2.07316
4	0.567015	-0.0882098	-0.0882098	-0.95266	-0.338422	-0.297098	-0.221054	-0.221054	-1.19368	-0.749735	-0.594197
4	0.934894	-0.0357975	-0.0357975	-1.14555	-0.248689	-0.273315	-0.0897085	-0.0897085	-1.43538	-0.623215	-0.546629
4	1.07459	0.256163	0.256163	-1.14705	0.0295928	0.0407639	0.641944	0.641944	-1.43725	0.0741595	0.0815277
4	0.193837	0.223472	0.223472	-0.354281	0.0223004	0.00673972	0.560022	0.560022	-0.443914	0.0558847	0.0134794
4	1.99374	0.275642	0.275642	-1.28747	-0.120322	-0.0931662	0.690759	0.690759	-1.61319	-0.164752	-0.110754
4	0.0535623	-0.56195	-0.56195	-0.757752	-0.76282	-0.755171	-1.40825	-1.40825	-0.949463	-1.91163	-1.51034
4	0.336372	-0.117635	-0.117635	-0.766647	-0.328802	-0.36035	-0.294794	-0.294794	-0.960609	-0.823977	-0.710135
4	2.12502	-1.34234	-1.34234	-2.34561	-2.16704	-2.17273	-3.3639	-3.3639	-2.93905	-3.99231	-2.93755
4	0.42736	-0.0173864	-0.0173864	-0.596108	-0.227757	-0.218743	-0.0435703	-0.0435703	-0.746923	-0.570759	-0.437485
4	0.0904485	-0.107167	-0.107167	-0.481132	-0.311393	-0.275891	-0.26856	-0.26856	-0.602859	-0.780351	-0.551782
4	4.66651	-0.36134	-1.25739	-2.89667	-1.9528	-2.05437	-0.905518	-2.72886	-3.62952	-1.16445	-1.19826
4	1.67138	0.470344	0.470344	-0.892055	0.0504885	0.0513255	1.17868	1.17868	-1.11775	0.0752306	0.0656733
4	0.66384	-0.64856	-0.64856	-1.30495	-0.880908	-0.914532	-1.62529	-1.62529	-1.63511	-2.20756	-1.45256
4	0.47112	-0.0329311	-0.0329311	-0.449907	-0.29112	-0.256119	-0.0825254	-0.0825254	-0.563733	-0.705213	-0.509551
4	0.964069	0.638273	0.638273	-0.414589	0.383156	0.433192	1.59951	1.59951	-0.51948	0.960189	0.866384
4	1.4487	-0.818953	-0.818953	-2.32048	-1.19028	-1.12363	-2.0523	-2.0523	-2.90756	-1.59088	-1.70585
4	1.28901	-0.184447	-0.184447	-1.37792	-0.657707	-0.541864	-0.462225	-0.462225	-1.72653	-1.12288	-0.917988
4	0.540025	0.964386	0.964386	-0.0178116	0.720654	0.739167	2.41675	2.41675	-0.0223179	1.80596	1.47833
4	1.54419	0.448051	0.448051	-0.959548	0.0742216	0.0813754	1.12281	1.12281	-1.20231	0.118514	0.110079
4	1.19294	-0.11671	-0.11671	-1.34762	-0.40798	-0.389608	-0.292474	-0.292474	-1.68857	-0.952596	-0.779216
4	0.0793768	-0.871583	-0.871583	-1.15681	-1.10447	-1.08133	-2.18419	-2.18419	-1.44948	-2.76781	-2.16267
4	0.101855	1.05422	1.05422	0.747326	0.806413	0.853646	2.64187	2.64187	0.9364	2.02087	1.70729
4	0.590176	-0.11464	-0.11464	-1.15958	-0.364903	-0.316767	-0.287288	-0.287288	-1.45296	-0.914447	-0.633533
4	1.69384	0.371295	0.371295	-1.26226	-0.19049	-0.171875	0.930464	0.930464	-1.58161	-0.241339	-0.18849
4	0.103356	-0.0129007	-0.0129007	-0.324646	-0.237066	-0.234536	-0.0323292	-0.0323292	-0.406781	-0.594087	-0.469071
4	0.61834	-0.516776	-0.516776	-1.41033	-0.728879	-0.723759	-1.29504	-1.29504	-1.76714	-1.82657	-1.44752
4	0.549488	1.04529	1.04529	0.22784	0.839763	0.843699	2.61951	2.61951	0.285483	2.10445	1.6874
4	0.476481	0.61805	0.61805	-0.0581103	0.380924	0.407292	1.54883	1.54883	-0.0728123	0.954595	0.814585
4	1.43761	0.302106	0.302106	-1.27991	0.0438638	0.0103454	0.757076	0.757076	-1.60373	0.0964878	0.0147194
4	1.57637	0.762722	0.762722	-1.03656	-0.0746979	-0.0567484	1.91138	1.91138	-1.29881	-0.0799007	-0.0497551
4	0.616792	0.0535864	0.0535864	-1.09905	-0.199401	-0.155782	0.134287	0.134287	-1.37711	-0.461478	-0.311564
4	0.82039	-0.124447	-0.124447	-0.871302	-0.355525	-0.347924	-0.311865	-0.311865	-1.09174	-0.890945	-0.695848
4	0.468224	-1.03416	-1.03416	-1.57456	-1.27523	-1.25365	-2.5916	-2.5916	-1.97292	-3.19572	-2.5073
4	2.46369	0.284603	0.284603	-2.0176	-1.63144	-1.54147	0.713214	0.713214	-2.52805	-1.69639	-1.29773
4	0.59791	0.528609	0.528609	-0.573466	0.269588	0.335449	1.32469	1.32469	-0.718553	0.652963	0.670899
4	0.365528	-0.507041	-0.507041	-1.28613	-0.715497	-0.746562	-1.27064	-1.27064	-1.61153	-1.79304	-1.43493
4	2.86323	-0.439381	-1.09479	-2.58551	-1.45341	-1.26397	-1.10109	-2.37599	-3.23964	-1.05001	-0.959198
4	0.213729	0.686701	0.686701	0.267779	0.458553	0.489987	1.72087	1.72087	0.335527	1.14913	0.979973
4	0.877751	-0.451764	-0.451764	-1.54602	-0.664905	-0.655009	-1.13212	-1.13212	-1.93717	-1.66625	-1.31002
4	0.431118	-1.43703	-1.43703	-2.12318	-1.65668	-1.65295	-3.60121	-3.60121	-2.66034	-4.15163	-3.30589
4	0.58258	0.609572	0.609572	-0.155015	0.358292	0.38703	1.52759	1.52759	-0.194234	0.870795	0.77406
4	2.31116	1.1888	1.1888	-0.227478	0.0589975	0.0702571	2.97913	2.97913	-0.285029	0.0728992	0.0864995
4	1.22123	-0.390071	-0.390071	-1.62164	-0.70682	-0.670962	-0.977517	-0.977517	-2.03192	-1.52872	-1.17078
4	1.99835	-0.0705795	-0.0705795	-1.23292	-1.16364	-1.12451	-0.176872	-0.176872	-1.54484	-1.476	-1.13713
4	1.54468	0.155675	0.155675	-1.19751	-0.283812	-0.236711	0.390122	0.390122	-1.50048	-0.423571	-0.304374
4	0.376122	0.127224	0.127224	-0.565512	-0.139425	-0.0964618	0.318823	0.318823	-0.708587	-0.309285	-0.192924
4	0.519014	0.96507	0.96507	0.201585	0.743991	0.761898	2.41847	2.41847	0.252586	1.86444	1.5238
4	0.896213	-0.614715	-0.614715	-1.63862	-0.871409	-0.839422	-1.54048	-1.54048	-2.05319	-1.88388	-1.67884
4	0.766614	0.427549	0.427549	-0.476013	0.201665	0.218086	1.07144	1.07144	-0.596444	0.505372	0.436172
4	0.668825	-0.154161	-0.154161	-1.05206	-0.393661	-0.368484	-0.386327	-0.386327	-1.31823	-0.985773	-0.736967
4	1.48381	0.951386	0.951386	0.0392959	0.624253	0.567586	2.38417	2.38417	0.0492377	1.31059	0.834757
4	1.00757	0.868472	0.868472	0.0770618	0.634321	0.60838	2.17639	2.17639	0.0965584	1.48848	1.07743
4	2.12051	0.30852	0.30852	-1.66938	-1.31945	-1.16664	0.773151	0.773151	-2.09173	-1.4044	-0.969753
4	0.295614	-0.18346	-0.18346	-0.748275	-0.413029	-0.387539	-0.45975	-0.45975	-0.937589	-0.964736	-0.775078
4	1.26586	0.706644	0.706644	-0.380851	0.296634	0.314055	1.77085	1.77085	-0.477206	0.519218	0.472082
4	1.32662	0.342814	0.342814	-0.708873	0.0569021	0.0666941	0.859092	0.859092	-0.888218	0.115991	0.118775
4	0.373326	-0.0537921	-0.0537921	-0.718406	-0.299615	-0.235173	-0.134803	-0.134803	-0.900162	-0.683767	-0.470345
4	0.983597	-0.646187	-0.646187	-1.98228	-0.830057	-0.890463	-1.61935	-1.61935	-2.48379	-2.08012	-1.78093
4	0.492605	-0.339718	-0.339718	-1.12285	-0.596259	-0.560225	-0.851333	-0.851333	-1.40694	-1.49422	-1.12045
4	0.27956	0.988801	0.988801	0.477715	0.746991	0.790765	2.47794	2.47794	0.598577	1.79133	1.58153
4	1.38583	0.1979	0.1979	-0.900603	-0.299243	-0.245943	0.495939	0.495939	-1.12846	-0.465646	-0.335485
4	0.598065	1.11391	1.11391	0.349613	0.846213	0.91741	2.79147	2.79147	0.438065	2.08531	1.83482
4	0.458546	0.709179	0.709179	0.0869256	0.475481	0.49882	1.7772	1.7772	0.108918	1.19156	0.99764
4	0.0465367	-0.0431738	-0.0431738	-0.362165	-0.2581	-0.231711	-0.108193	-0.108193	-0.453793	-0.646798	-0.463421
4	1.62191	0.227733	0.227733	-1.36215	-0.110312	-0.155074	0.570698	0.570698	-1.70678	-0.201052	-0.206954
4	3.28071	-0.234286	-0.916875	-1.90963	-1.32847	-1.41283	-0.587121	-1.98986	-2.39277	-0.97089	-0.707421
4	0.152273	0.921573	0.921573	0.566418	0.687556	0.688886	2.30946	2.30946	0.709722	1.71235	1.37777
4	0.468682	0.780048	0.780048	0.169751	0.539636	0.541705	1.9548	1.9548	0.212698	1.3409	1.08341
4	1.5185	0.968409	0.968409	-0.694442	0.214968	0.395741	2.42683	2.42683	-0.870136	0.271098	0.48955
4	0.60766	1.19992	1.19992	0.34275	0.954459	0.981862	3.007	3.007	0.429466	2.17121	1.96372
4	0.482935	0.438329	0.438329	-0.40262	0.220389	0.218698	1.09845	1.09845	-0.504483	0.552294	0.437396
4	0.411182	0.365351	0.365351	-0.402525	0.135753	0.136169	0.91557	0.91557	-0.504364	0.340198	0.272337
4	0.0427322	0.461617	0.461617	0.197557	0.227451	0.241112	1.15681	1.15681	0.247539	0.569993	0.482223
4	1.16872	0.966305	0.966305	-0.00316874	0.689617	0.744923	2.42156	2.42156	-0.00397043	1.44169	1.48985
4	0.814721	-0.327445	-0.327445	-1.11803	-0.605001	-0.567002	-0.820577	-0.820577	-1.40089	-1.24287	-1.134
4	0.399853	-0.275039	-0.275039	-0.935579	-0.51815	-0.475156	-0.689248	-0.689248	-1.17228	-1.29848	-0.938196
4	1.48831	-1.23107	-1.23107	-2.16775	-1.70922	-1.66816	-3.08506	-3.08506	-2.7162	-3.20796	-2.88269
4	2.98096	-0.516272	-1.14605	-2.80588	-1.32902	-1.19822	-1.29378	-2.48722	-3.51577	-1.15178	-0.923897
4	3.07709	-0.731024	-2.21441	-2.67249	-2.21031	-1.99032	-1.83195	-3.92395	-3.34863	-2.22873	-1.94323
4	1.49917	1.13121	1.13121	-0.653992	0.29289	0.329845	2.83481	2.83481	-0.819452	0.275518	0.308275
4	0.286537	-0.171914	-0.171914	-0.694184	-0.387441	-0.346887	-0.430815	-0.430815	-0.869813	-0.970926	-0.693775
4	1.15772	0.494262	0.494262	-0.970842	0.151295	0.20076	1.23862	1.23862	-1.21646	0.301451	0.349745
4	0.73196	-0.0832358	-0.0832358	-1.01433	-0.327998	-0.25202	-0.208589	-0.208589	-1.27096	-0.814864	-0.504041
4	1.91127	0.845031	0.845031	-0.289567	-0.0216126	0.0489879	2.11765	2.11765	-0.362827	-0.0321521	0.0610205
4	1.51782	0.788323	0.788323	-0.958943	0.466729	0.502381	1.97554	1.97554	-1.20156	0.893095	0.806702
4	0.883311	-0.8545	-0.8545	-1.91163	-1.13324	-1.07741	-2.14138	-2.14138	-2.39527	-2.66547	-2.15481
4	1.65805	-0.0791917	-0.0791917	-1.43613	-0.485264	-0.46358	-0.198454	-0.198454	-1.79948	-0.670563	-0.612267
4	2.58709	-0.0916899	-0.0916899	-1.21601	-1.12135	-0.959943	-0.229775	-0.229775	-1.52366	-1.31668	-1.15928
4	1.81522	0.346966	0.346966	-1.55225	-0.0670852	-0.0144223	0.869497	0.869497	-1.94497	-0.0921708	-0.0192527
4	1.08628	-1.06296	-1.06296	-2.41668	-1.33682	-1.3255	-2.66377	-2.66377	-3.0281	-2.65833	-2.50806
4	0.188879	0.161254	0.161254	-0.381877	-0.0667668	-0.049178	0.404103	0.404103	-0.478492	-0.167318	-0.098356
4	0.314764	-0.432458	-0.432458	-0.953284	-0.672382	-0.631475	-1.08374	-1.08374	-1.19446	-1.47573	-1.26295
4	1.59015	-0.0252534	-0.0252534	-1.35596	-0.354738	-0.330497	-0.0632851	-0.0632851	-1.69902	-0.660477	-0.525122
4	0.633951	0.827573	0.827573	-0.163365	0.600157	0.626004	2.0739	2.0739	-0.204696	1.50399	1.25201
4	2.64471	0.455013	-0.296275	-0.98457	-0.54907	-0.595266	1.14026	-0.642994	-1.23367	-0.834334	-0.62346
4	0.323908	0.328327	0.328327	-0.433233	0.126863	0.118228	0.822787	0.822787	-0.542841	0.317919	0.236456
4	0.249142	-0.876738	-0.876738	-1.32178	-1.14942	-1.05054	-2.19711	-2.19711	-1.6562	-2.36554	-2.10109
4	1.22024	-0.505267	-0.505267	-1.94563	-0.751417	-0.744806	-1.2662	-1.2662	-2.43787	-1.70518	-1.47917
4	0.0473744	0.386788	0.386788	0.192796	0.15825	0.160678	0.969291	0.969291	0.241573	0.394143	0.321355
4	0.623793	-0.0993174	-0.0993174	-0.801397	-0.31483	-0.324984	-0.248889	-0.248889	-1.00415	-0.788965	-0.649967
4	0.611479	0.121221	0.121221	-0.69693	-0.123068	-0.0801376	0.303781	0.303781	-0.873254	-0.299749	-0.160275
4	0.426784	-1.06165	-1.06165	-1.89922	-1.28641	-1.23888	-2.6605	-2.6605	-2.37973	-3.22375	-2.47776
4	1.68039	0.0675816	0.0675816	-1.28657	-0.378229	-0.30705	0.169359	0.169359	-1.61208	-0.494634	-0.430833
4	0.185934	0.0966945	0.0966945	-0.367441	-0.14805	-0.118028	0.242316	0.242316	-0.460404	-0.319146	-0.233889
4	0.475717	0.411378	0.411378	-0.137529	0.160944	0.201995	1.03091	1.03091	-0.172324	0.403327	0.40399
4	2.24706	0.472057	0.472057	-0.985332	-0.175593	-0.076896	1.18298	1.18298	-1.23462	-0.164687	-0.085941
4	0.134148	0.271136	0.271136	-0.0928633	0.0862628	0.0952234	0.679467	0.679467	-0.116358	0.216175	0.190447
4	0.806296	0.201753	0.201753	-1.06979	-0.0095521	0.0251044	0.505593	0.505593	-1.34044	-0.0239376	0.0502088
4	0.648815	1.19242	1.19242	0.578902	0.963173	1.00684	2.98821	2.98821	0.725365	2.41371	2.01367
4	0.226376	-0.512504	-0.512504	-1.05592	-0.745312	-0.723121	-1.28433	-1.28433	-1.32307	-1.86775	-1.44624
4	0.893881	-0.79463	-0.79463	-2.05789	-1.02841	-0.996325	-1.99134	-1.99134	-2.57854	-2.57719	-1.99265
4	0.531155	-0.310057	-0.310057	-0.942639	-0.551021	-0.494654	-0.777003	-0.777003	-1.18113	-1.38086	-0.989308
4	0.688574	0.539201	0.539201	-0.11447	0.33718	0.344656	1.35124	1.35124	-0.143431	0.844972	0.689312
4	0.62919	-0.152618	-0.152618	-1.0997	-0.40162	-0.359827	-0.382462	-0.382462	-1.37792	-0.927461	-0.719653
4	0.693761	0.0371006	0.0371006	-0.426792	-0.17075	-0.170683	0.092974	0.092974	-0.534771	-0.4279	-0.341365
4	0.376128	0.808044	0.808044	0.147804	0.585416	0.628288	2.02496	2.02496	0.185198	1.46705	1.25658
4	1.35739	-0.056051	-0.056051	-1.25239	-0.358124	-0.343631	-0.140464	-0.140464	-1.56924	-0.728242	-0.580429
4	0.0211723	0.310617	0.310617	0.185147	0.0762126	0.118834	0.778407	0.778407	0.23199	0.190989	0.237668
4	1.10184	-0.625916	-0.625916	-2.06432	-0.87611	-0.86836	-1.56855	-1.56855	-2.5866	-2.18774	-1.67946
4	0.263311	-0.121082	-0.121082	-0.882486	-0.338509	-0.326131	-0.303431	-0.303431	-1.10575	-0.848303	-0.652262
4	0.659442	0.0948613	0.0948613	-0.653427	-0.173479	-0.131787	0.237722	0.237722	-0.818744	-0.434738	-0.263574
4	0.401244	0.110884	0.110884	-0.501839	-0.0859742	-0.123216	0.277875	0.277875	-0.628804	-0.206391	-0.246433
4	0.119736	-0.151898	-0.151898	-0.595486	-0.366089	-0.354699	-0.380657	-0.380657	-0.746144	-0.917418	-0.709397
4	0.387193	-0.335302	-0.335302	-0.986127	-0.550648	-0.536029	-0.840267	-0.840267	-1.23562	-1.37992	-1.07206
4	1.68215	0.235629	0.235629	-1.26477	-0.597649	-0.592547	0.590486	0.590486	-1.58476	-0.849858	-0.654196
4	2.30197	-0.115483	-0.115483	-2.18807	-2.06814	-1.75306	-0.289401	-0.289401	-2.74165	-2.16976	-1.55578
4	0.519054	0.291443	0.291443	-0.561209	0.0536913	0.0985572	0.730357	0.730357	-0.703195	0.124315	0.197114
4	0.116669	0.662309	0.662309	0.225155	0.457131	0.476919	1.65975	1.65975	0.28212	1.14557	0.953838
4	1.07397	-0.16278	-0.16278	-1.03113	-0.427932	-0.389706	-0.407926	-0.407926	-1.29201	-1.00733	-0.779412
4	0.769059	1.06641	1.06641	0.222417	0.834322	0.830543	2.67243	2.67243	0.278688	2.09081	1.58241
4	0.521273	-0.148798	-0.148798	-1.12012	-0.382873	-0.380833	-0.372888	-0.372888	-1.40352	-0.95948	-0.761666
4	0.0981715	-0.24949	-0.24949	-0.591488	-0.482714	-0.481863	-0.625221	-0.625221	-0.741134	-1.20968	-0.963725
4	0.36997	0.110125	0.110125	-0.452667	-0.13064	-0.13316	0.275973	0.275973	-0.567192	-0.317012	-0.266321
4	1.8626	0.149456	0.149456	-1.11627	-0.410409	-0.311965	0.374538	0.374538	-1.39869	-0.520107	-0.413205
4	0.981248	-0.102122	-0.102122	-1.17743	-0.359825	-0.309715	-0.255917	-0.255917	-1.47532	-0.843358	-0.619429
4	2.02977	0.227902	0.227902	-1.16016	-0.812708	-0.787456	0.571123	0.571123	-1.45368	-0.987069	-0.789471
4	0.0856569	0.408101	0.408101	0.0515055	0.182452	0.159554	1.0227	1.0227	0.0645364	0.457224	0.306713
4	2.71369	0.23284	-0.384691	-1.27312	-1.43133	-1.30341	0.583497	-0.834879	-1.59521	-1.83176	-1.51058
4	0.304172	0.542652	0.542652	0.169509	0.325376	0.313896	1.35989	1.35989	0.212395	0.815391	0.627792
4	1.09416	-0.551807	-0.551807	-1.99642	-0.824294	-0.778873	-1.38283	-1.38283	-2.50152	-1.87018	-1.55775
4	0.226585	1.44684	1.44684	1.06272	1.20483	1.27006	3.62579	3.62579	1.33159	3.01929	2.54012
4	0.586762	0.610113	0.610113	0.0810076	0.349459	0.396789	1.52894	1.52894	0.101503	0.777782	0.792086
4	0.594845	-0.216172	-0.216172	-1.24659	-0.423833	-0.461885	-0.541726	-0.541726	-1.56198	-1.06213	-0.831166
4	0.751535	0.941974	0.941974	-0.188622	0.726537	0.716065	2.36059	2.36059	-0.236343	1.8207	1.43213
4	0.914795	-0.326327	-0.326327	-1.69564	-0.579222	-0.546553	-0.817775	-0.817775	-2.12464	-1.35222	-1.09311
4	1.12179	0.740154	0.740154	0.082084	0.399963	0.467265	1.85483	1.85483	0.102851	0.711865	0.93453
4	1.77512	0.141785	0.141785	-1.7755	-0.299637	-0.278932	0.355312	0.355312	-2.22471	-0.375831	-0.325168
4	0.736483	0.0389478	0.0389478	-0.91843	-0.186268	-0.180068	0.0976033	0.0976033	-1.15079	-0.466788	-0.360136
4	1.56549	-0.429377	-0.429377	-2.24723	-0.722293	-0.718267	-1.07602	-1.07602	-2.81578	-1.35885	-1.07681
4	0.706504	0.483875	0.483875	-0.584154	0.253338	0.251314	1.21259	1.21259	-0.731946	0.572864	0.502629
4	0.0863512	-0.230013	-0.230013	-0.484955	-0.446405	-0.458945	-0.576414	-0.576414	-0.607649	-1.11869	-0.917889
4	0.846977	0.696206	0.696206	-0.110992	0.454288	0.464817	1.74469	1.74469	-0.139073	1.13832	0.876665
4	0.581641	-0.111724	-0.111724	-1.1624	-0.37511	-0.310363	-0.27998	-0.27998	-1.45649	-0.885817	-0.620726
4	0.330629	0.257974	0.257974	-0.519669	0.0248353	0.0401893	0.646484	0.646484	-0.651146	0.0622372	0.0803786
4	0.13911	-0.125181	-0.125181	-0.54412	-0.386952	-0.354085	-0.313703	-0.313703	-0.681783	-0.942893	-0.708169
4	2.16764	-0.765785	-0.765785	-1.96768	-1.59777	-1.5729	-1.91906	-1.91906	-2.4655	-2.43023	-1.97142
4	1.08099	-0.698886	-0.698886	-1.8982	-0.968718	-0.957558	-1.75141	-1.75141	-2.37844	-2.31635	-1.83164
4	0.263731	-0.24322	-0.24322	-0.993259	-0.484949	-0.45392	-0.60951	-0.60951	-1.24455	-1.18176	-0.90784
4	0.911798	0.298009	0.298009	-0.593371	0.0432089	0.0912566	0.74681	0.74681	-0.743494	0.0915839	0.182513
4	0.193585	-0.351552	-0.351552	-0.739607	-0.587044	-0.568571	-0.880989	-0.880989	-0.926728	-1.47113	-1.13714
4	0.395535	0.0335389	0.0335389	-0.73243	-0.194323	-0.195251	0.0840486	0.0840486	-0.917734	-0.486973	-0.390502
4	0.766109	0.721593	0.721593	-0.173554	0.503125	0.515081	1.80831	1.80831	-0.217463	1.26083	1.03016
4	1.66461	-0.875391	-0.875391	-2.0293	-1.51012	-1.51606	-2.19373	-2.19373	-2.54272	-2.28481	-1.62721
4	0.226757	-1.04405	-1.04405	-1.30835	-1.24873	-1.25217	-2.61639	-2.61639	-1.63936	-3.12932	-2.50434
4	2.50514	1.14987	1.14987	-0.242215	0.627841	0.660384	2.88157	2.88157	-0.303496	0.812982	0.759397
4	1.69099	0.0577347	0.0577347	-1.06503	-0.29131	-0.309909	0.144683	0.144683	-1.33448	-0.678979	-0.495417
4	1.54892	-0.362225	-0.362225	-2.03717	-0.705746	-0.713384	-0.907735	-0.907735	-2.55258	-1.19407	-0.873566
4	0.78433	0.318531	0.318531	-0.526694	0.047064	0.0546476	0.798239	0.798239	-0.659948	0.11553	0.0990128
4	0.0362796	-0.295645	-0.295645	-0.480278	-0.542084	-0.4781	-0.740886	-0.740886	-0.601789	-1.35846	-0.9562
4	0.482175	-0.0333775	-0.0333775	-0.620017	-0.242625	-0.265883	-0.083644	-0.083644	-0.776881	-0.608019	-0.531765
4	0.854884	0.527346	0.527346	-0.26913	0.332443	0.309125	1.32153	1.32153	-0.33722	0.833101	0.618251
4	1.3836	0.191815	0.191815	-0.582102	-0.1408	-0.12826	0.480689	0.480689	-0.729374	-0.300112	-0.22311
4	1.66734	0.756259	0.756259	-1.06462	-0.198135	-0.0794585	1.89518	1.89518	-1.33397	-0.211921	-0.0790903
4	1.14704	0.0883366	0.0883366	-1.01616	-0.166788	-0.18657	0.221371	0.221371	-1.27325	-0.408498	-0.32121
4	1.38594	0.0183006	0.0183006	-1.44543	-0.511631	-0.485518	0.0458613	0.0458613	-1.81112	-0.754923	-0.591928
4	0.259901	0.242155	0.242155	-0.185371	-0.00130496	0.0224851	0.60684	0.60684	-0.23227	-0.00305198	0.0449703
4	0.768956	0.386778	0.386778	-0.377268	0.163621	0.156392	0.969265	0.969265	-0.472717	0.410035	0.312785
4	0.557964	-0.493388	-0.493388	-1.28272	-0.699779	-0.732615	-1.23643	-1.23643	-1.60725	-1.75365	-1.45916
4	1.35331	-0.0274459	-0.0274459	-1.04258	-0.509351	-0.494489	-0.0687794	-0.0687794	-1.30635	-0.911512	-0.705337
4	0.232397	1.01173	1.01173	0.765938	0.789887	0.809962	2.5354	2.5354	0.959721	1.97946	1.61992
4	0.0158524	0.0962648	0.0962648	-0.0443156	-0.129529	-0.12884	0.24124	0.24124	-0.0555274	-0.324599	-0.25768
4	1.25491	0.131665	0.131665	-1.25024	-0.128494	-0.0918753	0.329953	0.329953	-1.56656	-0.309578	-0.183751
4	0.529074	-0.0706214	-0.0706214	-0.816538	-0.306173	-0.294394	-0.176977	-0.176977	-1.02312	-0.763478	-0.588788
4	0.247024	0.0560685	0.0560685	-0.493728	-0.193959	-0.12877	0.140508	0.140508	-0.618641	-0.486061	-0.25754
4	0.969116	0.663649	0.663649	-0.728239	0.463651	0.455919	1.6631	1.6631	-0.912484	1.16191	0.911838
4	0.971014	0.0358309	0.0358309	-0.96778	-0.220488	-0.159775	0.0897922	0.0897922	-1.21263	-0.541857	-0.31955
4	2.28969	0.819679	0.819679	-1.26599	0.400239	0.374783	2.05412	2.05412	-1.58628	0.529813	0.3731
4	1.98659	-0.63523	-0.63523	-2.15044	-1.42668	-1.31595	-1.59189	-1.59189	-2.6945	-2.16927	-1.8085
4	1.4685	-0.555974	-0.555974	-1.87175	-0.876405	-0.851248	-1.39327	-1.39327	-2.3453	-1.51373	-1.36791
4	0.715383	-1.08646	-1.08646	-2.34009	-1.28712	-1.32334	-2.72267	-2.72267	-2.93213	-3.22551	-2.64668
4	2.26824	0.255334	0.255334	-1.3431	-0.513733	-0.32622	0.639867	0.639867	-1.68291	-0.537329	-0.328377
4	0.178198	-0.180972	-0.180972	-0.790142	-0.408097	-0.397168	-0.453516	-0.453516	-0.990048	-1.02269	-0.794335
4	0.544832	0.016275	0.016275	-0.622582	-0.220715	-0.219932	0.0407853	0.0407853	-0.780095	-0.543433	-0.439864
4	0.520501	-0.06728	-0.06728	-0.778145	-0.287677	-0.295374	-0.168604	-0.168604	-0.975016	-0.720918	-0.590748
4	0.174174	-0.252094	-0.252094	-0.713584	-0.482963	-0.4423	-0.631747	-0.631747	-0.89412	-1.18527	-0.884599
4	0.444375	-0.235097	-0.235097	-1.16398	-0.466998	-0.463659	-0.589153	-0.589153	-1.45846	-1.1703	-0.752024
4	0.581067	0.15373	0.15373	-0.623986	-0.10032	-0.0210065	0.385248	0.385248	-0.781855	-0.251402	-0.0420131
4	0.296077	-0.174522	-0.174522	-0.967546	-0.429782	-0.35621	-0.437353	-0.437353	-1.21234	-1.02314	-0.71242
4	1.73609	-0.325324	-0.325324	-1.9539	-1.54531	-1.33485	-0.815261	-0.815261	-2.44823	-1.42975	-1.23617
4	1.38652	0.0138974	0.0138974	-1.27692	-0.576821	-0.437043	0.0348269	0.0348269	-1.59998	-0.907528	-0.617474
4	1.03524	-0.687841	-0.687841	-1.78793	-0.924023	-0.92585	-1.72373	-1.72373	-2.24028	-2.3156	-1.82167
4	1.22585	-0.116129	-0.116129	-1.12873	-0.528849	-0.524496	-0.29102	-0.29102	-1.4143	-0.984452	-0.795004
4	0.476346	-0.157011	-0.157011	-1.12573	-0.399655	-0.354156	-0.393471	-0.393471	-1.41055	-1.00154	-0.708313
4	0.685801	-0.122619	-0.122619	-1.29275	-0.34338	-0.349032	-0.307284	-0.307284	-1.61982	-0.86051	-0.698064
4	1.87092	0.114536	0.114536	-1.7551	-0.219091	-0.18406	0.287027	0.287027	-2.19915	-0.35798	-0.261132
4	2.59548	0.400563	0.400563	-1.44012	-0.728488	-0.742709	1.00381	1.00381	-1.80447	-0.815217	-0.715895
4	0.124113	0.233783	0.233783	-0.204093	-0.00576257	0.0472488	0.58586	0.58586	-0.255729	-0.014441	0.0944976
4	0.936589	-0.422536	-0.422536	-1.44872	-0.666862	-0.679363	-1.05887	-1.05887	-1.81525	-1.61633	-1.21098
4	1.83785	0.182986	0.182986	-1.60701	-0.16572	-0.207656	0.458564	0.458564	-2.01359	-0.258119	-0.246555
4	0.220203	0.162709	0.162709	-0.471607	-0.0937033	-0.041413	0.407748	0.407748	-0.590923	-0.232596	-0.082826
4	0.340021	-0.512232	-0.512232	-0.881259	-0.738917	-0.746217	-1.28365	-1.28365	-1.10422	-1.85173	-1.45633
4	1.17159	0.543297	0.543297	-0.594958	0.292322	0.283301	1.3615	1.3615	-0.745482	0.732559	0.506596
4	0.902385	0.200611	0.200611	-0.57023	-0.0352818	-0.00850776	0.502731	0.502731	-0.714498	-0.0884163	-0.015873
4	0.722988	-0.597804	-0.597804	-1.07143	-0.855777	-0.807177	-1.4981	-1.4981	-1.3425	-2.09139	-1.61435
4	0.430568	-0.23957	-0.23957	-0.991411	-0.486477	-0.447934	-0.600363	-0.600363	-1.24224	-1.21911	-0.895868
4	2.22978	0.437786	0.437786	-0.680961	-0.631439	-0.642949	1.09709	1.09709	-0.853244	-0.781817	-0.629699
4	0.537697	0.298211	0.298211	-0.550255	0.0981359	0.103136	0.747318	0.747318	-0.68947	0.245928	0.206272
4	1.29625	-0.367124	-0.367124	-1.08691	-0.704883	-0.717412	-0.920012	-0.920012	-1.3619	-1.59765	-1.19519
4	0.253954	-0.310376	-0.310376	-0.864168	-0.565875	-0.523461	-0.777803	-0.777803	-1.0828	-1.36009	-1.04692
4	0.920703	0.287322	0.287322	-0.909492	0.0587418	0.0725564	0.72003	0.72003	-1.13959	0.147207	0.141891
4	0.917419	0.444707	0.444707	-0.30318	0.17497	0.239691	1.11444	1.11444	-0.379885	0.420955	0.479382
4	0.986825	-0.698964	-0.698964	-2.1451	-0.917361	-0.937025	-1.7516	-1.7516	-2.68781	-2.29891	-1.87405
4	1.39491	-0.155812	-0.155812	-1.9202	-0.782321	-0.697827	-0.390466	-0.390466	-2.40601	-0.983085	-0.802476
4	1.36753	-0.24781	-0.24781	-1.35514	-0.575218	-0.527303	-0.621011	-0.621011	-1.69799	-1.0153	-0.788883
4	0.0443255	-0.136899	-0.136899	-0.29928	-0.367559	-0.318292	-0.34307	-0.34307	-0.374998	-0.921103	-0.636583
4	1.10559	0.967166	0.967166	-0.360861	0.634767	0.688833	2.42372	2.42372	-0.452159	1.23412	1.11912
4	1.95295	-0.219402	-0.219402	-2.21814	-0.678483	-0.553427	-0.549821	-0.549821	-2.77933	-0.778523	-0.617245
4	1.30133	0.673693	0.673693	-0.585	0.206841	0.326363	1.68828	1.68828	-0.733005	0.360219	0.528084
4	0.382468	-0.388659	-0.388659	-0.913196	-0.604974	-0.589027	-0.97398	-0.97398	-1.14423	-1.50643	-1.17805
4	0.196636	0.589359	0.589359	-0.0541286	0.348794	0.408856	1.47693	1.47693	-0.0678232	0.874077	0.817711
4	0.673853	0.281742	0.281742	-0.614499	0.067247	0.0835113	0.706045	0.706045	-0.769967	0.168347	0.167023
4	0.437972	-0.217147	-0.217147	-1.16907	-0.427872	-0.45041	-0.544169	-0.544169	-1.46484	-1.07225	-0.900819
4	0.415112	0.245808	0.245808	-0.299042	0.0274752	0.0192422	0.615994	0.615994	-0.3747	0.0688527	0.0384845
4	0.222677	0.640331	0.640331	0.295119	0.39627	0.456135	1.60467	1.60467	0.369785	0.993053	0.91227
4	0.127754	-0.759853	-0.759853	-0.983215	-1.00103	-0.954878	-1.90419	-1.90419	-1.23197	-2.50858	-1.90976
4	0.429052	-0.0754671	-0.0754671	-0.809989	-0.276809	-0.248786	-0.189121	-0.189121	-1.01492	-0.693684	-0.497572
4	0.333476	0.41902	0.41902	-0.299676	0.249694	0.228462	1.05007	1.05007	-0.375493	0.625734	0.456923
4	0.610649	0.109732	0.109732	-1.04171	-0.141468	-0.0615048	0.274988	0.274988	-1.30526	-0.346766	-0.12301
4	0.679459	-0.235654	-0.235654	-1.15246	-0.464534	-0.426353	-0.590549	-0.590549	-1.44404	-1.16412	-0.852705
4	0.624554	-0.0561171	-0.0561171	-0.923563	-0.252324	-0.231287	-0.140629	-0.140629	-1.15722	-0.632324	-0.462575
4	0.301157	-0.348417	-0.348417	-0.92108	-0.564909	-0.549031	-0.873133	-0.873133	-1.15411	-1.41566	-1.09806
4	0.933119	0.599899	0.599899	-0.468399	0.346764	0.418533	1.50335	1.50335	-0.586903	0.865659	0.837065
4	0.561093	0.010534	0.010534	-0.674478	-0.229825	-0.217836	0.0263982	0.0263982	-0.845121	-0.575941	-0.435672
4	0.427575	0.463654	0.463654	-0.427671	0.238514	0.245496	1.16192	1.16192	-0.535872	0.533153	0.490992
4	1.6491	-0.0249194	-0.0249194	-1.20819	-0.779344	-0.776237	-0.062448	-0.062448	-1.51386	-1.25243	-0.984476
4	0.430336	-0.308401	-0.308401	-1.06407	-0.569455	-0.503658	-0.772853	-0.772853	-1.33328	-1.42706	-1.00732
4	0.563754	0.172888	0.172888	-0.817074	-0.0332151	-0.0288328	0.433258	0.433258	-1.02379	-0.0832369	-0.0576657
4	0.270754	-0.374094	-0.374094	-1.05817	-0.581549	-0.596157	-0.93748	-0.93748	-1.32589	-1.45736	-1.19231
4	0.781351	-0.581554	-0.581554	-1.37595	-0.824113	-0.775327	-1.45737	-1.45737	-1.72406	-2.06523	-1.55065
4	0.568083	0.422816	0.422816	-0.663665	0.12498	0.213322	1.05958	1.05958	-0.831572	0.24038	0.426644
4	0.444219	-0.218341	-0.218341	-1.0889	-0.433486	-0.432747	-0.547163	-0.547163	-1.3644	-1.08632	-0.804301
4	1.41547	0.31084	0.31084	-0.713203	0.0197694	0.0836107	0.778964	0.778964	-0.893643	0.0391001	0.165624
4	1.22405	-0.409078	-0.409078	-1.06595	-0.71876	-0.705462	-1.02515	-1.02515	-1.33564	-1.50836	-1.32857
4	1.03406	0.00966932	0.00966932	-0.770356	-0.228127	-0.237193	0.0242313	0.0242313	-0.965256	-0.571685	-0.474386
4	0.240997	0.838071	0.838071	0.503782	0.623003	0.6392	2.10021	2.10021	0.631238	1.56125	1.2784
4	1.31099	-0.939556	-0.939556	-1.88095	-1.22191	-1.24837	-2.35453	-2.35453	-2.35683	-2.87351	-2.09896
4	0.645498	0.247262	0.247262	-0.721074	-0.00134372	0.072492	0.619637	0.619637	-0.903506	-0.00315876	0.144984
4	0.728559	0.418711	0.418711	-0.364929	0.195622	0.197102	1.04929	1.04929	-0.457256	0.478834	0.394205
4	0.801887	-0.204043	-0.204043	-1.44645	-0.456111	-0.410267	-0.511332	-0.511332	-1.8124	-1.14301	-0.767179
4	0.354231	-0.443165	-0.443165	-1.04801	-0.681691	-0.649286	-1.11057	-1.11057	-1.31316	-1.65087	-1.29857
4	0.181639	0.166259	0.166259	-0.417908	-0.0451154	-0.0450332	0.416646	0.416646	-0.523639	-0.113059	-0.0900664
4	1.51005	-1.43846	-1.43846	-3.01015	-1.80494	-1.73381	-3.60477	-3.60477	-3.77172	-3.13342	-2.86914
4	1.07165	0.0493337	0.0493337	-1.35058	-0.173038	-0.160414	0.12363	0.12363	-1.69228	-0.433632	-0.320828
4	2.21331	-0.388417	-0.388417	-2.52567	-2.1013	-1.97077	-0.973374	-0.973374	-3.16466	-2.09127	-1.63316
4	0.0277753	0.194819	0.194819	0.0297468	-0.0142601	-0.00566277	0.488217	0.488217	0.0372728	-0.0357359	-0.0113255
4	0.473041	-0.0371313	-0.0371313	-0.661451	-0.248833	-0.251403	-0.093051	-0.093051	-0.828798	-0.623576	-0.502805
4	0.683042	0.493229	0.493229	-0.172393	0.277766	0.274935	1.23603	1.23603	-0.216008	0.696081	0.549871
4	0.506395	1.24118	1.24118	0.345705	1.03166	1.00422	3.11039	3.11039	0.433168	2.58533	2.00844
4	0.457482	-0.105506	-0.105506	-0.670986	-0.341898	-0.298991	-0.264399	-0.264399	-0.840745	-0.856797	-0.597982
4	0.564092	-0.183133	-0.183133	-1.11436	-0.408886	-0.417076	-0.458931	-0.458931	-1.39629	-1.02467	-0.834152
4	1.19092	0.029344	0.029344	-1.59446	-0.270076	-0.227303	0.073536	0.073536	-1.99786	-0.550433	-0.401856
4	1.76213	0.0910309	0.0910309	-1.86742	-0.262975	-0.239153	0.228123	0.228123	-2.33988	-0.371112	-0.255202
4	1.75054	-0.0568864	-0.0568864	-1.1231	-0.514532	-0.458533	-0.142557	-0.142557	-1.40725	-0.891763	-0.697836
4	1.21553	0.123983	0.123983	-1.09115	-0.154125	-0.162287	0.3107	0.3107	-1.36721	-0.354813	-0.324574
4	0.794519	0.421647	0.421647	-0.686479	0.163957	0.191422	1.05665	1.05665	-0.860158	0.354954	0.376061
4	0.982467	0.164615	0.164615	-1.15764	-0.0801136	-0.0741028	0.412526	0.412526	-1.45052	-0.19153	-0.139434
4	1.72961	0.729861	0.729861	-0.596251	0.278242	0.319461	1.82903	1.82903	-0.747102	0.416265	0.434872
4	0.495328	0.249979	0.249979	-0.562902	0.0231079	0.0456197	0.626446	0.626446	-0.705316	0.0579085	0.0912394
4	0.135723	0.787506	0.787506	0.28824	0.589272	0.563763	1.97349	1.97349	0.361165	1.47671	1.12753
4	0.627365	-0.313341	-0.313341	-1.13462	-0.574968	-0.489436	-0.785233	-0.785233	-1.42168	-1.38977	-0.978872
4	1.25532	0.304689	0.304689	-0.969033	-0.117085	-0.0562888	0.763551	0.763551	-1.2142	-0.206658	-0.0859794
4	0.568931	0.388701	0.388701	-0.470882	0.178951	0.165159	0.974086	0.974086	-0.590015	0.448452	0.291758
4	1.32312	-0.499205	-0.499205	-1.57978	-0.79115	-0.786197	-1.25101	-1.25101	-1.97947	-1.71337	-1.37986
4	0.930275	-0.0818168	-0.0818168	-1.34242	-0.300067	-0.342478	-0.205033	-0.205033	-1.68205	-0.751969	-0.67489
4	0.537888	0.463402	0.463402	-0.12182	0.196605	0.253127	1.16129	1.16129	-0.15264	0.439705	0.506254
4	1.27219	0.421865	0.421865	-0.249273	0.0793433	0.0568507	1.05719	1.05719	-0.312339	0.175391	0.0933466
4	2.38622	0.868302	0.868302	-1.12449	0.243902	0.207501	2.17597	2.17597	-1.40899	0.274435	0.168056
4	1.15397	-0.269477	-0.269477	-1.76891	-0.585636	-0.571146	-0.675308	-0.675308	-2.21644	-1.2558	-0.966511
4	0.685261	-0.466056	-0.466056	-1.37915	-0.68191	-0.677522	-1.16794	-1.16794	-1.72807	-1.70887	-1.35504
4	0.931585	0.1946	0.1946	-0.993149	-0.0641745	-0.011269	0.487668	0.487668	-1.24442	-0.160821	-0.022538
4	1.17361	0.171626	0.171626	-1.12222	-0.166179	-0.150902	0.430096	0.430096	-1.40615	-0.342607	-0.265297
4	1.47614	0.00680902	0.00680902	-1.37301	-0.290451	-0.291062	0.0170634	0.0170634	-1.72038	-0.706248	-0.474463
4	1.17807	-0.397963	-0.397963	-1.9853	-0.742091	-0.715395	-0.997296	-0.997296	-2.48759	-1.46217	-1.21592
4	0.41705	0.201196	0.201196	-0.432669	-0.037168	0.00939597	0.504197	0.504197	-0.542134	-0.0790206	0.0187919
4	0.0483749	-0.162747	-0.162747	-0.463521	-0.392701	-0.366859	-0.407845	-0.407845	-0.580791	-0.984107	-0.733719
4	0.105519	0.536926	0.536926	0.279875	0.314638	0.347132	1.34554	1.34554	0.350683	0.788482	0.694264
4	0.607489	-0.232342	-0.232342	-1.07658	-0.472756	-0.463777	-0.582248	-0.582248	-1.34895	-1.18473	-0.927555
4	1.07132	0.572457	0.572457	-0.324732	0.311701	0.309079	1.43458	1.43458	-0.406889	0.751036	0.512079
4	1.81373	-0.153003	-0.153003	-1.58925	-0.839005	-0.759572	-0.383426	-0.383426	-1.99133	-1.27164	-0.961477
4	0.342017	-0.477259	-0.477259	-1.23894	-0.723587	-0.694394	-1.19601	-1.19601	-1.55239	-1.81331	-1.38879
4	0.758463	-0.449461	-0.449461	-1.63677	-0.664022	-0.640483	-1.12635	-1.12635	-2.05087	-1.66404	-1.28097
4	0.802046	0.386217	0.386217	-0.852175	0.165158	0.134467	0.96786	0.96786	-1.06778	0.413886	0.268934
4	1.04476	0.284971	0.284971	-1.14676	0.0467895	0.0503751	0.714138	0.714138	-1.43689	0.117254	0.0970251
4	1.03886	-0.286283	-0.286283	-1.44418	-0.5405	-0.521412	-0.717426	-0.717426	-1.80956	-1.35449	-1.04282
4	0.883452	-0.212346	-0.212346	-0.953073	-0.433047	-0.403881	-0.532139	-0.532139	-1.1942	-1.08522	-0.807763
4	2.07559	0.374161	0.374161	-0.941518	-0.718373	-0.690479	0.937648	0.937648	-1.17972	-0.969759	-0.752527
4	2.45854	0.421445	0.421445	-0.911835	-0.910022	-0.834861	1.05614	1.05614	-1.14253	-1.05906	-0.880516
4	0.172885	0.337208	0.337208	-0.0356085	0.0910527	0.0913568	0.845044	0.845044	-0.0446175	0.228178	0.182714
4	0.662011	0.308629	0.308629	-0.509425	0.104877	0.0953623	0.773424	0.773424	-0.638309	0.262823	0.190725
4	1.86153	-0.475822	-0.475822	-2.01781	-1.58706	-1.53044	-1.19241	-1.19241	-2.52832	-1.6989	-1.39082
4	3.5287	-0.428948	-3.10709	-3.10709	-1.93773	-1.78543	-1.07494	-3.89318	-3.89318	-1.09285	-0.735237
4	0.368778	-0.198695	-0.198695	-0.827205	-0.451226	-0.410879	-0.497929	-0.497929	-1.03649	-1.13077	-0.821759
4	0.348297	0.701529	0.701529	-0.00808453	0.447253	0.505276	1.75803	1.75803	-0.0101299	0.969216	1.01055
4	2.6578	-1.05714	-1.73666	-2.83128	-2.00475	-1.86828	-2.64918	-3.76899	-3.54759	-1.7991	-1.46108
4	0.391254	0.576807	0.576807	0.0165804	0.355726	0.364632	1.44548	1.44548	0.0207752	0.89145	0.729265
4	1.41288	0.437208	0.437208	-1.14415	0.119037	0.0839344	1.09564	1.09564	-1.43362	0.225067	0.121663
4	0.261008	0.262002	0.262002	-0.45526	0.0117665	0.0566098	0.656578	0.656578	-0.570441	0.0294869	0.107816
4	1.0266	-0.293712	-0.293712	-1.268	-0.53265	-0.51092	-0.736042	-0.736042	-1.58881	-1.33482	-1.02184
4	2.16589	-0.173792	-0.173792	-1.71493	-0.874558	-0.803238	-0.435523	-0.435523	-2.1488	-0.894429	-0.686824
4	0.582322	0.873164	0.873164	-0.072095	0.662018	0.639889	2.18815	2.18815	-0.0903351	1.53591	1.24895
4	0.327876	-1.66352	-1.66352	-2.24203	-1.858	-1.8935	-4.16877	-4.16877	-2.80926	-4.65616	-3.787
4	0.54139	0.00534374	0.00534374	-0.668902	-0.215891	-0.209482	0.0133914	0.0133914	-0.838134	-0.541023	-0.418964
4	1.8982	-0.0465399	-0.0465399	-1.54058	-1.2713	-1.22674	-0.116629	-0.116629	-1.93035	-1.39383	-1.02136
4	0.278078	0.262027	0.262027	-0.517428	0.0396766	0.0539067	0.656639	0.656639	-0.648337	0.0994295	0.107813
4	0.92432	-0.248734	-0.248734	-1.08167	-0.444733	-0.473048	-0.623327	-0.623327	-1.35534	-1.1145	-0.946097
4	1.06869	0.426767	0.426767	-0.800228	0.182945	0.193618	1.06948	1.06948	-1.00269	0.446715	0.387237
4	1.63344	0.20155	0.20155	-1.11282	-0.201293	-0.122821	0.505084	0.505084	-1.39436	-0.266174	-0.154656
4	0.170236	0.395702	0.395702	0.0518535	0.182803	0.185769	0.991629	0.991629	0.0649724	0.458105	0.371538
4	1.20623	0.208359	0.208359	-0.790546	-0.0338389	-0.0742885	0.522148	0.522148	-0.990554	-0.0711699	-0.13353
4	0.781609	1.29989	1.29989	0.0443075	1.05605	1.08304	3.25751	3.25751	0.0555172	2.64645	2.16608
4	0.13562	-0.168415	-0.168415	-0.389752	-0.368047	-0.395425	-0.422048	-0.422048	-0.488359	-0.922325	-0.79085
4	0.882494	0.195416	0.195416	-0.959911	-0.0346537	-0.0516395	0.489712	0.489712	-1.20277	-0.0868421	-0.0958493
4	0.590277	-0.335494	-0.335494	-1.21723	-0.567356	-0.548465	-0.840747	-0.840747	-1.52518	-1.38383	-1.09693
4	3.43574	-0.120044	-1.00672	-1.76876	-1.52956	-1.32351	-0.30083	-2.18484	-2.21626	-1.15707	-1.08425
4	2.74579	-0.366303	-1.11034	-2.09544	-1.21067	-1.17242	-0.917955	-2.40974	-2.62559	-1.21163	-0.892593
4	0.300135	0.349843	0.349843	-0.29694	0.119585	0.146089	0.876706	0.876706	-0.372066	0.299681	0.292179
4	1.84527	0.815309	0.815309	-0.679072	0.148608	0.143553	2.04316	2.04316	-0.850877	0.284679	0.189816
4	1.05694	0.904965	0.904965	-0.496462	0.652073	0.691263	2.26784	2.26784	-0.622067	1.34502	1.38253
4	0.468272	-0.689624	-0.689624	-1.1875	-0.914995	-0.902075	-1.7282	-1.7282	-1.48794	-2.29298	-1.80415
4	1.89614	-0.0348189	-0.0348189	-1.87068	-0.499665	-0.476814	-0.0872561	-0.0872561	-2.34396	-0.572031	-0.428172
4	1.00406	-0.512933	-0.512933	-1.84595	-0.762658	-0.763271	-1.28541	-1.28541	-2.31297	-1.89613	-1.24006
4	1.06242	0.369448	0.369448	-1.04338	0.144128	0.11307	0.925838	0.925838	-1.30736	0.361184	0.222525
4	0.530384	-0.151353	-0.151353	-1.05423	-0.378073	-0.358551	-0.37929	-0.37929	-1.32095	-0.947451	-0.717102
4	0.399311	0.680346	0.680346	-0.0351307	0.475267	0.463198	1.70495	1.70495	-0.0440187	1.19102	0.926396
4	0.645467	0.851815	0.851815	-0.11054	0.615371	0.608419	2.13465	2.13465	-0.138507	1.54212	1.21684
4	0.0936549	0.624433	0.624433	0.309969	0.442688	0.427049	1.56483	1.56483	0.388392	1.10938	0.854097
4	0.667608	0.481348	0.481348	-0.639323	0.265034	0.282207	1.20626	1.20626	-0.801072	0.664175	0.564414
4	0.296759	-0.0827146	-0.0827146	-0.851822	-0.290505	-0.294449	-0.207283	-0.207283	-1.06733	-0.728007	-0.588897
4	1.34748	-0.182706	-0.182706	-1.65828	-0.488502	-0.48312	-0.457861	-0.457861	-2.07783	-1.02397	-0.816686
4	0.29368	-0.177216	-0.177216	-0.819961	-0.419488	-0.377916	-0.444103	-0.444103	-1.02741	-1.05124	-0.755831
4	0.35003	0.297953	0.297953	-0.126738	-0.00794816	0.0732243	0.74667	0.74667	-0.158803	-0.0154729	0.145886
4	0.79285	-0.816134	-0.816134	-1.63537	-1.07459	-1.03739	-2.04523	-2.04523	-2.04912	-2.61423	-2.07478
4	1.33729	-0.780179	-0.780179	-1.54802	-1.08358	-1.06855	-1.95513	-1.95513	-1.93967	-2.00195	-1.88389
4	2.0644	0.30271	0.30271	-1.66545	-0.223132	-0.157057	0.758591	0.758591	-2.08681	-0.235948	-0.139245
4	0.799288	0.063232	0.063232	-0.954725	-0.199058	-0.148075	0.158459	0.158459	-1.19627	-0.447339	-0.29615
4	0.376691	0.762082	0.762082	0.401628	0.532945	0.569816	1.90978	1.90978	0.503241	1.33556	1.13963
4	1.4216	-0.204203	-0.204203	-1.52867	-0.798614	-0.74194	-0.511733	-0.511733	-1.91542	-1.12556	-0.855327
4	0.537877	0.461507	0.461507	-0.464087	0.231992	0.231722	1.15654	1.15654	-0.581501	0.581373	0.463443
4	1.2706	0.322647	0.322647	-1.04606	0.0432326	0.0170984	0.808553	0.808553	-1.31071	0.0985959	0.0288659
4	1.25688	-0.539435	-0.539435	-1.42196	-0.867967	-0.861538	-1.35182	-1.35182	-1.78172	-1.95027	-1.5094
4	1.35368	0.522195	0.522195	-0.803579	0.171514	0.163282	1.30862	1.30862	-1.00688	0.305461	0.233168
4	5.57505	0.282228	-1.72482	-2.26422	-2.41245	-2.34965	0.707264	-3.0564	-2.83706	-1.16239	-1.04539
4	0.545959	-0.0936554	-0.0936554	-1.18358	-0.338491	-0.296955	-0.234701	-0.234701	-1.48303	-0.747614	-0.593909
4	0.180987	-0.0443283	-0.0443283	-0.511896	-0.24986	-0.262986	-0.111087	-0.111087	-0.641406	-0.62615	-0.525972
4	0.815303	-0.0720329	-0.0720329	-0.82162	-0.289398	-0.280352	-0.180514	-0.180514	-1.02949	-0.725232	-0.560704
4	1.25609	-0.101402	-0.101402	-1.6087	-0.554088	-0.490902	-0.254114	-0.254114	-2.01571	-0.964739	-0.712037
4	2.13844	-0.186797	-0.186797	-1.67432	-0.988983	-1.07245	-0.468114	-0.468114	-2.09793	-1.24481	-0.932128
4	0.890056	-0.0334612	-0.0334612	-1.25205	-0.285068	-0.245379	-0.0838537	-0.0838537	-1.56882	-0.714382	-0.490759
4	2.07226	0.0727545	0.0727545	-1.19441	-1.0135	-1.0183	0.182323	0.182323	-1.49659	-1.24786	-0.995073
4	1.0805	0.0581341	0.0581341	-1.29725	-0.198222	-0.172621	0.145684	0.145684	-1.62546	-0.496744	-0.336162
4	0.991796	-0.475122	-0.475122	-1.6331	-0.720685	-0.690621	-1.19066	-1.19066	-2.04627	-1.80604	-1.38124
4	1.04731	-0.602449	-0.602449	-2.12685	-0.864937	-0.827261	-1.50974	-1.50974	-2.66494	-2.0295	-1.65452
4	1.92702	-0.673969	-0.673969	-2.21441	-1.42013	-1.36363	-1.68897	-1.68897	-2.77466	-1.94795	-1.60242
4	0.0601186	0.56031	0.56031	0.20361	0.352478	0.342902	1.40414	1.40414	0.255124	0.883309	0.685805
4	1.86207	-0.441236	-0.441236	-1.85168	-0.968145	-0.904225	-1.10574	-1.10574	-2.32015	-1.24302	-0.951556
4	0.580252	-0.277834	-0.277834	-1.18978	-0.523878	-0.469041	-0.696251	-0.696251	-1.49079	-1.31284	-0.938082
4	2.35895	-0.497007	-0.497007	-2.76778	-0.980109	-0.987644	-1.2455	-1.2455	-3.46803	-1.11029	-0.827069
4	1.47463	0.391024	0.391024	-1.38759	0.0817516	0.119509	0.979907	0.979907	-1.73865	0.151945	0.150951
4	0.384265	0.647104	0.647104	-0.170108	0.44429	0.442126	1.62164	1.62164	-0.213146	1.11339	0.884251
4	0.218994	-0.640177	-0.640177	-1.13363	-0.862605	-0.850029	-1.60428	-1.60428	-1.42043	-2.16169	-1.70006
4	1.83321	0.00887408	0.00887408	-1.39147	-0.732472	-0.791285	0.0222384	0.0222384	-1.74351	-1.04125	-0.820921
4	1.16694	-0.274142	-0.274142	-1.35781	-0.514952	-0.541543	-0.686999	-0.686999	-1.70134	-1.18257	-0.923359
4	0.272432	-0.542454	-0.542454	-1.24799	-0.765319	-0.735032	-1.35939	-1.35939	-1.56373	-1.91789	-1.47006
4	1.92536	0.32613	0.32613	-1.18745	-0.0588634	-0.0308368	0.817281	0.817281	-1.48787	-0.0853517	-0.0375518
4	0.19498	-0.192844	-0.192844	-0.539717	-0.381345	-0.409531	-0.483266	-0.483266	-0.676265	-0.955651	-0.819062
4	0.577149	0.963505	0.963505	0.261417	0.762147	0.781447	2.41454	2.41454	0.327556	1.90994	1.56289
4	1.71352	-0.451073	-0.451073	-2.40858	-0.723555	-0.796427	-1.13039	-1.13039	-3.01796	-1.12401	-0.908005
4	1.00894	-0.117492	-0.117492	-1.48379	-0.361329	-0.350105	-0.294435	-0.294435	-1.85918	-0.874121	-0.70021
4	0.385872	-0.22559	-0.22559	-0.930234	-0.436444	-0.435894	-0.565328	-0.565328	-1.16558	-1.09373	-0.871788
4	0.882766	0.0611807	0.0611807	-1.31663	-0.186519	-0.160746	0.153319	0.153319	-1.64974	-0.422853	-0.321491
4	0.176478	-0.47438	-0.47438	-0.952107	-0.721472	-0.668036	-1.1888	-1.1888	-1.19299	-1.71068	-1.33607
4	0.275753	0.632069	0.632069	0.305605	0.413222	0.432573	1.58396	1.58396	0.382923	1.03553	0.865147
4	1.91522	0.31588	0.31588	-1.19108	-0.0854648	-0.0693242	0.791595	0.791595	-1.49243	-0.165453	-0.110055
4	1.38015	0.536431	0.536431	-0.616894	0.199634	0.171241	1.34429	1.34429	-0.772968	0.360632	0.256321
4	0.848902	1.12165	1.12165	0.378916	0.892727	0.880827	2.81087	2.81087	0.474782	2.23717	1.76165
4	0.678335	-0.912757	-0.912757	-2.04377	-1.1337	-1.15487	-2.28737	-2.28737	-2.56085	-2.84104	-2.30973
4	1.04498	-0.0701791	-0.0701791	-1.48505	-0.35047	-0.297884	-0.175869	-0.175869	-1.86077	-0.788047	-0.595768
4	1.91515	0.26799	0.26799	-0.932567	-0.614923	-0.577252	0.671582	0.671582	-1.16851	-0.889455	-0.751793
4	0.641315	-0.171245	-0.171245	-0.881219	-0.399501	-0.371198	-0.429141	-0.429141	-1.10417	-1.00115	-0.742396
4	0.348776	-0.0128568	-0.0128568	-0.462822	-0.232614	-0.196387	-0.0322192	-0.0322192	-0.579915	-0.58293	-0.392774
4	0.896174	0.51237	0.51237	-0.646106	0.267811	0.298504	1.284	1.284	-0.809571	0.671133	0.597007
4	0.638198	-0.611054	-0.611054	-1.58683	-0.819627	-0.842944	-1.5313	-1.5313	-1.9883	-2.05398	-1.68589
4	0.897333	0.353891	0.353891	-0.986041	0.105327	0.119985	0.88685	0.88685	-1.23551	0.259622	0.239969
4	0.740172	0.0141758	0.0141758	-1.18285	-0.233219	-0.20299	0.0355246	0.0355246	-1.48211	-0.584447	-0.393099
4	1.76966	-0.00856662	-0.00856662	-1.18277	-0.433534	-0.370413	-0.021468	-0.021468	-1.48201	-0.621296	-0.420134
4	0.666403	0.110786	0.110786	-0.979776	-0.128408	-0.124459	0.27763	0.27763	-1.22766	-0.318642	-0.248917
4	0.51082	-0.0107349	-0.0107349	-0.993622	-0.23488	-0.217081	-0.0269017	-0.0269017	-1.24501	-0.588609	-0.434163
4	0.929205	0.0463662	0.0463662	-0.782963	-0.171957	-0.183008	0.116194	0.116194	-0.981052	-0.430925	-0.366015
4	0.967731	0.791394	0.791394	-0.308938	0.541785	0.611653	1.98323	1.98323	-0.3871	1.2411	1.22331
4	0.487638	0.221489	0.221489	-0.58858	0.0117774	0.0350579	0.555051	0.555051	-0.737491	0.0295141	0.0701157
4	0.225307	0.0430376	0.0430376	-0.432174	-0.179976	-0.16415	0.107852	0.107852	-0.541514	-0.45102	-0.328299
4	0.670925	0.00908942	0.00908942	-0.718247	-0.191575	-0.203537	0.0227781	0.0227781	-0.899963	-0.480087	-0.407074
4	0.48053	0.538486	0.538486	-0.189476	0.286007	0.30376	1.34945	1.34945	-0.237414	0.712573	0.60752
4	0.325023	0.75457	0.75457	0.357114	0.539063	0.567803	1.89095	1.89095	0.447463	1.35089	1.13561
4	2.57853	0.259678	0.259678	-1.69189	-1.7044	-1.55767	0.650754	0.650754	-2.11994	-1.89717	-1.42792
4	0.131205	-0.908689	-0.908689	-1.26778	-1.11898	-1.11942	-2.27717	-2.27717	-1.58853	-2.80417	-2.23885
4	0.888396	-0.538627	-0.538627	-1.21203	-0.79203	-0.775727	-1.3498	-1.3498	-1.51867	-1.95193	-1.55145
4	1.36872	-0.236319	-0.236319	-1.44558	-0.582957	-0.560358	-0.592216	-0.592216	-1.81132	-1.2441	-0.97477
4	0.496008	0.505765	0.505765	-0.276286	0.284018	0.317058	1.26745	1.26745	-0.346186	0.711749	0.634116
4	0.0764735	-0.428334	-0.428334	-0.756598	-0.65758	-0.617735	-1.0734	-1.0734	-0.948017	-1.60645	-1.23547
4	0.370026	0.565723	0.565723	-0.294969	0.380996	0.357326	1.4177	1.4177	-0.369596	0.954776	0.714652
4	2.45555	-0.399118	-0.399118	-2.30464	-1.18926	-1.1933	-1.00019	-1.00019	-2.88772	-1.82198	-1.48405
4	0.216002	0.882339	0.882339	0.185346	0.669754	0.695251	2.21114	2.21114	0.232239	1.6784	1.3905
4	0.968041	0.139971	0.139971	-1.27157	-0.105821	-0.070688	0.350768	0.350768	-1.59328	-0.254816	-0.141376
4	0.602134	0.628318	0.628318	-0.0609258	0.410169	0.398952	1.57457	1.57457	-0.0763401	1.02788	0.797905
4	2.16791	-0.530048	-0.530048	-2.2166	-1.09042	-1.15884	-1.3283	-1.3283	-2.7774	-1.26	-1.10188
4	0.559674	-0.991188	-0.991188	-1.5786	-1.22854	-1.2077	-2.48392	-2.48392	-1.97798	-3.07873	-2.4154
4	1.04592	0.0892654	0.0892654	-1.09646	-0.13369	-0.16642	0.223699	0.223699	-1.37386	-0.335027	-0.321126
4	1.72271	-0.0507981	-0.0507981	-1.05468	-0.485312	-0.480825	-0.1273	-0.1273	-1.32151	-0.741969	-0.596173
4	0.2339	-0.119696	-0.119696	-0.805772	-0.333737	-0.339207	-0.299958	-0.299958	-1.00963	-0.836345	-0.678415
4	0.882103	-0.833779	-0.833779	-2.04661	-1.05471	-1.01939	-2.08945	-2.08945	-2.5644	-2.6431	-2.03878
4	0.77541	0.0986115	0.0986115	-1.17285	-0.147849	-0.110249	0.24712	0.24712	-1.46959	-0.370509	-0.220498
4	0.01984	0.412428	0.412428	0.201743	0.192261	0.22367	1.03354	1.03354	0.252784	0.481806	0.44734
4	1.37946	0.24646	0.24646	-0.838702	-0.0294526	-0.041874	0.617628	0.617628	-1.05089	-0.0527218	-0.0551356
4	1.17847	-0.152835	-0.152835	-1.54883	-0.495893	-0.514195	-0.383004	-0.383004	-1.94069	-0.909446	-0.624909
4	0.843531	0.122632	0.122632	-1.02792	-0.0736324	-0.147739	0.307316	0.307316	-1.28799	-0.184523	-0.272995
4	2.3427	0.600635	0.600635	-1.06796	-0.133964	-0.0356876	1.50519	1.50519	-1.33815	-0.147978	-0.0339808
4	1.06639	-0.164998	-0.164998	-1.36821	-0.467048	-0.446482	-0.413486	-0.413486	-1.71437	-0.802659	-0.840507
4	0.96948	0.201168	0.201168	-0.748115	-0.0500148	-0.0136711	0.504127	0.504127	-0.937388	-0.12239	-0.0273422
4	0.704046	0.0272258	0.0272258	-0.907017	-0.185253	-0.201881	0.0682278	0.0682278	-1.13649	-0.464244	-0.403514
4	2.06878	0.881026	0.881026	-0.309969	0.305911	0.378487	2.20785	2.20785	-0.388392	0.337463	0.431271
4	0.851279	0.459841	0.459841	-0.725027	0.216317	0.26462	1.15236	1.15236	-0.908458	0.542091	0.52924
4	0.938442	-0.525036	-0.525036	-1.51468	-0.760349	-0.734857	-1.31574	-1.31574	-1.89789	-1.90543	-1.46971
4	0.337658	0.0189899	0.0189899	-0.637796	-0.18816	-0.181324	0.0475888	0.0475888	-0.799159	-0.471529	-0.362648
4	1.24781	0.252081	0.252081	-1.30155	-0.0144622	-0.032524	0.631715	0.631715	-1.63084	-0.0288408	-0.0478719
4	0.863134	0.777559	0.777559	-0.506952	0.523625	0.594063	1.94856	1.94856	-0.635211	1.22848	1.18813
4	0.456338	-0.602077	-0.602077	-1.40421	-0.815662	-0.800293	-1.5088	-1.5088	-1.75948	-2.04405	-1.60059
4	1.45883	-0.421216	-0.421216	-1.97956	-1.05043	-0.969016	-1.05557	-1.05557	-2.48039	-1.50328	-1.21064
4	2.573	0.241947	0.241947	-1.14443	-1.31775	-1.29264	0.606319	0.606319	-1.43397	-1.63052	-1.4048
4	0.152017	-0.463495	-0.463495	-0.924338	-0.671418	-0.644382	-1.16152	-1.16152	-1.1582	-1.68257	-1.28876
4	0.801395	0.229108	0.229108	-1.0574	-0.0253419	0.0183018	0.574144	0.574144	-1.32492	-0.0635068	0.0366036
4	0.203339	-0.211775	-0.211775	-0.730156	-0.435556	-0.413094	-0.530707	-0.530707	-0.914886	-1.0915	-0.826187
4	0.594461	-1.81013	-1.81013	-2.43142	-2.02967	-2.04257	-4.53618	-4.53618	-3.04657	-5.08634	-3.76244
4	0.279099	0.0934133	0.0934133	-0.636169	-0.102715	-0.161948	0.234094	0.234094	-0.79712	-0.257403	-0.308716
4	0.627338	-0.29273	-0.29273	-1.47643	-0.542983	-0.488394	-0.73358	-0.73358	-1.84997	-1.23529	-0.976789
4	1.14832	0.339164	0.339164	-0.749374	0.051566	0.0434512	0.849945	0.849945	-0.938966	0.105813	0.0713332
4	0.434097	0.33376	0.33376	-0.613988	0.1045	0.156769	0.836403	0.836403	-0.769327	0.261878	0.313538
4	0.470661	0.023601	0.023601	-1.00475	-0.225664	-0.19452	0.059144	0.059144	-1.25895	-0.565515	-0.389041
4	0.817227	-0.564236	-0.564236	-1.46047	-0.797459	-0.783145	-1.41398	-1.41398	-1.82997	-1.99843	-1.56629
4	0.661067	0.71318	0.71318	-0.414378	0.483024	0.495524	1.78723	1.78723	-0.519215	1.21046	0.991047
4	0.55546	-0.627951	-0.627951	-1.44425	-0.881534	-0.870272	-1.57364	-1.57364	-1.80965	-2.07612	-1.20962
4	1.18739	0.90475	0.90475	-0.554239	0.641746	0.661282	2.2673	2.2673	-0.694461	1.49247	1.32256
4	3.06151	0.0175034	-0.515479	-2.42754	-2.15382	-2.20273	0.0438635	-1.11872	-3.0417	-2.40552	-2.03288
4	0.397854	-1.14036	-1.14036	-1.92348	-1.3445	-1.36335	-2.85775	-2.85775	-2.41012	-3.36933	-2.72671
4	0.303831	0.52453	0.52453	-0.249069	0.294706	0.354235	1.31447	1.31447	-0.312083	0.738532	0.708471
4	1.16882	0.123177	0.123177	-0.593328	-0.230599	-0.189522	0.308682	0.308682	-0.74344	-0.453039	-0.377799
4	0.252927	-0.605594	-0.605594	-0.969021	-0.824719	-0.795597	-1.51762	-1.51762	-1.21418	-2.06675	-1.59119
4	0.644914	0.730465	0.730465	-0.0195751	0.469538	0.5066	1.83055	1.83055	-0.0245276	1.17666	1.0132
4	0.457546	-0.514398	-0.514398	-1.41541	-0.747271	-0.738553	-1.28908	-1.28908	-1.77351	-1.85378	-1.47711
4	0.82845	-0.258949	-0.258949	-1.128	-0.474938	-0.474441	-0.648925	-0.648925	-1.41338	-1.19019	-0.948882
4	0.291061	0.797021	0.797021	0.283276	0.571351	0.580735	1.99734	1.99734	0.354945	1.41571	1.16147
4	0.209207	0.0132315	0.0132315	-0.510669	-0.23851	-0.202208	0.0331582	0.0331582	-0.639868	-0.572145	-0.404416
4	0.390471	-0.030065	-0.030065	-0.803201	-0.272369	-0.23901	-0.0753429	-0.0753429	-1.00641	-0.682557	-0.47802
4	1.06786	-0.524173	-0.524173	-1.48131	-0.77075	-0.746481	-1.31358	-1.31358	-1.85608	-1.89505	-1.49296
4	3.44075	-0.41219	-1.11482	-2.58279	-1.56005	-1.5791	-1.03295	-2.41944	-3.23624	-1.27643	-0.944533
4	1.909	0.185552	0.185552	-1.14149	-0.801684	-0.725631	0.464994	0.464994	-1.43028	-1.02506	-0.840415
4	0.186432	-0.199721	-0.199721	-0.792273	-0.416787	-0.405991	-0.5005	-0.5005	-0.992718	-1.04447	-0.811981
4	0.62421	-0.485467	-0.485467	-0.996693	-0.686081	-0.695932	-1.21658	-1.21658	-1.24886	-1.71932	-1.39186
4	0.178307	0.499922	0.499922	0.129949	0.299828	0.242086	1.2528	1.2528	0.162827	0.75137	0.484171
4	1.1129	-0.669005	-0.669005	-1.59455	-0.978188	-0.908776	-1.67653	-1.67653	-1.99797	-1.97377	-1.76522
4	0.0721075	-0.834998	-0.834998	-1.07172	-1.07187	-1.04173	-2.0925	-2.0925	-1.34287	-2.68612	-2.08346
4	1.2164	-0.221759	-0.221759	-1.12276	-0.491402	-0.57363	-0.555728	-0.555728	-1.40682	-1.1993	-0.986008
4	1.76647	0.657565	0.657565	-0.557222	0.276452	0.352461	1.64786	1.64786	-0.6982	0.488793	0.559815
4	0.556558	-0.178208	-0.178208	-1.24392	-0.411021	-0.394668	-0.446589	-0.446589	-1.55863	-1.03002	-0.789336
4	0.799214	0.221735	0.221735	-0.420631	-0.0230393	-0.0214586	0.555667	0.555667	-0.527051	-0.0577366	-0.0427916
4	0.35864	-0.142593	-0.142593	-0.766704	-0.370787	-0.370626	-0.357338	-0.357338	-0.96068	-0.929192	-0.741252
4	0.232717	-0.435984	-0.435984	-1.14853	-0.656616	-0.639775	-1.09258	-1.09258	-1.43911	-1.64548	-1.27955
4	0.864654	0.0696488	0.0696488	-0.873698	-0.147922	-0.15093	0.17454	0.17454	-1.09474	-0.370693	-0.301859
4	1.86564	0.255662	0.255662	-0.928599	-0.195285	-0.11971	0.64069	0.64069	-1.16353	-0.290372	-0.146977
4	2.32967	0.159337	0.159337	-1.62796	-0.503734	-0.528142	0.399299	0.399299	-2.03983	-0.526656	-0.424874
4	1.22825	0.649595	0.649595	-0.356903	0.349998	0.396454	1.62789	1.62789	-0.447199	0.733799	0.708109
4	0.447591	-0.580062	-0.580062	-1.52983	-0.763883	-0.816942	-1.45364	-1.45364	-1.91688	-1.91429	-1.63388
4	1.37386	-0.615336	-0.615336	-1.94744	-1.0975	-1.08979	-1.54203	-1.54203	-2.44014	-1.78722	-1.42131
4	0.920056	0.136117	0.136117	-0.933639	-0.104818	-0.0893176	0.341108	0.341108	-1.16985	-0.262673	-0.178635
4	0.566221	-0.336339	-0.336339	-1.4058	-0.583465	-0.542549	-0.842866	-0.842866	-1.76147	-1.46216	-1.0851
4	0.61856	0.567193	0.567193	-0.596286	0.349591	0.344425	1.42139	1.42139	-0.747146	0.876074	0.649182
4	0.408967	0.210212	0.210212	-0.568006	-0.0319106	0.019639	0.52679	0.52679	-0.711711	-0.079968	0.0392781
4	0.24517	0.387313	0.387313	-0.303016	0.194112	0.163593	0.970607	0.970607	-0.379679	0.486446	0.327185
4	2.31767	0.629002	0.629002	-0.827096	0.0684404	-0.0311496	1.57628	1.57628	-1.03635	0.0808004	-0.028423
4	0.473537	0.888655	0.888655	-0.0606865	0.669353	0.665027	2.22697	2.22697	-0.0760402	1.6774	1.33005
4	0.545377	-0.70924	-0.70924	-1.20312	-0.91943	-0.934067	-1.77735	-1.77735	-1.50751	-2.30409	-1.81301
4	0.45871	0.805424	0.805424	0.0377407	0.531955	0.58072	2.01839	2.01839	0.0472891	1.18224	1.16144
4	2.73048	0.350632	-0.173923	-1.86825	-0.259063	-0.246321	0.878684	-0.377459	-2.34092	-0.275019	-0.223511
4	1.6018	-0.158375	-0.158375	-1.68461	-0.537243	-0.529191	-0.396888	-0.396888	-2.11082	-0.899463	-0.737446
4	1.00992	0.00890747	0.00890747	-0.75365	-0.202507	-0.223659	0.0223221	0.0223221	-0.944324	-0.507483	-0.422618
4	0.980139	0.0111483	0.0111483	-0.920179	-0.25476	-0.199358	0.0279376	0.0279376	-1.15298	-0.426186	-0.385652
4	0.13716	0.684833	0.684833	0.30251	0.457868	0.505582	1.71619	1.71619	0.379045	1.14742	1.01116
4	0.378862	-0.571	-0.571	-1.20244	-0.797195	-0.755495	-1.43093	-1.43093	-1.50665	-1.99777	-1.51099
4	0.153843	-0.512348	-0.512348	-0.754511	-0.75026	-0.730035	-1.28394	-1.28394	-0.945403	-1.83769	-1.46007
4	0.413238	-0.0457262	-0.0457262	-0.998744	-0.251032	-0.231908	-0.11459	-0.11459	-1.25143	-0.629087	-0.463817
4	0.346564	0.0131718	0.0131718	-0.567633	-0.217728	-0.214112	0.0330086	0.0330086	-0.711244	-0.545625	-0.428225
4	2.78945	-0.418734	-1.11945	-2.10785	-1.37179	-1.40716	-1.04935	-2.4295	-2.64113	-1.0736	-0.881643
4	1.7951	0.48284	0.48284	-0.515639	0.0207768	-0.0583886	1.21	1.21	-0.646096	0.032248	-0.0695685
4	2.93636	0.218977	-0.604665	-1.16326	-0.452532	-0.465482	0.548756	-1.31228	-1.45757	-0.513637	-0.482349
4	1.62258	0.312434	0.312434	-1.51611	-0.630377	-0.518308	0.782961	0.782961	-1.89968	-0.70296	-0.489263
4	0.181792	0.403341	0.403341	0.0118704	0.177504	0.20595	1.01077	1.01077	0.0148736	0.444824	0.4119
4	0.511599	0.549606	0.549606	-0.231546	0.296444	0.347412	1.37731	1.37731	-0.290127	0.61343	0.694825
4	0.568116	0.426443	0.426443	-0.445205	0.229072	0.192105	1.06867	1.06867	-0.557842	0.574055	0.357532
4	1.68798	0.0807299	0.0807299	-1.66312	-0.337989	-0.276346	0.202309	0.202309	-2.08389	-0.447876	-0.371769
4	1.2023	-0.0573334	-0.0573334	-1.019	-0.313321	-0.273803	-0.143677	-0.143677	-1.2768	-0.520905	-0.514143
4	1.24936	0.187986	0.187986	-1.21491	-0.0443016	-0.103252	0.471094	0.471094	-1.52228	-0.105713	-0.184375
4	1.68072	0.0900673	0.0900673	-1.1518	-0.310336	-0.235533	0.225709	0.225709	-1.4432	-0.488789	-0.314956
4	2.81619	-0.075564	-0.713935	-1.87457	-1.21386	-1.18141	-0.189363	-1.54942	-2.34883	-1.49505	-1.24152
4	1.77313	-0.886875	-0.886875	-2.11544	-1.84912	-1.78397	-2.22251	-2.22251	-2.65065	-2.28979	-1.9104
4	0.817961	-0.092923	-0.092923	-0.999482	-0.339165	-0.288303	-0.232865	-0.232865	-1.25235	-0.849948	-0.576606
4	0.0392219	1.15731	1.15731	0.889514	0.886775	0.962443	2.90021	2.90021	1.11456	1.92841	1.92489
4	0.791502	-0.668979	-0.668979	-1.9927	-0.909717	-0.871148	-1.67646	-1.67646	-2.49685	-2.27975	-1.7423
4	0.294263	0.129808	0.129808	-0.512889	-0.13066	-0.0532639	0.325299	0.325299	-0.642649	-0.292287	-0.106528
4	0.581078	-0.101205	-0.101205	-1.0287	-0.321428	-0.322258	-0.253621	-0.253621	-1.28896	-0.805498	-0.644516
4	1.06942	-0.105945	-0.105945	-1.1023	-0.343997	-0.366943	-0.265499	-0.265499	-1.38119	-0.862057	-0.626766
4	0.786759	-0.456993	-0.456993	-1.15235	-0.704596	-0.694856	-1.14522	-1.14522	-1.44389	-1.73094	-1.3851
4	1.50634	0.278379	0.278379	-1.10155	-0.076581	-0.0210877	0.697619	0.697619	-1.38024	-0.140596	-0.0319512
4	1.08396	0.396436	0.396436	-0.768334	0.14472	0.165041	0.993469	0.993469	-0.962722	0.348211	0.281858
4	0.0800061	1.51879	1.51879	1.20139	1.3021	1.34905	3.8061	3.8061	1.50534	3.26305	2.6981
4	0.290802	-0.176007	-0.176007	-0.840665	-0.41319	-0.379245	-0.441073	-0.441073	-1.05335	-0.948397	-0.75849
4	0.639683	-0.13565	-0.13565	-0.907846	-0.355005	-0.364017	-0.339939	-0.339939	-1.13753	-0.889643	-0.728033
4	0.169776	0.24614	0.24614	-0.117642	0.018292	0.0228315	0.616827	0.616827	-0.147405	0.0458398	0.045663
4	0.239445	1.51016	1.51016	0.889937	1.25613	1.29676	3.78445	3.78445	1.11509	3.14787	2.59352
4	0.543695	0.302092	0.302092	-0.428875	0.0646558	0.0591405	0.757041	0.757041	-0.53738	0.149249	0.117201
4	0.763324	-0.316904	-0.316904	-1.43285	-0.503969	-0.547	-0.794161	-0.794161	-1.79536	-1.26295	-1.094
4	0.630349	-0.53429	-0.53429	-1.42132	-0.785059	-0.758573	-1.33893	-1.33893	-1.78092	-1.89636	-1.51715
4	1.11589	-0.120179	-0.120179	-1.55998	-0.416722	-0.397319	-0.301168	-0.301168	-1.95466	-0.82142	-0.681565
4	1.09961	-0.0216243	-0.0216243	-1.47727	-0.253346	-0.254111	-0.0541904	-0.0541904	-1.85101	-0.613117	-0.508221
4	0.2231	0.767853	0.767853	0.240835	0.539016	0.586174	1.92424	1.92424	0.301766	1.35077	1.17235
4	0.0894047	-0.331154	-0.331154	-0.587481	-0.536294	-0.536294	-0.829871	-0.829871	-0.736114	-1.34395	-1.07259
4	0.111028	0.3442	0.3442	-0.136152	0.132325	0.128726	0.862565	0.862565	-0.170599	0.331607	0.255474
4	1.13601	0.0607451	0.0607451	-1.51178	-0.262878	-0.1809	0.152227	0.152227	-1.89426	-0.366429	-0.361801
4	2.9099	0.174984	-0.665562	-1.05798	-0.902248	-0.73404	0.43851	-1.44444	-1.32564	-0.798866	-0.52234
4	1.05335	0.639441	0.639441	-0.749488	0.385504	0.377175	1.60244	1.60244	-0.939108	0.818731	0.754351
4	0.882214	-0.284337	-0.284337	-1.20566	-0.545964	-0.536444	-0.712549	-0.712549	-1.51069	-1.36819	-1.07289
4	1.28452	0.528741	0.528741	-0.467869	0.257407	0.283041	1.32503	1.32503	-0.58624	0.513489	0.509379
4	0.0239419	0.507658	0.507658	0.391611	0.296511	0.306613	1.27219	1.27219	0.490688	0.743057	0.613226
4	2.14339	0.0995496	0.0995496	-1.11056	-0.525823	-0.410776	0.249471	0.249471	-1.39153	-0.587247	-0.422307
4	1.52273	0.153806	0.153806	-1.49903	-0.175452	-0.126274	0.385438	0.385438	-1.87828	-0.295654	-0.217351
4	0.880408	-0.530647	-0.530647	-1.5586	-0.746631	-0.774027	-1.3298	-1.3298	-1.95292	-1.87106	-1.36874
4	0.767776	0.0495345	0.0495345	-0.832808	-0.177249	-0.144582	0.124133	0.124133	-1.04351	-0.444187	-0.289164
4	0.355412	0.446719	0.446719	-0.206247	0.189718	0.239242	1.11948	1.11948	-0.258427	0.466604	0.478484
4	1.17729	0.108248	0.108248	-1.03382	-0.260056	-0.201321	0.27127	0.27127	-1.29537	-0.487245	-0.3473
4	0.714816	0.0923302	0.0923302	-0.506628	-0.126201	-0.157044	0.231379	0.231379	-0.634805	-0.316261	-0.304938
4	0.37956	0.548264	0.548264	-0.0741898	0.299345	0.304756	1.37395	1.37395	-0.0929598	0.680498	0.589308
4	1.50022	1.15697	1.15697	-0.104019	0.817836	0.936877	2.89937	2.89937	-0.130336	1.53205	1.7528
4	0.111179	-0.422907	-0.422907	-0.751786	-0.65958	-0.652025	-1.05981	-1.05981	-0.941988	-1.65291	-1.30405
4	1.23536	-0.0634586	-0.0634586	-1.01259	-0.372708	-0.313538	-0.159027	-0.159027	-1.26878	-0.765788	-0.557406
4	3.47138	0.567537	-0.0975707	-1.61725	-0.637568	-0.566849	1.42225	-0.211754	-2.02641	-0.429018	-0.390577
4	1.20463	-0.0747811	-0.0747811	-1.11561	-0.452289	-0.397313	-0.187402	-0.187402	-1.39786	-0.871077	-0.636901
4	1.38309	-0.426982	-0.426982	-1.3838	-0.907102	-0.89316	-1.07002	-1.07002	-1.7339	-1.84938	-1.36473
4	0.539156	-0.147046	-0.147046	-0.983465	-0.372069	-0.325045	-0.368497	-0.368497	-1.23228	-0.932404	-0.650091
4	0.949415	-0.0826733	-0.0826733	-1.19157	-0.280718	-0.31868	-0.207179	-0.207179	-1.49303	-0.703479	-0.609765
4	1.01284	0.427636	0.427636	-0.396108	0.229441	0.187619	1.07166	1.07166	-0.496323	0.574979	0.375237
4	1.05642	-0.156308	-0.156308	-1.09088	-0.422507	-0.39429	-0.391707	-0.391707	-1.36687	-0.968105	-0.787723
4	0.400063	0.284841	0.284841	-0.265244	0.0548168	0.0834804	0.713812	0.713812	-0.332351	0.130164	0.166961
4	0.149359	-0.0803876	-0.0803876	-0.594286	-0.288589	-0.289598	-0.201451	-0.201451	-0.74464	-0.723204	-0.579196
4	1.26691	0.261062	0.261062	-0.506974	-0.0684147	-0.0580578	0.654222	0.654222	-0.635239	-0.15874	-0.100916
4	2.5187	-0.111582	-0.111582	-1.61116	-1.48757	-1.47959	-0.279624	-0.279624	-2.01879	-2.01803	-1.48777
4	0.801335	0.840218	0.840218	-0.293298	0.622252	0.646958	2.10559	2.10559	-0.367503	1.55936	1.29392
4	1.3447	-0.311345	-0.311345	-1.22932	-0.580408	-0.587621	-0.78023	-0.78023	-1.54034	-1.36611	-1.00251
4	1.47542	-0.355899	-0.355899	-1.87093	-0.612752	-0.64834	-0.891883	-0.891883	-2.34427	-1.15092	-0.954457
4	1.81906	-0.579792	-0.579792	-2.5906	-0.931718	-0.98567	-1.45296	-1.45296	-3.24602	-1.38319	-1.20605
4	0.7089	0.0401552	0.0401552	-0.906376	-0.185294	-0.195813	0.100629	0.100629	-1.13569	-0.464348	-0.378758
4	0.728913	0.138182	0.138182	-0.901994	-0.0872731	-0.0482519	0.346285	0.346285	-1.1302	-0.218706	-0.0965038
4	0.0209829	1.17743	1.17743	0.973459	0.96646	0.967977	2.95064	2.95064	1.21974	2.42195	1.93595
4	1.3935	0.366801	0.366801	-1.11598	-0.0097192	0.0749193	0.919202	0.919202	-1.39833	-0.0164096	0.120184
4	1.18612	-0.727913	-0.727913	-1.77966	-1.00907	-0.983866	-1.82415	-1.82415	-2.22992	-2.0802	-1.71475
4	0.583877	-0.679921	-0.679921	-1.47047	-0.975058	-0.873942	-1.70388	-1.70388	-1.8425	-1.73238	-1.74788
4	0.953989	-0.314535	-0.314535	-1.46572	-0.549968	-0.522116	-0.788224	-0.788224	-1.83655	-1.37822	-1.04423
4	0.985487	-0.292359	-0.292359	-1.02077	-0.528648	-0.558606	-0.732651	-0.732651	-1.27903	-1.32479	-1.10274
4	0.426067	0.821077	0.821077	0.00801883	0.578979	0.591663	2.05762	2.05762	0.0100476	1.24053	1.18333
4	0.864837	-0.22741	-0.22741	-1.01015	-0.441399	-0.448254	-0.569889	-0.569889	-1.26572	-1.10615	-0.896508
4	1.89344	0.173859	0.173859	-1.09604	-0.401227	-0.338275	0.435692	0.435692	-1.37334	-0.474753	-0.361414
4	0.153061	0.334369	0.334369	-0.210729	0.124118	0.146163	0.837929	0.837929	-0.264043	0.311039	0.292326
4	1.84997	0.000352415	0.000352415	-1.40109	-1.09402	-1.02606	0.000883153	0.000883153	-1.75557	-1.32641	-0.994175
4	2.07188	0.523824	0.523824	-1.34442	0.0349701	0.0909331	1.3127	1.3127	-1.68456	0.0429597	0.131492
4	0.69477	0.576462	0.576462	-0.0626895	0.339068	0.338722	1.44461	1.44461	-0.07855	0.849704	0.677444
4	0.467402	0.412111	0.412111	-0.418199	0.172734	0.179396	1.03275	1.03275	-0.524004	0.432872	0.358791
4	0.309882	-0.774649	-0.774649	-1.47094	-0.96212	-0.962299	-1.94127	-1.94127	-1.84308	-2.41107	-1.9246
4	1.52969	-0.272916	-0.272916	-1.18336	-0.638758	-0.703204	-0.683926	-0.683926	-1.48275	-0.986603	-0.867737
4	0.0789121	-0.071479	-0.071479	-0.37882	-0.294201	-0.268148	-0.179126	-0.179126	-0.474661	-0.737269	-0.536297
4	0.810661	0.0701576	0.0701576	-1.01012	-0.159819	-0.190948	0.175815	0.175815	-1.26569	-0.400507	-0.365419
4	1.4508	-0.56053	-0.56053	-1.64047	-0.856445	-0.784579	-1.40469	-1.40469	-2.05551	-1.47716	-1.33483
4	0.598278	0.852955	0.852955	-0.248196	0.618253	0.644179	2.1375	2.1375	-0.31099	1.54934	1.28836
4	1.15356	0.764613	0.764613	-0.522823	0.478665	0.550288	1.91612	1.91612	-0.655097	0.954294	1.10058
4	0.194854	0.695886	0.695886	0.060048	0.462155	0.499043	1.74389	1.74389	0.0752401	1.15816	0.998085
4	0.323309	-0.223724	-0.223724	-0.783022	-0.448864	-0.429909	-0.560653	-0.560653	-0.981126	-1.12485	-0.859818
4	1.15463	0.350253	0.350253	-0.54948	0.0362671	0.0273088	0.877733	0.877733	-0.688499	0.0771651	0.0444935
4	0.221334	0.81862	0.81862	0.170338	0.620235	0.633401	2.05146	2.05146	0.213434	1.55431	1.2668
4	0.091696	0.78768	0.78768	0.524459	0.542538	0.580801	1.97393	1.97393	0.657147	1.25879	1.1616
4	2.53233	0.29426	0.29426	-1.0331	-0.346992	-0.391886	0.737416	0.737416	-1.29448	-0.445561	-0.332484
4	0.760631	0.0815153	0.0815153	-0.86387	-0.189832	-0.137679	0.204277	0.204277	-1.08243	-0.418294	-0.275357
4	0.862499	0.628223	0.628223	-0.164424	0.378887	0.416599	1.57433	1.57433	-0.206023	0.766927	0.833197
4	0.204136	-0.0730848	-0.0730848	-0.645733	-0.297648	-0.300279	-0.18315	-0.18315	-0.809103	-0.745905	-0.600559
4	0.182982	-0.00393304	-0.00393304	-0.509018	-0.240639	-0.245732	-0.00985621	-0.00985621	-0.6378	-0.603041	-0.491464
4	0.192249	0.335291	0.335291	-0.236546	0.097475	0.158008	0.840238	0.840238	-0.296392	0.225355	0.316017
4	0.305908	-0.0873458	-0.0873458	-0.80666	-0.266728	-0.268085	-0.218888	-0.218888	-1.01075	-0.668422	-0.53617
4	0.797487	-0.0671048	-0.0671048	-1.21998	-0.277306	-0.302332	-0.168165	-0.168165	-1.52864	-0.694928	-0.604663
4	0.155972	0.242829	0.242829	-0.163441	-0.00358075	0.0506401	0.60853	0.60853	-0.204792	-0.0070303	0.10128
4	1.63107	-0.732104	-0.732104	-2.1944	-1.22904	-1.16944	-1.83465	-1.83465	-2.74958	-2.27057	-1.92652
4	3.00205	0.493521	-0.217432	-1.14847	-1.11056	-1.02449	1.23676	-0.471885	-1.43903	-1.42193	-1.13828
4	0.923473	0.636848	0.636848	0.0198497	0.423058	0.428028	1.59594	1.59594	0.0248717	1.06018	0.856057
4	0.625982	-0.25464	-0.25464	-0.960002	-0.49837	-0.46387	-0.638127	-0.638127	-1.20288	-1.21335	-0.927739
4	2.15811	0.239968	0.239968	-1.32469	-0.250004	-0.209958	0.601361	0.601361	-1.65984	-0.299603	-0.231065
4	0.272591	-0.402015	-0.402015	-1.10237	-0.60536	-0.648887	-1.00745	-1.00745	-1.38126	-1.51703	-1.2397
4	0.518423	-0.718597	-0.718597	-1.68922	-0.93443	-0.957316	-1.8008	-1.8008	-2.1166	-2.34168	-1.74777
4	0.645004	-0.0525693	-0.0525693	-0.705511	-0.289385	-0.266697	-0.131739	-0.131739	-0.884005	-0.725198	-0.533393
4	0.537709	-0.426666	-0.426666	-1.39283	-0.6503	-0.669607	-1.06923	-1.06923	-1.74522	-1.62965	-1.33921
4	1.27351	-0.0618963	-0.0618963	-1.3632	-0.335691	-0.409921	-0.155112	-0.155112	-1.70809	-0.709654	-0.550249
4	0.791087	0.323514	0.323514	-0.561315	0.108877	0.111608	0.810725	0.810725	-0.703327	0.272845	0.223216
4	0.284683	0.0687659	0.0687659	-0.501177	-0.161937	-0.119374	0.172327	0.172327	-0.627975	-0.405814	-0.238747
4	1.05005	-0.73139	-0.73139	-1.52859	-0.967112	-0.964027	-1.83286	-1.83286	-1.91532	-2.42358	-1.91196
4	3.14929	0.602115	-0.0656092	-0.932358	-1.00362	-1.10374	1.5089	-0.142389	-1.16824	-1.346	-1.02686
4	1.10148	-0.333252	-0.333252	-1.77608	-0.595046	-0.575663	-0.835131	-0.835131	-2.22543	-1.37708	-1.15133
4	0.329259	0.28885	0.28885	-0.360761	0.0487411	0.0921703	0.723859	0.723859	-0.452034	0.122145	0.184341
4	0.545421	0.204148	0.204148	-0.397968	-0.0252596	-0.0426712	0.511595	0.511595	-0.498654	-0.0619375	-0.0853425
4	1.17971	0.82975	0.82975	-0.124467	0.580532	0.593562	2.07935	2.07935	-0.155957	1.29493	1.06505
4	1.12233	0.257513	0.257513	-0.92232	-0.079893	-0.00224712	0.645327	0.645327	-1.15567	-0.159585	-0.00446073
4	0.939764	-0.0426792	-0.0426792	-1.15241	-0.288909	-0.293902	-0.106954	-0.106954	-1.44397	-0.634111	-0.584889
4	1.01273	0.47909	0.47909	-0.924886	0.206654	0.251612	1.2006	1.2006	-1.15888	0.464336	0.503224
4	1.19262	0.395055	0.395055	-0.489953	0.0429415	0.0721336	0.990008	0.990008	-0.613911	0.0921129	0.122363
4	0.183044	-0.478076	-0.478076	-0.944789	-0.673177	-0.691706	-1.19806	-1.19806	-1.18382	-1.68698	-1.38341
4	1.11392	0.34676	0.34676	-0.798351	0.0676613	0.0769991	0.868981	0.868981	-1.00033	0.159316	0.153998
4	0.678493	-0.024045	-0.024045	-0.562419	-0.258956	-0.223494	-0.0602566	-0.0602566	-0.704711	-0.637555	-0.446988
4	0.740078	-0.295173	-0.295173	-1.52532	-0.562872	-0.517759	-0.739703	-0.739703	-1.91123	-1.37907	-1.03552
4	0.569327	0.030346	0.030346	-1.02432	-0.194553	-0.211675	0.076047	0.076047	-1.28348	-0.48752	-0.423351
4	0.9802	-0.261511	-0.261511	-1.36066	-0.488621	-0.510208	-0.655346	-0.655346	-1.70491	-1.17916	-1.02042
4	0.556159	0.0649705	0.0649705	-1.03998	-0.137239	-0.129053	0.162816	0.162816	-1.30309	-0.34392	-0.258106
4	0.356076	-0.559154	-0.559154	-1.34963	-0.798097	-0.803341	-1.40124	-1.40124	-1.69109	-1.98402	-1.60668
4	0.512038	1.45688	1.45688	0.576942	1.22847	1.24363	3.65093	3.65093	0.722908	3.07854	2.48727
4	0.876327	0.206405	0.206405	-1.10879	-0.0300396	0.0102744	0.51725	0.51725	-1.38932	-0.0729457	0.0205487
4	1.71787	-0.89937	-0.89937	-2.29046	-1.37505	-1.29063	-2.25382	-2.25382	-2.86994	-1.74659	-1.6465
4	1.97541	-0.32999	-0.32999	-1.22221	-0.9637	-0.945964	-0.826955	-0.826955	-1.53143	-1.62622	-1.45746
4	1.02431	-0.160222	-0.160222	-0.956185	-0.377329	-0.418692	-0.401517	-0.401517	-1.1981	-0.945587	-0.837007
4	2.57578	0.889685	0.889685	-0.771837	-0.879806	-0.759089	2.22955	2.22955	-0.967112	-1.03005	-0.730299
4	1.58146	0.642903	0.642903	-0.525079	0.268539	0.285966	1.61112	1.61112	-0.657924	0.443225	0.42493
4	0.488214	0.480612	0.480612	-0.396152	0.250784	0.25806	1.20441	1.20441	-0.496378	0.628464	0.51612
4	0.825093	0.0278104	0.0278104	-0.767301	-0.181157	-0.154491	0.0696929	0.0696929	-0.961428	-0.453979	-0.308981
4	0.497611	0.649551	0.649551	-0.27557	0.453322	0.418161	1.62778	1.62778	-0.34529	1.13603	0.783074
4	0.0984767	-0.0863297	-0.0863297	-0.515849	-0.306123	-0.294852	-0.216342	-0.216342	-0.646359	-0.767145	-0.589705
4	3.31616	-0.493372	-1.09197	-2.39028	-2.00965	-1.77331	-1.23639	-2.36986	-2.99502	-1.26613	-0.997126
4	2.11964	-0.08349	-0.08349	-2.19577	-0.651344	-0.625579	-0.209226	-0.209226	-2.7513	-0.680106	-0.56068
4	0.507918	0.955379	0.955379	-0.105115	0.756344	0.754916	2.39418	2.39418	-0.131709	1.8954	1.50983
4	1.20762	0.59994	0.59994	-0.921828	0.297676	0.354359	1.50345	1.50345	-1.15505	0.560769	0.694503
4	0.911775	1.17412	1.17412	0.0810806	0.957065	0.964723	2.94234	2.94234	0.101594	2.39841	1.92945
4	0.154721	0.0134976	0.0134976	-0.333366	-0.251019	-0.195618	0.033825	0.033825	-0.417707	-0.534761	-0.391236
4	0.635078	-0.428935	-0.428935	-1.20513	-0.70807	-0.612999	-1.07491	-1.07491	-1.51003	-1.66234	-1.226
4	0.0461599	0.896968	0.896968	0.675321	0.687751	0.71767	2.2478	2.2478	0.846178	1.7235	1.43534
4	0.334156	0.74461	0.74461	0.329072	0.539674	0.538875	1.86599	1.86599	0.412327	1.35242	1.07775
4	0.17123	-0.163738	-0.163738	-0.766704	-0.379967	-0.362297	-0.410328	-0.410328	-0.96068	-0.952197	-0.724594
4	0.0462896	-0.0472678	-0.0472678	-0.162913	-0.263412	-0.244921	-0.118453	-0.118453	-0.20413	-0.66011	-0.489843
4	2.13187	0.334722	0.334722	-1.1334	-0.297859	-0.158788	0.838814	0.838814	-1.42016	-0.356233	-0.18104
4	0.719996	-0.90816	-0.90816	-1.93518	-1.15163	-1.11417	-2.27585	-2.27585	-2.42478	-2.84395	-2.22833
4	0.590146	0.506	0.506	-0.242845	0.28796	0.283433	1.26804	1.26804	-0.304285	0.721627	0.566865
4	0.961907	-1.10545	-1.10545	-1.74731	-1.37941	-1.31943	-2.77027	-2.77027	-2.18938	-3.13261	-2.63886
4	0.252993	0.203296	0.203296	-0.256353	-0.0459124	-0.00412365	0.509459	0.509459	-0.32121	-0.114683	-0.0082473
4	2.53491	0.113048	0.113048	-1.32639	-0.909249	-0.659056	0.283299	0.283299	-1.66197	-0.626799	-0.447173
4	0.170813	-0.0869351	-0.0869351	-0.674261	-0.350476	-0.280127	-0.217859	-0.217859	-0.844849	-0.800641	-0.560255
4	0.549111	-0.940811	-0.940811	-1.62203	-1.16774	-1.1535	-2.35767	-2.35767	-2.03241	-2.92636	-2.30701
4	0.311311	-0.676115	-0.676115	-1.20397	-0.913838	-0.908747	-1.69435	-1.69435	-1.50857	-2.29008	-1.81749
4	0.59691	0.246882	0.246882	-0.673884	0.0627955	0.0496844	0.618686	0.618686	-0.844377	0.157365	0.0993688
4	1.0779	-0.214665	-0.214665	-1.53361	-0.454885	-0.458799	-0.53795	-0.53795	-1.92162	-1.08675	-0.917598
4	1.52739	0.166515	0.166515	-1.53737	-0.672949	-0.509657	0.417288	0.417288	-1.92632	-0.762093	-0.527009
4	0.380106	0.240617	0.240617	-0.359991	-0.0153333	0.0174318	0.602987	0.602987	-0.451069	-0.0384251	0.0348635
4	0.36078	0.908401	0.908401	0.210897	0.670722	0.689595	2.27645	2.27645	0.264254	1.68083	1.37919
4	0.00762306	0.428297	0.428297	0.318843	0.210234	0.236905	1.07331	1.07331	0.399511	0.526845	0.473809
4	1.63891	-0.339424	-0.339424	-2.01401	-1.23141	-1.16061	-0.850596	-0.850596	-2.52355	-1.53837	-1.18792
4	4.65621	0.45969	-1.17409	-2.40497	-2.1408	-1.64938	1.15198	-2.08049	-3.01342	-1.09485	-0.76772
4	0.0586221	0.50729	0.50729	0.202873	0.281267	0.319063	1.27127	1.27127	0.254199	0.704855	0.638126
4	1.4877	-0.429033	-0.429033	-1.80301	-0.734747	-0.7173	-1.07516	-1.07516	-2.25918	-1.44691	-1.15568
4	0.408032	-0.874441	-0.874441	-1.61431	-1.09662	-1.07453	-2.19135	-2.19135	-2.02273	-2.72283	-2.14905
4	0.912073	-0.482921	-0.482921	-1.62053	-0.768954	-0.728685	-1.2102	-1.2102	-2.03052	-1.58251	-1.45737
4	0.433877	0.451252	0.451252	-0.257547	0.221533	0.231608	1.13084	1.13084	-0.322706	0.555161	0.463216
4	0.126977	0.795175	0.795175	0.376115	0.577595	0.576282	1.99271	1.99271	0.471273	1.44745	1.15256
4	0.420535	0.96977	0.96977	0.393631	0.750241	0.75937	2.43024	2.43024	0.493219	1.8801	1.51874
4	3.02511	-0.628534	-1.2915	-2.17438	-2.22536	-2.19753	-1.57511	-2.8029	-2.7245	-2.88159	-2.31118
4	1.49549	0.682752	0.682752	-1.13369	0.4039	0.413376	1.71098	1.71098	-1.42051	0.738115	0.707715
4	0.91498	0.220815	0.220815	-0.770369	-0.0134551	-0.00138245	0.553363	0.553363	-0.965272	-0.0337185	-0.0027649
4	1.71699	0.0122943	0.0122943	-1.40753	-0.330853	-0.371188	0.0308096	0.0308096	-1.76363	-0.464918	-0.424101
4	1.12336	-0.169149	-0.169149	-1.40661	-0.476898	-0.37208	-0.423888	-0.423888	-1.76248	-0.842119	-0.74416
4	0.153757	-1.08125	-1.08125	-1.62666	-1.28415	-1.25769	-2.70962	-2.70962	-2.03821	-3.21807	-2.51537
4	0.956102	1.06302	1.06302	-0.161773	0.814216	0.843518	2.66394	2.66394	-0.202701	2.04043	1.68704
4	0.92173	0.616102	0.616102	-0.66939	0.372131	0.362792	1.54395	1.54395	-0.838746	0.906244	0.664073
4	2.04093	-0.802476	-0.802476	-2.80587	-1.25784	-1.17655	-2.01101	-2.01101	-3.51575	-1.72011	-1.37591
4	0.249521	-0.0151357	-0.0151357	-0.672389	-0.276911	-0.248826	-0.0379301	-0.0379301	-0.842504	-0.656716	-0.497652
4	0.786619	-0.476071	-0.476071	-1.62972	-0.677054	-0.712291	-1.19303	-1.19303	-2.04204	-1.6967	-1.42458
4	1.91753	-0.445849	-0.445849	-2.29529	-0.932737	-0.948414	-1.1173	-1.1173	-2.876	-1.20381	-0.999455
4	0.830711	-0.320121	-0.320121	-1.40933	-0.559128	-0.558896	-0.802223	-0.802223	-1.76589	-1.40117	-1.11779
4	0.96792	0.106041	0.106041	-0.588295	-0.108997	-0.109621	0.265738	0.265738	-0.737133	-0.273147	-0.219242
6	0.29866	0.388394	0.388394	-0.277029	0.145456	0.194695	1.19206	1.19206	-0.347118	0.368699	0.466116
6	0.366251	0.907662	0.907662	-0.00468246	0.704089	0.704291	2.7858	2.7858	-0.00586713	2.08055	1.72515
6	0.701957	0.429841	0.429841	-0.831116	0.213856	0.20005	1.31927	1.31927	-1.04139	0.639115	0.429848
6	0.679964	-0.382805	-0.382805	-1.23376	-0.593338	-0.588768	-1.17491	-1.17491	-1.5459	-1.70999	-1.42413
6	0.523205	-0.117709	-0.117709	-1.22973	-0.368067	-0.309474	-0.361272	-0.361272	-1.54086	-0.996543	-0.758053
6	1.30731	-0.108881	-0.108881	-1.1315	-0.475904	-0.434659	-0.33418	-0.33418	-1.41778	-0.835739	-0.690018
6	0.396719	0.154948	0.154948	-0.778128	-0.0852667	-0.0741154	0.47557	0.47557	-0.974995	-0.236779	-0.161198
6	1.44667	0.0854124	0.0854124	-1.75676	-0.244115	-0.237012	0.262149	0.262149	-2.20121	-0.459387	-0.399029
6	1.48346	-0.0272256	-0.0272256	-1.4985	-0.36979	-0.340951	-0.0835612	-0.0835612	-1.87762	-0.684863	-0.586554
6	0.806286	0.470764	0.470764	-0.557866	0.175699	0.258866	1.44487	1.44487	-0.699006	0.415493	0.546112
6	0.383004	0.00790493	0.00790493	-0.750718	-0.242398	-0.204801	0.0242619	0.0242619	-0.94065	-0.680262	-0.501657
6	2.17343	-0.326426	-0.326426	-2.49591	-1.35738	-1.41439	-1.00187	-1.00187	-3.12738	-1.72877	-1.41601
6	1.99308	0.116922	0.116922	-2.14742	-0.950272	-0.819631	0.358858	0.358858	-2.69071	-1.11929	-0.862988
6	0.985523	-0.245142	-0.245142	-1.70801	-0.511921	-0.480699	-0.752392	-0.752392	-2.14014	-1.31264	-1.0703
6	3.10607	0.434926	-0.181904	-1.59022	-0.981605	-0.861783	1.33488	-0.509656	-1.99255	-0.861413	-0.816621
6	0.258146	0.502662	0.502662	-0.50195	0.237521	0.310905	1.54278	1.54278	-0.628944	0.614282	0.755742
6	1.27093	0.040808	0.040808	-1.34876	-0.296622	-0.265792	0.125248	0.125248	-1.69	-0.541358	-0.455765
6	1.95135	-0.127809	-0.127809	-1.84482	-0.68183	-0.621439	-0.392273	-0.392273	-2.31156	-0.992451	-0.920631
6	0.264858	-0.301789	-0.301789	-0.895018	-0.508882	-0.480161	-0.926255	-0.926255	-1.12146	-1.4782	-1.17615
6	1.17153	-0.0758764	-0.0758764	-1.45579	-0.462084	-0.379364	-0.232881	-0.232881	-1.82411	-0.902191	-0.712959
6	0.633645	-0.115478	-0.115478	-1.59459	-0.337592	-0.344707	-0.354426	-0.354426	-1.99802	-0.889603	-0.758537
6	0.612682	-0.0326128	-0.0326128	-1.30406	-0.277668	-0.236073	-0.100095	-0.100095	-1.63399	-0.69284	-0.578258
6	0.995653	-0.27423	-0.27423	-1.53856	-0.514859	-0.513525	-0.841668	-0.841668	-1.92781	-1.29114	-1.12961
6	0.201864	-0.0863481	-0.0863481	-0.682257	-0.264111	-0.293121	-0.265021	-0.265021	-0.854868	-0.781732	-0.708971
6	1.18961	0.338893	0.338893	-0.692813	-0.012265	0.0186005	1.04013	1.04013	-0.868094	-0.0254858	0.0350645
6	1.41717	0.256121	0.256121	-1.6022	-0.123731	-0.103411	0.786091	0.786091	-2.00756	-0.237005	-0.148722
6	1.35979	0.203351	0.203351	-1.2582	-0.346158	-0.394376	0.624126	0.624126	-1.57653	-0.499867	-0.460904
6	0.505979	-0.000475267	-0.000475267	-0.776671	-0.240413	-0.190778	-0.00145869	-0.00145869	-0.973169	-0.63256	-0.467309
6	1.14501	-0.510274	-0.510274	-2.35313	-0.79762	-0.768555	-1.56614	-1.56614	-2.94847	-1.72503	-1.53467
6	0.88552	0.164602	0.164602	-0.96978	-0.101963	-0.064726	0.505198	0.505198	-1.21513	-0.265821	-0.144433
6	0.818928	-0.538382	-0.538382	-1.98366	-0.749262	-0.77528	-1.65241	-1.65241	-2.48552	-2.29964	-1.68852
6	1.40437	-0.454975	-0.454975	-1.70894	-0.777986	-0.757844	-1.39641	-1.39641	-2.1413	-1.60989	-1.39572
6	0.711115	0.589279	0.589279	-0.945976	0.354321	0.387889	1.80862	1.80862	-1.18531	1.01528	0.917703
6	0.750418	0.329009	0.329009	-0.321005	0.0929191	0.0647239	1.0098	1.0098	-0.402219	0.240305	0.133332
6	0.389493	-0.93383	-0.93383	-1.97856	-1.20711	-1.14298	-2.86612	-2.86612	-2.47914	-3.00931	-2.61272
6	1.70776	0.314951	0.314951	-1.87466	-0.300735	-0.179034	0.966651	0.966651	-2.34894	-0.345164	-0.189862
6	1.31134	0.798225	0.798225	-0.985088	0.332117	0.407952	2.44992	2.44992	-1.23432	0.576042	0.668213
6	0.394439	-0.317591	-0.317591	-1.22214	-0.609192	-0.533105	-0.974753	-0.974753	-1.53134	-1.20729	-1.2675
6	0.988603	0.182113	0.182113	-0.9632	-0.0893437	-0.0339269	0.558942	0.558942	-1.20689	-0.20818	-0.0743992
6	1.82656	-0.0870395	-0.0870395	-1.46184	-0.495351	-0.511777	-0.267142	-0.267142	-1.83169	-0.719011	-0.645829
6	0.721487	0.406759	0.406759	-0.303863	0.159855	0.175121	1.24843	1.24843	-0.38074	0.398661	0.388414
6	0.723017	0.486401	0.486401	-0.475409	0.242773	0.245734	1.49287	1.49287	-0.595687	0.562639	0.396579
6	0.234882	-0.323854	-0.323854	-0.998944	-0.591541	-0.534781	-0.993975	-0.993975	-1.25168	-1.13555	-1.28593
6	1.13192	0.155951	0.155951	-0.641694	-0.162659	-0.110679	0.478646	0.478646	-0.804043	-0.375316	-0.222023
6	0.606596	-0.46947	-0.46947	-1.69278	-0.698199	-0.688573	-1.4409	-1.4409	-2.12105	-2.10722	-1.48587
6	0.90342	0.182818	0.182818	-0.822348	-0.0532165	-0.0379324	0.561107	0.561107	-1.0304	-0.142888	-0.0788231
6	2.42748	0.2279	-0.161373	-2.09757	-0.703967	-0.593541	0.699474	-0.452134	-2.62825	-0.784638	-0.590459
6	1.11055	-0.22712	-0.22712	-1.82426	-0.55212	-0.478949	-0.69708	-0.69708	-2.2858	-1.08582	-0.932852
6	0.597103	0.471824	0.471824	-0.9179	0.247566	0.255465	1.44813	1.44813	-1.15013	0.711754	0.55115
6	0.768113	0.72911	0.72911	-0.588926	0.469472	0.510644	2.23779	2.23779	-0.737925	1.18569	1.19391
6	2.22233	-0.0306688	-0.0306688	-1.85065	-1.16996	-1.03433	-0.0941289	-0.0941289	-2.31887	-1.02985	-0.763483
6	0.787324	0.460359	0.460359	-0.62417	0.222185	0.197892	1.41294	1.41294	-0.782085	0.568422	0.383748
6	0.919254	-0.874745	-0.874745	-2.12457	-1.11161	-1.09637	-2.68478	-2.68478	-2.66209	-3.03189	-2.55532
6	1.28148	-0.327613	-0.327613	-1.65108	-0.662751	-0.63325	-1.00551	-1.00551	-2.0688	-1.15371	-0.988854
6	1.4613	-0.209817	-0.209817	-1.75453	-1.11061	-0.905269	-0.643972	-0.643972	-2.19843	-1.37157	-1.05593
6	0.861122	-0.41303	-0.41303	-1.67348	-0.66047	-0.63648	-1.26767	-1.26767	-2.09687	-1.63304	-1.44229
6	1.34922	0.493895	0.493895	-1.31278	-0.0700502	-0.00468242	1.51587	1.51587	-1.64491	-0.10664	-0.00613916
6	1.18207	0.559998	0.559998	-1.00534	0.261851	0.312325	1.71875	1.71875	-1.25969	0.572893	0.676972
6	1.0335	0.232128	0.232128	-1.65469	-0.0486014	-0.0388201	0.712449	0.712449	-2.07332	-0.115717	-0.0782078
6	1.02062	-0.47732	-0.47732	-1.78391	-0.719211	-0.699722	-1.465	-1.465	-2.23523	-1.73552	-1.68464
6	0.435452	-0.327859	-0.327859	-1.31444	-0.566814	-0.528734	-1.00627	-1.00627	-1.647	-1.38563	-1.29513
6	0.202217	0.430919	0.430919	-0.39431	0.234295	0.222525	1.32258	1.32258	-0.494071	0.7191	0.525102
6	0.564159	-0.0156539	-0.0156539	-0.843956	-0.233066	-0.212081	-0.0480451	-0.0480451	-1.05748	-0.662975	-0.51949
6	0.721013	0.696578	0.696578	-0.630893	0.469657	0.46091	2.13794	2.13794	-0.790509	1.24885	0.959806
6	1.06555	0.126404	0.126404	-1.22389	-0.195122	-0.146088	0.38796	0.38796	-1.53353	-0.373333	-0.285504
6	0.685543	0.406114	0.406114	-1.07653	0.170494	0.185125	1.24645	1.24645	-1.34889	0.487192	0.438116
6	0.595265	0.0759759	0.0759759	-0.910617	-0.133589	-0.142647	0.233186	0.233186	-1.141	-0.410013	-0.300351
6	0.624568	0.243093	0.243093	-0.679657	-0.00952684	0.00260515	0.746104	0.746104	-0.85161	-0.0252397	0.00549924
6	0.659952	-0.218611	-0.218611	-1.55265	-0.454979	-0.447212	-0.670963	-0.670963	-1.94548	-1.25631	-1.00036
6	0.790594	0.0891726	0.0891726	-0.524938	-0.160245	-0.130316	0.273689	0.273689	-0.657747	-0.388062	-0.300044
6	1.48528	0.569804	0.569804	-1.00626	0.107228	0.0993077	1.74885	1.74885	-1.26084	0.135668	0.111947
6	1.43832	0.271684	0.271684	-1.43562	-0.181351	-0.0478973	0.833857	0.833857	-1.79883	-0.257707	-0.0652549
6	0.272923	-0.114271	-0.114271	-0.842056	-0.340196	-0.279245	-0.350722	-0.350722	-1.0551	-0.922229	-0.684008
6	1.9193	0.399044	0.399044	-0.981015	-0.802608	-0.535365	1.22475	1.22475	-1.22921	-0.802996	-0.619429
6	0.905726	0.206599	0.206599	-1.32076	-0.0604084	-0.0240334	0.634095	0.634095	-1.65491	-0.158214	-0.0527876
6	0.233436	-0.153243	-0.153243	-1.01178	-0.376617	-0.350077	-0.470335	-0.470335	-1.26776	-1.0924	-0.857485
6	0.741451	0.0818854	0.0818854	-1.35321	-0.185509	-0.161864	0.251324	0.251324	-1.69558	-0.423856	-0.336913
6	0.28107	-0.0809775	-0.0809775	-0.670425	-0.344565	-0.318464	-0.248537	-0.248537	-0.840042	-0.756123	-0.713999
6	0.295115	-0.490645	-0.490645	-1.17726	-0.720522	-0.686482	-1.50589	-1.50589	-1.47511	-2.03133	-1.57271
6	1.31123	0.691502	0.691502	-0.912416	0.328308	0.381563	2.12236	2.12236	-1.14326	0.606921	0.670598
6	1.02507	-0.180681	-0.180681	-2.05942	-0.479791	-0.435499	-0.554548	-0.554548	-2.58045	-1.06724	-0.881992
6	1.37907	0.599219	0.599219	-1.53497	0.239994	0.246357	1.83913	1.83913	-1.92332	0.400461	0.354793
6	0.860675	-0.133237	-0.133237	-1.24648	-0.413586	-0.359786	-0.408932	-0.408932	-1.56183	-1.00294	-0.819217
6	1.29329	0.354157	0.354157	-1.77249	-0.00696157	0.0182835	1.08698	1.08698	-2.22093	-0.0126911	0.0253554
6	2.59291	0.0137045	-0.516402	-2.27525	-0.832394	-0.853096	0.042062	-1.44685	-2.85088	-0.843178	-0.692639
6	1.52339	0.343946	0.343946	-0.997732	-0.314064	-0.276451	1.05564	1.05564	-1.25016	-0.476297	-0.34511
6	0.646949	0.222828	0.222828	-0.723847	-0.00586469	0.0310181	0.683906	0.683906	-0.90698	-0.016206	0.0709516
6	0.767938	-0.553016	-0.553016	-1.8167	-0.794464	-0.757995	-1.69732	-1.69732	-2.27633	-2.1933	-1.8567
6	0.757083	0.27991	0.27991	-0.952249	0.0330025	0.0635602	0.859103	0.859103	-1.19317	0.088524	0.150303
6	0.110049	0.289528	0.289528	-0.0447015	0.00210959	0.0897094	0.888623	0.888623	-0.056011	0.00522169	0.219742
6	0.693145	0.304295	0.304295	-0.741743	0.0715842	0.102424	0.933946	0.933946	-0.929404	0.195017	0.246281
6	2.75627	0.324619	-0.154045	-1.21526	-1.4124	-1.2311	0.996323	-0.431602	-1.52272	-1.38152	-1.31104
6	1.00143	0.00337301	0.00337301	-1.96375	-0.272141	-0.262399	0.0103525	0.0103525	-2.46058	-0.683488	-0.540906
6	0.776662	0.161673	0.161673	-1.36896	-0.0850215	-0.0587185	0.496209	0.496209	-1.71531	-0.229972	-0.132286
6	1.00168	-0.124345	-0.124345	-1.00462	-0.393163	-0.376902	-0.38164	-0.38164	-1.25878	-0.984108	-0.841821
6	0.315904	-0.40758	-0.40758	-1.13799	-0.612146	-0.605209	-1.25095	-1.25095	-1.4259	-1.65219	-1.48245
6	0.394204	0.229773	0.229773	-0.904545	0.0130288	-0.0250416	0.705223	0.705223	-1.13339	0.0397006	-0.0481618
6	1.31671	-0.248056	-0.248056	-2.42584	-0.557135	-0.534188	-0.761336	-0.761336	-3.03957	-0.975904	-0.931436
6	1.89483	0.102845	0.102845	-2.08598	-0.866678	-0.829217	0.315653	0.315653	-2.61374	-1.0088	-0.834714
6	0.947718	0.26689	0.26689	-1.2496	0.0294451	0.0340549	0.819141	0.819141	-1.56575	0.0849806	0.0786353
6	0.857568	-0.107006	-0.107006	-1.2693	-0.314765	-0.318018	-0.328425	-0.328425	-1.59043	-0.942041	-0.778983
6	1.0254	-0.310245	-0.310245	-1.88176	-0.567033	-0.551337	-0.952209	-0.952209	-2.35784	-1.43771	-1.14201
6	1.70333	-0.416706	-0.416706	-1.66995	-0.974624	-0.845176	-1.27896	-1.27896	-2.09245	-1.16756	-1.31761
6	0.741574	0.0960792	0.0960792	-1.5819	-0.187795	-0.108023	0.294887	0.294887	-1.98212	-0.429093	-0.251582
6	0.274414	0.365871	0.365871	-0.496884	0.115821	0.13938	1.12293	1.12293	-0.622596	0.264876	0.324487
6	2.57979	-0.172211	-0.556451	-2.99951	-2.63433	-2.32161	-0.528551	-1.55906	-3.75838	-2.5879	-1.74001
6	0.534618	-0.786072	-0.786072	-1.59849	-1.02331	-0.983573	-2.41262	-2.41262	-2.00291	-2.81498	-2.40925
6	0.302844	-0.629176	-0.629176	-1.20007	-0.841973	-0.83173	-1.93107	-1.93107	-1.50369	-2.54217	-2.02225
6	0.778271	0.184735	0.184735	-0.898176	-0.0490555	-0.0191962	0.566989	0.566989	-1.12542	-0.136621	-0.0457127
6	0.890926	0.316104	0.316104	-0.876403	0.0688526	0.0855478	0.97019	0.97019	-1.09813	0.188098	0.18686
6	1.22417	0.701766	0.701766	-0.409175	0.388025	0.399795	2.15387	2.15387	-0.512696	0.819666	0.755585
6	0.627865	-0.348775	-0.348775	-1.70157	-0.608773	-0.572569	-1.07047	-1.07047	-2.13206	-1.55099	-1.4025
6	0.608107	0.102282	0.102282	-0.933682	-0.15	-0.105179	0.313925	0.313925	-1.1699	-0.417259	-0.257636
6	1.36751	0.666761	0.666761	-0.362145	0.284439	0.357591	2.04643	2.04643	-0.453768	0.502232	0.572579
6	0.548038	0.180407	0.180407	-0.910966	-0.0340942	-0.0381992	0.553706	0.553706	-1.14144	-0.100055	-0.0888847
6	0.868023	0.0659517	0.0659517	-1.21586	-0.16461	-0.187741	0.20242	0.20242	-1.52348	-0.431276	-0.358135
6	0.767678	-0.17955	-0.17955	-1.38409	-0.401063	-0.384026	-0.551076	-0.551076	-1.73427	-1.08135	-0.940669
6	0.426988	-0.101542	-0.101542	-1.26111	-0.325119	-0.299939	-0.311652	-0.311652	-1.58017	-0.878734	-0.734696
6	1.08306	0.435643	0.435643	-0.609938	0.130544	0.178739	1.33708	1.33708	-0.764252	0.25975	0.372869
6	0.675934	-0.256897	-0.256897	-1.29035	-0.490732	-0.501996	-0.78847	-0.78847	-1.6168	-1.34928	-1.06272
6	0.413695	0.491191	0.491191	-0.0335469	0.238059	0.31097	1.50757	1.50757	-0.0420343	0.655142	0.761718
6	0.277425	-0.0853549	-0.0853549	-0.976092	-0.329034	-0.299645	-0.261972	-0.261972	-1.22304	-0.860044	-0.733979
6	0.610512	-0.106991	-0.106991	-0.962466	-0.328847	-0.321174	-0.328378	-0.328378	-1.20597	-0.943373	-0.761596
6	2.23995	0.352834	0.352834	-1.65007	-0.633908	-0.602262	1.08292	1.08292	-2.06753	-0.872913	-0.655298
6	1.74895	0.154443	0.154443	-1.30128	-0.341944	-0.353389	0.474018	0.474018	-1.6305	-0.567355	-0.501891
6	0.82195	0.0216157	0.0216157	-0.77749	-0.252379	-0.185127	0.0663433	0.0663433	-0.974195	-0.656651	-0.440129
6	0.88677	-0.70642	-0.70642	-1.64557	-0.956159	-0.915883	-2.16815	-2.16815	-2.0619	-2.50688	-2.24345
6	1.12942	0.284329	0.284329	-1.38154	-0.00986048	0.0569061	0.872665	0.872665	-1.73107	-0.0223624	0.11571
6	0.24241	-0.411905	-0.411905	-1.07639	-0.615921	-0.610346	-1.26422	-1.26422	-1.34871	-1.83809	-1.49504
6	0.335916	-0.111012	-0.111012	-0.842924	-0.308159	-0.324846	-0.340721	-0.340721	-1.05618	-0.932122	-0.795707
6	2.15276	0.757158	0.757158	-1.71119	-1.51778	-1.28576	2.32388	2.32388	-2.14412	-1.44627	-1.02259
6	0.34238	0.34829	0.34829	-0.751395	0.128495	0.1233	1.06897	1.06897	-0.941498	0.372074	0.297465
6	0.830939	0.2013	0.2013	-0.726193	-0.0653518	-0.0173822	0.617831	0.617831	-0.90992	-0.169473	-0.0416887
6	1.04113	-0.367609	-0.367609	-2.03009	-0.602999	-0.611014	-1.12827	-1.12827	-2.5437	-1.66697	-1.11776
6	1.03459	-0.0265318	-0.0265318	-1.75881	-0.26385	-0.251091	-0.0814315	-0.0814315	-2.20379	-0.694566	-0.578333
6	1.41446	-0.404442	-0.404442	-1.94322	-0.803798	-0.8615	-1.24132	-1.24132	-2.43486	-1.43788	-1.20378
6	0.794	-0.426779	-0.426779	-1.29954	-0.656156	-0.634458	-1.30987	-1.30987	-1.62832	-1.83196	-1.5541
6	0.677145	-0.458038	-0.458038	-1.62691	-0.685686	-0.666762	-1.40582	-1.40582	-2.03852	-1.94732	-1.61869
6	0.611028	-0.537516	-0.537516	-1.70965	-0.766748	-0.741791	-1.64975	-1.64975	-2.14219	-2.07254	-1.78871
6	1.16051	0.114786	0.114786	-1.41549	-0.158601	-0.156203	0.352302	0.352302	-1.77361	-0.371555	-0.277355
6	1.45803	-0.285257	-0.285257	-1.98737	-0.632386	-0.640579	-0.875513	-0.875513	-2.49018	-1.1233	-0.915126
6	0.523879	0.802383	0.802383	-0.196677	0.597758	0.591403	2.46268	2.46268	-0.246436	1.83464	1.44864
6	0.0748084	-0.134553	-0.134553	-0.530729	-0.333047	-0.344077	-0.412971	-0.412971	-0.665004	-1.02219	-0.793909
6	0.171118	-0.235428	-0.235428	-0.860321	-0.444183	-0.432246	-0.722578	-0.722578	-1.07798	-1.33208	-1.05878
6	0.57425	-0.112723	-0.112723	-1.22687	-0.348825	-0.327016	-0.34597	-0.34597	-1.53727	-0.804955	-0.742031
6	0.610664	0.49203	0.49203	-0.646321	0.24494	0.269683	1.51014	1.51014	-0.809841	0.58671	0.625598
6	0.195518	0.11785	0.11785	-0.597771	-0.0981075	-0.0801471	0.361708	0.361708	-0.749008	-0.268235	-0.196319
6	0.369431	-0.18687	-0.18687	-0.946537	-0.382353	-0.38134	-0.573542	-0.573542	-1.18601	-1.13221	-0.934088
6	0.988568	-0.0875797	-0.0875797	-1.61984	-0.324313	-0.328628	-0.268801	-0.268801	-2.02966	-0.826289	-0.647845
6	0.637997	0.22689	0.22689	-0.915616	-0.0199291	0.0156527	0.696372	0.696372	-1.14727	-0.0471127	0.0355017
6	0.916293	-0.441231	-0.441231	-2.03358	-0.702904	-0.700683	-1.35423	-1.35423	-2.54808	-1.74818	-1.5335
6	1.37091	0.156193	0.156193	-1.4752	-0.171007	-0.215623	0.479389	0.479389	-1.84842	-0.277393	-0.313333
6	0.974583	0.203394	0.203394	-1.4574	-0.0439866	-0.0340891	0.624259	0.624259	-1.82613	-0.119546	-0.0733115
6	2.57113	-0.49718	-0.97022	-2.4445	-1.38913	-1.34695	-1.52595	-2.71836	-3.06296	-1.83233	-1.51005
6	0.349911	-0.348827	-0.348827	-1.19965	-0.58926	-0.559714	-1.07062	-1.07062	-1.50317	-1.69643	-1.37101
6	0.406675	0.0689377	0.0689377	-0.77127	-0.199027	-0.151835	0.211584	0.211584	-0.966401	-0.477223	-0.371919
6	1.13559	0.48891	0.48891	-0.692359	0.155835	0.227921	1.50057	1.50057	-0.867525	0.248182	0.489482
6	0.903138	0.199949	0.199949	-1.3539	-0.0525418	0.0208951	0.613687	0.613687	-1.69644	-0.125133	0.0464496
6	2.30715	0.036331	-0.287909	-2.56716	-1.45294	-0.970913	0.111508	-0.80666	-3.21665	-0.949223	-0.703878
6	1.18694	0.717005	0.717005	-0.259109	0.443466	0.428909	2.20064	2.20064	-0.324663	0.985699	0.859568
6	0.322202	0.46202	0.46202	-0.0730513	0.239585	0.291598	1.41804	1.41804	-0.0915332	0.658233	0.714267
6	1.02886	-0.411681	-0.411681	-2.2558	-0.663658	-0.645851	-1.26354	-1.26354	-2.82651	-1.65931	-1.35815
6	0.398272	0.636183	0.636183	-0.383374	0.426081	0.438807	1.95258	1.95258	-0.480367	1.26285	1.06672
6	1.57014	0.176507	0.176507	-1.47121	-0.630797	-0.557167	0.541736	0.541736	-1.84343	-0.782819	-0.610061
6	0.81075	0.0968956	0.0968956	-1.17646	-0.173769	-0.152528	0.297393	0.297393	-1.4741	-0.412112	-0.318384
6	0.232476	-1.3647	-1.3647	-2.01675	-1.6034	-1.56354	-4.18855	-4.18855	-2.52699	-4.36347	-3.6215
6	1.23088	-0.525074	-0.525074	-2.10104	-0.808162	-0.832255	-1.61156	-1.61156	-2.6326	-1.79875	-1.28079
6	1.08354	-0.637525	-0.637525	-1.67582	-0.960437	-0.919742	-1.9567	-1.9567	-2.0998	-2.09518	-1.67291
6	2.98802	0.432035	-0.135119	-1.28552	-1.11052	-1.05242	1.32601	-0.378576	-1.61075	-0.78534	-0.696551
6	0.101591	0.00997495	0.00997495	-0.284141	-0.150946	-0.209545	0.0306152	0.0306152	-0.356029	-0.463286	-0.509032
6	0.947129	0.204336	0.204336	-1.3867	-0.0674107	-0.0452934	0.62715	0.62715	-1.73753	-0.17451	-0.0969861
6	0.426036	0.167381	0.167381	-0.663736	-0.0871169	-0.0586023	0.513729	0.513729	-0.831661	-0.182615	-0.129256
6	0.688864	0.801793	0.801793	-0.344446	0.515947	0.61232	2.46087	2.46087	-0.43159	1.07742	1.47186
6	0.196229	0.398708	0.398708	-0.130011	0.141425	0.209605	1.22372	1.22372	-0.162904	0.383353	0.513426
6	0.294548	0.54926	0.54926	-0.241742	0.356189	0.328371	1.6858	1.6858	-0.302903	1.00896	0.804343
6	0.655308	0.330334	0.330334	-0.24046	0.0525692	0.125882	1.01386	1.01386	-0.301297	0.121446	0.308346
6	1.1081	0.165579	0.165579	-0.976191	-0.058765	-0.137269	0.508198	0.508198	-1.22317	-0.149489	-0.223287
6	0.289265	0.527727	0.527727	-0.396376	0.317378	0.301181	1.61971	1.61971	-0.49666	0.929907	0.735055
6	1.2146	0.461831	0.461831	-0.708639	0.0758339	0.117008	1.41746	1.41746	-0.887925	0.156327	0.194516
6	1.62045	-0.252472	-0.252472	-2.06253	-0.782249	-0.71061	-0.77489	-0.77489	-2.58435	-1.07761	-0.887931
6	0.411747	0.0433351	0.0433351	-0.534439	-0.168549	-0.149611	0.133005	0.133005	-0.669653	-0.487507	-0.36514
6	2.03739	0.570675	0.570675	-1.99896	-0.472257	-0.418476	1.75152	1.75152	-2.50469	-0.372593	-0.310194
6	0.548749	0.563575	0.563575	-0.334387	0.332933	0.372741	1.72973	1.72973	-0.418987	0.888379	0.913025
6	1.87527	-0.678147	-0.678147	-2.46316	-1.92399	-1.87516	-2.08138	-2.08138	-3.08634	-2.29522	-1.83606
6	0.413322	-0.0111465	-0.0111465	-1.13564	-0.235239	-0.234411	-0.0342111	-0.0342111	-1.42296	-0.653361	-0.504359
6	0.581352	-0.00366234	-0.00366234	-1.39621	-0.228702	-0.241675	-0.0112405	-0.0112405	-1.74946	-0.65795	-0.550895
6	1.72003	0.413945	0.413945	-1.30229	-0.465782	-0.339596	1.27048	1.27048	-1.63177	-0.560694	-0.380079
6	0.293712	0.0522594	0.0522594	-0.876475	-0.19464	-0.175441	0.160395	0.160395	-1.09822	-0.491539	-0.409022
6	2.33357	-0.229501	-0.629455	-2.11003	-1.38414	-1.39455	-0.704388	-1.7636	-2.64387	-1.09061	-0.872595
6	0.718095	0.718767	0.718767	-0.0769537	0.474229	0.506714	2.20605	2.20605	-0.096423	1.25965	1.17785
6	1.21078	0.500317	0.500317	-1.12528	0.219701	0.177502	1.53558	1.53558	-1.40997	0.548485	0.318309
6	1.20626	-0.545693	-0.545693	-1.86872	-0.888866	-0.812432	-1.67485	-1.67485	-2.3415	-1.86223	-1.56182
6	0.922184	-0.0770561	-0.0770561	-1.02865	-0.309471	-0.314394	-0.236502	-0.236502	-1.2889	-0.835143	-0.602543
6	1.3095	0.761849	0.761849	-0.509963	0.380075	0.430369	2.33828	2.33828	-0.638983	0.643839	0.659603
6	0.325244	-0.719139	-0.719139	-1.37974	-0.914307	-0.911343	-2.20719	-2.20719	-1.72881	-2.60498	-2.14751
6	0.498159	-0.038146	-0.038146	-0.863213	-0.25362	-0.268628	-0.117078	-0.117078	-1.08161	-0.744066	-0.552381
6	0.871629	-0.419662	-0.419662	-1.58896	-0.686279	-0.622835	-1.28803	-1.28803	-1.99097	-1.33657	-1.52563
6	1.3056	-0.372123	-0.372123	-1.34618	-0.65561	-0.683731	-1.14212	-1.14212	-1.68677	-1.44994	-1.24479
6	0.578661	-0.634104	-0.634104	-1.71373	-0.861495	-0.869681	-1.9462	-1.9462	-2.1473	-2.33621	-1.79075
6	1.07435	-0.578041	-0.578041	-1.4995	-0.8524	-0.855751	-1.77413	-1.77413	-1.87887	-1.95218	-1.59815
6	0.765553	-0.0862212	-0.0862212	-0.666081	-0.327041	-0.288794	-0.264631	-0.264631	-0.834599	-0.868202	-0.707399
6	0.222762	-0.699877	-0.699877	-1.42512	-0.937958	-0.925952	-2.14807	-2.14807	-1.78567	-2.6508	-1.9394
6	1.04818	-0.191188	-0.191188	-1.54976	-0.458021	-0.445365	-0.586795	-0.586795	-1.94185	-1.16001	-0.861354
6	0.179047	0.843031	0.843031	0.0124389	0.622213	0.628668	2.58744	2.58744	0.0155859	1.76203	1.44225
6	1.20488	0.138744	0.138744	-1.11565	-0.210669	-0.15709	0.425834	0.425834	-1.3979	-0.392542	-0.311656
6	0.788034	0.543589	0.543589	-0.534713	0.315999	0.324679	1.66839	1.66839	-0.669995	0.908061	0.759054
6	0.635552	-0.232016	-0.232016	-1.60649	-0.4434	-0.422784	-0.712107	-0.712107	-2.01294	-1.22164	-1.03561
6	0.461381	-0.195438	-0.195438	-1.29512	-0.415253	-0.414193	-0.599839	-0.599839	-1.62279	-1.23412	-0.960396
6	1.44444	-0.210236	-0.210236	-1.54079	-0.618906	-0.616836	-0.645259	-0.645259	-1.93061	-0.916519	-0.781292
6	0.410062	0.452676	0.452676	-0.562054	0.217143	0.167498	1.38936	1.38936	-0.704253	0.615999	0.154528
6	0.925017	0.492732	0.492732	-0.842925	0.280121	0.231452	1.5123	1.5123	-1.05618	0.808064	0.485082
6	1.04465	-0.658294	-0.658294	-2.28741	-0.957369	-0.894133	-2.02044	-2.02044	-2.86612	-1.9985	-1.91208
6	0.345219	0.403241	0.403241	-0.426015	0.142169	0.188594	1.23763	1.23763	-0.533796	0.325072	0.423382
6	0.794094	0.32096	0.32096	-0.402627	0.0939875	0.13023	0.985094	0.985094	-0.504492	0.264392	0.31564
6	2.5656	0.54101	0.0975334	-1.14545	-0.500111	-0.297104	1.66047	0.273268	-1.43525	-0.550272	-0.320936
6	1.09416	-0.366041	-0.366041	-1.80424	-0.654805	-0.629648	-1.12346	-1.12346	-2.26071	-1.59691	-1.31874
6	0.949954	0.170751	0.170751	-1.08341	-0.0531523	-0.0430205	0.52407	0.52407	-1.35751	-0.153572	-0.10444
6	0.833776	-0.0901927	-0.0901927	-1.51529	-0.342136	-0.314058	-0.27682	-0.27682	-1.89866	-0.862662	-0.685043
6	1.87392	0.719219	0.719219	-0.85833	0.195824	0.240665	2.20743	2.20743	-1.07549	0.258407	0.29099
6	0.370661	0.368952	0.368952	-0.650075	0.139744	0.168465	1.13239	1.13239	-0.814544	0.399706	0.404549
6	1.28652	-0.0917679	-0.0917679	-1.59812	-0.439254	-0.437846	-0.281655	-0.281655	-2.00244	-0.900605	-0.699221
6	0.328805	0.192702	0.192702	-0.405261	-0.0555949	-0.026253	0.591442	0.591442	-0.507792	-0.149909	-0.0624056
6	4.06319	-0.141104	-0.857906	-1.77598	-1.70451	-1.70539	-0.433077	-2.40367	-2.2253	-1.57147	-1.2727
6	1.54265	-0.266311	-0.266311	-1.85086	-0.734304	-0.617655	-0.817363	-0.817363	-2.31913	-1.05979	-0.813679
6	1.30069	-0.544402	-0.544402	-1.66354	-0.894949	-0.868599	-1.67088	-1.67088	-2.08441	-2.01335	-1.70121
6	0.829755	0.217118	0.217118	-1.1701	0.0150414	0.0127126	0.66638	0.66638	-1.46614	0.0416115	0.0289401
6	0.849066	-0.207457	-0.207457	-1.36613	-0.50176	-0.424032	-0.636729	-0.636729	-1.71176	-1.11176	-0.992754
6	0.590891	-0.120298	-0.120298	-1.18137	-0.364146	-0.333372	-0.369221	-0.369221	-1.48026	-0.91481	-0.804745
6	1.03911	-0.225663	-0.225663	-2.05511	-0.479055	-0.485221	-0.692607	-0.692607	-2.57505	-1.1521	-1.00265
6	0.536491	-0.0338942	-0.0338942	-1.1028	-0.252952	-0.219176	-0.104028	-0.104028	-1.38181	-0.697913	-0.536869
6	0.179593	-0.216944	-0.216944	-1.04877	-0.440129	-0.45147	-0.665846	-0.665846	-1.31411	-1.17891	-1.07388
6	0.329737	-0.751802	-0.751802	-1.62047	-0.995992	-0.962132	-2.30744	-2.30744	-2.03045	-2.45018	-2.35673
6	0.630854	-0.0210273	-0.0210273	-0.931043	-0.223619	-0.244368	-0.0645372	-0.0645372	-1.1666	-0.686334	-0.562238
6	0.681134	-0.0277398	-0.0277398	-0.751223	-0.266378	-0.259926	-0.0851392	-0.0851392	-0.941282	-0.664002	-0.477353
6	0.850461	-0.223134	-0.223134	-1.17297	-0.447312	-0.466438	-0.684846	-0.684846	-1.46973	-1.23354	-1.04098
6	1.61485	0.400625	0.400625	-1.23143	-0.0618243	-0.0550343	1.2296	1.2296	-1.54298	-0.0866558	-0.0624348
6	1.27009	0.473749	0.473749	-1.11252	0.176271	0.114685	1.45404	1.45404	-1.39399	0.394622	0.18426
6	1.2607	-0.684226	-0.684226	-1.66566	-1.14497	-1.05272	-2.10003	-2.10003	-2.08708	-1.975	-1.64979
6	0.334783	0.235892	0.235892	-0.692766	0.0483517	0.00493662	0.724001	0.724001	-0.868036	0.148401	0.0114607
6	1.65072	-0.595927	-0.595927	-1.96682	-1.27366	-1.21262	-1.82903	-1.82903	-2.46443	-1.41754	-1.18185
6	1.02442	-0.0176653	-0.0176653	-1.19098	-0.27576	-0.248279	-0.0542185	-0.0542185	-1.49229	-0.664868	-0.584323
6	0.552939	-0.0488189	-0.0488189	-1.16486	-0.278773	-0.255872	-0.149836	-0.149836	-1.45957	-0.784398	-0.607604
6	1.89722	0.816328	0.816328	-1.22917	0.381176	0.326216	2.50548	2.50548	-1.54015	0.567189	0.331273
6	0.897498	-0.332043	-0.332043	-1.58816	-0.5641	-0.536452	-1.01911	-1.01911	-1.98996	-1.49613	-1.31403
6	0.373608	0.468396	0.468396	-0.433875	0.258934	0.259156	1.43761	1.43761	-0.543645	0.731406	0.591165
6	1.48023	0.718525	0.718525	-0.848178	0.339133	0.340154	2.20531	2.20531	-1.06277	0.645659	0.493352
6	0.625851	-0.0764459	-0.0764459	-1.18073	-0.317897	-0.283495	-0.234629	-0.234629	-1.47945	-0.879117	-0.633996
6	0.90908	0.54803	0.54803	-0.747896	0.318396	0.298099	1.68202	1.68202	-0.937113	0.888273	0.662732
6	0.202928	0.661644	0.661644	-0.220662	0.44805	0.453183	2.03073	2.03073	-0.276489	1.34458	1.05415
6	1.62668	0.0293596	0.0293596	-2.26198	-0.547373	-0.457164	0.0901107	0.0901107	-2.83426	-0.677503	-0.504725
6	0.59749	0.85709	0.85709	-0.0616723	0.631059	0.664415	2.63059	2.63059	-0.0772754	1.69703	1.62748
6	1.54234	0.591015	0.591015	-0.889373	-0.0632683	-0.00440772	1.81395	1.81395	-1.11438	-0.101666	-0.00603302
6	0.800236	0.357599	0.357599	-0.972994	0.11562	0.161972	1.09755	1.09755	-1.21916	0.346674	0.396748
6	1.98082	-0.014618	-0.014618	-1.28285	-0.549582	-0.500637	-0.0448659	-0.0448659	-1.60741	-0.694985	-0.539214
6	0.580983	-0.162308	-0.162308	-1.52788	-0.398489	-0.407902	-0.498158	-0.498158	-1.91443	-1.12481	-0.911688
6	0.851351	-0.339892	-0.339892	-1.52003	-0.599686	-0.568942	-1.0432	-1.0432	-1.9046	-1.56755	-1.26158
6	0.737125	-0.283951	-0.283951	-1.58751	-0.558416	-0.460702	-0.871505	-0.871505	-1.98915	-1.32717	-1.12848
6	2.27216	0.567999	0.25942	-2.22563	-0.368495	-0.11572	1.74331	0.726841	-2.78871	-0.319613	-0.0983861
6	0.738152	-0.113824	-0.113824	-1.20218	-0.348913	-0.34735	-0.34935	-0.34935	-1.50633	-0.851295	-0.601425
6	0.510135	-0.277955	-0.277955	-1.13993	-0.505078	-0.522895	-0.853104	-0.853104	-1.42834	-1.33406	-0.986517
6	1.57279	0.25011	0.25011	-1.39155	-0.248633	-0.182365	0.767641	0.767641	-1.74362	-0.370047	-0.243361
6	0.0663743	0.0971822	0.0971822	-0.300366	-0.107883	-0.118157	0.298273	0.298273	-0.376358	-0.331117	-0.289424
6	1.10902	0.347289	0.347289	-1.11505	0.0279695	0.0401368	1.0659	1.0659	-1.39715	0.063463	0.0749768
6	0.428876	0.522648	0.522648	-0.176596	0.29071	0.266703	1.60412	1.60412	-0.221275	0.831817	0.45404
6	1.19572	-0.7277	-0.7277	-2.07857	-1.14812	-1.06206	-2.23346	-2.23346	-2.60445	-1.95953	-1.80365
6	1.43277	0.717001	0.717001	-0.657079	0.286164	0.310604	2.20063	2.20063	-0.82332	0.565391	0.535543
6	0.579423	0.252434	0.252434	-0.306898	0.0152228	0.00568597	0.774773	0.774773	-0.384543	0.0406217	0.012187
6	0.325654	-0.00809367	-0.00809367	-0.73911	-0.231395	-0.205779	-0.0248412	-0.0248412	-0.926105	-0.7102	-0.504052
6	1.6151	-0.25454	-0.25454	-2.20356	-1.24398	-1.05959	-0.781237	-0.781237	-2.76107	-1.49276	-1.09305
6	0.389459	0.195381	0.195381	-0.213194	-0.0607365	0.0113275	0.599665	0.599665	-0.267132	-0.156584	0.0277466
6	1.16278	-0.144503	-0.144503	-1.30549	-0.424909	-0.392758	-0.44351	-0.44351	-1.63577	-1.03467	-0.793816
6	0.289031	0.0583785	0.0583785	-0.522414	-0.188468	-0.167916	0.179176	0.179176	-0.654585	-0.455231	-0.401051
6	2.80597	0.0875721	-0.433605	-2.53743	-1.25431	-1.06217	0.268777	-1.21487	-3.1794	-0.919416	-0.751422
6	0.508948	-0.241379	-0.241379	-1.28445	-0.46569	-0.478307	-0.740843	-0.740843	-1.60941	-1.25853	-0.929833
6	1.03118	0.45736	0.45736	-0.689783	0.211798	0.222195	1.40373	1.40373	-0.864299	0.570178	0.450606
6	1.95363	0.371847	0.371847	-0.90994	-0.576345	-0.6023	1.14128	1.14128	-1.14015	-0.575286	-0.30059
6	1.9818	0.166664	0.166664	-0.866738	-0.788739	-0.713489	0.511526	0.511526	-1.08602	-1.10019	-0.910558
6	0.235215	0.281123	0.281123	-0.204415	0.0747248	0.0982855	0.862826	0.862826	-0.256132	0.227232	0.240749
6	0.782998	0.289082	0.289082	-1.19126	0.0347897	0.0775967	0.887253	0.887253	-1.49265	0.0855967	0.18158
6	1.28375	-0.0548827	-0.0548827	-1.3956	-0.481611	-0.466865	-0.168447	-0.168447	-1.74868	-0.906147	-0.699014
6	0.466672	0.564717	0.564717	-0.681089	0.32281	0.330823	1.73323	1.73323	-0.853405	0.896342	0.688443
6	0.595933	1.12591	1.12591	0.0254996	0.886014	0.905393	3.45565	3.45565	0.031951	2.66269	2.02476
6	0.331492	0.355256	0.355256	-0.136065	0.138264	0.133396	1.09035	1.09035	-0.17049	0.38969	0.287409
6	1.50684	0.0166533	0.0166533	-1.97445	-0.689298	-0.637109	0.0511125	0.0511125	-2.47399	-0.978415	-0.797805
6	0.824388	0.0185698	0.0185698	-1.03492	-0.211679	-0.215798	0.0569945	0.0569945	-1.29675	-0.537426	-0.472221
6	1.07335	0.761794	0.761794	-0.479556	0.463481	0.509231	2.33811	2.33811	-0.600884	1.03072	1.04698
6	1.33039	-0.227491	-0.227491	-2.02444	-0.806258	-0.661474	-0.698218	-0.698218	-2.53662	-1.16229	-0.960642
6	0.504095	0.670067	0.670067	-0.620041	0.448345	0.451489	2.05658	2.05658	-0.776911	1.29644	0.936649
6	0.65882	-0.373166	-0.373166	-1.58615	-0.580979	-0.635841	-1.14532	-1.14532	-1.98744	-1.6959	-1.10225
6	0.717285	-0.503022	-0.503022	-1.43804	-0.760507	-0.745193	-1.54388	-1.54388	-1.80186	-1.88687	-1.56421
6	1.41542	0.0769788	0.0769788	-2.01602	-0.444203	-0.444217	0.236264	0.236264	-2.52607	-0.676113	-0.575388
6	0.954064	0.0607971	0.0607971	-0.768277	-0.176204	-0.162204	0.186599	0.186599	-0.962651	-0.494969	-0.354262
6	0.177207	0.499609	0.499609	-0.306636	0.262944	0.309527	1.5334	1.5334	-0.384216	0.706654	0.750162
6	0.299142	1.19808	1.19808	0.605131	0.98813	0.985895	3.67715	3.67715	0.758229	3.03278	2.41494
6	0.582165	-0.225517	-0.225517	-1.39623	-0.476495	-0.436765	-0.69216	-0.69216	-1.74947	-1.1789	-1.05125
6	0.431726	0.500264	0.500264	-0.168488	0.26228	0.296395	1.53542	1.53542	-0.211115	0.695029	0.691808
6	1.18957	-0.111687	-0.111687	-1.48172	-0.478557	-0.442867	-0.342792	-0.342792	-1.8566	-0.893354	-0.767042
6	0.973134	-0.107735	-0.107735	-1.09479	-0.368421	-0.328842	-0.330661	-0.330661	-1.37178	-0.912962	-0.763813
6	1.44477	0.504314	0.504314	-1.17272	-0.0319498	-0.0226191	1.54785	1.54785	-1.46942	-0.0558514	-0.0306573
6	0.217149	-0.0627661	-0.0627661	-0.731618	-0.31307	-0.271765	-0.192642	-0.192642	-0.916718	-0.845778	-0.585694
6	1.02523	0.0358108	0.0358108	-1.52664	-0.216967	-0.200162	0.109911	0.109911	-1.91288	-0.481212	-0.430257
6	0.29503	0.000714229	0.000714229	-0.445742	-0.230309	-0.176881	0.00219212	0.00219212	-0.558515	-0.657364	-0.433269
6	1.22242	0.485828	0.485828	-0.989216	0.142791	0.230999	1.49111	1.49111	-1.23949	0.27065	0.426712
6	0.710051	-0.348852	-0.348852	-1.07021	-0.584021	-0.609168	-1.0707	-1.0707	-1.34097	-1.68359	-1.09378
6	2.08135	-0.243662	-0.243662	-2.52914	-0.876992	-0.844728	-0.747851	-0.747851	-3.16901	-1.00964	-0.845735
6	0.29772	0.37435	0.37435	-0.235297	0.139634	0.160389	1.14896	1.14896	-0.294827	0.352692	0.392872
6	0.626781	-0.260349	-0.260349	-1.22127	-0.492848	-0.468657	-0.799066	-0.799066	-1.53026	-1.36218	-1.07531
6	1.28368	0.239094	0.239094	-1.27579	-0.0730193	-0.0576131	0.733828	0.733828	-1.59856	-0.145198	-0.095713
6	0.613529	-0.134263	-0.134263	-0.994239	-0.356137	-0.306294	-0.412083	-0.412083	-1.24578	-0.982859	-0.750265
6	0.423617	0.394109	0.394109	-0.717141	0.145357	0.180664	1.2096	1.2096	-0.898578	0.39024	0.439569
6	1.63209	-0.0932463	-0.0932463	-1.672	-0.6317	-0.57186	-0.286193	-0.286193	-2.09502	-1.02003	-0.817438
6	0.34946	-0.163799	-0.163799	-1.03666	-0.440627	-0.383948	-0.502733	-0.502733	-1.29893	-1.08543	-0.877774
6	1.95588	-0.276878	-0.276878	-2.36276	-0.807482	-0.739787	-0.849798	-0.849798	-2.96054	-1.02727	-0.793063
6	2.26711	-0.180516	-0.671363	-1.98793	-1.26101	-1.18726	-0.554042	-1.88102	-2.49088	-1.49437	-1.4409
6	0.395466	-0.0761942	-0.0761942	-0.84011	-0.283878	-0.272719	-0.233856	-0.233856	-1.05266	-0.840518	-0.652803
6	1.43173	0.138198	0.138198	-1.82926	-0.256852	-0.262355	0.424158	0.424158	-2.29207	-0.4733	-0.336409
6	3.06686	0.048574	-0.906594	-2.54155	-1.08831	-0.932197	0.149084	-2.27193	-3.18457	-0.920297	-0.707017
6	0.603904	0.761362	0.761362	-0.0733277	0.522019	0.553354	2.33678	2.33678	-0.0918796	1.35084	1.22935
6	0.841358	-0.355526	-0.355526	-1.62098	-0.642538	-0.593589	-1.09118	-1.09118	-2.03108	-1.44557	-1.2908
6	1.03735	-0.497789	-0.497789	-2.06657	-0.796122	-0.763515	-1.52782	-1.52782	-2.58942	-1.72851	-1.37398
6	0.943711	-0.122448	-0.122448	-1.54882	-0.39389	-0.343855	-0.375818	-0.375818	-1.94067	-0.910238	-0.78599
6	0.713429	-0.409453	-0.409453	-1.52271	-0.652586	-0.606929	-1.2567	-1.2567	-1.90795	-1.72792	-1.48667
6	0.507424	0.728108	0.728108	-0.214798	0.485544	0.484365	2.23472	2.23472	-0.269142	1.32971	1.05669
6	1.24917	-0.345462	-0.345462	-2.17794	-0.70065	-0.632119	-1.06029	-1.06029	-2.72896	-1.24385	-1.1246
6	2.47816	0.530886	0.140995	-1.84208	-0.946009	-0.666067	1.6294	0.395038	-2.30813	-0.620035	-0.447004
6	0.989985	-0.242214	-0.242214	-1.80255	-0.472634	-0.481702	-0.743407	-0.743407	-2.2586	-1.31823	-1.03186
6	0.333403	0.0398947	0.0398947	-0.866679	-0.174599	-0.165816	0.122445	0.122445	-1.08595	-0.535881	-0.382905
6	0.406648	0.0638606	0.0638606	-0.65806	-0.171301	-0.121592	0.196002	0.196002	-0.824549	-0.492218	-0.297838
6	0.889142	0.467178	0.467178	-1.24699	0.187165	0.254421	1.43387	1.43387	-1.56247	0.459145	0.569635
6	1.18559	-0.0495877	-0.0495877	-1.55579	-0.365176	-0.318576	-0.152195	-0.152195	-1.94941	-0.634164	-0.581844
6	0.823716	0.329814	0.329814	-0.486577	0.0837418	0.128817	1.01227	1.01227	-0.60968	0.218942	0.315536
6	1.21945	0.317265	0.317265	-1.69608	0.0149014	0.0576816	0.973753	0.973753	-2.12519	0.0336712	0.10364
6	0.2098	-0.231364	-0.231364	-0.745171	-0.480246	-0.432232	-0.710104	-0.710104	-0.9337	-1.22804	-0.993534
6	2.20759	-0.366394	-0.366394	-2.45283	-1.05668	-1.04011	-1.12454	-1.12454	-3.0734	-1.13802	-0.884866
6	1.62851	-0.226638	-0.226638	-2.47672	-1.38652	-1.1323	-0.695599	-0.695599	-3.10333	-1.33793	-1.0669
6	1.24988	-0.0226306	-0.0226306	-1.36425	-0.537947	-0.419558	-0.069458	-0.069458	-1.70941	-0.832656	-0.545025
6	0.252015	-0.161518	-0.161518	-1.01269	-0.374905	-0.339494	-0.495734	-0.495734	-1.26891	-1.15066	-0.831586
6	1.67915	-0.158775	-0.158775	-1.38151	-0.660155	-0.540067	-0.487313	-0.487313	-1.73104	-0.932048	-0.743269
6	1.06172	0.56971	0.56971	-1.43527	0.292334	0.331857	1.74856	1.74856	-1.7984	0.708358	0.600948
6	1.88606	0.423106	0.423106	-1.48094	-0.242384	-0.171675	1.2986	1.2986	-1.85561	-0.280068	-0.174466
6	0.50737	-0.602249	-0.602249	-1.6576	-0.873232	-0.789866	-1.84843	-1.84843	-2.07697	-2.28653	-1.93477
6	0.622616	0.285616	0.285616	-0.509538	0.0694442	0.0679314	0.876616	0.876616	-0.638452	0.195231	0.149255
6	0.662197	0.277164	0.277164	-0.788937	0.014305	0.0618914	0.850675	0.850675	-0.988539	0.0370322	0.146089
6	2.6487	-0.312903	-1.00181	-2.93629	-1.86549	-1.46613	-0.960366	-2.51054	-3.67917	-1.30593	-1.05243
6	1.00648	-0.856171	-0.856171	-2.52896	-1.11129	-1.08918	-2.62777	-2.62777	-3.16878	-2.62251	-2.27351
6	1.47987	0.447978	0.447978	-0.978278	-0.269394	-0.17872	1.37494	1.37494	-1.22578	-0.363528	-0.232294
6	1.03168	0.103876	0.103876	-1.41843	-0.125484	-0.119345	0.318819	0.318819	-1.77729	-0.342249	-0.268607
6	1.39517	0.387112	0.387112	-1.27246	0.0620151	0.0650304	1.18813	1.18813	-1.5944	0.115028	0.110031
6	0.67507	-0.318012	-0.318012	-1.09818	-0.548475	-0.532075	-0.976045	-0.976045	-1.37602	-1.52324	-1.28916
6	1.15125	0.32699	0.32699	-1.32208	0.0449642	0.0554126	1.0036	1.0036	-1.65657	0.0944893	0.11174
6	0.546721	-0.185896	-0.185896	-1.01091	-0.4072	-0.363968	-0.570553	-0.570553	-1.26667	-1.16907	-0.891537
6	1.26828	0.289656	0.289656	-1.11383	-0.134378	-0.135462	0.889016	0.889016	-1.39563	-0.256137	-0.192648
6	1.5217	0.408094	0.408094	-0.90197	-0.252907	-0.193024	1.25252	1.25252	-1.13017	-0.354084	-0.248428
6	1.54753	0.402897	0.402897	-1.96711	-0.0650654	0.00426705	1.23658	1.23658	-2.46478	-0.0909294	0.00524823
6	0.828479	-0.497132	-0.497132	-1.79639	-0.711348	-0.711078	-1.5258	-1.5258	-2.25087	-2.10581	-1.51685
6	2.33105	0.545021	0.144429	-1.5995	-0.516657	-0.402461	1.67278	0.404661	-2.00418	-0.564495	-0.433227
6	0.795859	-0.472806	-0.472806	-1.65756	-0.725493	-0.668074	-1.45114	-1.45114	-2.07692	-1.93312	-1.63644
6	0.437849	0.216002	0.216002	-0.801388	-0.0247543	-0.0188519	0.662956	0.662956	-1.00414	-0.0673555	-0.0417166
6	1.2369	0.219285	0.219285	-1.26636	-0.109894	-0.0463037	0.673031	0.673031	-1.58675	-0.223911	-0.0919945
6	0.647185	-0.139186	-0.139186	-1.10453	-0.335686	-0.377387	-0.427191	-0.427191	-1.38398	-1.03029	-0.815284
6	1.08698	0.57928	0.57928	-0.405791	0.348445	0.381701	1.77793	1.77793	-0.508456	0.95271	0.843755
6	0.451983	0.231855	0.231855	-0.823765	0.0216728	0.0375126	0.711612	0.711612	-1.03218	0.0632722	0.091864
6	1.14885	-0.428006	-0.428006	-1.93228	-0.761872	-0.753243	-1.31364	-1.31364	-2.42115	-1.68991	-1.32528
6	0.463467	-0.430326	-0.430326	-1.46642	-0.674811	-0.623837	-1.32076	-1.32076	-1.83743	-1.6127	-1.44388
6	1.58322	0.342661	0.342661	-1.74028	-0.173516	-0.0254886	1.0517	1.0517	-2.18058	-0.202665	-0.0393546
6	0.875993	0.58383	0.58383	-0.46677	0.316	0.355339	1.7919	1.7919	-0.584862	0.836863	0.748616
6	0.59351	0.714538	0.714538	-0.39379	0.47057	0.495628	2.19307	2.19307	-0.493418	1.30313	1.18385
6	1.44016	0.304821	0.304821	-1.16558	-0.174449	-0.075364	0.935559	0.935559	-1.46047	-0.27896	-0.120581
6	1.11814	-0.0378636	-0.0378636	-1.37691	-0.383982	-0.326232	-0.116211	-0.116211	-1.72527	-0.690886	-0.533667
6	0.525256	-0.654751	-0.654751	-1.64627	-0.881373	-0.861293	-2.00957	-2.00957	-2.06277	-2.3691	-2.10973
6	1.12364	0.52723	0.52723	-0.572422	0.235357	0.260674	1.61818	1.61818	-0.717244	0.526638	0.432334
6	1.39473	0.451991	0.451991	-0.9036	-0.0135523	-0.00976726	1.38726	1.38726	-1.13221	-0.0252957	-0.0149583
6	0.843586	0.27947	0.27947	-0.961314	0.068289	0.0338567	0.857751	0.857751	-1.20453	0.185737	0.0608982
6	0.992199	0.00638533	0.00638533	-1.80188	-0.279498	-0.241862	0.0195979	0.0195979	-2.25775	-0.586473	-0.53576
6	0.555945	-0.284407	-0.284407	-1.48788	-0.545817	-0.509607	-0.872905	-0.872905	-1.86431	-1.33542	-1.12403
6	0.743342	0.0892086	0.0892086	-0.794267	-0.134815	-0.139819	0.2738	0.2738	-0.995217	-0.375079	-0.319232
6	1.04476	0.132099	0.132099	-1.17118	-0.11868	-0.107394	0.40544	0.40544	-1.46749	-0.322083	-0.221858
6	0.45456	0.227584	0.227584	-0.674255	0.0101138	0.0310367	0.698503	0.698503	-0.844841	0.0306025	0.0758595
6	1.36975	-0.307648	-0.307648	-2.05929	-0.660418	-0.646588	-0.944237	-0.944237	-2.58029	-1.08754	-0.957409
6	1.66257	0.073974	0.073974	-1.55739	-0.512351	-0.501649	0.227042	0.227042	-1.95141	-0.564441	-0.488982
6	0.456759	0.277873	0.277873	-1.02685	0.001428	0.0794507	0.852852	0.852852	-1.28664	0.00339213	0.194614
6	1.2872	0.67141	0.67141	-0.848637	0.377887	0.370649	2.0607	2.0607	-1.06334	0.76338	0.574242
6	0.932048	-0.645174	-0.645174	-1.76873	-0.865007	-0.891616	-1.98017	-1.98017	-2.21621	-2.24758	-1.91631
6	0.993865	0.382519	0.382519	-1.06694	0.139013	0.137101	1.17403	1.17403	-1.33688	0.339656	0.262525
6	1.6351	-0.41983	-0.41983	-2.25508	-1.61394	-1.43713	-1.28855	-1.28855	-2.82561	-1.68584	-1.40038
6	1.6386	-0.0914693	-0.0914693	-2.20109	-0.588655	-0.586558	-0.280739	-0.280739	-2.75797	-0.94734	-0.778602
6	0.291706	-0.419799	-0.419799	-0.994039	-0.648459	-0.639118	-1.28845	-1.28845	-1.24553	-1.83108	-1.4141
6	0.551906	0.416551	0.416551	-1.04393	0.170266	0.183418	1.27848	1.27848	-1.30804	0.39107	0.417416
6	0.613346	-0.222239	-0.222239	-1.05216	-0.451533	-0.443274	-0.682097	-0.682097	-1.31836	-1.2204	-0.9978
6	0.58023	-0.167896	-0.167896	-1.12216	-0.424932	-0.394455	-0.515307	-0.515307	-1.40607	-1.06427	-0.879611
6	0.258881	-0.019731	-0.019731	-0.850045	-0.242526	-0.223106	-0.0605587	-0.0605587	-1.06511	-0.691402	-0.528309
6	0.801982	0.416685	0.416685	-0.367557	0.211089	0.198039	1.2789	1.2789	-0.460548	0.590499	0.470698
6	0.706523	0.0556016	0.0556016	-0.567238	-0.18402	-0.181193	0.170653	0.170653	-0.71075	-0.505049	-0.358856
6	0.376657	0.10168	0.10168	-0.725087	-0.138523	-0.0976327	0.312077	0.312077	-0.908534	-0.379166	-0.236743
6	0.942399	-0.0643831	-0.0643831	-1.50272	-0.291298	-0.269258	-0.197605	-0.197605	-1.88291	-0.772556	-0.631684
6	1.98711	0.139079	0.139079	-2.10208	-0.579514	-0.392419	0.426861	0.426861	-2.63391	-0.78519	-0.561894
6	0.528604	-0.26708	-0.26708	-1.26803	-0.48719	-0.506247	-0.819725	-0.819725	-1.58884	-1.30784	-1.14287
6	0.847924	-0.229445	-0.229445	-1.72943	-0.482713	-0.465839	-0.704214	-0.704214	-2.16697	-1.31973	-1.02614
6	1.55036	-0.185784	-0.185784	-1.60856	-0.581444	-0.557093	-0.570211	-0.570211	-2.01552	-1.00854	-0.805977
6	3.14728	0.286571	-0.525759	-2.58612	-1.80398	-1.39588	0.879547	-1.31755	-3.2404	-1.08564	-0.822879
6	0.31488	0.372278	0.372278	-0.38398	0.110309	0.169284	1.1426	1.1426	-0.481127	0.288143	0.394804
6	0.658465	0.286486	0.286486	-0.543909	0.0540185	0.0764135	0.879285	0.879285	-0.681518	0.155454	0.181299
6	1.11528	-0.47962	-0.47962	-2.31261	-0.74621	-0.727546	-1.47205	-1.47205	-2.8977	-1.95831	-1.44101
6	1.72077	0.507585	0.507585	-0.931244	0.0395381	0.0757269	1.55788	1.55788	-1.16685	0.0653399	0.101876
6	0.440662	-0.780542	-0.780542	-1.41291	-1.02301	-0.995089	-2.39565	-2.39565	-1.77038	-2.72351	-2.39346
6	0.858926	0.520022	0.520022	-0.499033	0.296594	0.288104	1.59606	1.59606	-0.625288	0.795257	0.598851
6	1.89623	0.149074	0.149074	-1.58868	-0.461336	-0.395419	0.457541	0.457541	-1.99062	-0.575465	-0.488049
6	0.619104	0.272364	0.272364	-1.21067	0.0159659	0.0461446	0.835941	0.835941	-1.51697	0.0411268	0.108058
6	1.20097	0.0154607	0.0154607	-1.2836	-0.356759	-0.313988	0.0474522	0.0474522	-1.60835	-0.649829	-0.57037
6	1.05732	0.0631354	0.0631354	-0.915955	-0.211854	-0.181882	0.193776	0.193776	-1.14769	-0.530073	-0.388846
6	1.4615	-0.174259	-0.174259	-1.57576	-0.591602	-0.469806	-0.534837	-0.534837	-1.97443	-0.780268	-0.84161
6	0.72816	0.0720774	0.0720774	-1.21599	-0.184025	-0.129817	0.221221	0.221221	-1.52363	-0.447131	-0.308533
6	0.925423	0.203127	0.203127	-0.646901	-0.0456836	-0.0172754	0.623441	0.623441	-0.810567	-0.120167	-0.0362477
6	1.8578	-0.555839	-0.555839	-1.90901	-1.76213	-1.67393	-1.70599	-1.70599	-2.39198	-1.94114	-1.73996
6	0.542034	-0.0538812	-0.0538812	-0.772721	-0.27329	-0.26955	-0.165373	-0.165373	-0.96822	-0.750254	-0.58831
6	0.982678	0.132607	0.132607	-1.5092	-0.150143	-0.0763987	0.406999	0.406999	-1.89103	-0.328176	-0.165646
6	0.299361	0.104511	0.104511	-0.832655	-0.109515	-0.0959917	0.320766	0.320766	-1.04332	-0.331092	-0.227103
6	2.63096	0.251574	-0.110534	-2.56427	-1.0302	-0.807033	0.772134	-0.309693	-3.21303	-0.851983	-0.591621
6	0.341363	-0.283479	-0.283479	-0.95188	-0.537889	-0.494304	-0.870058	-0.870058	-1.19271	-1.3166	-1.19298
6	0.738892	-0.072721	-0.072721	-1.09791	-0.302751	-0.320619	-0.223196	-0.223196	-1.37568	-0.807576	-0.575856
6	0.707789	0.155554	0.155554	-0.681099	-0.0861495	-0.0764216	0.477429	0.477429	-0.853417	-0.242082	-0.171459
6	0.898178	-0.110412	-0.110412	-1.53481	-0.33801	-0.349701	-0.338878	-0.338878	-1.92312	-0.905814	-0.714832
6	0.420221	0.194727	0.194727	-0.544014	-0.0547672	-0.0160281	0.597657	0.597657	-0.681649	-0.141055	-0.0391321
6	1.01306	-0.458496	-0.458496	-2.0306	-0.700855	-0.70892	-1.40722	-1.40722	-2.54434	-1.79538	-1.50177
6	0.460488	0.384619	0.384619	-0.464462	0.148536	0.161563	1.18048	1.18048	-0.581971	0.396341	0.373141
6	1.72689	-0.250965	-0.250965	-1.68255	-1.22536	-1.19202	-0.770265	-0.770265	-2.10824	-1.60141	-1.35991
6	1.06877	-0.0535299	-0.0535299	-1.51204	-0.374086	-0.335598	-0.164294	-0.164294	-1.89458	-0.81165	-0.592714
6	0.939795	0.638818	0.638818	-0.801217	0.380358	0.422919	1.96067	1.96067	-1.00392	0.999327	0.943978
6	1.12951	0.316841	0.316841	-0.828594	0.0219778	0.0358724	0.972452	0.972452	-1.03823	0.0522231	0.0713807
6	1.15329	0.234147	0.234147	-1.05444	-0.03907	-0.0254133	0.718647	0.718647	-1.32121	-0.0839427	-0.0438982
6	0.694853	0.419245	0.419245	-0.724987	0.170653	0.202158	1.28675	1.28675	-0.908409	0.453286	0.484363
6	1.31924	-0.480412	-0.480412	-2.11983	-0.903371	-0.777043	-1.47449	-1.47449	-2.65615	-1.54004	-1.39886
6	2.80371	0.515248	0.0745894	-2.07379	-0.668589	-0.553066	1.5814	0.208984	-2.59846	-0.490545	-0.390683
6	0.953747	-0.322786	-0.322786	-1.78537	-0.575786	-0.525809	-0.990697	-0.990697	-2.23707	-1.51843	-1.21649
6	0.148876	-0.0155067	-0.0155067	-0.512469	-0.24729	-0.228689	-0.0475934	-0.0475934	-0.642124	-0.691168	-0.529867
6	0.364725	-0.396971	-0.396971	-0.99802	-0.657056	-0.626369	-1.21839	-1.21839	-1.25052	-1.67174	-1.27379
6	0.715599	-0.897676	-0.897676	-1.76988	-1.19696	-1.11042	-2.75516	-2.75516	-2.21765	-2.76378	-2.38967
6	0.286938	-0.762548	-0.762548	-1.45714	-1.01104	-0.954328	-2.34042	-2.34042	-1.8258	-2.65637	-2.14705
6	0.144306	-0.334302	-0.334302	-0.754914	-0.565406	-0.516866	-1.02604	-1.02604	-0.945908	-1.54009	-1.26606
6	0.57925	0.444626	0.444626	-0.694483	0.185788	0.232111	1.36465	1.36465	-0.870188	0.440518	0.498818
6	1.60463	-0.16818	-0.16818	-1.70623	-0.903121	-0.931633	-0.51618	-0.51618	-2.13791	-1.20133	-1.02855
6	0.109547	-0.19917	-0.19917	-0.508169	-0.430717	-0.424791	-0.611296	-0.611296	-0.636736	-1.16601	-0.954084
6	0.244542	0.0425782	0.0425782	-0.72709	-0.177595	-0.145244	0.130682	0.130682	-0.911044	-0.529123	-0.355773
6	0.186441	0.675208	0.675208	0.077816	0.443734	0.443705	2.07235	2.07235	0.0975035	1.24399	1.0563
6	0.2048	-0.047461	-0.047461	-0.583059	-0.26319	-0.22695	-0.145668	-0.145668	-0.730573	-0.807784	-0.555911
6	2.11976	-0.795438	-0.795438	-2.55211	-2.23378	-2.1932	-2.44137	-2.44137	-3.19779	-2.5317	-2.29793
6	3.39447	-0.326403	-0.845466	-2.40613	-2.05902	-1.88236	-1.0018	-2.36882	-3.01487	-1.47748	-1.23606
6	0.992173	0.260825	0.260825	-1.11963	0.0312262	0.0521092	0.800528	0.800528	-1.4029	0.0840478	0.118157
6	1.18998	-0.350286	-0.350286	-1.79305	-0.655087	-0.651215	-1.0751	-1.0751	-2.24669	-1.42762	-1.24456
6	0.330832	0.584529	0.584529	-0.488884	0.336139	0.358274	1.79404	1.79404	-0.612571	0.870079	0.755966
6	1.1742	0.751375	0.751375	-0.989754	0.456827	0.520955	2.30613	2.30613	-1.24016	1.1408	1.01879
6	0.660657	0.465961	0.465961	-0.700231	0.231633	0.217046	1.43013	1.43013	-0.87739	0.641927	0.455132
6	0.247889	0.220856	0.220856	-0.408342	-0.00682259	-0.0126584	0.677853	0.677853	-0.511653	-0.0181461	-0.0295165
6	1.40347	0.0547127	0.0547127	-1.14753	-0.482778	-0.396733	0.167925	0.167925	-1.43785	-0.796834	-0.641689
6	0.304306	-0.483148	-0.483148	-1.36701	-0.744744	-0.704163	-1.48288	-1.48288	-1.71286	-1.9175	-1.72484
6	0.521788	0.0276606	0.0276606	-0.953109	-0.200273	-0.21594	0.0848962	0.0848962	-1.19425	-0.535307	-0.477774
6	0.231204	-0.112864	-0.112864	-0.749604	-0.346593	-0.296608	-0.346403	-0.346403	-0.939253	-0.957614	-0.726539
6	1.23137	-0.657471	-0.657471	-2.57305	-1.01537	-0.906757	-2.01792	-2.01792	-3.22403	-1.80571	-1.95539
6	0.920093	0.269723	0.269723	-1.17078	0.0302836	0.0528242	0.827836	0.827836	-1.46699	0.0856229	0.126189
6	1.07966	-0.246997	-0.246997	-2.11187	-0.473338	-0.451853	-0.758085	-0.758085	-2.64617	-1.27519	-1.00711
6	0.333928	-0.203424	-0.203424	-1.18341	-0.418005	-0.415326	-0.624351	-0.624351	-1.48282	-1.09192	-0.997156
6	0.666917	0.252471	0.252471	-0.880005	0.0124714	0.0344506	0.774887	0.774887	-1.10265	0.0339378	0.0782849
6	0.107262	-0.800053	-0.800053	-1.12437	-1.03294	-1.02851	-2.45553	-2.45553	-1.40884	-3.11427	-2.48652
6	1.05062	-0.301446	-0.301446	-1.58928	-0.517864	-0.548523	-0.925203	-0.925203	-1.99136	-1.50166	-1.24095
6	0.813457	-0.225075	-0.225075	-1.54117	-0.481089	-0.441259	-0.690802	-0.690802	-1.93109	-1.17636	-1.03959
6	0.762633	-0.0495654	-0.0495654	-1.21902	-0.271068	-0.289105	-0.152127	-0.152127	-1.52743	-0.701021	-0.457216
6	1.35994	-0.0674333	-0.0674333	-1.22887	-0.540967	-0.528429	-0.206967	-0.206967	-1.53977	-1.0459	-0.805206
6	0.378627	0.162925	0.162925	-0.562911	-0.0891477	-0.0514527	0.50005	0.50005	-0.705328	-0.224609	-0.119725
6	0.194981	-0.0523061	-0.0523061	-0.567738	-0.275151	-0.273996	-0.160539	-0.160539	-0.711375	-0.771029	-0.658309
6	0.607515	0.0516755	0.0516755	-0.807557	-0.193748	-0.18199	0.158603	0.158603	-1.01187	-0.480835	-0.402589
6	0.293858	-0.0309636	-0.0309636	-0.707213	-0.249274	-0.244895	-0.0950339	-0.0950339	-0.886138	-0.67659	-0.538467
6	0.610117	-0.15691	-0.15691	-1.19179	-0.429541	-0.403283	-0.481589	-0.481589	-1.49331	-0.91574	-0.899471
6	0.353816	-0.0488804	-0.0488804	-0.616314	-0.244019	-0.272031	-0.150024	-0.150024	-0.772241	-0.748947	-0.654761
6	1.60258	0.0693611	0.0693611	-1.4141	-0.84692	-0.845891	0.212884	0.212884	-1.77187	-1.03891	-0.818434
6	0.555982	0.183126	0.183126	-0.488819	-0.0332003	-0.0233416	0.562052	0.562052	-0.61249	-0.0937971	-0.0571749
6	2.33396	-0.331361	-0.684243	-2.31037	-1.55302	-1.17909	-1.01702	-1.91711	-2.89489	-1.17897	-0.972059
6	0.686541	0.12311	0.12311	-0.873077	-0.138432	-0.0957346	0.377849	0.377849	-1.09397	-0.327112	-0.22412
6	1.16505	0.0170841	0.0170841	-1.37967	-0.312289	-0.333358	0.0524347	0.0524347	-1.72872	-0.650159	-0.596792
6	0.887205	-0.0906077	-0.0906077	-0.967021	-0.32651	-0.299716	-0.278094	-0.278094	-1.21168	-0.865007	-0.649837
6	0.887542	0.0930724	0.0930724	-1.54274	-0.176859	-0.128396	0.285659	0.285659	-1.93305	-0.44958	-0.30199
6	0.579071	0.510009	0.510009	-0.525539	0.267053	0.308133	1.56533	1.56533	-0.658501	0.713232	0.742319
6	0.429983	0.656705	0.656705	-0.122177	0.433288	0.475759	2.01557	2.01557	-0.153088	1.18606	1.16537
6	3.03789	-0.216186	-0.713614	-2.30412	-1.62523	-1.50329	-0.663521	-1.9994	-2.88706	-1.10085	-0.946384
6	1.23706	-0.158793	-0.158793	-2.13968	-0.638968	-0.557577	-0.48737	-0.48737	-2.68102	-0.995738	-0.781611
6	0.798634	-0.312734	-0.312734	-1.75016	-0.572693	-0.544105	-0.959846	-0.959846	-2.19295	-1.41037	-1.24897
6	1.38364	0.556167	0.556167	-1.3818	0.186252	0.219458	1.70699	1.70699	-1.73139	0.343745	0.367417
6	1.0047	-0.0170525	-0.0170525	-1.3798	-0.258321	-0.235965	-0.0523376	-0.0523376	-1.72889	-0.684974	-0.540367
6	0.995424	0.439939	0.439939	-1.31392	0.19746	0.224441	1.35027	1.35027	-1.64634	0.477939	0.521935
6	1.41495	-0.0696591	-0.0696591	-2.29612	-0.531547	-0.454805	-0.213799	-0.213799	-2.87704	-0.91866	-0.680289
6	0.1026	-0.0317339	-0.0317339	-0.567273	-0.318871	-0.235387	-0.097398	-0.097398	-0.710792	-0.748458	-0.576579
6	1.58399	0.0203379	0.0203379	-1.9651	-0.581728	-0.53315	0.0624214	0.0624214	-2.46227	-0.738657	-0.503936
6	0.575385	-0.156738	-0.156738	-1.16358	-0.400086	-0.3686	-0.481061	-0.481061	-1.45796	-1.05869	-0.839533
6	0.303222	0.154272	0.154272	-0.79766	-0.0744846	-0.0466838	0.473495	0.473495	-0.999468	-0.225595	-0.113248
6	1.1702	-0.305566	-0.305566	-1.42766	-0.631676	-0.604695	-0.937847	-0.937847	-1.78885	-1.51311	-1.09927
6	1.34806	-0.315513	-0.315513	-1.57682	-0.68092	-0.630438	-0.968374	-0.968374	-1.97576	-1.32587	-0.994183
6	3.31145	-0.041818	-0.554724	-2.30067	-1.85738	-1.42454	-0.128348	-1.55422	-2.88274	-1.2355	-0.984764
6	0.823779	-0.105812	-0.105812	-1.18357	-0.343713	-0.302124	-0.324759	-0.324759	-1.48301	-0.920445	-0.739783
6	1.34538	0.371391	0.371391	-1.28913	0.00555354	0.0220443	1.13988	1.13988	-1.61528	0.0112579	0.0367415
6	1.76655	0.343962	0.343962	-1.31585	-0.0905253	-0.0868904	1.05569	1.05569	-1.64875	-0.132547	-0.105009
6	1.09932	0.0404138	0.0404138	-1.03983	-0.223993	-0.20184	0.124039	0.124039	-1.30291	-0.518982	-0.429582
6	0.92922	-0.0843123	-0.0843123	-1.78241	-0.298286	-0.331172	-0.258772	-0.258772	-2.23336	-0.850686	-0.673088
6	1.01171	0.917558	0.917558	-0.604574	0.703793	0.67634	2.81618	2.81618	-0.757531	2.01782	1.27712
6	0.468756	0.413717	0.413717	-0.239273	0.20554	0.198401	1.26979	1.26979	-0.299809	0.628323	0.459362
6	1.9251	0.559118	0.559118	-1.7938	-0.292049	-0.0914302	1.71605	1.71605	-2.24763	-0.264467	-0.0870268
6	1.12696	0.430338	0.430338	-0.664536	0.0910451	0.163571	1.3208	1.3208	-0.832663	0.20114	0.31689
6	0.264631	0.313903	0.313903	0.0158974	0.0807339	0.094585	0.963434	0.963434	0.0199194	0.230986	0.231316
6	1.11719	-0.588859	-0.588859	-2.64672	-0.850107	-0.841491	-1.80733	-1.80733	-3.31634	-2.0198	-1.82052
6	1.68576	-0.0197277	-0.0197277	-1.62853	-0.586033	-0.512943	-0.0605483	-0.0605483	-2.04055	-0.723	-0.607829
6	0.149669	-0.263966	-0.263966	-0.769328	-0.478245	-0.473448	-0.810166	-0.810166	-0.963968	-1.44623	-1.11071
6	1.78673	0.117165	0.117165	-1.22619	-0.517571	-0.485259	0.359603	0.359603	-1.53642	-0.654164	-0.558597
6	1.28695	-0.118722	-0.118722	-1.79126	-0.417861	-0.421038	-0.364382	-0.364382	-2.24445	-0.721498	-0.678975
6	0.524044	0.283126	0.283126	-0.751118	0.0359088	0.0725956	0.868972	0.868972	-0.941151	0.0959625	0.177257
6	0.502098	-0.0330243	-0.0330243	-0.883323	-0.235635	-0.273908	-0.101359	-0.101359	-1.1068	-0.705425	-0.591946
6	1.2215	0.336253	0.336253	-0.835511	-0.0606211	-0.039711	1.03203	1.03203	-1.04689	-0.118101	-0.0643141
6	0.939225	-0.017568	-0.017568	-0.858643	-0.255692	-0.235709	-0.05392	-0.05392	-1.07588	-0.683562	-0.574499
6	0.907302	-0.106189	-0.106189	-1.10277	-0.362749	-0.32209	-0.325918	-0.325918	-1.38178	-0.945437	-0.757051
6	1.488	0.498561	0.498561	-0.984795	-0.3143	-0.304743	1.53019	1.53019	-1.23395	-0.370421	-0.308606
6	0.597867	0.35765	0.35765	-1.17223	0.144805	0.163909	1.0977	1.0977	-1.4688	0.404868	0.401492
6	0.920767	-0.338715	-0.338715	-2.14291	-0.574607	-0.551132	-1.03959	-1.03959	-2.68507	-1.62422	-1.21748
6	1.10584	0.55082	0.55082	-0.624841	0.258637	0.317136	1.69058	1.69058	-0.782926	0.670888	0.658988
6	1.78779	-0.230655	-0.230655	-2.13885	-0.860608	-0.761636	-0.707927	-0.707927	-2.67998	-1.25008	-1.11415
6	0.544744	0.970275	0.970275	-0.290417	0.757868	0.759951	2.97798	2.97798	-0.363892	2.15891	1.86149
6	1.853	-0.00259832	-0.00259832	-2.27627	-0.533041	-0.537048	-0.00797478	-0.00797478	-2.85217	-0.71637	-0.576565
6	1.32115	-0.621694	-0.621694	-1.69546	-0.991862	-0.953313	-1.90811	-1.90811	-2.12441	-1.95295	-1.78491
6	2.55614	0.633816	0.109159	-0.963599	-0.527929	-0.419058	1.94531	0.30584	-1.20739	-0.448667	-0.365448
6	1.86281	-0.174687	-0.174687	-2.01745	-0.803327	-0.732827	-0.536152	-0.536152	-2.52786	-0.888198	-0.700189
6	0.702237	0.0847695	0.0847695	-1.35222	-0.125971	-0.15838	0.260176	0.260176	-1.69434	-0.369652	-0.334102
6	0.751948	0.621686	0.621686	-0.664954	0.369687	0.43073	1.90809	1.90809	-0.833187	0.955154	1.05507
6	1.25198	-0.259683	-0.259683	-1.56785	-0.554846	-0.527794	-0.797021	-0.797021	-1.96452	-1.16427	-0.865524
6	0.97492	-0.0697037	-0.0697037	-0.980511	-0.29108	-0.276784	-0.213935	-0.213935	-1.22858	-0.779698	-0.67798
6	0.222905	-0.792271	-0.792271	-1.34493	-1.05084	-0.999419	-2.43165	-2.43165	-1.68519	-2.58182	-2.21702
6	1.47221	-0.137692	-0.137692	-2.1242	-0.584199	-0.494521	-0.422606	-0.422606	-2.66162	-0.766169	-0.700476
6	0.200781	-0.358588	-0.358588	-0.974076	-0.56188	-0.539472	-1.10058	-1.10058	-1.22052	-1.72453	-1.32143
6	0.436328	0.583746	0.583746	0.107513	0.363593	0.383489	1.79164	1.79164	0.134713	1.00763	0.931054
6	1.96406	-0.0918108	-0.0918108	-1.86289	-1.44217	-1.39636	-0.281787	-0.281787	-2.33421	-1.73881	-1.43577
6	0.9719	0.361919	0.361919	-0.492613	0.139474	0.122865	1.1108	1.1108	-0.617244	0.396411	0.292706
6	1.94593	0.244786	0.244786	-1.82559	-0.553482	-0.404563	0.751301	0.751301	-2.28746	-0.525173	-0.431045
6	2.36953	-0.15779	-0.475049	-2.16044	-1.50094	-1.32866	-0.484289	-1.33099	-2.70703	-1.12888	-0.924134
6	0.387797	-0.389493	-0.389493	-1.47542	-0.634008	-0.592319	-1.19543	-1.19543	-1.8487	-1.76853	-1.38406
6	0.538464	-0.0162775	-0.0162775	-0.857482	-0.250512	-0.216981	-0.0499591	-0.0499591	-1.07443	-0.632397	-0.531494
6	0.55924	0.253518	0.253518	-1.16345	-0.0120792	0.0217714	0.7781	0.7781	-1.4578	-0.0275698	0.0473482
6	0.492905	0.523151	0.523151	-0.294454	0.313116	0.313789	1.60566	1.60566	-0.368951	0.96102	0.653711
6	1.92456	0.173343	0.173343	-2.52891	-0.513826	-0.436803	0.532027	0.532027	-3.16873	-0.580932	-0.430384
6	2.37984	-0.0828595	-0.465438	-1.87106	-1.13583	-0.961122	-0.254313	-1.30406	-2.34443	-0.965579	-0.802736
6	1.5439	0.227574	0.227574	-1.45336	-0.248529	-0.214808	0.698473	0.698473	-1.82106	-0.379386	-0.272343
6	0.856561	-0.119844	-0.119844	-1.113	-0.327439	-0.331217	-0.367827	-0.367827	-1.39459	-0.995665	-0.806008
6	1.79841	0.667471	0.667471	-1.41357	-0.00675146	0.0740741	2.04861	2.04861	-1.77121	-0.00697543	0.0658488
6	0.5426	0.00113699	0.00113699	-0.78895	-0.254319	-0.194834	0.00348966	0.00348966	-0.988555	-0.635251	-0.477243
6	0.563911	-0.314369	-0.314369	-1.22141	-0.52764	-0.51028	-0.964863	-0.964863	-1.53042	-1.49272	-1.13587
6	2.63624	0.558861	0.175843	-1.20036	-1.31111	-1.06131	1.71526	0.492675	-1.50405	-0.934023	-0.706667
6	1.03752	-0.293505	-0.293505	-2.08248	-0.574645	-0.544507	-0.900829	-0.900829	-2.60934	-1.30907	-1.14675
6	0.637124	0.0363658	0.0363658	-1.08541	-0.188954	-0.187825	0.111614	0.111614	-1.36002	-0.534138	-0.407585
6	1.97644	0.0652537	0.0652537	-2.163	-0.512763	-0.419474	0.200277	0.200277	-2.71024	-0.666579	-0.465305
6	1.99293	-0.118092	-0.118092	-1.42083	-0.869726	-0.723914	-0.362449	-0.362449	-1.78031	-0.968676	-0.706717
6	0.835782	-0.116593	-0.116593	-1.43036	-0.321808	-0.318945	-0.357847	-0.357847	-1.79224	-0.884732	-0.781252
6	0.62005	-0.733765	-0.733765	-1.77211	-0.954176	-0.941072	-2.25208	-2.25208	-2.22045	-2.47843	-2.21271
6	0.493633	0.574629	0.574629	-0.581941	0.392446	0.367335	1.76366	1.76366	-0.729172	1.2045	0.837487
6	1.3108	-0.186053	-0.186053	-1.14066	-0.677333	-0.639051	-0.571037	-0.571037	-1.42924	-1.02018	-0.934381
6	1.84166	0.48846	0.48846	-1.19547	-0.129878	0.0387414	1.49919	1.49919	-1.49792	-0.162406	0.046962
6	0.792642	-0.0818899	-0.0818899	-1.08487	-0.339985	-0.326084	-0.251337	-0.251337	-1.35934	-0.866426	-0.626608
6	1.37631	0.71542	0.71542	-0.623201	0.306054	0.338196	2.19578	2.19578	-0.780871	0.533308	0.559242
6	0.82406	-0.460546	-0.460546	-2.09441	-0.721763	-0.678458	-1.41351	-1.41351	-2.62429	-1.57904	-1.47937
6	0.544689	0.0274469	0.0274469	-0.785198	-0.2254	-0.216259	0.0842403	0.0842403	-0.983853	-0.547059	-0.521134
6	0.590897	-0.141221	-0.141221	-1.45353	-0.352958	-0.392443	-0.433437	-0.433437	-1.82128	-1.03821	-0.815245
6	0.389743	0.0506837	0.0506837	-0.656833	-0.141847	-0.145231	0.155559	0.155559	-0.823011	-0.421978	-0.355742
6	1.09712	-0.0803512	-0.0803512	-1.3947	-0.324867	-0.326035	-0.246615	-0.246615	-1.74756	-0.847487	-0.723848
6	0.533242	-0.527758	-0.527758	-1.32951	-0.756541	-0.743415	-1.6198	-1.6198	-1.66587	-1.98465	-1.8035
6	0.845278	-0.711404	-0.711404	-1.57147	-0.952237	-0.940398	-2.18345	-2.18345	-1.96905	-2.72434	-2.3035
6	1.32094	-0.585943	-0.585943	-2.52573	-0.8994	-0.842248	-1.79838	-1.79838	-3.16474	-1.82369	-1.59254
6	1.64743	-0.467642	-0.467642	-1.55584	-1.34553	-1.33093	-1.43529	-1.43529	-1.94947	-1.70512	-1.32795
6	1.32521	0.0215813	0.0215813	-1.55394	-0.370171	-0.303843	0.0662376	0.0662376	-1.94708	-0.634086	-0.485787
6	2.28964	-0.411706	-0.873436	-2.55086	-1.17885	-1.09692	-1.26361	-2.44719	-3.19623	-1.35912	-1.21754
6	1.16019	0.948909	0.948909	-0.765473	0.585972	0.621232	2.9124	2.9124	-0.959138	1.0844	0.987225
6	0.304484	0.495238	0.495238	-0.344778	0.241543	0.300145	1.51999	1.51999	-0.432006	0.533652	0.735202
6	1.56487	-0.040856	-0.040856	-1.95269	-0.420325	-0.379813	-0.125396	-0.125396	-2.44672	-0.621665	-0.516424
6	1.56988	0.146746	0.146746	-1.60591	-0.258328	-0.263551	0.450393	0.450393	-2.0122	-0.436419	-0.353196
6	0.321106	0.736346	0.736346	0.0285109	0.503326	0.528277	2.26	2.26	0.0357242	1.21208	1.27114
6	1.07394	-0.272208	-0.272208	-1.55857	-0.550468	-0.514024	-0.835462	-0.835462	-1.95289	-1.04361	-1.09465
6	1.7162	0.465102	0.465102	-1.42142	-0.629292	-0.565136	1.4275	1.4275	-1.78104	-0.740798	-0.533042
6	0.415531	0.228998	0.228998	-0.606907	0.0311665	-0.0199884	0.702843	0.702843	-0.760454	0.0867507	-0.0384691
6	0.342452	0.685314	0.685314	-0.0237741	0.469394	0.460801	2.10337	2.10337	-0.0297889	1.33695	1.07374
6	0.484456	0.626564	0.626564	-0.280202	0.368561	0.375733	1.92306	1.92306	-0.351093	0.925054	0.78015
6	0.919026	-0.121546	-0.121546	-1.5691	-0.367142	-0.33231	-0.37305	-0.37305	-1.96609	-0.870585	-0.786954
6	0.491889	0.320344	0.320344	-0.513591	0.0626736	0.11814	0.983204	0.983204	-0.643529	0.169991	0.289383
6	0.1225	-0.116523	-0.116523	-0.743082	-0.319229	-0.303657	-0.357635	-0.357635	-0.931081	-0.933392	-0.743804
6	0.881571	0.228111	0.228111	-1.01492	-0.0178311	-0.00716327	0.70012	0.70012	-1.2717	-0.046457	-0.0157665
6	1.15049	-0.0822958	-0.0822958	-1.14439	-0.419761	-0.330391	-0.252583	-0.252583	-1.43392	-0.826875	-0.688357
6	1.02556	-0.0337457	-0.0337457	-1.80802	-0.29994	-0.256991	-0.103573	-0.103573	-2.26544	-0.727364	-0.606009
6	1.39842	0.182378	0.182378	-1.83829	-0.391385	-0.431129	0.559758	0.559758	-2.30338	-0.554023	-0.455599
6	0.606094	-0.0365308	-0.0365308	-0.780414	-0.297856	-0.237238	-0.112121	-0.112121	-0.977859	-0.721244	-0.581112
6	0.371959	0.244182	0.244182	-0.644891	-0.0147892	0.0177397	0.749446	0.749446	-0.808049	-0.0360544	0.0380215
6	1.0291	0.103224	0.103224	-1.266	-0.198366	-0.154992	0.316815	0.316815	-1.5863	-0.437988	-0.319069
6	0.65141	0.31226	0.31226	-0.577131	0.0869913	0.0993912	0.958391	0.958391	-0.723145	0.229481	0.233089
6	0.543043	-0.587723	-0.587723	-1.7372	-0.808418	-0.822797	-1.80385	-1.80385	-2.17672	-2.42907	-1.88237
6	0.862522	0.287022	0.287022	-1.14981	0.0267126	0.0734522	0.880932	0.880932	-1.44072	0.0707779	0.156196
6	0.894738	0.038097	0.038097	-1.48143	-0.204068	-0.210718	0.116928	0.116928	-1.85623	-0.523343	-0.463306
6	0.387078	0.0959177	0.0959177	-0.592935	-0.131442	-0.102357	0.294392	0.294392	-0.742947	-0.392093	-0.250723
6	0.680255	-0.495954	-0.495954	-1.90695	-0.745766	-0.708102	-1.52219	-1.52219	-2.38941	-1.8213	-1.68439
6	0.401591	-0.449399	-0.449399	-1.34344	-0.645304	-0.648099	-1.3793	-1.3793	-1.68333	-1.9688	-1.58751
6	0.251832	-0.170197	-0.170197	-0.71025	-0.360815	-0.363833	-0.522371	-0.522371	-0.889943	-1.10742	-0.869926
6	0.597675	-0.409109	-0.409109	-1.6171	-0.642725	-0.648623	-1.25564	-1.25564	-2.02622	-1.86083	-1.2227
6	0.57488	-0.475881	-0.475881	-1.79141	-0.69255	-0.673063	-1.46058	-1.46058	-2.24463	-1.80163	-1.61104
6	0.50825	-0.280049	-0.280049	-1.01642	-0.530295	-0.479028	-0.85953	-0.85953	-1.27357	-1.41731	-1.13327
6	0.43373	0.0527149	0.0527149	-0.833543	-0.218299	-0.183958	0.161793	0.161793	-1.04443	-0.506936	-0.395865
6	2.40632	-0.0369101	-0.4329	-1.69711	-1.25114	-1.1697	-0.113285	-1.2129	-2.12648	-1.38621	-1.24519
6	0.123807	0.250408	0.250408	-0.342662	0.0485997	0.0578528	0.768554	0.768554	-0.429355	0.149163	0.130051
6	0.888598	-0.67394	-0.67394	-1.63358	-0.926949	-0.88469	-2.06847	-2.06847	-2.04688	-2.25916	-1.9649
6	1.7115	0.245112	0.245112	-0.969484	-0.60931	-0.435371	0.752299	0.752299	-1.21476	-0.735428	-0.527502
6	0.636467	0.673661	0.673661	-0.454685	0.45606	0.444063	2.06761	2.06761	-0.569721	1.26386	0.986263
6	1.02482	0.403878	0.403878	-0.709898	0.160909	0.156233	1.23959	1.23959	-0.889502	0.428339	0.326086
6	1.75183	-0.0875843	-0.0875843	-1.14568	-0.788742	-0.822541	-0.268815	-0.268815	-1.43553	-1.32439	-1.07526
6	0.958375	-0.439175	-0.439175	-1.60175	-0.659827	-0.666224	-1.34792	-1.34792	-2.00699	-1.91094	-1.45296
6	0.671683	0.128917	0.128917	-0.950698	-0.0924226	-0.100972	0.395673	0.395673	-1.19122	-0.257981	-0.227621
6	0.640409	-0.144107	-0.144107	-1.54571	-0.360209	-0.343233	-0.442296	-0.442296	-1.93677	-0.990174	-0.840745
6	0.282656	0.213817	0.213817	-0.375427	0.00765349	-0.0214504	0.65625	0.65625	-0.47041	0.022749	-0.0396791
6	1.42664	-0.300834	-0.300834	-1.86043	-0.758941	-0.720758	-0.923323	-0.923323	-2.33111	-1.14479	-1.16387
6	0.930049	0.445539	0.445539	-0.889014	0.195397	0.241967	1.36745	1.36745	-1.11393	0.460271	0.56714
6	1.9622	-0.426024	-0.426024	-2.13178	-1.07237	-0.957786	-1.30756	-1.30756	-2.67112	-1.25155	-1.02376
6	0.572509	0.482249	0.482249	-0.398878	0.248235	0.241795	1.48012	1.48012	-0.499794	0.686192	0.548476
6	1.1636	0.489873	0.489873	-0.904116	0.211083	0.231779	1.50352	1.50352	-1.13286	0.48471	0.471401
6	1.1029	-0.159776	-0.159776	-1.54965	-0.450591	-0.425428	-0.490386	-0.490386	-1.94171	-1.00072	-0.863936
6	1.21368	-0.853424	-0.853424	-1.84699	-1.2348	-1.16905	-2.61934	-2.61934	-2.31428	-2.44132	-2.28109
6	1.17524	0.453469	0.453469	-0.469627	0.158676	0.194778	1.39179	1.39179	-0.588443	0.349142	0.401495
6	0.831014	-0.526704	-0.526704	-1.79557	-0.764064	-0.745338	-1.61657	-1.61657	-2.24985	-2.0011	-1.8257
6	0.506671	0.260954	0.260954	-0.938018	0.0239069	0.066211	0.800923	0.800923	-1.17534	0.0711213	0.162183
6	2.29044	0.217583	-0.307066	-1.65284	-0.715749	-0.711331	0.667808	-0.860335	-2.071	-0.668954	-0.547775
6	1.24657	-0.285494	-0.285494	-2.03881	-0.708918	-0.665627	-0.876242	-0.876242	-2.55463	-1.16223	-1.01072
6	0.756188	0.0308702	0.0308702	-1.05396	-0.218841	-0.194171	0.0947473	0.0947473	-1.32061	-0.59281	-0.456307
6	0.284211	0.281023	0.281023	-0.435046	0.0574833	0.0949701	0.862519	0.862519	-0.545113	0.156123	0.227543
6	3.03959	0.173749	-0.305198	-2.71938	-2.63347	-2.46504	0.533274	-0.855102	-3.40738	-2.62541	-2.31378
6	0.492873	0.210338	0.210338	-0.62772	-0.0346719	-0.0155655	0.64557	0.64557	-0.786533	-0.0900064	-0.0375302
6	1.37539	-0.0642222	-0.0642222	-1.74773	-0.6561	-0.581154	-0.197111	-0.197111	-2.18991	-1.00463	-0.770619
6	0.624839	-0.687986	-0.687986	-1.91669	-0.941409	-0.875931	-2.11157	-2.11157	-2.40162	-2.55098	-2.14558
6	1.28092	0.105822	0.105822	-1.36161	-0.200123	-0.240404	0.324791	0.324791	-1.70609	-0.414333	-0.367967
6	0.775065	0.39254	0.39254	-0.624081	0.17091	0.136201	1.20479	1.20479	-0.781974	0.443413	0.275667
6	1.14441	0.537839	0.537839	-1.02364	0.235906	0.26685	1.65074	1.65074	-1.28262	0.559786	0.53657
6	0.375465	0.563513	0.563513	-0.397206	0.299644	0.359719	1.72954	1.72954	-0.497699	0.679384	0.881128
6	2.03808	0.143784	0.143784	-2.45857	-0.563362	-0.539417	0.441305	0.441305	-3.08059	-0.626785	-0.515523
6	1.13405	-0.68667	-0.68667	-2.33237	-1.01219	-0.981747	-2.10753	-2.10753	-2.92247	-2.00072	-1.61683
6	0.54294	-0.379298	-0.379298	-1.05471	-0.631163	-0.587191	-1.16415	-1.16415	-1.32155	-1.57438	-1.43832
6	0.670743	0.275637	0.275637	-0.723103	0.0389263	0.0831965	0.845987	0.845987	-0.906048	0.111046	0.203789
6	1.52469	-0.127416	-0.127416	-1.22077	-0.618914	-0.569354	-0.391068	-0.391068	-1.52963	-0.764297	-0.752383
6	0.914688	0.399243	0.399243	-0.944203	0.165661	0.129232	1.22536	1.22536	-1.18309	0.473978	0.253435
6	0.45994	-0.140506	-0.140506	-1.11689	-0.351292	-0.337418	-0.431243	-0.431243	-1.39946	-1.02861	-0.826502
6	1.49098	-0.514333	-0.514333	-2.49604	-0.887131	-0.813001	-1.5786	-1.5786	-3.12754	-1.46782	-1.22328
6	0.451767	-0.594581	-0.594581	-1.16663	-0.850989	-0.814512	-1.82489	-1.82489	-1.46179	-1.99341	-1.84938
6	0.546929	-0.292201	-0.292201	-1.13866	-0.540289	-0.50538	-0.896825	-0.896825	-1.42674	-1.39028	-1.2378
6	0.0602776	0.107623	0.107623	-0.215956	-0.108176	-0.0997245	0.330319	0.330319	-0.270593	-0.332016	-0.237386
6	1.05644	0.054411	0.054411	-1.34367	-0.170568	-0.181978	0.166999	0.166999	-1.68362	-0.4981	-0.383541
6	0.259098	0.112894	0.112894	-0.512809	-0.17348	-0.0835107	0.346496	0.346496	-0.64255	-0.364322	-0.203604
6	0.588378	0.248502	0.248502	-0.980127	0.0151109	0.0433295	0.762704	0.762704	-1.2281	0.0414744	0.10169
6	0.268932	0.29446	0.29446	-0.258727	0.11423	0.0993577	0.903759	0.903759	-0.324185	0.350594	0.243103
6	0.797731	-0.12703	-0.12703	-1.18326	-0.35306	-0.355352	-0.389882	-0.389882	-1.48262	-0.980567	-0.737783
6	0.445174	0.081689	0.081689	-0.452436	-0.155584	-0.125407	0.250721	0.250721	-0.566902	-0.42663	-0.272809
6	0.756604	-0.617153	-0.617153	-1.81115	-0.865559	-0.853512	-1.89417	-1.89417	-2.26937	-2.27353	-1.77776
6	1.48002	0.525533	0.525533	-1.01027	0.192623	0.225547	1.61297	1.61297	-1.26587	0.366693	0.353823
6	0.532396	0.0215724	0.0215724	-0.614129	-0.203506	-0.197732	0.0662101	0.0662101	-0.769504	-0.574814	-0.472676
6	1.32693	0.0885473	0.0885473	-1.63584	-0.205684	-0.24705	0.27177	0.27177	-2.0497	-0.471537	-0.432543
6	1.91177	-0.465288	-0.465288	-2.57082	-1.98409	-1.77807	-1.42807	-1.42807	-3.22123	-2.21826	-1.46774
6	0.866197	0.090535	0.090535	-1.60775	-0.146186	-0.142476	0.277871	0.277871	-2.01451	-0.349286	-0.323546
6	0.448963	0.691005	0.691005	-0.0597257	0.457562	0.451997	2.12084	2.12084	-0.0748364	1.23185	1.05312
6	0.344895	0.430678	0.430678	-0.0829993	0.208648	0.229456	1.32184	1.32184	-0.103998	0.621804	0.562051
6	0.318091	0.360395	0.360395	-0.456744	0.0935431	0.115753	1.10613	1.10613	-0.5723	0.220081	0.234857
6	1.04518	0.145304	0.145304	-1.14932	-0.0981317	-0.109431	0.445968	0.445968	-1.4401	-0.260763	-0.231135
6	1.00243	-0.189354	-0.189354	-1.40356	-0.44857	-0.412327	-0.581166	-0.581166	-1.75866	-1.12432	-0.879195
6	0.483828	-0.13878	-0.13878	-1.29437	-0.37636	-0.382146	-0.425945	-0.425945	-1.62185	-0.971745	-0.845569
6	0.575097	0.45083	0.45083	-0.6946	0.209598	0.229177	1.38369	1.38369	-0.870333	0.44822	0.523606
6	0.517581	-0.136714	-0.136714	-1.20716	-0.416634	-0.349877	-0.419604	-0.419604	-1.51257	-0.945221	-0.838456
6	1.29518	-0.56603	-0.56603	-2.46142	-0.986502	-0.907927	-1.73727	-1.73727	-3.08416	-1.57205	-1.40866
6	1.29747	0.464468	0.464468	-1.30624	0.002723	0.037633	1.42555	1.42555	-1.63672	0.00468225	0.0543124
6	1.11215	-0.60512	-0.60512	-1.9966	-0.907928	-0.850969	-1.85724	-1.85724	-2.50174	-2.14618	-1.72202
6	2.35369	0.0192148	-0.38106	-1.74129	-1.65283	-1.55679	0.0589743	-1.06765	-2.18184	-1.89215	-1.42851
6	0.349764	0.505801	0.505801	-0.363835	0.250384	0.284963	1.55241	1.55241	-0.455885	0.595642	0.632735
6	0.258197	0.289878	0.289878	-0.234647	0.0704618	0.0950984	0.889698	0.889698	-0.294012	0.21329	0.232943
6	1.32478	-0.549315	-0.549315	-1.66944	-0.956537	-0.925602	-1.68596	-1.68596	-2.09181	-1.8391	-1.53078
6	1.01201	0.264025	0.264025	-1.19324	0.0106697	-0.000800767	0.810347	0.810347	-1.49513	0.026477	-0.00159039
6	0.850375	-0.0143213	-0.0143213	-1.16661	-0.269497	-0.235775	-0.0439552	-0.0439552	-1.46177	-0.715488	-0.560081
6	0.619141	-0.196031	-0.196031	-1.46491	-0.438313	-0.391762	-0.601662	-0.601662	-1.83553	-1.22796	-0.906548
6	1.9784	-0.309851	-0.309851	-1.99182	-1.09023	-0.963782	-0.950999	-0.950999	-2.49575	-1.04363	-0.990861
6	0.473319	0.581541	0.581541	-0.553442	0.330651	0.367106	1.78487	1.78487	-0.693463	0.896591	0.892252
6	0.631936	0.263165	0.263165	-0.952292	0.0325433	0.0632998	0.807709	0.807709	-1.19322	0.096216	0.149874
6	1.6804	0.147249	0.147249	-0.877181	-0.673704	-0.593459	0.451939	0.451939	-1.09911	-0.906665	-0.73295
6	0.736969	-0.590488	-0.590488	-2.07208	-0.824447	-0.791002	-1.81233	-1.81233	-2.59631	-2.26638	-1.796
6	0.62788	0.427655	0.427655	-0.300341	0.169908	0.207641	1.31256	1.31256	-0.376328	0.467084	0.490728
6	2.54269	-0.180171	-0.626927	-2.45802	-2.28415	-2.27591	-0.552984	-1.75652	-3.0799	-2.61304	-2.06241
6	0.537412	0.277006	0.277006	-0.602396	0.0690565	0.0525078	0.850189	0.850189	-0.754802	0.204822	0.102341
6	0.0688468	0.14574	0.14574	-0.34209	-0.0891742	-0.0528625	0.447306	0.447306	-0.428639	-0.227271	-0.129486
6	1.38584	0.359226	0.359226	-0.977398	-0.0469612	-0.0340822	1.10254	1.10254	-1.22468	-0.0772371	-0.0440353
6	0.697023	-0.27846	-0.27846	-1.61019	-0.498049	-0.548503	-0.854652	-0.854652	-2.01757	-1.43844	-1.12199
6	1.14054	0.0239884	0.0239884	-1.36119	-0.282484	-0.26411	0.0736255	0.0736255	-1.70557	-0.592281	-0.484584
6	0.242007	0.283104	0.283104	-0.275452	0.0355469	0.0569725	0.868907	0.868907	-0.345141	0.0990291	0.133474
6	0.238268	0.122891	0.122891	-0.542671	-0.0831906	-0.0847754	0.37718	0.37718	-0.679967	-0.250501	-0.207656
6	0.316164	-0.946075	-0.946075	-1.63777	-1.17456	-1.13936	-2.9037	-2.9037	-2.05213	-3.34608	-2.77934
6	0.392163	-0.609338	-0.609338	-1.5128	-0.812427	-0.801338	-1.87019	-1.87019	-1.89554	-2.46059	-1.96287
6	0.273132	0.0942493	0.0942493	-0.700246	-0.139304	-0.113514	0.289271	0.289271	-0.877408	-0.415031	-0.261319
6	2.56779	0.253902	-0.202107	-1.28805	-1.09652	-0.978874	0.77928	-0.566263	-1.61393	-1.02798	-0.837059
6	1.07264	0.20472	0.20472	-0.567345	-0.0383839	-0.0422974	0.62833	0.62833	-0.710883	-0.101338	-0.0895708
6	2.40627	-0.156543	-0.597478	-2.22345	-0.944701	-0.893466	-0.480462	-1.67401	-2.78599	-1.03745	-0.860016
6	0.134968	-0.203591	-0.203591	-0.566599	-0.416809	-0.401642	-0.624864	-0.624864	-0.709949	-1.27927	-0.938846
6	1.88874	-0.157037	-0.157037	-2.63549	-0.692242	-0.631529	-0.48198	-0.48198	-3.30227	-0.940199	-0.712873
6	1.01378	0.152601	0.152601	-1.11815	-0.0851207	-0.0745514	0.468363	0.468363	-1.40105	-0.22456	-0.173924
6	2.10058	0.17956	0.17956	-1.77302	-0.890123	-0.695388	0.551109	0.551109	-2.2216	-0.827036	-0.54843
6	0.159555	-0.223542	-0.223542	-0.614934	-0.471762	-0.414951	-0.686097	-0.686097	-0.770513	-1.18841	-1.01642
6	0.836293	-0.168942	-0.168942	-1.33926	-0.44286	-0.382293	-0.518518	-0.518518	-1.67809	-1.13232	-0.842258
6	1.51441	-0.140591	-0.140591	-1.58653	-0.589986	-0.512326	-0.431503	-0.431503	-1.98792	-0.942833	-0.721279
6	1.86351	-0.119316	-0.119316	-2.16754	-0.784037	-0.69322	-0.366206	-0.366206	-2.71593	-0.84317	-0.69521
6	1.53731	-0.257222	-0.257222	-1.99167	-0.757256	-0.698296	-0.789468	-0.789468	-2.49557	-1.13227	-0.961861
6	2.35469	-0.00596551	-0.43435	-2.05457	-1.12896	-0.819507	-0.0183094	-1.21696	-2.57437	-0.63964	-0.672488
6	1.88842	-0.00489116	-0.00489116	-2.18368	-0.870789	-0.799519	-0.015012	-0.015012	-2.73615	-0.84484	-0.64425
6	0.650163	0.486426	0.486426	-0.794619	0.24215	0.255548	1.49294	1.49294	-0.995658	0.655173	0.574804
6	0.929317	-0.499994	-0.499994	-1.36178	-0.741698	-0.716321	-1.53459	-1.53459	-1.70631	-1.848	-1.59037
6	0.731937	0.199052	0.199052	-1.0059	-0.0604764	0.00563788	0.610934	0.610934	-1.26039	-0.146251	0.0138099
6	0.722708	-0.443547	-0.443547	-1.42593	-0.696988	-0.660457	-1.36134	-1.36134	-1.78669	-1.81013	-1.35648
6	1.42795	0.0484908	0.0484908	-1.68156	-0.369271	-0.315257	0.148828	0.148828	-2.107	-0.559088	-0.397227
6	1.88154	0.43435	0.43435	-1.55199	-0.479775	-0.226217	1.33311	1.33311	-1.94464	-0.478204	-0.236264
6	0.914884	0.396996	0.396996	-0.876865	0.161816	0.143031	1.21847	1.21847	-1.09871	0.436559	0.313421
6	0.672975	-0.251395	-0.251395	-1.83704	-0.483055	-0.449423	-0.771583	-0.771583	-2.30182	-1.27697	-1.08654
6	0.618762	0.0703635	0.0703635	-0.970781	-0.166846	-0.146006	0.21596	0.21596	-1.21639	-0.512085	-0.357641
6	0.556442	0.0457282	0.0457282	-1.18928	-0.163687	-0.177325	0.140349	0.140349	-1.49017	-0.467311	-0.390029
6	0.717779	0.138759	0.138759	-1.08708	-0.12092	-0.0723364	0.425882	0.425882	-1.36211	-0.326332	-0.162908
6	0.93844	-0.112639	-0.112639	-1.77021	-0.387492	-0.33288	-0.345713	-0.345713	-2.21807	-0.987033	-0.767207
6	0.882257	-0.603752	-0.603752	-1.66443	-0.828127	-0.851401	-1.85304	-1.85304	-2.08552	-2.20276	-1.78586
6	0.423284	0.588941	0.588941	-0.231202	0.358787	0.367958	1.80758	1.80758	-0.289696	1.01614	0.8253
6	1.2651	-0.0256946	-0.0256946	-1.17044	-0.497608	-0.377155	-0.0788623	-0.0788623	-1.46656	-0.921021	-0.637981
6	0.823901	0.865158	0.865158	-0.915708	0.632637	0.637324	2.65535	2.65535	-1.14738	1.63984	1.452
6	1.06609	-0.676344	-0.676344	-2.13796	-0.953788	-0.899378	-2.07584	-2.07584	-2.67886	-1.94466	-1.98666
6	3.02318	0.0918243	-0.764557	-2.00196	-1.84564	-1.80928	0.281828	-1.91598	-2.50846	-2.14122	-1.85319
6	1.11177	0.244851	0.244851	-1.05858	-0.000781606	0.0119294	0.751499	0.751499	-1.32641	-0.00200839	0.0256298
6	0.721325	0.728675	0.728675	-0.367883	0.481784	0.500636	2.23646	2.23646	-0.460957	1.20211	1.16252
6	0.96891	0.552176	0.552176	-0.666491	0.304169	0.333024	1.69474	1.69474	-0.835113	0.811445	0.740592
6	0.62658	0.633852	0.633852	-0.56041	0.368127	0.425568	1.94543	1.94543	-0.702194	0.944275	0.997634
6	1.16717	0.30828	0.30828	-1.32164	-0.0105319	0.0127716	0.946177	0.946177	-1.65601	-0.0251965	0.0225461
6	1.68759	0.450174	0.450174	-2.0524	-0.0292907	0.0359654	1.38168	1.38168	-2.57165	-0.0408984	0.048469
6	0.458777	-0.465926	-0.465926	-1.35568	-0.700984	-0.670573	-1.43002	-1.43002	-1.69867	-1.88454	-1.64256
6	0.677101	0.267049	0.267049	-1.20841	-0.00292083	0.0177545	0.819631	0.819631	-1.51414	-0.00748026	0.0295701
6	0.812697	-0.184917	-0.184917	-1.14509	-0.43179	-0.397289	-0.567549	-0.567549	-1.4348	-1.2012	-0.973155
6	0.383495	-0.417267	-0.417267	-1.06816	-0.633878	-0.598834	-1.28068	-1.28068	-1.33841	-1.78827	-1.46684
6	0.768442	0.553706	0.553706	-0.816286	0.270447	0.334917	1.69944	1.69944	-1.02281	0.638721	0.747299
6	0.755167	-0.644676	-0.644676	-1.67644	-0.853457	-0.872723	-1.97865	-1.97865	-2.10058	-2.33665	-1.98879
6	0.670018	-0.0527241	-0.0527241	-0.79556	-0.297846	-0.275733	-0.161821	-0.161821	-0.996837	-0.736064	-0.651867
6	1.55527	0.112287	0.112287	-2.02704	-0.266332	-0.269949	0.344632	0.344632	-2.53988	-0.465103	-0.376526
6	0.282966	-0.0946246	-0.0946246	-1.10366	-0.335188	-0.296328	-0.290423	-0.290423	-1.38289	-0.868143	-0.725851
6	0.375864	0.180352	0.180352	-0.733198	-0.0377482	-0.0424233	0.55354	0.55354	-0.918697	-0.0995981	-0.0982414
6	1.937	0.508912	0.508912	-1.46046	-0.94851	-0.698011	1.56196	1.56196	-1.82996	-1.00348	-0.642261
6	0.467	-0.460178	-0.460178	-1.62538	-0.658865	-0.674696	-1.41238	-1.41238	-2.0366	-1.85337	-1.59
6	1.35248	-0.0608753	-0.0608753	-1.77736	-0.391069	-0.404885	-0.186839	-0.186839	-2.22703	-0.743473	-0.60312
6	2.50375	0.276134	-0.0415504	-1.74798	-1.35978	-1.18151	0.847514	-0.116416	-2.19022	-0.903675	-0.793065
6	0.698099	-0.224885	-0.224885	-1.14198	-0.442704	-0.4573	-0.690218	-0.690218	-1.43091	-1.29545	-0.988803
6	0.80941	-0.288331	-0.288331	-1.54228	-0.549347	-0.545431	-0.884949	-0.884949	-1.93247	-1.35424	-1.1702
6	1.91667	0.282068	0.282068	-1.33008	-0.59078	-0.56606	0.865727	0.865727	-1.66659	-0.553118	-0.470455
6	0.746433	-0.541921	-0.541921	-1.74916	-0.769225	-0.754268	-1.66327	-1.66327	-2.1917	-2.01593	-1.72523
6	0.203454	-0.165734	-0.165734	-0.902926	-0.409499	-0.371396	-0.508672	-0.508672	-1.13137	-1.05966	-0.909731
6	0.365672	0.238216	0.238216	-0.441682	0.0556194	0.0266846	0.731134	0.731134	-0.553427	0.155986	0.0638194
6	0.484004	0.572927	0.572927	-0.602038	0.326146	0.360256	1.75843	1.75843	-0.754353	0.889121	0.832807
6	0.45868	0.261204	0.261204	-0.719345	0.00463363	0.0632761	0.80169	0.80169	-0.901339	0.00943186	0.1502
6	1.14279	0.531791	0.531791	-0.519524	0.22247	0.292639	1.63218	1.63218	-0.650964	0.49768	0.602825
6	0.111561	0.500578	0.500578	-0.0600349	0.265537	0.259546	1.53638	1.53638	-0.0752238	0.771153	0.580861
6	1.16246	0.198997	0.198997	-1.16083	-0.167388	-0.0350478	0.610764	0.610764	-1.45452	-0.309914	-0.0721399
6	0.945155	-0.942663	-0.942663	-2.30618	-1.17374	-1.16462	-2.89323	-2.89323	-2.88965	-3.18119	-2.70034
6	1.3701	0.119125	0.119125	-1.18908	-0.227687	-0.213609	0.365619	0.365619	-1.48992	-0.415672	-0.332901
6	0.975956	0.519987	0.519987	-1.31284	0.256166	0.317527	1.59595	1.59595	-1.64499	0.605924	0.740704
6	1.25347	0.533824	0.533824	-0.497372	0.247408	0.272186	1.63842	1.63842	-0.623207	0.5469	0.518138
6	0.73005	-0.0291279	-0.0291279	-1.09897	-0.266448	-0.222209	-0.0893996	-0.0893996	-1.37701	-0.715398	-0.544298
6	1.63556	-0.195847	-0.195847	-1.68917	-1.14316	-1.05778	-0.601095	-0.601095	-2.11654	-1.40653	-1.03723
6	0.7862	0.203366	0.203366	-0.81796	-0.0330276	-0.0358099	0.624173	0.624173	-1.0249	-0.0834248	-0.0685328
6	0.524392	0.528205	0.528205	-0.488558	0.274945	0.308183	1.62117	1.62117	-0.612163	0.714628	0.679335
6	1.06885	-0.15004	-0.15004	-1.64839	-0.457051	-0.456001	-0.460504	-0.460504	-2.06544	-1.01088	-0.701342
6	1.05357	0.254982	0.254982	-1.17903	-0.00647117	0.00880405	0.782592	0.782592	-1.47733	-0.0160265	0.0175177
6	0.41979	0.481296	0.481296	-0.431603	0.264507	0.273251	1.4772	1.4772	-0.540799	0.811827	0.650179
6	0.457703	0.135587	0.135587	-1.0079	-0.13063	-0.094895	0.416144	0.416144	-1.2629	-0.325558	-0.209245
6	1.20087	0.508318	0.508318	-0.776364	0.149515	0.207974	1.56014	1.56014	-0.972784	0.339079	0.415815
6	0.771466	-0.133299	-0.133299	-1.13278	-0.408834	-0.340232	-0.409122	-0.409122	-1.41937	-1.02095	-0.833394
6	0.571514	-0.060252	-0.060252	-1.11266	-0.291123	-0.285609	-0.184926	-0.184926	-1.39417	-0.78503	-0.579876
6	0.6575	0.324021	0.324021	-0.608761	0.1137	0.108659	0.994487	0.994487	-0.762777	0.329865	0.25113
6	0.435693	-0.175474	-0.175474	-0.91948	-0.390926	-0.386426	-0.538567	-0.538567	-1.15211	-1.16173	-0.816741
6	0.868211	0.805158	0.805158	-0.20298	0.56103	0.555837	2.4712	2.4712	-0.254334	1.42068	1.16409
6	1.46992	0.296756	0.296756	-1.20759	-0.164134	-0.168981	0.910807	0.910807	-1.51311	-0.197016	-0.189425
6	1.33472	0.542047	0.542047	-1.1851	0.225931	0.192627	1.66366	1.66366	-1.48493	0.484993	0.318995
6	0.866656	-0.4579	-0.4579	-1.73791	-0.707247	-0.691841	-1.40539	-1.40539	-2.17761	-1.88482	-1.42136
6	0.471579	-0.506316	-0.506316	-1.32968	-0.763548	-0.712082	-1.55399	-1.55399	-1.66609	-1.96988	-1.74424
6	1.22186	-0.165539	-0.165539	-1.6859	-0.540843	-0.517455	-0.508073	-0.508073	-2.11243	-1.15803	-0.879581
6	0.963953	0.145039	0.145039	-1.14762	-0.129871	-0.120954	0.445154	0.445154	-1.43797	-0.343099	-0.246179
6	0.485402	0.245488	0.245488	-0.775201	-0.000979743	0.0111847	0.753455	0.753455	-0.971327	-0.0026318	0.0240733
6	1.14379	0.331133	0.331133	-1.28442	0.0394529	0.0371366	1.01632	1.01632	-1.60938	0.0840524	0.0701869
6	0.947821	0.335924	0.335924	-0.84863	0.0717711	0.101181	1.03102	1.03102	-1.06333	0.167702	0.223822
6	2.14372	0.484774	0.484774	-1.10193	-0.394202	-0.308602	1.48787	1.48787	-1.38071	-0.370414	-0.267921
6	0.170441	-0.477536	-0.477536	-0.989384	-0.679004	-0.690158	-1.46566	-1.46566	-1.2397	-1.9675	-1.62276
6	0.809804	0.380819	0.380819	-0.909022	0.155694	0.156611	1.16881	1.16881	-1.13901	0.410841	0.329273
6	1.46173	-0.521892	-0.521892	-2.42986	-1.10797	-1.02225	-1.6018	-1.6018	-3.04461	-1.67017	-1.28193
6	1.04856	-0.567379	-0.567379	-2.31307	-0.838595	-0.797571	-1.74141	-1.74141	-2.89828	-2.16203	-1.86883
6	2.13497	0.109868	0.109868	-1.85805	-0.857319	-0.792709	0.33721	0.33721	-2.32813	-0.958559	-0.752502
6	2.833	0.0588141	-0.66257	-2.87817	-1.5349	-1.23875	0.180513	-1.6604	-3.60634	-0.999715	-0.75385
6	1.19285	-0.377041	-0.377041	-1.84725	-0.692883	-0.642704	-1.15722	-1.15722	-2.3146	-1.49457	-1.28171
6	1.56303	0.749653	0.749653	-0.969292	-0.00306892	0.00437209	2.30084	2.30084	-1.21452	-0.00411431	0.00474492
6	1.14006	0.142617	0.142617	-1.53923	-0.16751	-0.144702	0.437723	0.437723	-1.92866	-0.390195	-0.288062
6	0.146633	-0.0911358	-0.0911358	-0.597968	-0.313379	-0.290008	-0.279715	-0.279715	-0.749254	-0.960475	-0.703251
6	0.835037	-0.887102	-0.887102	-2.36132	-1.14517	-1.10933	-2.7227	-2.7227	-2.95873	-2.64165	-2.31737
6	0.906899	0.25627	0.25627	-1.01063	0.0188235	-0.00402966	0.786548	0.786548	-1.26632	0.055451	-0.00857257
6	1.09254	0.291808	0.291808	-1.23182	0.0141129	0.0584044	0.89562	0.89562	-1.54348	0.0290553	0.122824
6	1.31843	-0.209509	-0.209509	-2.29057	-0.540303	-0.508623	-0.643029	-0.643029	-2.87008	-0.967487	-0.849046
6	0.853477	0.779695	0.779695	-0.621347	0.531188	0.524081	2.39305	2.39305	-0.778547	1.20501	1.0839
6	3.34418	-0.861046	-1.35769	-2.66574	-2.74636	-2.48542	-2.64273	-3.80397	-3.34017	-1.86099	-1.64245
6	0.442427	-0.25068	-0.25068	-1.20357	-0.465314	-0.486297	-0.76939	-0.76939	-1.50807	-1.31614	-1.10136
6	0.847773	0.454622	0.454622	-0.302247	0.175678	0.233645	1.39533	1.39533	-0.378715	0.36345	0.448141
6	0.393184	0.422457	0.422457	-0.103313	0.207706	0.194516	1.29661	1.29661	-0.129451	0.588125	0.447824
6	1.13253	-0.494595	-0.494595	-2.18667	-0.825791	-0.747315	-1.51802	-1.51802	-2.73989	-1.54178	-1.5449
6	0.128838	0.00159393	0.00159393	-0.458691	-0.217506	-0.22499	0.00489209	0.00489209	-0.574739	-0.597537	-0.507853
6	0.842081	0.193005	0.193005	-0.914338	-0.0215594	-0.0223784	0.592372	0.592372	-1.14567	-0.0615645	-0.0480677
6	1.01173	0.377334	0.377334	-1.03686	0.175332	0.142016	1.15812	1.15812	-1.29918	0.50682	0.291011
6	0.626052	0.253012	0.253012	-0.863859	0.0183907	0.0455195	0.776547	0.776547	-1.08242	0.0495188	0.1115
6	1.32623	0.260329	0.260329	-1.17272	-0.163603	-0.0234251	0.799005	0.799005	-1.46942	-0.247341	-0.0396022
6	0.9595	0.431455	0.431455	-1.40055	0.185442	0.17965	1.32423	1.32423	-1.75489	0.493507	0.388195
6	1.06084	0.271809	0.271809	-1.18486	-0.0105499	0.0203073	0.834238	0.834238	-1.48463	-0.0262339	0.0401621
6	0.792004	-0.348476	-0.348476	-1.33613	-0.556397	-0.564217	-1.06955	-1.06955	-1.67417	-1.63397	-1.29675
6	1.56589	0.139544	0.139544	-2.16012	-0.243356	-0.221024	0.42829	0.42829	-2.70662	-0.415336	-0.342349
6	0.645373	0.133401	0.133401	-0.901287	-0.114796	-0.0642403	0.409434	0.409434	-1.12931	-0.31246	-0.157356
6	1.04261	-0.171731	-0.171731	-1.58141	-0.42586	-0.401088	-0.527077	-0.527077	-1.9815	-1.0112	-0.837296
6	1.10368	-0.381907	-0.381907	-1.44717	-0.63036	-0.594723	-1.17215	-1.17215	-1.81331	-1.697	-1.30723
6	1.22289	0.131934	0.131934	-1.69523	-0.164742	-0.157463	0.404933	0.404933	-2.12413	-0.358255	-0.284127
6	2.20963	-0.212145	-0.212145	-2.56474	-2.15447	-1.9672	-0.651116	-0.651116	-3.21361	-2.22133	-1.76156
6	1.57142	-0.1852	-0.1852	-1.84513	-0.628668	-0.568945	-0.568417	-0.568417	-2.31194	-0.951508	-0.823602
6	0.382256	-0.326889	-0.326889	-1.00997	-0.535147	-0.533716	-1.00329	-1.00329	-1.26549	-1.64248	-1.30733
6	0.793037	-0.122905	-0.122905	-0.951223	-0.37821	-0.34165	-0.377221	-0.377221	-1.19188	-0.983183	-0.736625
6	1.15784	0.0991956	0.0991956	-1.54922	-0.332572	-0.187129	0.304452	0.304452	-1.94117	-0.555651	-0.326693
6	1.40735	-0.306207	-0.306207	-1.63075	-0.941709	-0.831292	-0.939814	-0.939814	-2.04333	-1.41333	-1.27834
6	0.319599	0.138638	0.138638	-0.377883	-0.101686	-0.0355684	0.425509	0.425509	-0.473487	-0.289942	-0.0871244
6	1.45291	0.315231	0.315231	-1.0024	-0.22284	-0.117286	0.967512	0.967512	-1.25601	-0.358721	-0.193589
6	0.795994	0.249478	0.249478	-0.950255	-0.0172577	0.0231863	0.7657	0.7657	-1.19067	-0.0433779	0.0497038
6	1.28993	0.656475	0.656475	-0.891656	0.340973	0.37906	2.01486	2.01486	-1.11725	0.710219	0.666634
6	0.710957	-0.218513	-0.218513	-1.26442	-0.522483	-0.437708	-0.670664	-0.670664	-1.58431	-0.876406	-0.953933
6	0.743595	-0.640804	-0.640804	-1.68573	-0.870421	-0.860654	-1.96676	-1.96676	-2.11222	-2.24371	-1.94493
6	0.81932	0.476881	0.476881	-0.532999	0.213552	0.240512	1.46365	1.46365	-0.667848	0.482215	0.482823
6	0.430945	0.548852	0.548852	-0.0213146	0.311692	0.334068	1.68454	1.68454	-0.0267072	0.782826	0.801622
6	2.14785	0.173454	0.173454	-1.45837	-0.665196	-0.562924	0.532367	0.532367	-1.82734	-0.820142	-0.704325
6	0.628105	0.0166425	0.0166425	-1.32918	-0.193271	-0.188925	0.0510792	0.0510792	-1.66546	-0.537993	-0.400913
6	0.588289	0.249034	0.249034	-1.11718	0.0323822	0.0505779	0.764337	0.764337	-1.39983	0.089991	0.12389
6	0.528099	0.110685	0.110685	-1.11639	-0.141217	-0.103941	0.339717	0.339717	-1.39883	-0.37916	-0.252034
6	0.519146	-0.0802247	-0.0802247	-1.05115	-0.359865	-0.333322	-0.246227	-0.246227	-1.3171	-0.776263	-0.72203
6	2.1761	-0.42824	-0.42824	-1.9831	-2.15471	-1.97451	-1.31436	-1.31436	-2.48482	-2.31991	-2.13559
6	1.14754	0.287951	0.287951	-0.87333	-0.0306511	0.0553554	0.883783	0.883783	-1.09428	-0.0646893	0.122138
6	0.838623	0.304191	0.304191	-0.614043	0.105941	0.0775638	0.933625	0.933625	-0.769396	0.306635	0.160894
6	3.32539	-0.419711	-1.75923	-3.3446	-2.95652	-2.27288	-1.28818	-3.81799	-4.19078	-1.79819	-1.28158
6	0.743871	0.109069	0.109069	-0.879325	-0.178609	-0.139908	0.334757	0.334757	-1.10179	-0.423698	-0.27115
6	0.262159	0.580828	0.580828	-0.174135	0.356554	0.3449	1.78268	1.78268	-0.218191	0.949661	0.803468
6	0.9524	0.607907	0.607907	-0.492587	0.361445	0.390687	1.8658	1.8658	-0.617211	0.911438	0.863041
6	1.12393	-0.245951	-0.245951	-1.27408	-0.547957	-0.480284	-0.754875	-0.754875	-1.59642	-1.28029	-1.07301
6	0.83499	-0.198131	-0.198131	-1.08669	-0.462675	-0.409027	-0.608106	-0.608106	-1.36162	-1.1719	-1.00191
6	0.472344	0.515372	0.515372	-0.277058	0.291526	0.285854	1.58179	1.58179	-0.347154	0.799588	0.616053
6	2.14213	-0.163646	-0.163646	-2.41836	-1.53801	-1.33343	-0.502264	-0.502264	-3.03021	-1.17483	-0.912437
6	0.899952	-0.334957	-0.334957	-1.89805	-0.614931	-0.53339	-1.02805	-1.02805	-2.37825	-1.42298	-1.30653
6	0.614853	0.574961	0.574961	-0.535199	0.330393	0.344801	1.76468	1.76468	-0.670604	0.893712	0.762567
6	0.729898	0.572412	0.572412	-0.210762	0.339947	0.36151	1.75685	1.75685	-0.264084	0.881825	0.885515
6	0.508234	0.184064	0.184064	-0.643517	-0.0508612	-0.020898	0.564932	0.564932	-0.806327	-0.147978	-0.0498131
6	1.71424	0.591221	0.591221	-1.41095	-0.84247	-0.669273	1.81458	1.81458	-1.76793	-0.73128	-0.587225
6	0.586324	0.156194	0.156194	-0.671343	-0.0969335	-0.0656966	0.479394	0.479394	-0.841193	-0.27452	-0.151985
6	0.82001	0.0928723	0.0928723	-1.11487	-0.144328	-0.133612	0.285045	0.285045	-1.39694	-0.3706	-0.30818
6	0.612474	-0.745441	-0.745441	-1.65016	-1.01846	-0.974728	-2.28792	-2.28792	-2.06766	-2.50299	-2.14464
6	1.00267	-0.561099	-0.561099	-1.4207	-0.792582	-0.779434	-1.72213	-1.72213	-1.78014	-2.22783	-1.8622
6	1.64665	0.582292	0.582292	-1.72063	0.150655	0.244584	1.78718	1.78718	-2.15595	0.217913	0.338942
6	0.217888	-0.22298	-0.22298	-0.839038	-0.480293	-0.440598	-0.684374	-0.684374	-1.05131	-1.13125	-1.02157
6	0.555996	0.459142	0.459142	-0.321272	0.230521	0.218208	1.4092	1.4092	-0.402554	0.625192	0.493543
6	0.720303	0.458217	0.458217	-0.838726	0.218228	0.223723	1.40637	1.40637	-1.05092	0.539541	0.469101
6	0.512641	0.0598549	0.0598549	-1.16513	-0.141121	-0.179156	0.183707	0.183707	-1.45991	-0.413041	-0.392821
6	0.350161	-0.398061	-0.398061	-1.34027	-0.626296	-0.591954	-1.22173	-1.22173	-1.67936	-1.72147	-1.40657
6	0.478898	0.482485	0.482485	-0.496608	0.236481	0.274895	1.48085	1.48085	-0.62225	0.594779	0.672988
6	0.315325	-0.381372	-0.381372	-1.19963	-0.599093	-0.600161	-1.17051	-1.17051	-1.50314	-1.62229	-1.47009
6	0.821921	-0.732086	-0.732086	-1.56987	-0.973847	-0.956665	-2.24693	-2.24693	-1.96704	-2.66516	-2.05284
6	1.03335	-0.381792	-0.381792	-2.08379	-0.681378	-0.6008	-1.1718	-1.1718	-2.61099	-1.50233	-1.28107
6	1.76339	0.0790487	0.0790487	-1.79149	-0.450849	-0.39836	0.242617	0.242617	-2.24474	-0.557491	-0.478833
6	0.39565	0.288243	0.288243	-0.425985	0.0869481	0.085955	0.88468	0.88468	-0.533759	0.260258	0.210546
6	0.400087	-0.786987	-0.786987	-1.58987	-1.01619	-0.992173	-2.41543	-2.41543	-1.99211	-2.76928	-2.21472
6	0.603115	-0.096819	-0.096819	-1.00658	-0.333614	-0.306262	-0.297158	-0.297158	-1.26125	-0.894616	-0.721756
6	1.67108	0.597343	0.597343	-1.86083	-0.00320194	0.134153	1.83337	1.83337	-2.33163	-0.00388457	0.171451
6	0.232233	0.649924	0.649924	0.094554	0.42699	0.425414	1.99475	1.99475	0.118476	1.20114	0.976676
6	0.69338	0.609251	0.609251	-0.416582	0.379016	0.364716	1.86992	1.86992	-0.521978	1.08139	0.75483
6	1.41175	0.364427	0.364427	-1.27231	-0.0714377	-0.0254844	1.1185	1.1185	-1.5942	-0.105162	-0.0335651
6	0.748666	-0.0884992	-0.0884992	-1.29436	-0.296701	-0.270106	-0.271623	-0.271623	-1.62183	-0.910637	-0.661623
6	1.1734	-0.0455001	-0.0455001	-1.06496	-0.30986	-0.30454	-0.139649	-0.139649	-1.3344	-0.714897	-0.574456
6	1.53113	-0.378749	-0.378749	-1.23966	-0.95659	-0.943919	-1.16246	-1.16246	-1.55329	-1.6095	-1.51587
6	0.241773	0.0550477	0.0550477	-0.738872	-0.175028	-0.171125	0.168953	0.168953	-0.925806	-0.475451	-0.419169
6	0.441819	-0.361674	-0.361674	-1.23075	-0.570494	-0.589876	-1.11005	-1.11005	-1.54213	-1.72919	-1.32214
6	1.13714	-0.0972102	-0.0972102	-1.89686	-0.408516	-0.419219	-0.298358	-0.298358	-2.37677	-0.947971	-0.677437
6	0.502336	0.534625	0.534625	-0.444102	0.294566	0.310119	1.64088	1.64088	-0.55646	0.809749	0.616552
6	1.52962	0.324403	0.324403	-0.590983	-0.251283	-0.19489	0.995662	0.995662	-0.740502	-0.410162	-0.273106
6	1.93808	0.160653	0.160653	-1.91492	-0.564061	-0.448638	0.493077	0.493077	-2.39939	-0.564935	-0.426035
6	1.56657	-0.141216	-0.141216	-1.40227	-0.9151	-0.879896	-0.433421	-0.433421	-1.75704	-1.26634	-1.03691
6	1.29905	0.490558	0.490558	-1.3514	-0.0684496	0.0103387	1.50562	1.50562	-1.6933	-0.095837	0.0129725
6	0.500662	0.524896	0.524896	-0.67197	0.279498	0.304609	1.61102	1.61102	-0.841979	0.788637	0.741738
6	1.3994	0.685112	0.685112	-1.01703	0.206827	0.390401	2.10275	2.10275	-1.27434	0.285696	0.588007
6	1.2808	-0.468724	-0.468724	-2.43114	-0.80763	-0.734205	-1.43861	-1.43861	-3.04621	-1.43352	-1.31476
6	0.335993	0.107214	0.107214	-0.855418	-0.112525	-0.109241	0.329063	0.329063	-1.07184	-0.302686	-0.264179
6	1.61088	0.451523	0.451523	-1.6901	-0.587353	-0.43781	1.38582	1.38582	-2.11769	-0.613467	-0.403737
6	1.86497	1.15787	1.15787	-1.50701	-0.692989	-0.341839	3.55376	3.55376	-1.88829	-0.543337	-0.256674
6	0.275851	-0.127538	-0.127538	-0.765876	-0.337061	-0.333547	-0.39144	-0.39144	-0.959643	-0.913579	-0.794411
6	1.02959	-0.27893	-0.27893	-2.09381	-0.532036	-0.489899	-0.856096	-0.856096	-2.62355	-1.37746	-1.04711
6	1.01293	-0.397836	-0.397836	-2.13252	-0.655186	-0.630748	-1.22104	-1.22104	-2.67204	-1.64167	-1.33499
6	1.27056	0.0915574	0.0915574	-1.63126	-0.342836	-0.323642	0.281009	0.281009	-2.04397	-0.598505	-0.46384
6	1.84504	0.244529	0.244529	-1.59359	-0.987941	-0.862736	0.750511	0.750511	-1.99676	-1.02474	-0.877428
6	0.611508	0.239106	0.239106	-0.541168	0.0410245	0.0343069	0.733866	0.733866	-0.678083	0.125913	0.0840344
6	0.67705	-0.330596	-0.330596	-1.93922	-0.572765	-0.579589	-1.01467	-1.01467	-2.42984	-1.49092	-1.21551
6	0.623841	-0.748343	-0.748343	-1.62313	-0.952778	-0.962264	-2.29682	-2.29682	-2.03378	-2.86976	-2.23103
6	0.707406	0.110003	0.110003	-0.668851	-0.120143	-0.123071	0.337623	0.337623	-0.83807	-0.317332	-0.288383
6	0.277958	-0.147232	-0.147232	-1.16139	-0.390533	-0.345437	-0.451886	-0.451886	-1.45522	-0.891239	-0.77184
6	0.83725	0.76361	0.76361	-0.161799	0.539995	0.538716	2.34368	2.34368	-0.202734	1.4528	1.12706
6	2.49356	0.0948476	-0.492076	-1.52188	-0.778316	-0.832617	0.291107	-1.37869	-1.90691	-1.15453	-0.983738
6	1.19435	-0.769665	-0.769665	-2.78605	-1.07469	-0.999421	-2.36226	-2.36226	-3.49093	-2.30311	-2.13815
6	0.4147	0.202921	0.202921	-0.432171	-0.0382443	0.00795551	0.622807	0.622807	-0.541511	-0.104094	0.0188917
6	1.0575	-0.0073066	-0.0073066	-1.40778	-0.261212	-0.299059	-0.0224255	-0.0224255	-1.76395	-0.638223	-0.483003
6	1.67126	-0.377657	-0.377657	-2.71251	-0.957813	-0.810908	-1.15911	-1.15911	-3.39877	-1.17478	-0.97245
6	1.30117	-0.506001	-0.506001	-2.13265	-1.00994	-0.973832	-1.55302	-1.55302	-2.67221	-1.66222	-1.41565
6	0.743567	-0.530821	-0.530821	-1.3806	-0.756094	-0.749745	-1.6292	-1.6292	-1.72989	-2.01849	-1.70549
6	0.434682	-0.669362	-0.669362	-1.68056	-0.890367	-0.879886	-2.05441	-2.05441	-2.10574	-2.44982	-1.96908
6	0.777692	-0.616339	-0.616339	-1.88006	-0.855665	-0.855716	-1.89167	-1.89167	-2.35572	-2.408	-1.87816
6	0.864189	0.200866	0.200866	-1.28245	-0.0365461	-0.0314239	0.6165	0.6165	-1.60691	-0.0877282	-0.0727401
6	0.483042	-0.315935	-0.315935	-1.22282	-0.571849	-0.555571	-0.969672	-0.969672	-1.53219	-1.58297	-1.20015
6	0.682819	0.0705345	0.0705345	-0.709394	-0.163209	-0.152137	0.216485	0.216485	-0.88887	-0.420748	-0.355794
6	0.903428	0.345228	0.345228	-0.837764	0.131823	0.137888	1.05958	1.05958	-1.04972	0.363643	0.271366
6	0.769414	0.432152	0.432152	-0.644119	0.162369	0.180871	1.32637	1.32637	-0.807081	0.371684	0.392801
6	0.620813	0.511489	0.511489	-0.467993	0.265822	0.319436	1.56987	1.56987	-0.586396	0.604271	0.72368
6	1.04156	-0.159302	-0.159302	-1.68627	-0.396478	-0.375608	-0.488932	-0.488932	-2.11289	-1.10199	-0.849359
6	0.736942	0.561911	0.561911	-0.228113	0.319505	0.328403	1.72462	1.72462	-0.285826	0.84839	0.765683
6	0.91204	0.174755	0.174755	-1.52673	-0.0683312	-0.054605	0.536358	0.536358	-1.913	-0.175381	-0.125241
6	0.571758	0.111444	0.111444	-1.35793	-0.171992	-0.0822368	0.342045	0.342045	-1.70149	-0.419254	-0.201438
6	0.310303	-0.0165257	-0.0165257	-1.12553	-0.258614	-0.218827	-0.0507207	-0.0507207	-1.41029	-0.722588	-0.536015
6	1.53693	-0.0678048	-0.0678048	-1.91731	-0.842338	-0.720912	-0.208107	-0.208107	-2.40239	-1.1399	-0.879156
6	0.455276	0.262591	0.262591	-0.602105	0.01579	0.0639411	0.805946	0.805946	-0.754438	0.0414683	0.156623
6	0.754298	0.639715	0.639715	-0.361445	0.428539	0.397818	1.96342	1.96342	-0.452891	1.16792	0.864529
6	0.340061	0.926812	0.926812	0.44249	0.692123	0.707052	2.84458	2.84458	0.55444	1.85673	1.70884
6	0.234455	-0.0313801	-0.0313801	-0.757138	-0.256956	-0.228903	-0.0963121	-0.0963121	-0.948694	-0.75992	-0.560695
6	1.52733	0.736868	0.736868	-0.903875	0.0119681	0.103723	2.2616	2.2616	-1.13256	0.0175936	0.131362
6	1.07787	0.768878	0.768878	-0.639454	0.486638	0.525126	2.35985	2.35985	-0.801236	0.982863	1.19103
6	1.75609	-0.421246	-0.421246	-1.68318	-1.15569	-1.07048	-1.29289	-1.29289	-2.10903	-1.13742	-0.925761
6	0.876096	0.180687	0.180687	-1.71066	-0.0497785	-0.0473073	0.554567	0.554567	-2.14346	-0.119751	-0.103035
6	0.266519	0.433813	0.433813	-0.320729	0.207333	0.21093	1.33146	1.33146	-0.401874	0.499133	0.44699
6	0.766974	0.0324523	0.0324523	-1.28082	-0.205402	-0.179801	0.099603	0.099603	-1.60487	-0.554995	-0.440421
6	1.30055	0.153327	0.153327	-1.03953	-0.108648	-0.142901	0.470593	0.470593	-1.30254	-0.277005	-0.277754
6	0.150537	0.40265	0.40265	-0.0196688	0.182352	0.180828	1.23582	1.23582	-0.024645	0.521192	0.429647
6	0.309318	0.0925855	0.0925855	-0.726226	-0.119965	-0.11752	0.284164	0.284164	-0.909961	-0.337839	-0.272077
6	1.04636	0.123214	0.123214	-1.01971	-0.120045	-0.120003	0.37817	0.37817	-1.27769	-0.334685	-0.25269
6	0.579544	-0.450056	-0.450056	-1.45936	-0.661823	-0.650734	-1.38132	-1.38132	-1.82858	-2.01513	-1.58883
6	0.172269	0.241826	0.241826	-0.030615	0.0190385	0.0648757	0.742216	0.742216	-0.0383605	0.0550275	0.158912
6	0.8859	0.285317	0.285317	-1.06892	0.0519346	0.049825	0.875696	0.875696	-1.33936	0.144076	0.118335
6	2.46981	0.244266	-0.161054	-1.57081	-0.849315	-0.667895	0.749705	-0.451241	-1.96823	-0.764041	-0.524186
6	0.959177	0.181984	0.181984	-0.836073	-0.0972962	-0.0359714	0.558549	0.558549	-1.0476	-0.204905	-0.0822586
6	0.620417	-0.169393	-0.169393	-1.2695	-0.368006	-0.38192	-0.519904	-0.519904	-1.59068	-1.12823	-0.859954
6	0.739239	-0.129144	-0.129144	-1.014	-0.362332	-0.352777	-0.396369	-0.396369	-1.27055	-1.06604	-0.757009
6	1.39185	0.186769	0.186769	-1.96807	-0.154626	-0.0903745	0.573235	0.573235	-2.46599	-0.282212	-0.164212
6	0.544196	0.483532	0.483532	-0.876676	0.277867	0.29148	1.48406	1.48406	-1.09848	0.801367	0.713977
6	0.487492	0.268599	0.268599	-0.665856	0.00548393	0.0874224	0.824387	0.824387	-0.834317	0.0150718	0.21414
6	0.149121	0.226692	0.226692	-0.264071	0.0137696	0.0178583	0.695764	0.695764	-0.330881	0.0389982	0.0437438
6	0.298135	0.138136	0.138136	-0.731609	-0.0877534	-0.0993718	0.423968	0.423968	-0.916707	-0.269334	-0.221099
6	0.725001	-0.20947	-0.20947	-0.754636	-0.460888	-0.428184	-0.642907	-0.642907	-0.945559	-1.21871	-1.01225
6	0.95387	0.131646	0.131646	-0.728055	-0.0958756	-0.104155	0.404048	0.404048	-0.912253	-0.25012	-0.221473
6	0.886634	0.0545422	0.0545422	-1.14273	-0.198741	-0.177634	0.167401	0.167401	-1.43184	-0.471034	-0.376622
6	1.01387	0.275337	0.275337	-1.4299	0.034775	0.0206511	0.845067	0.845067	-1.79166	0.0955627	0.0437201
6	1.18537	-0.346009	-0.346009	-1.27788	-0.642377	-0.633636	-1.06197	-1.06197	-1.60118	-1.6413	-1.26596
6	1.57764	0.173376	0.173376	-1.39029	-0.704407	-0.638608	0.532127	0.532127	-1.74203	-0.771089	-0.700333
6	0.689963	0.0738075	0.0738075	-0.944638	-0.149567	-0.170108	0.226531	0.226531	-1.18363	-0.437205	-0.340278
6	1.84238	-0.193483	-0.193483	-2.47885	-1.72369	-1.64882	-0.593839	-0.593839	-3.106	-1.71642	-1.21691
6	0.377273	-0.152798	-0.152798	-1.02414	-0.370846	-0.355382	-0.468969	-0.468969	-1.28325	-1.03697	-0.870504
6	0.328695	-0.29625	-0.29625	-1.06038	-0.52143	-0.488872	-0.909253	-0.909253	-1.32865	-1.45788	-1.19689
6	0.414993	0.435821	0.435821	-0.167562	0.231065	0.215304	1.33763	1.33763	-0.209956	0.709186	0.480525
6	0.502807	0.0784602	0.0784602	-0.859469	-0.134117	-0.108198	0.240811	0.240811	-1.07691	-0.391258	-0.265029
6	0.409413	0.821824	0.821824	-0.378721	0.615841	0.587678	2.52235	2.52235	-0.474537	1.72094	1.23054
6	0.461584	0.329815	0.329815	-0.933331	0.141144	0.106958	1.01227	1.01227	-1.16946	0.42692	0.257103
6	0.330231	0.451801	0.451801	-0.226561	0.219562	0.247828	1.38667	1.38667	-0.283881	0.611295	0.607051
6	1.26874	0.444819	0.444819	-1.17222	0.0361306	0.0704751	1.36524	1.36524	-1.4688	0.0799187	0.115848
6	0.190605	0.222403	0.222403	-0.292278	-0.00558482	0.0204881	0.6826	0.6826	-0.366225	-0.0142251	0.0463239
6	0.88791	0.16481	0.16481	-1.27009	-0.100391	-0.0581309	0.505836	0.505836	-1.59142	-0.250541	-0.136343
6	0.332371	0.154431	0.154431	-0.387012	-0.0777187	-0.0508225	0.473981	0.473981	-0.484926	-0.18495	-0.109718
6	0.417295	-0.141684	-0.141684	-1.26535	-0.333938	-0.348085	-0.434859	-0.434859	-1.58548	-1.02493	-0.848606
6	1.52309	-0.0378545	-0.0378545	-1.80438	-0.843817	-0.824515	-0.116183	-0.116183	-2.26088	-1.13975	-0.89185
6	0.671831	-0.116309	-0.116309	-0.918917	-0.336768	-0.325479	-0.356977	-0.356977	-1.1514	-0.839628	-0.790707
6	0.405791	0.871015	0.871015	0.0603078	0.640893	0.620556	2.67333	2.67333	0.0755656	1.62697	1.31921
6	1.56095	0.0842241	0.0842241	-1.24712	-0.303647	-0.332572	0.258501	0.258501	-1.56264	-0.490763	-0.428585
6	0.887824	-0.253528	-0.253528	-1.78533	-0.494005	-0.500832	-0.778132	-0.778132	-2.23702	-1.41332	-1.05882
6	1.26489	0.0103992	0.0103992	-1.45864	-0.423843	-0.37563	0.0319172	0.0319172	-1.82768	-0.699889	-0.540549
6	0.419221	-0.208238	-0.208238	-1.21179	-0.471252	-0.421446	-0.639127	-0.639127	-1.51837	-0.887675	-1.02266
6	0.37636	0.116983	0.116983	-1.08797	-0.126171	-0.0916624	0.359045	0.359045	-1.36323	-0.334382	-0.224526
6	0.0792675	0.0538904	0.0538904	-0.425022	-0.172969	-0.132287	0.165401	0.165401	-0.532552	-0.490729	-0.321199
6	1.21457	0.155425	0.155425	-1.31358	-0.175233	-0.0867955	0.477032	0.477032	-1.64591	-0.34671	-0.16754
6	1.31991	0.155246	0.155246	-1.34833	-0.122981	-0.222118	0.476482	0.476482	-1.68946	-0.258529	-0.25541
6	1.87057	-0.402837	-0.402837	-2.10601	-1.13774	-1.15021	-1.23639	-1.23639	-2.63883	-1.23216	-0.850958
6	0.456295	0.941222	0.941222	0.0506147	0.714818	0.755052	2.88881	2.88881	0.0634202	2.19393	1.84949
6	0.682006	0.387885	0.387885	-1.01562	0.145761	0.143468	1.1905	1.1905	-1.27257	0.352793	0.293688
6	0.477369	-0.714511	-0.714511	-1.93162	-0.935089	-0.956093	-2.19298	-2.19298	-2.42032	-2.55572	-2.03637
6	0.651524	-0.459189	-0.459189	-1.32878	-0.699571	-0.659267	-1.40935	-1.40935	-1.66496	-1.91184	-1.61487
6	0.421569	-0.420827	-0.420827	-0.926719	-0.636537	-0.629725	-1.29161	-1.29161	-1.16118	-1.8007	-1.48795
6	0.138156	-0.19875	-0.19875	-0.667928	-0.444554	-0.395806	-0.610005	-0.610005	-0.836913	-1.13149	-0.969522
6	0.420403	0.34604	0.34604	-0.643081	0.0781384	0.0985625	1.06207	1.06207	-0.805781	0.18821	0.2103
6	1.03713	0.717751	0.717751	-0.243883	0.44353	0.499931	2.20293	2.20293	-0.305585	1.09843	1.05913
6	2.84603	0.273778	-0.225639	-1.4275	-1.57747	-1.58556	0.840281	-0.632194	-1.78865	-1.76531	-1.49862
6	0.275592	-0.333552	-0.333552	-1.01605	-0.576737	-0.519225	-1.02374	-1.02374	-1.27311	-1.57046	-1.27184
6	0.841614	-0.198305	-0.198305	-1.54108	-0.424163	-0.391557	-0.60864	-0.60864	-1.93097	-1.22965	-0.959114
6	1.20826	0.0923833	0.0923833	-1.15677	-0.254255	-0.209202	0.283544	0.283544	-1.44943	-0.4892	-0.414618
6	0.0670575	-0.252313	-0.252313	-0.686699	-0.484472	-0.447435	-0.774403	-0.774403	-0.860434	-1.38934	-1.09599
6	0.439498	-0.0597462	-0.0597462	-0.810079	-0.303206	-0.254517	-0.183374	-0.183374	-1.01503	-0.825241	-0.620932
6	1.45423	-0.0967829	-0.0967829	-1.11942	-0.557413	-0.510808	-0.297047	-0.297047	-1.40263	-0.895257	-0.757486
6	1.64798	0.137024	0.137024	-2.15471	-0.992518	-0.76377	0.420556	0.420556	-2.69985	-1.02767	-0.718995
6	1.84153	0.141605	0.141605	-1.97577	-1.41543	-1.27084	0.434614	0.434614	-2.47564	-1.4512	-1.10213
6	0.787279	-0.0202702	-0.0202702	-1.21102	-0.281421	-0.242834	-0.0622135	-0.0622135	-1.51741	-0.662975	-0.526445
6	0.81495	-0.444472	-0.444472	-1.70973	-0.685312	-0.654152	-1.36418	-1.36418	-2.14229	-1.88258	-1.5768
6	0.407922	0.107596	0.107596	-0.692475	-0.116193	-0.0976377	0.330236	0.330236	-0.867671	-0.353411	-0.212038
6	0.486558	0.457582	0.457582	-0.371028	0.256709	0.241139	1.40442	1.40442	-0.464898	0.645583	0.590668
6	0.129588	0.495199	0.495199	-0.0324567	0.266198	0.312801	1.51987	1.51987	-0.0406682	0.784537	0.754367
6	0.631632	-0.194082	-0.194082	-1.65631	-0.41465	-0.418835	-0.59568	-0.59568	-2.07536	-1.24997	-0.928366
6	0.72576	-0.888245	-0.888245	-1.64527	-1.09711	-1.16645	-2.72621	-2.72621	-2.06152	-3.35958	-1.97085
6	1.0163	-0.605268	-0.605268	-2.34373	-0.857942	-0.8318	-1.85769	-1.85769	-2.93669	-2.42015	-1.76028
6	0.856922	0.493348	0.493348	-1.05068	0.234223	0.246301	1.51419	1.51419	-1.3165	0.566121	0.534591
6	1.52407	-0.0392213	-0.0392213	-1.31242	-0.538667	-0.486827	-0.120378	-0.120378	-1.64446	-0.831204	-0.637321
6	1.44927	-0.132232	-0.132232	-1.82538	-0.524936	-0.501614	-0.405848	-0.405848	-2.2872	-0.965746	-0.699627
6	0.484424	-0.165878	-0.165878	-0.915645	-0.425956	-0.374079	-0.509115	-0.509115	-1.1473	-1.16659	-0.888819
6	1.00785	-0.321543	-0.321543	-1.35225	-0.570383	-0.583473	-0.986884	-0.986884	-1.69437	-1.30954	-1.14602
6	2.54287	0.12575	-0.368702	-1.84452	-1.43916	-1.21949	0.385952	-1.03303	-2.31118	-1.36506	-1.16318
6	1.53813	0.309644	0.309644	-0.685636	-0.0840985	-0.069271	0.950364	0.950364	-0.859102	-0.184324	-0.122292
6	1.9981	0.310027	0.310027	-1.4218	-1.43088	-1.26311	0.951539	0.951539	-1.78151	-1.60767	-1.27515
6	0.484081	0.0947314	0.0947314	-0.480098	-0.173874	-0.111273	0.290751	0.290751	-0.601563	-0.367931	-0.272562
6	0.0476739	-0.303073	-0.303073	-0.665152	-0.501629	-0.501004	-0.930195	-0.930195	-0.833435	-1.47157	-1.2272
6	0.864264	-0.612285	-0.612285	-2.02323	-0.842757	-0.802012	-1.87923	-1.87923	-2.53511	-2.39229	-1.96452
6	2.59895	0.240677	-0.186308	-1.35258	-1.0221	-0.867722	0.738688	-0.521998	-1.69478	-0.811905	-0.613038
6	1.57926	0.190262	0.190262	-1.38364	-0.363768	-0.292883	0.583956	0.583956	-1.7337	-0.449108	-0.326406
6	0.588559	-0.150095	-0.150095	-1.62811	-0.398329	-0.360384	-0.460674	-0.460674	-2.04002	-0.981591	-0.869393
6	0.586969	-0.262445	-0.262445	-1.70956	-0.493583	-0.454605	-0.805499	-0.805499	-2.14207	-1.40883	-1.11355
6	0.139275	-0.244532	-0.244532	-0.702855	-0.444967	-0.477269	-0.750521	-0.750521	-0.880678	-1.202	-1.08482
6	0.495173	0.0869588	0.0869588	-1.28348	-0.15819	-0.172675	0.266895	0.266895	-1.60821	-0.443924	-0.380626
6	1.10958	-0.552197	-0.552197	-2.17597	-0.83822	-0.816808	-1.69481	-1.69481	-2.72649	-1.60138	-1.5206
6	1.37637	0.071633	0.071633	-1.00175	-0.279723	-0.237578	0.219857	0.219857	-1.25519	-0.475771	-0.373475
6	1.81348	-0.129907	-0.129907	-2.23719	-0.741895	-0.74355	-0.398711	-0.398711	-2.8032	-0.894124	-0.749919
6	1.14771	0.00737623	0.00737623	-1.27399	-0.30158	-0.268926	0.0226392	0.0226392	-1.59631	-0.606141	-0.536686
6	0.218507	-0.341709	-0.341709	-1.21389	-0.571607	-0.572613	-1.04878	-1.04878	-1.52101	-1.6137	-1.40261
6	0.859898	0.074542	0.074542	-0.826814	-0.168261	-0.144107	0.228785	0.228785	-1.036	-0.441199	-0.324815
6	0.396905	0.0403181	0.0403181	-0.801676	-0.208345	-0.161135	0.123745	0.123745	-1.0045	-0.561271	-0.379161
6	0.9275	-0.184502	-0.184502	-1.12215	-0.443624	-0.401736	-0.566274	-0.566274	-1.40605	-1.17153	-0.927424
6	0.290596	0.645771	0.645771	-0.22285	0.410504	0.465092	1.98201	1.98201	-0.279231	1.12731	1.13924
6	0.545799	0.376307	0.376307	-0.418039	0.132077	0.159798	1.15496	1.15496	-0.523802	0.362767	0.364416
6	0.617496	-0.294941	-0.294941	-1.36286	-0.513174	-0.507789	-0.905236	-0.905236	-1.70767	-1.3769	-1.20607
6	0.660453	0.314715	0.314715	-1.03412	0.0687633	0.0999465	0.965927	0.965927	-1.29575	0.187177	0.244818
6	1.67088	-1.08024	-1.08024	-2.65027	-2.05261	-1.90769	-3.31548	-3.31548	-3.32078	-2.3897	-2.14958
6	0.622585	-0.528536	-0.528536	-1.42302	-0.787778	-0.753193	-1.62219	-1.62219	-1.78304	-1.97533	-1.56119
6	0.0303353	-0.366882	-0.366882	-0.662466	-0.622587	-0.565696	-1.12604	-1.12604	-0.83007	-1.58399	-1.38567
6	0.340704	-0.237317	-0.237317	-0.945023	-0.444701	-0.448087	-0.728376	-0.728376	-1.18411	-1.28838	-1.08261
6	0.883861	0.529627	0.529627	-0.840642	0.278947	0.308893	1.62554	1.62554	-1.05332	0.691523	0.741852
6	0.690333	0.374164	0.374164	-0.437849	0.136306	0.160046	1.14839	1.14839	-0.548625	0.396235	0.392031
6	0.994736	-0.42008	-0.42008	-2.31138	-0.678379	-0.682376	-1.28931	-1.28931	-2.89615	-1.60514	-1.35193
6	0.866594	0.255322	0.255322	-0.842352	0.0475239	0.0354261	0.783638	0.783638	-1.05547	0.13556	0.0821567
6	2.82213	-0.287524	-1.0792	-2.85174	-2.15372	-2.07005	-0.882473	-2.70448	-3.57323	-2.49298	-1.96505
6	0.207906	0.546822	0.546822	0.0111169	0.346801	0.366357	1.67831	1.67831	0.0139295	1.00284	0.897388
6	0.2682	0.39097	0.39097	-0.518578	0.167004	0.179456	1.19997	1.19997	-0.649779	0.47684	0.425852
6	2.51	0.152611	-0.364064	-1.10391	-1.07321	-1.09592	0.468396	-1.02003	-1.3832	-1.55606	-1.27948
6	0.609916	-0.00461143	-0.00461143	-0.645243	-0.222977	-0.219055	-0.0141534	-0.0141534	-0.80849	-0.676136	-0.472703
6	1.21862	-0.242014	-0.242014	-1.87014	-0.563902	-0.500106	-0.742792	-0.742792	-2.34328	-1.26723	-1.01081
6	0.607954	-0.149613	-0.149613	-1.11264	-0.387863	-0.355056	-0.459195	-0.459195	-1.39413	-1.06011	-0.822093
6	1.57057	-0.105964	-0.105964	-1.52364	-0.586047	-0.45849	-0.325225	-0.325225	-1.90912	-0.815826	-0.600598
6	1.15346	-0.112739	-0.112739	-0.977767	-0.370259	-0.384994	-0.346021	-0.346021	-1.22514	-0.934202	-0.651594
6	1.00026	0.166478	0.166478	-1.62279	-0.0954587	-0.0723003	0.510956	0.510956	-2.03335	-0.241766	-0.143148
6	1.38744	0.226707	0.226707	-1.50508	-0.114071	-0.141653	0.695812	0.695812	-1.88586	-0.209504	-0.220748
6	0.416969	0.643237	0.643237	-0.309866	0.425475	0.412959	1.97423	1.97423	-0.388262	1.15878	0.874717
6	0.829413	1.02221	1.02221	-0.206063	0.819815	0.814812	3.13737	3.13737	-0.258197	2.48829	1.90641
6	0.238492	0.306043	0.306043	-0.390656	0.113997	0.0921365	0.939312	0.939312	-0.489492	0.349881	0.225687
6	1.39198	0.359164	0.359164	-1.11019	-0.0418607	-0.0373037	1.10235	1.10235	-1.39107	-0.0626959	-0.0460632
6	0.672297	0.0731524	0.0731524	-0.826622	-0.175467	-0.185894	0.22452	0.22452	-1.03576	-0.4114	-0.416161
6	0.960211	0.361461	0.361461	-0.826838	0.126314	0.131978	1.1094	1.1094	-1.03603	0.336223	0.283476
6	1.09626	0.199397	0.199397	-1.59308	-0.0964764	-0.0896293	0.611991	0.611991	-1.99613	-0.214899	-0.136908
6	2.71465	-0.41496	-0.842507	-2.0061	-1.6992	-1.70292	-1.2736	-2.36053	-2.51364	-2.08791	-1.77705
6	0.362415	-0.109993	-0.109993	-0.928982	-0.33534	-0.315208	-0.337591	-0.337591	-1.16401	-0.899121	-0.772098
6	1.21776	-0.295204	-0.295204	-1.46696	-0.645625	-0.633862	-0.906045	-0.906045	-1.8381	-1.34023	-1.12438
6	0.551798	0.496098	0.496098	-0.820112	0.236907	0.260884	1.52263	1.52263	-1.0276	0.655786	0.583783
6	0.451481	0.484013	0.484013	-0.378055	0.270264	0.263456	1.48554	1.48554	-0.473703	0.804368	0.560413
6	0.472362	-0.075749	-0.075749	-1.28998	-0.332625	-0.275576	-0.23249	-0.23249	-1.61635	-0.865097	-0.656277
6	1.85025	0.117561	0.117561	-1.65699	-0.364734	-0.337401	0.360819	0.360819	-2.07621	-0.580073	-0.420431
6	0.585516	0.190743	0.190743	-1.08768	-0.0308646	-0.052223	0.585431	0.585431	-1.36286	-0.091233	-0.110219
6	1.10162	-0.114886	-0.114886	-1.80544	-0.369073	-0.373358	-0.35261	-0.35261	-2.26221	-0.80978	-0.733579
6	0.573113	-0.0304357	-0.0304357	-1.32368	-0.244032	-0.265273	-0.0934136	-0.0934136	-1.65857	-0.748986	-0.531887
6	1.79005	-0.209486	-0.209486	-1.58648	-0.766563	-0.69884	-0.642956	-0.642956	-1.98786	-1.13608	-1.05083
6	0.444843	0.795811	0.795811	0.0709444	0.573293	0.563477	2.44251	2.44251	0.0888934	1.75956	1.30347
6	0.52377	0.724998	0.724998	-0.0567683	0.502349	0.484388	2.22517	2.22517	-0.0711307	1.26476	1.00008
6	0.328622	-0.235827	-0.235827	-0.861925	-0.468038	-0.453633	-0.723802	-0.723802	-1.07999	-1.22099	-1.11117
6	0.909563	0.12823	0.12823	-1.03702	-0.121571	-0.112687	0.393563	0.393563	-1.29938	-0.298772	-0.227086
6	1.17867	0.52527	0.52527	-0.57418	0.209761	0.252216	1.61216	1.61216	-0.719447	0.425198	0.457972
6	1.39666	-0.608998	-0.608998	-1.99251	-1.12018	-1.06638	-1.86914	-1.86914	-2.49662	-1.91056	-1.82742
6	2.58011	-0.437251	-0.912771	-2.5739	-2.70927	-2.55915	-1.34202	-2.5574	-3.2251	-3.16369	-2.6752
6	1.25897	0.381715	0.381715	-1.2602	-0.0881185	-0.0596009	1.17156	1.17156	-1.57904	-0.139209	-0.072288
6	1.25512	0.179942	0.179942	-1.58978	-0.151501	-0.111144	0.552279	0.552279	-1.992	-0.309278	-0.198536
6	1.82903	-0.0949652	-0.0949652	-1.31033	-0.747122	-0.649162	-0.291468	-0.291468	-1.64184	-0.885849	-0.754302
6	0.771282	-0.199407	-0.199407	-1.51617	-0.454221	-0.451366	-0.612021	-0.612021	-1.89976	-1.11881	-0.955453
6	1.25785	-0.0943401	-0.0943401	-1.4437	-0.409483	-0.376585	-0.28955	-0.28955	-1.80895	-0.607442	-0.682928
6	0.754463	-0.386954	-0.386954	-1.54322	-0.626534	-0.611766	-1.18764	-1.18764	-1.93366	-1.74648	-1.38056
6	0.939469	-0.734529	-0.734529	-2.30262	-0.974316	-0.949539	-2.25442	-2.25442	-2.88518	-2.42529	-2.14573
6	0.921604	0.525622	0.525622	-0.44383	0.261782	0.328483	1.61324	1.61324	-0.556119	0.615261	0.804616
6	0.890917	-0.208572	-0.208572	-1.65699	-0.462363	-0.414227	-0.64015	-0.64015	-2.07621	-1.13885	-1.01465
6	1.09147	0.449565	0.449565	-1.32918	0.1575	0.221081	1.37981	1.37981	-1.66547	0.32627	0.486339
6	0.760342	0.175975	0.175975	-1.31995	-0.0378811	-0.0591148	0.540104	0.540104	-1.6539	-0.103484	-0.125279
6	0.603136	1.15534	1.15534	0.200458	0.936191	0.953382	3.54599	3.54599	0.251174	2.44207	2.25043
6	0.936276	0.249389	0.249389	-0.558595	0.0169687	0.00699583	0.765427	0.765427	-0.699919	0.0466347	0.0150517
6	2.89802	0.287923	-0.544036	-2.46758	-1.48052	-1.13238	0.883696	-1.36335	-3.09188	-0.968134	-0.991315
6	0.697019	0.00802796	0.00802796	-1.02341	-0.251678	-0.20892	0.0246395	0.0246395	-1.28233	-0.615428	-0.477731
6	1.38365	0.762249	0.762249	-1.1078	0.385098	0.361158	2.3395	2.3395	-1.38808	0.777871	0.572534
6	0.220043	-0.153285	-0.153285	-0.614745	-0.381239	-0.382081	-0.470463	-0.470463	-0.770275	-1.0336	-0.840601
6	0.993621	0.757732	0.757732	-0.540888	0.547502	0.50332	2.32564	2.32564	-0.677733	1.66643	0.990941
6	0.436856	0.0515301	0.0515301	-1.0181	-0.170765	-0.165259	0.158157	0.158157	-1.27569	-0.453781	-0.38293
6	0.870534	-0.341128	-0.341128	-1.15787	-0.600797	-0.563605	-1.04699	-1.04699	-1.45082	-1.55608	-1.17704
6	0.293526	0.260958	0.260958	-0.522012	0.016297	0.0661592	0.800936	0.800936	-0.654081	0.0471255	0.162056
6	2.46687	-0.120244	-0.527817	-1.90338	-1.23774	-1.1617	-0.369055	-1.47883	-2.38494	-1.0213	-0.827239
6	1.29609	0.233818	0.233818	-0.68591	-0.118537	-0.106146	0.717637	0.717637	-0.859445	-0.214994	-0.182832
6	0.520438	0.665887	0.665887	-0.559848	0.404987	0.431386	2.04375	2.04375	-0.701489	0.990274	0.996166
6	0.253855	-0.184075	-0.184075	-0.630847	-0.42126	-0.425343	-0.564966	-0.564966	-0.790451	-1.26025	-0.83224
6	1.18952	-0.0333454	-0.0333454	-1.92354	-0.327018	-0.299617	-0.102344	-0.102344	-2.41019	-0.70829	-0.592128
6	0.326392	0.00374194	0.00374194	-1.05658	-0.21135	-0.187159	0.0114848	0.0114848	-1.32389	-0.574238	-0.458444
6	1.02282	-0.28653	-0.28653	-1.87218	-0.520014	-0.513527	-0.87942	-0.87942	-2.34584	-1.27065	-1.25673
6	1.18038	0.0880729	0.0880729	-1.37643	-0.167352	-0.17385	0.270314	0.270314	-1.72466	-0.35666	-0.328586
6	0.500264	-0.182548	-0.182548	-1.01651	-0.437344	-0.387174	-0.560277	-0.560277	-1.27369	-1.13538	-0.948379
6	1.94084	-0.31979	-0.31979	-2.0673	-1.238	-1.05294	-0.981504	-0.981504	-2.59033	-1.03727	-0.934114
6	0.916371	0.664832	0.664832	-1.09036	0.424072	0.446326	2.04051	2.04051	-1.36622	1.10848	1.0579
6	0.574182	-0.67364	-0.67364	-1.4734	-0.899716	-0.895464	-2.06754	-2.06754	-1.84617	-2.36819	-1.9825
6	0.90441	-0.0093968	-0.0093968	-1.3416	-0.245371	-0.20973	-0.0288408	-0.0288408	-1.68102	-0.600836	-0.467887
6	1.36554	0.388199	0.388199	-1.25293	-0.0600179	-0.0549822	1.19146	1.19146	-1.56992	-0.109604	-0.0782647
6	0.474961	-0.520029	-0.520029	-1.48318	-0.783763	-0.739203	-1.59608	-1.59608	-1.85842	-2.0571	-1.54069
6	1.73814	0.247867	0.247867	-1.15176	-0.419246	-0.270117	0.760755	0.760755	-1.44316	-0.4328	-0.284084
6	1.52915	0.477228	0.477228	-0.910931	-0.34404	-0.245438	1.46471	1.46471	-1.1414	-0.453471	-0.284951
6	2.13592	0.738062	0.738062	-0.499442	-0.270895	-0.0513768	2.26527	2.26527	-0.6258	-0.22186	-0.0487488
6	1.23456	-0.0256128	-0.0256128	-1.21557	-0.359572	-0.353229	-0.078611	-0.078611	-1.52311	-0.818939	-0.600429
6	0.562744	-0.330446	-0.330446	-1.13054	-0.599486	-0.556857	-1.01421	-1.01421	-1.41657	-1.42746	-1.29449
6	0.645347	0.365403	0.365403	-0.705059	0.131655	0.130304	1.1215	1.1215	-0.883439	0.318314	0.282487
6	1.48572	0.150382	0.150382	-1.27163	-0.285539	-0.233801	0.461553	0.461553	-1.59335	-0.44977	-0.337107
6	0.953996	0.446416	0.446416	-1.25001	0.198308	0.262285	1.37014	1.37014	-1.56626	0.532308	0.642464
6	1.2042	0.153474	0.153474	-1.58564	-0.137251	-0.111692	0.471044	0.471044	-1.98681	-0.293974	-0.210697
6	0.820979	0.13343	0.13343	-1.51997	-0.115378	-0.0899433	0.409525	0.409525	-1.90452	-0.284142	-0.19614
6	0.913105	-0.0443726	-0.0443726	-1.12566	-0.282633	-0.303523	-0.136189	-0.136189	-1.41045	-0.757436	-0.607627
6	0.498113	0.0127649	0.0127649	-0.646119	-0.201541	-0.198185	0.0391782	0.0391782	-0.809587	-0.565053	-0.450427
6	0.761363	-0.359913	-0.359913	-1.45895	-0.580869	-0.574104	-1.10465	-1.10465	-1.82806	-1.69424	-1.32004
6	0.528762	-0.478695	-0.478695	-1.40045	-0.732601	-0.681255	-1.46922	-1.46922	-1.75476	-1.78828	-1.62322
6	1.78171	0.249634	0.249634	-1.58063	-0.226313	-0.200981	0.766178	0.766178	-1.98052	-0.330679	-0.243192
6	0.881469	0.0619865	0.0619865	-1.28794	-0.196863	-0.126785	0.19025	0.19025	-1.61379	-0.482106	-0.310558
6	1.13294	0.651468	0.651468	-1.07282	0.348928	0.365	1.99949	1.99949	-1.34424	0.86052	0.703023
6	1.78858	0.363616	0.363616	-1.37876	-0.154295	-0.075278	1.11601	1.11601	-1.72758	-0.225971	-0.100436
6	0.871793	-0.0820218	-0.0820218	-1.45739	-0.342575	-0.317675	-0.251742	-0.251742	-1.82611	-0.701267	-0.688306
6	1.3267	-0.0542883	-0.0542883	-1.41471	-0.564019	-0.512787	-0.166622	-0.166622	-1.77263	-1.0166	-0.785996
6	0.889529	-0.39663	-0.39663	-1.44361	-0.648472	-0.611144	-1.21734	-1.21734	-1.80885	-1.61116	-1.42355
6	0.692376	-0.236494	-0.236494	-1.35908	-0.488734	-0.475232	-0.72585	-0.72585	-1.70293	-1.25061	-1.09449
6	1.36011	-0.247183	-0.247183	-1.48552	-0.778573	-0.698239	-0.758656	-0.758656	-1.86135	-1.22171	-1.01435
6	0.796763	0.00283085	0.00283085	-1.32648	-0.251449	-0.210563	0.00868848	0.00868848	-1.66208	-0.645613	-0.504679
6	0.462752	0.368889	0.368889	-0.67188	0.130664	0.155611	1.1322	1.1322	-0.841866	0.321574	0.359261
6	1.47793	-0.515755	-0.515755	-2.38495	-0.923145	-0.850003	-1.58296	-1.58296	-2.98834	-1.44025	-1.39769
6	0.204308	0.241926	0.241926	-0.442822	0.0160793	0.00293892	0.742523	0.742523	-0.554856	0.0420791	0.00569741
6	0.678745	0.752908	0.752908	-0.414353	0.552823	0.552338	2.31083	2.31083	-0.519184	1.69673	1.3049
6	1.28063	-0.192149	-0.192149	-1.33382	-0.488963	-0.490608	-0.589747	-0.589747	-1.67128	-1.05095	-0.910443
6	1.11167	-0.329019	-0.329019	-2.05903	-0.586219	-0.558136	-1.00983	-1.00983	-2.57997	-1.36852	-1.23819
6	0.1974	0.216267	0.216267	-0.392384	0.00172667	-0.0127669	0.66377	0.66377	-0.491657	0.00469545	-0.0280266
6	1.55047	-0.168016	-0.168016	-1.86328	-0.573699	-0.539104	-0.515675	-0.515675	-2.33468	-1.09259	-0.823553
6	0.402287	0.00679251	0.00679251	-0.925748	-0.203404	-0.171603	0.0208477	0.0208477	-1.15996	-0.62429	-0.42034
6	0.271466	-0.455601	-0.455601	-1.13269	-0.688067	-0.659161	-1.39834	-1.39834	-1.41926	-2.01014	-1.49906
6	0.247506	-0.478158	-0.478158	-1.15212	-0.67702	-0.663495	-1.46757	-1.46757	-1.44361	-2.07792	-1.62522
8	1.98672	0.107034	0.107034	-1.45961	-1.01133	-0.894441	0.379331	0.379331	-1.8289	-1.37987	-1.0713
8	0.912007	0.380486	0.380486	-1.17007	0.107483	0.144879	1.34845	1.34845	-1.46609	0.237279	0.348852
8	0.937301	-0.0837448	-0.0837448	-1.52704	-0.338395	-0.288089	-0.296793	-0.296793	-1.91338	-0.875824	-0.696626
8	1.60387	-0.0573992	-0.0573992	-2.20319	-0.802583	-0.710662	-0.203424	-0.203424	-2.7606	-0.877952	-0.728002
8	1.20765	0.0970738	0.0970738	-1.54131	-0.228384	-0.182033	0.344031	0.344031	-1.93126	-0.479068	-0.353712
8	0.559936	0.191316	0.191316	-1.4363	-0.0633268	-0.0339463	0.678028	0.678028	-1.79968	-0.159615	-0.0818853
8	0.301014	0.0541735	0.0541735	-0.85592	-0.160973	-0.166289	0.191992	0.191992	-1.07247	-0.453244	-0.443083
8	0.104956	0.439818	0.439818	-0.00981641	0.15208	0.228006	1.55872	1.55872	-0.0123	0.323484	0.559677
8	3.27661	-0.206602	-0.971895	-2.42001	-2.40917	-1.8811	-0.732203	-2.98295	-3.03227	-1.68169	-1.3562
8	0.986431	-0.262034	-0.262034	-1.58516	-0.485557	-0.508806	-0.928655	-0.928655	-1.9862	-1.33455	-1.13334
8	1.2683	-0.16496	-0.16496	-2.38823	-0.560831	-0.52221	-0.58462	-0.58462	-2.99245	-1.01747	-0.712311
8	1.03804	-0.169688	-0.169688	-1.77843	-0.428927	-0.413197	-0.601377	-0.601377	-2.22837	-1.05535	-0.892012
8	1.1795	-0.237333	-0.237333	-2.5507	-0.64189	-0.57298	-0.841111	-0.841111	-3.19603	-1.08795	-1.01514
8	0.481154	0.596817	0.596817	-0.760329	0.350737	0.377554	2.11513	2.11513	-0.952692	1.00108	0.985836
8	0.709443	0.0729451	0.0729451	-0.9716	-0.19761	-0.115698	0.258519	0.258519	-1.21741	-0.473178	-0.309805
8	0.934621	-0.0354823	-0.0354823	-1.38811	-0.293576	-0.281958	-0.12575	-0.12575	-1.73931	-0.763666	-0.622082
8	0.932798	0.267447	0.267447	-1.32479	-0.00214101	0.03127	0.947839	0.947839	-1.65996	-0.00518868	0.0719576
8	0.781826	-0.00341757	-0.00341757	-1.04439	-0.259619	-0.208265	-0.0121119	-0.0121119	-1.30862	-0.656053	-0.511643
8	0.204059	-0.0925933	-0.0925933	-0.871938	-0.315239	-0.259434	-0.328153	-0.328153	-1.09254	-0.823865	-0.730529
8	1.00433	-0.0803179	-0.0803179	-1.81833	-0.304879	-0.334104	-0.284648	-0.284648	-2.27836	-0.831813	-0.691854
8	0.774602	0.0157727	0.0157727	-1.09973	-0.245689	-0.213514	0.0558986	0.0558986	-1.37796	-0.693307	-0.504683
8	1.26159	-0.333641	-0.333641	-2.0927	-0.717772	-0.671229	-1.18243	-1.18243	-2.62215	-1.27904	-1.15782
8	1.18216	0.0417806	0.0417806	-1.24325	-0.336213	-0.30253	0.148071	0.148071	-1.5578	-0.739542	-0.499846
8	1.37284	-0.112133	-0.112133	-1.9166	-0.56929	-0.509553	-0.397403	-0.397403	-2.40149	-0.8919	-0.724649
8	1.88203	-0.65887	-0.65887	-3.19528	-1.70843	-1.38863	-2.33505	-2.33505	-4.00368	-1.44465	-1.40304
8	1.20976	0.448143	0.448143	-0.662923	0.0786533	0.137501	1.58823	1.58823	-0.830642	0.14937	0.266315
8	1.23833	0.254193	0.254193	-1.48781	-0.0734777	-0.141014	0.900864	0.900864	-1.86423	-0.166097	-0.209776
8	1.4645	-0.225102	-0.225102	-1.76766	-0.999039	-0.866542	-0.797766	-0.797766	-2.21488	-1.22783	-1.19377
8	0.25065	0.489827	0.489827	-0.289572	0.252669	0.299559	1.73596	1.73596	-0.362833	0.677999	0.804155
8	0.531513	-0.769662	-0.769662	-1.76453	-0.981575	-0.973251	-2.7277	-2.7277	-2.21095	-2.87195	-2.52724
8	1.84362	-0.0719799	-0.0719799	-2.02702	-0.956744	-0.76046	-0.255098	-0.255098	-2.53986	-0.973353	-0.748996
8	0.985737	0.692545	0.692545	-0.565726	0.446383	0.425542	2.45439	2.45439	-0.708855	1.25925	0.925098
8	1.64679	0.315355	0.315355	-0.732476	-0.470102	-0.45326	1.11763	1.11763	-0.917792	-0.647695	-0.552991
8	0.592224	-0.1268	-0.1268	-0.843499	-0.372598	-0.33299	-0.449382	-0.449382	-1.0569	-1.03371	-0.813803
8	1.15119	0.191658	0.191658	-1.37383	-0.113866	-0.0572085	0.67924	0.67924	-1.72141	-0.255459	-0.114811
8	0.731221	0.19392	0.19392	-1.16098	-0.0838541	-0.0351057	0.687257	0.687257	-1.4547	-0.203041	-0.0850783
8	0.801735	0.186487	0.186487	-1.2813	-0.0553755	-0.0276796	0.660915	0.660915	-1.60547	-0.14795	-0.0726669
8	0.341277	-0.00910915	-0.00910915	-0.83055	-0.204508	-0.202643	-0.032283	-0.032283	-1.04068	-0.609587	-0.521313
8	0.99956	-0.0557917	-0.0557917	-0.851035	-0.31454	-0.302911	-0.197727	-0.197727	-1.06635	-0.764775	-0.629557
8	0.485495	-0.0672998	-0.0672998	-0.883436	-0.317966	-0.317525	-0.238512	-0.238512	-1.10694	-0.919467	-0.679067
8	1.02637	-0.0985296	-0.0985296	-1.57446	-0.344459	-0.323538	-0.349191	-0.349191	-1.9728	-0.853816	-0.783207
8	0.141398	-0.407828	-0.407828	-0.924177	-0.623052	-0.613005	-1.44535	-1.44535	-1.15799	-1.82867	-1.49164
8	0.603172	0.345335	0.345335	-1.0298	0.0955156	0.133567	1.22387	1.22387	-1.29034	0.229544	0.35808
8	0.442355	-0.278744	-0.278744	-1.37389	-0.515236	-0.498882	-0.987875	-0.987875	-1.72148	-1.41391	-1.10418
8	0.733782	-0.566257	-0.566257	-1.58833	-0.820157	-0.827894	-2.00683	-2.00683	-1.99017	-2.32552	-1.7534
8	0.417296	-0.336586	-0.336586	-1.17085	-0.549237	-0.573977	-1.19287	-1.19287	-1.46707	-1.69195	-1.27512
8	1.53526	0.102041	0.102041	-1.52968	-0.523826	-0.418931	0.361637	0.361637	-1.91669	-0.813871	-0.564786
8	1.09185	-0.393429	-0.393429	-1.58734	-0.652036	-0.674902	-1.39432	-1.39432	-1.98894	-1.61895	-1.24395
8	0.973816	0.484069	0.484069	-0.987115	0.250531	0.269212	1.71555	1.71555	-1.23685	0.717975	0.635125
8	0.67015	-0.283561	-0.283561	-1.53247	-0.55015	-0.500751	-1.00495	-1.00495	-1.92019	-1.43462	-1.25271
8	0.830022	0.408284	0.408284	-0.726307	0.153295	0.194186	1.44697	1.44697	-0.910063	0.411622	0.456681
8	1.47898	-0.0490638	-0.0490638	-1.60027	-0.463055	-0.462634	-0.173883	-0.173883	-2.00514	-0.775809	-0.648958
8	0.421116	0.02615	0.02615	-1.12393	-0.216769	-0.184541	0.092676	0.092676	-1.40829	-0.631795	-0.492145
8	1.12537	0.0649737	0.0649737	-1.0741	-0.224652	-0.211244	0.230268	0.230268	-1.34585	-0.601411	-0.410002
8	1.52212	0.335259	0.335259	-0.780317	-0.343697	-0.329584	1.18816	1.18816	-0.977737	-0.488483	-0.435777
8	1.32984	0.168495	0.168495	-1.44842	-0.316196	-0.274454	0.597149	0.597149	-1.81487	-0.561828	-0.420835
8	0.307761	0.21094	0.21094	-0.426137	-0.00307734	0.00763763	0.747575	0.747575	-0.53395	-0.00984561	0.0195963
8	0.295475	0.306291	0.306291	-0.395932	0.0896416	0.084947	1.0855	1.0855	-0.496103	0.240651	0.197045
8	1.25826	0.14286	0.14286	-1.41563	-0.377288	-0.299887	0.506298	0.506298	-1.77379	-0.585382	-0.451081
8	1.307	0.372026	0.372026	-1.20861	-0.166874	-0.196974	1.31847	1.31847	-1.51439	-0.261864	-0.238577
8	0.418283	-0.360365	-0.360365	-1.11295	-0.621606	-0.530804	-1.27714	-1.27714	-1.39453	-1.55573	-1.50134
8	0.673614	0.436585	0.436585	-0.687189	0.2033	0.253631	1.54727	1.54727	-0.861047	0.5603	0.691508
8	1.59266	0.440452	0.440452	-0.821625	-0.202573	-0.195319	1.56097	1.56097	-1.0295	-0.267847	-0.187604
8	1.49848	0.00448766	0.00448766	-1.71107	-0.918206	-0.783689	0.0159044	0.0159044	-2.14397	-1.12473	-0.895116
8	1.27633	0.280851	0.280851	-1.46764	-0.0718763	-0.0537377	0.995341	0.995341	-1.83896	-0.126511	-0.0839293
8	0.665218	-0.256358	-0.256358	-1.17904	-0.485202	-0.47129	-0.908539	-0.908539	-1.47734	-1.31104	-1.15005
8	0.411684	-0.147702	-0.147702	-1.29755	-0.38528	-0.346035	-0.52346	-0.52346	-1.62583	-1.1378	-0.944369
8	0.374507	-0.39982	-0.39982	-1.26102	-0.620865	-0.592435	-1.41697	-1.41697	-1.58005	-1.75252	-1.63706
8	2.30816	-0.0660312	-0.447577	-1.54657	-1.66099	-1.47456	-0.234016	-1.48377	-1.93786	-1.67989	-1.68224
8	1.18096	0.607972	0.607972	-1.10843	0.325103	0.361217	2.15466	2.15466	-1.38886	0.720834	0.788144
8	0.683652	-0.246495	-0.246495	-1.72767	-0.485136	-0.438233	-0.873582	-0.873582	-2.16477	-1.3793	-0.974136
8	1.86449	-0.690502	-0.690502	-3.29789	-1.64394	-1.32569	-2.44715	-2.44715	-4.13226	-1.60691	-1.413
8	0.210174	-0.181294	-0.181294	-0.947314	-0.411877	-0.388292	-0.64251	-0.64251	-1.18698	-1.14408	-1.04133
8	0.366788	-0.415365	-0.415365	-1.37921	-0.665156	-0.634226	-1.47206	-1.47206	-1.72815	-1.65638	-1.44209
8	0.289371	-0.0517484	-0.0517484	-0.81726	-0.309878	-0.258494	-0.183397	-0.183397	-1.02403	-0.77975	-0.615987
8	1.11733	-0.0582928	-0.0582928	-1.54823	-0.392719	-0.348412	-0.206591	-0.206591	-1.93993	-0.882585	-0.64623
8	1.50041	0.476959	0.476959	-1.37121	-0.627225	-0.346242	1.69035	1.69035	-1.71813	-0.707281	-0.335034
8	0.521508	0.0598508	0.0598508	-0.949783	-0.158326	-0.12191	0.212112	0.212112	-1.19008	-0.436317	-0.327815
8	0.945714	-0.535548	-0.535548	-1.75483	-0.800266	-0.801089	-1.89799	-1.89799	-2.1988	-2.10817	-1.59211
8	0.293779	0.159145	0.159145	-0.795457	-0.065222	-0.0480602	0.564013	0.564013	-0.996708	-0.176756	-0.126873
8	1.96592	0.104108	0.104108	-1.36844	-0.772196	-0.690781	0.368959	0.368959	-1.71466	-0.823866	-0.703929
8	0.543751	0.230348	0.230348	-0.769847	0.035043	0.021073	0.816359	0.816359	-0.964619	0.112108	0.0514177
8	0.857239	-0.362247	-0.362247	-1.81479	-0.606671	-0.577871	-1.28381	-1.28381	-2.27393	-1.50579	-1.37133
8	0.98114	-0.562813	-0.562813	-2.11312	-0.872738	-0.776483	-1.99462	-1.99462	-2.64773	-1.79221	-1.85485
8	1.61673	0.0148393	0.0148393	-1.80764	-0.764849	-0.513971	0.0525908	0.0525908	-2.26497	-0.821607	-0.614628
8	0.409165	0.17282	0.17282	-0.574479	-0.0298033	-0.0526632	0.612476	0.612476	-0.719823	-0.0882076	-0.118945
8	1.18781	-0.0275229	-0.0275229	-1.77876	-0.355248	-0.309354	-0.0975417	-0.0975417	-2.22879	-0.729283	-0.537902
8	0.638119	0.332115	0.332115	-0.687825	0.0875939	0.100554	1.17702	1.17702	-0.861845	0.247021	0.23732
8	1.3115	0.173453	0.173453	-1.42246	-0.250895	-0.258256	0.614722	0.614722	-1.78234	-0.49835	-0.44293
8	1.49916	0.585169	0.585169	-0.7488	-0.113754	-0.114052	2.07385	2.07385	-0.938246	-0.183771	-0.139861
8	0.769516	0.0684996	0.0684996	-1.17677	-0.138222	-0.177396	0.242764	0.242764	-1.4745	-0.42384	-0.379124
8	1.7058	0.202363	0.202363	-1.7247	-0.544481	-0.422946	0.717177	0.717177	-2.16104	-0.637542	-0.484633
8	0.729459	-0.395441	-0.395441	-1.38838	-0.645166	-0.60276	-1.40145	-1.40145	-1.73964	-1.75542	-1.54268
8	1.38099	1.09032	1.09032	-0.291945	0.665077	0.704515	3.8641	3.8641	-0.365807	1.10073	1.0451
8	0.853419	-0.549558	-0.549558	-2.17022	-0.781777	-0.786259	-1.94764	-1.94764	-2.71929	-2.31915	-1.61781
8	2.18453	-0.110137	-0.423098	-1.99004	-1.66212	-1.56675	-0.390327	-1.40262	-2.49352	-1.97889	-1.63001
8	1.59031	0.359747	0.359747	-2.05778	-0.197667	-0.162988	1.27495	1.27495	-2.5784	-0.298587	-0.189419
8	1.01385	-0.245189	-0.245189	-1.9063	-0.511605	-0.463185	-0.868956	-0.868956	-2.3886	-1.2672	-1.0143
8	1.82554	-0.0501017	-0.0501017	-2.3124	-0.974063	-0.751088	-0.177561	-0.177561	-2.89744	-0.883308	-0.726037
8	0.4897	0.341802	0.341802	-0.587415	0.0836108	0.129734	1.21135	1.21135	-0.736032	0.195342	0.327995
8	0.577022	-0.12405	-0.12405	-1.45053	-0.347691	-0.325854	-0.439637	-0.439637	-1.81751	-0.976934	-0.860155
8	0.749005	-0.203064	-0.203064	-1.16001	-0.446754	-0.433894	-0.719661	-0.719661	-1.45349	-1.15239	-1.01756
8	0.342038	0.256416	0.256416	-0.437334	0.067342	0.0459142	0.908745	0.908745	-0.547979	0.216127	0.116956
8	0.949788	-0.240394	-0.240394	-1.86799	-0.458677	-0.461249	-0.85196	-0.85196	-2.34059	-1.40621	-1.15229
8	0.681311	0.00620638	0.00620638	-1.6878	-0.246512	-0.216	0.0219955	0.0219955	-2.11481	-0.658125	-0.519927
8	0.935282	0.217162	0.217162	-0.833604	-0.0266956	-0.0255754	0.769627	0.769627	-1.04451	-0.0619779	-0.0550362
8	1.67997	-0.273731	-0.273731	-1.98446	-0.814303	-0.704758	-0.970108	-0.970108	-2.48652	-1.21281	-0.952569
8	0.867091	-0.157037	-0.157037	-1.1708	-0.405789	-0.380554	-0.556544	-0.556544	-1.46701	-1.13176	-0.894729
8	1.00289	-0.368021	-0.368021	-1.40983	-0.600768	-0.57737	-1.30427	-1.30427	-1.76652	-1.65693	-1.39491
8	1.16801	0.304357	0.304357	-0.574782	-0.0317856	0.000640812	1.07865	1.07865	-0.720202	-0.0761526	0.00122959
8	0.998553	0.254606	0.254606	-1.47287	-0.00891151	0.0513788	0.902327	0.902327	-1.84551	-0.0232907	0.125435
8	1.04637	-0.123264	-0.123264	-2.0326	-0.399903	-0.363172	-0.436852	-0.436852	-2.54685	-0.963091	-0.752866
8	0.654698	0.245879	0.245879	-1.13472	-0.0120964	0.0356747	0.871401	0.871401	-1.4218	-0.0302275	0.0771524
8	0.563951	0.109788	0.109788	-1.00319	-0.114795	-0.100886	0.389089	0.389089	-1.257	-0.335294	-0.235261
8	1.40673	-0.102535	-0.102535	-1.76608	-0.611888	-0.521804	-0.363387	-0.363387	-2.2129	-0.883815	-0.761074
8	3.21748	-0.152131	-0.614212	-2.63235	-2.37176	-2.00786	-0.539154	-2.03619	-3.29833	-1.61454	-1.45471
8	0.721604	0.209919	0.209919	-0.996663	-0.0234525	-0.01148	0.743957	0.743957	-1.24882	-0.0650998	-0.02639
8	1.44255	0.488593	0.488593	-0.842665	0.109507	0.132587	1.73158	1.73158	-1.05586	0.237175	0.225464
8	0.748132	0.246369	0.246369	-0.836774	0.00965724	0.0217381	0.873138	0.873138	-1.04848	0.0259715	0.0475504
8	0.64407	0.259297	0.259297	-0.918051	0.0198398	0.044945	0.918954	0.918954	-1.15032	0.0521995	0.108886
8	1.11239	0.687661	0.687661	-0.72962	0.407941	0.442075	2.43708	2.43708	-0.914214	1.02058	1.02183
8	1.90903	0.354511	-1.50922	-2.806	-0.610134	-0.314684	1.25639	-2.67435	-3.51592	-0.524476	-0.314371
8	1.41939	-0.325719	-0.325719	-1.94057	-0.743866	-0.659336	-1.15435	-1.15435	-2.43153	-1.03055	-1.15915
8	0.385273	0.404739	0.404739	-0.788685	0.204562	0.197127	1.4344	1.4344	-0.988223	0.622646	0.514804
8	0.125772	-0.372851	-0.372851	-0.732029	-0.589938	-0.58574	-1.32139	-1.32139	-0.917232	-1.92586	-1.44703
8	0.971308	-0.0103397	-0.0103397	-1.22467	-0.276706	-0.2439	-0.036644	-0.036644	-1.53451	-0.679023	-0.555408
8	1.1186	0.0236234	0.0236234	-1.58044	-0.279975	-0.249481	0.0837217	0.0837217	-1.98029	-0.609011	-0.528935
8	0.178314	0.471936	0.471936	-0.150046	0.246632	0.295981	1.67255	1.67255	-0.188008	0.661758	0.837161
8	0.685732	-0.387976	-0.387976	-1.81785	-0.608408	-0.603604	-1.37499	-1.37499	-2.27776	-1.75605	-1.40332
8	0.913537	0.151265	0.151265	-0.517997	-0.0546754	-0.0761111	0.536086	0.536086	-0.64905	-0.151508	-0.176415
8	1.35228	0.154994	0.154994	-1.63626	-0.200713	-0.136298	0.549301	0.549301	-2.05023	-0.36688	-0.260594
8	0.633489	-0.531123	-0.531123	-1.67548	-0.806011	-0.763205	-1.88231	-1.88231	-2.09938	-1.98119	-1.72965
8	0.517076	-0.364903	-0.364903	-1.07133	-0.624782	-0.580498	-1.29322	-1.29322	-1.34237	-1.68601	-1.46564
8	1.14943	-0.340364	-0.340364	-1.5309	-0.664874	-0.627609	-1.20626	-1.20626	-1.91822	-1.5157	-1.23588
8	0.421902	-0.260282	-0.260282	-1.17656	-0.472385	-0.449035	-0.922446	-0.922446	-1.47423	-1.50156	-1.16334
8	0.719167	0.0961459	0.0961459	-1.69118	-0.147379	-0.125272	0.340743	0.340743	-2.11905	-0.408474	-0.287038
8	1.04236	-0.015151	-0.015151	-1.39443	-0.318189	-0.269516	-0.0536953	-0.0536953	-1.74722	-0.82322	-0.599055
8	0.823367	-0.404914	-0.404914	-2.1731	-0.672777	-0.612372	-1.43502	-1.43502	-2.72289	-1.65755	-1.54066
8	1.46305	-0.615615	-0.615615	-2.65175	-1.4689	-1.48898	-2.18175	-2.18175	-3.32265	-1.78307	-1.46697
8	0.803893	0.228129	0.228129	-0.785716	-0.00431694	0.0237083	0.808493	0.808493	-0.984502	-0.0118198	0.0549464
8	0.298906	-0.204895	-0.204895	-0.885927	-0.438396	-0.40434	-0.72615	-0.72615	-1.11007	-1.20364	-1.05033
8	2.15464	0.832679	0.478889	-1.30946	-0.0164312	0.139665	2.95103	1.58758	-1.64075	-0.0168834	0.140969
8	0.806857	-0.124585	-0.124585	-1.45992	-0.412989	-0.335502	-0.441533	-0.441533	-1.82928	-0.904407	-0.778439
8	0.851031	0.499582	0.499582	-0.578314	0.248997	0.281685	1.77053	1.77053	-0.724628	0.707009	0.638854
8	0.565785	0.131702	0.131702	-1.09395	-0.124082	-0.113994	0.466755	0.466755	-1.37072	-0.350039	-0.216666
8	1.3841	0.317817	0.317817	-1.6879	-0.0987884	0.0156204	1.12635	1.12635	-2.11493	-0.174198	0.0279115
8	1.03604	-0.0592493	-0.0592493	-1.39371	-0.311327	-0.251284	-0.209981	-0.209981	-1.74632	-0.883118	-0.667697
8	1.36314	0.296894	0.296894	-1.74304	-0.160064	-0.123229	1.0522	1.0522	-2.18403	-0.281557	-0.202482
8	0.299614	-0.0209775	-0.0209775	-0.693389	-0.235169	-0.228436	-0.0743445	-0.0743445	-0.868817	-0.655552	-0.592466
8	1.34789	-0.108654	-0.108654	-1.23078	-0.608157	-0.572261	-0.385073	-0.385073	-1.54216	-1.09809	-0.934092
8	1.08891	0.57016	0.57016	-1.47964	0.258398	0.346948	2.02066	2.02066	-1.85399	0.600488	0.740186
8	1.98826	0.10405	0.10405	-2.25038	-1.08786	-0.829495	0.368755	0.368755	-2.81972	-0.937783	-0.734476
8	0.702139	0.0757485	0.0757485	-0.884949	-0.15344	-0.157734	0.268454	0.268454	-1.10884	-0.417242	-0.380147
8	1.2121	-0.122308	-0.122308	-1.7862	-0.465989	-0.425566	-0.433463	-0.433463	-2.2381	-0.941838	-0.809682
8	0.507578	-0.0569243	-0.0569243	-1.1772	-0.267531	-0.282526	-0.201741	-0.201741	-1.47503	-0.77559	-0.683263
8	1.33215	-0.193259	-0.193259	-1.99868	-0.534826	-0.539325	-0.684912	-0.684912	-2.50435	-1.05746	-0.87643
8	1.45524	0.26628	0.26628	-1.97467	-0.659288	-0.446211	0.943701	0.943701	-2.47426	-0.700226	-0.476748
8	1.94444	-0.0309828	-0.0309828	-2.0623	-1.05107	-0.980083	-0.109804	-0.109804	-2.58406	-1.10854	-0.908741
8	0.254252	-0.320017	-0.320017	-1.12385	-0.538634	-0.506109	-1.13415	-1.13415	-1.40819	-1.53937	-1.30645
8	1.0734	-0.141523	-0.141523	-1.55204	-0.408468	-0.366536	-0.50156	-0.50156	-1.94471	-0.994675	-0.836694
8	1.60328	-0.242363	-0.242363	-1.91127	-1.07211	-0.876146	-0.858938	-0.858938	-2.39482	-1.16183	-0.968417
8	1.17074	0.064241	0.064241	-1.32133	-0.292173	-0.245723	0.227671	0.227671	-1.65562	-0.606213	-0.476815
8	0.449408	0.476672	0.476672	-0.286608	0.251745	0.276608	1.68933	1.68933	-0.35912	0.690239	0.705906
8	0.491609	-0.104973	-0.104973	-1.12408	-0.331528	-0.290125	-0.372027	-0.372027	-1.40848	-0.975574	-0.790258
8	2.21864	0.194562	-0.256009	-2.08166	-1.28132	-0.83511	0.689532	-0.785747	-2.60832	-0.988392	-0.706209
8	0.900961	-0.024352	-0.024352	-1.50991	-0.303541	-0.249559	-0.0863039	-0.0863039	-1.89191	-0.706224	-0.564769
8	0.132305	0.442894	0.442894	-0.0550374	0.266055	0.217859	1.56963	1.56963	-0.0689619	0.853962	0.520556
8	1.13602	0.0780269	0.0780269	-1.68976	-0.310735	-0.248615	0.276529	0.276529	-2.11727	-0.56871	-0.435115
8	1.15915	0.0435319	0.0435319	-1.95846	-0.332358	-0.293452	0.154278	0.154278	-2.45395	-0.623246	-0.479105
8	0.744001	-0.477948	-0.477948	-1.6383	-0.724659	-0.709458	-1.69386	-1.69386	-2.05279	-1.91383	-1.80465
8	0.380287	0.0646716	0.0646716	-0.834948	-0.144459	-0.13024	0.229198	0.229198	-1.04619	-0.495517	-0.318133
8	0.815031	0.771551	0.771551	-0.921738	0.530563	0.558829	2.73439	2.73439	-1.15494	1.41156	1.24416
8	0.856319	-0.135231	-0.135231	-1.92907	-0.409506	-0.329289	-0.479263	-0.479263	-2.41712	-1.00314	-0.849637
8	0.874884	0.104132	0.104132	-1.6008	-0.139656	-0.117636	0.369045	0.369045	-2.00581	-0.399825	-0.275823
8	0.479781	-0.713186	-0.713186	-1.63895	-0.943091	-0.896849	-2.52754	-2.52754	-2.0536	-2.47991	-2.44041
8	1.56962	-0.304753	-0.304753	-2.10034	-0.982279	-0.826733	-1.08005	-1.08005	-2.63172	-1.238	-0.969428
8	0.624362	0.481522	0.481522	-0.64553	0.212712	0.26028	1.70652	1.70652	-0.808849	0.569577	0.643604
8	1.06306	-0.0313737	-0.0313737	-1.8988	-0.30327	-0.287873	-0.111189	-0.111189	-2.3792	-0.846815	-0.600527
8	1.13957	0.382842	0.382842	-1.24815	0.0754433	0.0812788	1.3568	1.3568	-1.56393	0.159088	0.149673
8	1.14159	0.302926	0.302926	-1.35162	-0.0370445	0.0537524	1.07357	1.07357	-1.69358	-0.0757351	0.106116
8	1.41795	0.23239	0.23239	-0.975405	-0.27899	-0.142785	0.823595	0.823595	-1.22218	-0.402243	-0.211789
8	1.25235	0.202984	0.202984	-1.43382	-0.131624	-0.110194	0.71938	0.71938	-1.79658	-0.280307	-0.205869
8	1.19398	0.623586	0.623586	-1.68698	0.255966	0.328095	2.21	2.21	-2.11378	0.433042	0.560698
8	1.51359	-0.348302	-0.348302	-1.74562	-0.842975	-0.752044	-1.23439	-1.23439	-2.18726	-1.39336	-1.13152
8	1.84203	-0.494087	-0.494087	-2.45896	-1.50787	-1.17245	-1.75105	-1.75105	-3.08108	-1.38633	-1.24186
8	0.896665	0.584496	0.584496	-0.453743	0.331548	0.334963	2.07146	2.07146	-0.56854	0.846424	0.721454
8	1.85804	0.137888	-3.01199	-3.01199	-0.52672	-0.357499	0.488679	-3.77402	-3.77402	-0.640986	-0.44665
8	2.01332	0.1881	0.1881	-2.32179	-0.533649	-0.515047	0.66663	0.66663	-2.90921	-0.635034	-0.499067
8	1.22681	0.297709	0.297709	-1.00825	-0.0270313	0.0262086	1.05509	1.05509	-1.26333	-0.0541692	0.0508393
8	0.19701	-0.0555677	-0.0555677	-0.688574	-0.264877	-0.237101	-0.196933	-0.196933	-0.862783	-0.797122	-0.622792
8	1.00408	-0.265238	-0.265238	-2.32143	-0.508027	-0.476204	-0.940009	-0.940009	-2.90876	-1.37587	-1.15925
8	1.54741	0.191237	0.191237	-1.53596	-0.459631	-0.341374	0.677748	0.677748	-1.92455	-0.648295	-0.500502
8	0.892073	-0.0954054	-0.0954054	-1.96056	-0.36404	-0.321932	-0.338119	-0.338119	-2.45658	-0.921551	-0.830268
8	0.924833	-0.136049	-0.136049	-1.14076	-0.374192	-0.337013	-0.48216	-0.48216	-1.42937	-0.991943	-0.838786
8	0.895738	0.00323874	0.00323874	-1.50933	-0.226891	-0.232643	0.0114781	0.0114781	-1.89118	-0.568951	-0.501565
8	1.58412	0.375349	0.375349	-1.66091	-0.415944	-0.204601	1.33024	1.33024	-2.08112	-0.432815	-0.216883
8	1.95753	0.453002	0.453002	-2.61042	-0.290114	-0.244193	1.60545	1.60545	-3.27086	-0.310106	-0.203748
8	1.57606	0.118295	0.118295	-1.77775	-0.624889	-0.465125	0.41924	0.41924	-2.22752	-0.731671	-0.554402
8	0.534665	-0.0599826	-0.0599826	-1.30684	-0.324839	-0.268399	-0.21258	-0.21258	-1.63747	-0.811069	-0.686836
8	1.58977	0.066604	0.066604	-1.3245	-0.475357	-0.435594	0.236046	0.236046	-1.6596	-0.829249	-0.636696
8	0.82812	0.177273	0.177273	-0.846137	-0.0809523	-0.0502431	0.628259	0.628259	-1.06021	-0.213113	-0.123388
8	1.02154	0.475521	0.475521	-1.12427	0.230709	0.253505	1.68526	1.68526	-1.40871	0.606943	0.629554
8	0.87069	0.486936	0.486936	-0.85661	0.21016	0.244527	1.72571	1.72571	-1.07333	0.538783	0.517645
8	2.36239	0.524215	0.251765	-1.72405	-0.981213	-0.651122	1.85783	0.834633	-2.16023	-0.716885	-0.501291
8	1.47662	0.526953	0.526953	-0.8752	-0.038869	0.0605806	1.86753	1.86753	-1.09663	-0.0462966	0.0808321
8	0.697904	0.0352615	0.0352615	-1.03922	-0.18088	-0.18645	0.124968	0.124968	-1.30215	-0.530192	-0.424905
8	0.368486	0.0114496	0.0114496	-0.958583	-0.217964	-0.168363	0.0405775	0.0405775	-1.2011	-0.647591	-0.471293
8	1.18099	-0.275662	-0.275662	-2.14611	-0.655788	-0.616672	-0.97695	-0.97695	-2.68907	-1.20472	-1.0267
8	1.80074	0.360378	0.360378	-1.01595	-0.330055	-0.278388	1.27718	1.27718	-1.27299	-0.475466	-0.387936
8	1.62878	0.34037	0.34037	-1.91061	-0.937934	-0.681865	1.20628	1.20628	-2.39399	-0.933913	-0.615254
8	0.340028	0.333348	0.333348	-0.25845	0.121754	0.144547	1.18139	1.18139	-0.323837	0.375861	0.388798
8	1.63128	0.429462	0.429462	-1.19619	-0.104708	-0.109828	1.52202	1.52202	-1.49883	-0.142198	-0.124153
8	0.303065	0.0221013	0.0221013	-0.850199	-0.198076	-0.200427	0.0783275	0.0783275	-1.0653	-0.50089	-0.496765
8	0.674795	-0.0239364	-0.0239364	-1.38247	-0.281487	-0.211419	-0.084831	-0.084831	-1.73223	-0.734038	-0.51321
8	0.38758	0.268343	0.268343	-0.430624	0.0017117	0.0277387	0.951014	0.951014	-0.539571	0.00452644	0.0629743
8	0.528328	0.39211	0.39211	-0.837292	0.171095	0.16739	1.38964	1.38964	-1.04913	0.473797	0.359423
8	0.556411	-0.725289	-0.725289	-1.94851	-0.982406	-0.919861	-2.57044	-2.57044	-2.44148	-2.45791	-2.59013
8	1.5376	0.377534	0.377534	-0.670421	-0.251666	-0.160794	1.33799	1.33799	-0.840038	-0.406509	-0.250923
8	1.29211	0.279619	0.279619	-1.0423	-0.204759	-0.15134	0.990976	0.990976	-1.306	-0.364571	-0.20603
8	2.03179	-0.122639	-0.122639	-2.00331	-1.01692	-0.904716	-0.434636	-0.434636	-2.51015	-1.06825	-0.886232
8	0.731551	-0.466979	-0.466979	-1.95328	-0.699635	-0.692625	-1.65498	-1.65498	-2.44746	-1.81396	-1.71435
8	2.76457	0.2672	-0.352341	-1.99598	-1.82803	-1.58399	0.946961	-1.08141	-2.50096	-1.53008	-1.07818
8	0.867348	0.23697	0.23697	-0.825928	0.00318534	-0.00516844	0.839827	0.839827	-1.03489	0.00807262	-0.0112776
8	1.64297	0.25561	0.25561	-1.21656	-0.42878	-0.314292	0.905887	0.905887	-1.52434	-0.478836	-0.332877
8	1.52517	0.226047	0.226047	-1.25555	-0.204948	-0.208527	0.801116	0.801116	-1.57321	-0.349041	-0.280028
8	0.559777	0.26633	0.26633	-0.74127	0.0650862	0.0911353	0.943877	0.943877	-0.928812	0.196935	0.238421
8	0.5961	-0.0522795	-0.0522795	-1.42029	-0.282168	-0.281223	-0.18528	-0.18528	-1.77963	-0.772936	-0.645825
8	1.15652	-0.529758	-0.529758	-2.27379	-0.927336	-0.836692	-1.87747	-1.87747	-2.84906	-1.76863	-1.56454
8	1.57143	-0.619783	-0.619783	-2.92774	-1.3463	-1.28554	-2.19652	-2.19652	-3.66846	-2.11116	-1.7526
8	0.570846	0.279326	0.279326	-0.54059	0.03866	0.0733182	0.989937	0.989937	-0.677359	0.105986	0.195922
8	0.615737	0.0367892	0.0367892	-0.886023	-0.196605	-0.155038	0.130382	0.130382	-1.11019	-0.574832	-0.382478
8	1.22634	0.20445	0.20445	-1.2552	-0.158993	-0.145399	0.724574	0.724574	-1.57276	-0.319515	-0.22967
8	1.76715	0.145599	0.145599	-1.50566	-0.74354	-0.693356	0.516007	0.516007	-1.88659	-0.985116	-0.743866
8	0.783175	0.554885	0.554885	-0.543116	0.284511	0.325052	1.96652	1.96652	-0.680525	0.662583	0.749742
8	1.12306	-0.324576	-0.324576	-2.23384	-0.654032	-0.622389	-1.1503	-1.1503	-2.799	-1.17862	-1.06036
8	1.21923	-0.09037	-0.09037	-1.73487	-0.468636	-0.423038	-0.320273	-0.320273	-2.1738	-0.951315	-0.785664
8	0.649017	-0.112136	-0.112136	-1.17769	-0.330409	-0.346838	-0.397411	-0.397411	-1.47565	-0.996823	-0.721581
8	1.39588	0.0446168	0.0446168	-1.5605	-0.596392	-0.50863	0.158123	0.158123	-1.9553	-0.776519	-0.67847
8	0.447786	-0.30357	-0.30357	-1.25033	-0.52136	-0.516044	-1.07586	-1.07586	-1.56666	-1.57464	-1.33035
8	0.49024	0.283925	0.283925	-0.674949	0.0610649	0.0708285	1.00623	1.00623	-0.845711	0.177283	0.179975
8	1.10206	0.404819	0.404819	-0.934118	0.127038	0.124152	1.43468	1.43468	-1.17045	0.334204	0.261221
8	0.969844	-0.0289332	-0.0289332	-1.72991	-0.26801	-0.263713	-0.10254	-0.10254	-2.16758	-0.721258	-0.648251
8	0.533887	0.167593	0.167593	-0.867519	-0.0646246	-0.0375997	0.593953	0.593953	-1.087	-0.194178	-0.0846773
8	0.142498	0.198581	0.198581	-0.109721	-0.026223	0.00759879	0.703774	0.703774	-0.137481	-0.0722176	0.0200517
8	1.29954	-0.274084	-0.274084	-1.58795	-0.585486	-0.558298	-0.971358	-0.971358	-1.9897	-1.2505	-1.06377
8	1.00882	-0.495536	-0.495536	-1.8595	-0.759181	-0.757724	-1.75619	-1.75619	-2.32995	-1.87733	-1.65372
8	0.295456	-0.0570589	-0.0570589	-0.877584	-0.286262	-0.259337	-0.202218	-0.202218	-1.09961	-0.870768	-0.643675
8	0.534352	-0.650609	-0.650609	-1.54293	-0.91232	-0.869592	-2.30577	-2.30577	-1.93329	-1.384	-1.8037
8	0.782331	0.226781	0.226781	-0.915689	-0.00868445	-0.00696571	0.803717	0.803717	-1.14736	-0.0222405	-0.0145237
8	0.931718	0.143563	0.143563	-1.18377	-0.125051	-0.0954251	0.508791	0.508791	-1.48326	-0.31773	-0.189819
8	0.785419	-0.0664962	-0.0664962	-1.59243	-0.277737	-0.301162	-0.235664	-0.235664	-1.99531	-0.821525	-0.71478
8	0.685133	-0.114546	-0.114546	-1.73542	-0.365123	-0.327635	-0.405953	-0.405953	-2.17448	-0.939316	-0.717995
8	0.261378	-0.0664842	-0.0664842	-0.899981	-0.312955	-0.25527	-0.235621	-0.235621	-1.12768	-0.801677	-0.627706
8	0.647021	-0.193503	-0.193503	-1.55767	-0.455308	-0.405084	-0.68578	-0.68578	-1.95176	-1.13405	-0.994785
8	0.544761	-0.171802	-0.171802	-0.996566	-0.412678	-0.38238	-0.608869	-0.608869	-1.2487	-1.06049	-1.00515
8	0.567269	-0.0955364	-0.0955364	-1.0059	-0.324939	-0.304472	-0.338583	-0.338583	-1.26039	-0.822041	-0.700316
8	0.588842	-0.758179	-0.758179	-2.0877	-0.993446	-0.96114	-2.687	-2.687	-2.61589	-2.89356	-2.57622
8	0.639688	-0.100571	-0.100571	-1.13063	-0.322319	-0.319923	-0.356426	-0.356426	-1.41668	-0.960039	-0.781065
8	1.08863	-0.272118	-0.272118	-1.65645	-0.613837	-0.534521	-0.96439	-0.96439	-2.07553	-1.30238	-1.09742
8	0.916823	0.5973	0.5973	-0.74034	0.350179	0.358784	2.11684	2.11684	-0.927646	1.03082	0.837005
8	2.41515	-0.143777	-0.466634	-2.5159	-1.37442	-1.07567	-0.509547	-1.54695	-3.15242	-1.10258	-0.878779
8	0.734582	0.386167	0.386167	-0.713643	0.143845	0.147054	1.36858	1.36858	-0.894195	0.402667	0.354881
8	0.696863	-0.139376	-0.139376	-1.22154	-0.397675	-0.39914	-0.493952	-0.493952	-1.53059	-1.07059	-0.901098
8	1.39347	-0.189592	-0.189592	-2.1779	-0.844472	-0.777312	-0.671916	-0.671916	-2.72891	-1.25502	-0.935813
8	0.477457	0.456133	0.456133	-0.370625	0.221288	0.237562	1.61654	1.61654	-0.464393	0.57179	0.581114
8	0.348923	0.117928	0.117928	-0.995245	-0.130648	-0.0680478	0.417939	0.417939	-1.24704	-0.37697	-0.182624
8	1.73602	-0.491581	-0.491581	-2.52045	-1.16922	-0.978925	-1.74217	-1.74217	-3.15813	-1.48434	-1.392
8	0.551333	0.250715	0.250715	-0.771913	0.042811	0.0346268	0.888538	0.888538	-0.967207	0.127114	0.0886369
8	1.87603	0.232752	0.232752	-1.66252	-0.689634	-0.361678	0.824877	0.824877	-2.08313	-0.626209	-0.390602
8	0.413608	-0.537185	-0.537185	-1.36389	-0.765553	-0.72668	-1.90379	-1.90379	-1.70895	-2.09281	-1.77537
8	0.851451	0.0422347	0.0422347	-1.522	-0.204557	-0.170956	0.149681	0.149681	-1.90706	-0.589975	-0.379547
8	1.13231	0.33105	0.33105	-1.12906	0.0300143	0.0551839	1.17325	1.17325	-1.41471	0.0683826	0.0976934
8	0.952993	0.656994	0.656994	-0.89218	0.422656	0.453604	2.3284	2.3284	-1.1179	1.20416	1.13763
8	1.76021	-0.149433	-0.149433	-1.92381	-1.25555	-1.21737	-0.529594	-0.529594	-2.41053	-1.62985	-1.31264
8	0.838071	0.16287	0.16287	-1.26798	-0.0871096	-0.0997643	0.577215	0.577215	-1.58878	-0.227512	-0.205125
8	1.52151	0.341963	0.341963	-1.58864	-0.15274	-0.0964191	1.21192	1.21192	-1.99056	-0.232179	-0.126814
8	0.482881	0.352085	0.352085	-0.280201	0.130562	0.13142	1.2478	1.2478	-0.351092	0.411254	0.334609
8	0.798112	0.0619219	0.0619219	-0.992229	-0.164959	-0.176012	0.219452	0.219452	-1.24326	-0.496072	-0.4159
8	1.10874	-0.252581	-0.252581	-1.39608	-0.597934	-0.539938	-0.895152	-0.895152	-1.74929	-1.22421	-1.00363
8	3.01649	0.0480011	-0.819247	-1.88752	-2.14091	-1.81794	0.170117	-2.51444	-2.36506	-1.53226	-1.47742
8	1.08361	-0.103175	-0.103175	-2.2516	-0.434512	-0.33413	-0.365654	-0.365654	-2.82126	-0.812537	-0.712827
8	1.07554	0.572612	0.572612	-0.550385	0.32984	0.342443	2.02935	2.02935	-0.689632	0.93091	0.725387
8	0.6787	-0.34528	-0.34528	-1.59016	-0.543914	-0.539171	-1.22368	-1.22368	-1.99248	-1.58825	-1.35374
8	1.08316	0.00729107	0.00729107	-1.16012	-0.241523	-0.275107	0.0258397	0.0258397	-1.45364	-0.663657	-0.530683
8	0.646549	0.494749	0.494749	-0.267081	0.276641	0.284125	1.7534	1.7534	-0.334653	0.740671	0.688737
8	0.916183	0.268801	0.268801	-1.07665	0.0308439	0.0143761	0.952635	0.952635	-1.34904	0.0830505	0.031504
8	1.11884	-0.0521539	-0.0521539	-1.80771	-0.386546	-0.324917	-0.184834	-0.184834	-2.26507	-0.78081	-0.634501
8	0.910851	-0.0772744	-0.0772744	-1.75201	-0.278746	-0.324258	-0.273862	-0.273862	-2.19527	-0.873057	-0.731796
8	0.698205	0.176788	0.176788	-1.03373	-0.0698262	-0.0462975	0.626538	0.626538	-1.29527	-0.175287	-0.109744
8	0.563074	-0.235464	-0.235464	-1.06448	-0.451744	-0.443665	-0.83449	-0.83449	-1.3338	-1.34906	-1.09363
8	0.635771	0.676503	0.676503	-0.612315	0.429655	0.447293	2.39754	2.39754	-0.767231	1.09579	1.09568
8	0.556018	0.208427	0.208427	-0.747666	-0.0125638	-0.000710745	0.738669	0.738669	-0.936825	-0.035863	-0.00169513
8	1.36919	-0.364615	-0.364615	-2.57441	-0.717481	-0.692501	-1.2922	-1.2922	-3.22574	-1.41694	-1.15645
8	1.39913	0.449762	0.449762	-1.0866	-0.168754	-0.168568	1.59397	1.59397	-1.3615	-0.256467	-0.217793
8	0.389795	0.410509	0.410509	-0.444034	0.160823	0.228234	1.45485	1.45485	-0.556375	0.441425	0.606872
8	1.56335	-0.204849	-0.204849	-1.7574	-0.718174	-0.656594	-0.725989	-0.725989	-2.20203	-1.02217	-0.914004
8	0.715954	-0.353172	-0.353172	-1.34792	-0.587922	-0.560176	-1.25165	-1.25165	-1.68894	-1.76349	-1.33086
8	0.43262	-0.0376652	-0.0376652	-0.948848	-0.289665	-0.222968	-0.133486	-0.133486	-1.18891	-0.763878	-0.572453
8	0.823297	0.0615429	0.0615429	-1.29128	-0.179861	-0.162329	0.218109	0.218109	-1.61797	-0.51124	-0.381958
8	1.53172	-0.221434	-0.221434	-1.87635	-1.00182	-0.967133	-0.784765	-0.784765	-2.35107	-1.33432	-1.2098
8	0.377766	-0.560961	-0.560961	-1.34177	-0.795648	-0.753558	-1.98806	-1.98806	-1.68124	-2.0698	-1.88779
8	1.41836	-0.00842307	-0.00842307	-2.01666	-0.814631	-0.719976	-0.0298515	-0.0298515	-2.52687	-1.00879	-0.796372
8	0.365371	0.214822	0.214822	-0.74425	0.0128759	0.0408049	0.761332	0.761332	-0.932545	0.0431003	0.112767
8	0.998514	0.163751	0.163751	-1.57871	-0.0981614	-0.0372858	0.580337	0.580337	-1.97813	-0.239058	-0.0858261
8	0.89966	-0.200291	-0.200291	-1.91427	-0.469492	-0.431764	-0.709834	-0.709834	-2.39858	-1.25298	-0.952322
8	0.392398	0.311808	0.311808	-0.363004	0.0921829	0.106971	1.10505	1.10505	-0.454844	0.230964	0.271344
8	0.465901	0.263249	0.263249	-1.02111	0.0489006	0.0644916	0.93296	0.93296	-1.27946	0.13006	0.169097
8	1.78393	-0.519505	-0.519505	-2.23334	-1.11527	-1.12949	-1.84113	-1.84113	-2.79837	-1.44866	-1.17368
8	1.59638	0.0823101	0.0823101	-1.71424	-0.699817	-0.738548	0.291709	0.291709	-2.14795	-1.05299	-0.839252
8	1.0892	0.223433	0.223433	-1.302	-0.0595348	-0.0333214	0.791852	0.791852	-1.63141	-0.132384	-0.0739631
8	0.961666	-0.173126	-0.173126	-1.41431	-0.438097	-0.389166	-0.613562	-0.613562	-1.77213	-0.982677	-0.866888
8	0.552792	0.463738	0.463738	-0.668853	0.211955	0.224084	1.6435	1.6435	-0.838073	0.547225	0.536559
8	1.50111	0.00557873	0.00557873	-0.905498	-0.635797	-0.562408	0.0197711	0.0197711	-1.13459	-1.0465	-0.785238
8	0.993212	-0.140152	-0.140152	-1.87378	-0.388415	-0.368349	-0.496703	-0.496703	-2.34785	-0.918783	-0.887867
8	1.41909	-0.199873	-0.199873	-1.31718	-0.804115	-0.76891	-0.708354	-0.708354	-1.65042	-1.25218	-0.986803
8	0.422256	0.216329	0.216329	-0.746102	-0.00635854	0.0222548	0.766673	0.766673	-0.934866	-0.0192827	0.0629462
8	0.656508	0.484782	0.484782	-1.02241	0.260169	0.268236	1.71808	1.71808	-1.28108	0.79162	0.681179
8	0.398355	0.0403102	0.0403102	-0.976751	-0.218516	-0.167538	0.14286	0.14286	-1.22387	-0.557688	-0.423488
8	2.27626	-0.434223	-0.76239	-2.84701	-2.16339	-1.81891	-1.53889	-2.52742	-3.5673	-1.7479	-1.41074
8	0.625817	-0.159326	-0.159326	-1.39776	-0.384352	-0.368455	-0.564656	-0.564656	-1.75139	-1.21294	-0.88314
8	0.997797	0.00569931	0.00569931	-1.593	-0.285202	-0.25669	0.0201985	0.0201985	-1.99602	-0.61605	-0.527437
8	0.342598	0.442363	0.442363	-0.345056	0.238448	0.226156	1.56774	1.56774	-0.432356	0.708084	0.568923
8	0.788837	0.440924	0.440924	-1.37789	0.212653	0.208385	1.56264	1.56264	-1.7265	0.53938	0.471854
8	1.17885	-0.229246	-0.229246	-1.94886	-0.508068	-0.511042	-0.812452	-0.812452	-2.44192	-1.31258	-1.05673
8	0.522031	0.277869	0.277869	-0.768199	0.0297537	0.0268727	0.984772	0.984772	-0.962553	0.0762667	0.0595974
8	0.548751	0.306785	0.306785	-0.699171	0.0722032	0.109548	1.08725	1.08725	-0.876061	0.190556	0.279958
8	1.90508	-0.225096	-0.225096	-1.93816	-1.55972	-1.52984	-0.797744	-0.797744	-2.42851	-1.87933	-1.58185
8	1.89093	-0.865693	-0.865693	-2.76725	-1.95544	-1.92938	-3.06803	-3.06803	-3.46737	-2.62644	-2.06219
8	0.920673	0.202764	0.202764	-1.02078	-0.044157	0.0169817	0.718599	0.718599	-1.27904	-0.109844	0.0436321
8	1.16035	0.335878	0.335878	-0.859152	0.0181135	0.0524882	1.19036	1.19036	-1.07652	0.0422542	0.110613
8	0.78929	-0.41592	-0.41592	-1.32573	-0.638955	-0.640386	-1.47403	-1.47403	-1.66114	-1.75427	-1.5202
8	0.765735	0.217389	0.217389	-0.866193	-0.0444364	-0.00965038	0.770432	0.770432	-1.08534	-0.116407	-0.0191804
8	0.874033	-0.253942	-0.253942	-1.4097	-0.502466	-0.45735	-0.899976	-0.899976	-1.76636	-1.32843	-1.07106
8	0.644327	0.155724	0.155724	-1.02011	-0.0998303	-0.0396885	0.551888	0.551888	-1.2782	-0.233051	-0.103831
8	0.65641	-0.461665	-0.461665	-1.3024	-0.689526	-0.697448	-1.63615	-1.63615	-1.63191	-1.89237	-1.62269
8	0.783303	0.105666	0.105666	-0.706628	-0.155098	-0.101515	0.374481	0.374481	-0.885404	-0.390058	-0.24712
8	2.42012	0.496912	0.170259	-2.01687	-1.71302	-1.55322	1.76106	0.56443	-2.52714	-1.68551	-1.48612
8	0.379621	0.253841	0.253841	-0.339181	0.0171625	0.0530104	0.899617	0.899617	-0.424994	0.050674	0.145374
8	0.475263	0.0864873	0.0864873	-0.712729	-0.116415	-0.115835	0.306513	0.306513	-0.89305	-0.351667	-0.267405
8	1.12154	0.017553	0.017553	-1.02058	-0.297081	-0.219384	0.0622082	0.0622082	-1.27879	-0.63996	-0.501977
8	0.513464	0.308777	0.308777	-0.935555	0.0683045	0.100341	1.09431	1.09431	-1.17225	0.198042	0.247097
8	0.825256	0.104605	0.104605	-1.14435	-0.146297	-0.0875572	0.370721	0.370721	-1.43387	-0.383479	-0.214293
8	1.4694	-0.0471237	-0.0471237	-1.46551	-0.550835	-0.451271	-0.167007	-0.167007	-1.83628	-0.803236	-0.671447
8	0.51671	0.583452	0.583452	-0.444608	0.354496	0.379126	2.06776	2.06776	-0.557094	0.91103	0.969088
8	1.30002	-0.392566	-0.392566	-1.88644	-0.879796	-0.775461	-1.39126	-1.39126	-2.36371	-1.58033	-1.32478
8	1.45671	-0.10772	-0.10772	-1.63108	-0.939083	-0.800221	-0.381763	-0.381763	-2.04375	-1.2668	-0.953191
8	0.950127	-0.459668	-0.459668	-2.22136	-0.710056	-0.674659	-1.62907	-1.62907	-2.78337	-1.98084	-1.66647
8	0.342958	0.461945	0.461945	-0.859233	0.216463	0.253178	1.63714	1.63714	-1.07662	0.584495	0.657058
8	1.17825	-0.0609672	-0.0609672	-1.8824	-0.352971	-0.356291	-0.216069	-0.216069	-2.35865	-0.844898	-0.640531
8	0.449652	0.088738	0.088738	-0.774761	-0.145701	-0.13854	0.314489	0.314489	-0.970775	-0.403479	-0.314793
8	1.01114	0.17643	0.17643	-1.09763	-0.10782	-0.0698507	0.625271	0.625271	-1.37534	-0.266207	-0.160175
8	0.575621	0.000694121	0.000694121	-1.41623	-0.223652	-0.259451	0.00245998	0.00245998	-1.77453	-0.654454	-0.52053
8	0.842224	0.213886	0.213886	-1.34329	-0.0409108	0.00470816	0.758015	0.758015	-1.68314	-0.117584	0.0100668
8	0.844726	-0.576632	-0.576632	-2.25386	-0.848729	-0.79269	-2.0436	-2.0436	-2.82409	-2.11677	-1.79622
8	0.696178	0.514921	0.514921	-1.06264	0.273809	0.313872	1.82489	1.82489	-1.33149	0.732289	0.796942
8	1.07505	-0.396751	-0.396751	-2.41875	-0.715356	-0.684748	-1.40609	-1.40609	-3.03069	-1.68046	-1.48241
8	2.1867	0.0104687	-0.43013	-2.05801	-0.793364	-0.666192	0.0371014	-1.42593	-2.57868	-0.981834	-0.766683
8	0.48859	0.387693	0.387693	-0.563103	0.133621	0.158717	1.37399	1.37399	-0.705568	0.354138	0.348471
8	0.473948	-0.480693	-0.480693	-1.68245	-0.7395	-0.691695	-1.70359	-1.70359	-2.10811	-1.80461	-1.64944
8	1.78247	-0.105557	-0.105557	-2.0131	-1.31138	-1.21695	-0.374097	-0.374097	-2.52241	-1.53085	-1.27269
8	2.95158	-0.297018	-0.936097	-3.11771	-2.06496	-1.7034	-1.05264	-2.87308	-3.90649	-1.44501	-1.17952
8	1.01093	-0.742159	-0.742159	-2.33574	-1.02187	-1.01418	-2.63023	-2.63023	-2.92668	-2.59779	-2.16873
8	1.23376	-0.0795456	-0.0795456	-1.76033	-0.411562	-0.332535	-0.281911	-0.281911	-2.2057	-0.805628	-0.61538
8	1.53218	0.0116353	0.0116353	-1.12815	-0.717664	-0.672812	0.0412357	0.0412357	-1.41357	-1.00064	-0.865341
8	0.34113	0.335731	0.335731	-0.434421	0.114148	0.119729	1.18984	1.18984	-0.54433	0.349958	0.299294
8	1.99565	0.0150077	0.0150077	-2.10781	-0.742336	-0.583485	0.0531875	0.0531875	-2.64108	-0.810048	-0.621071
8	2.20096	-0.324619	-0.604056	-2.105	-1.44472	-1.31721	-1.15046	-2.00252	-2.63757	-1.39143	-1.41147
8	0.755211	-0.234118	-0.234118	-1.66522	-0.469779	-0.498729	-0.829717	-0.829717	-2.08652	-1.27505	-1.02062
8	1.7892	-0.38999	-0.38999	-1.63335	-1.10063	-1.08506	-1.38213	-1.38213	-2.04658	-1.35805	-1.14154
8	0.48171	-0.318316	-0.318316	-1.17363	-0.569488	-0.526	-1.12812	-1.12812	-1.47056	-1.43132	-1.34342
8	0.663119	-0.0936356	-0.0936356	-1.55012	-0.344933	-0.295899	-0.331846	-0.331846	-1.9423	-0.9813	-0.742047
8	0.860649	-0.307053	-0.307053	-1.99895	-0.537016	-0.55957	-1.0882	-1.0882	-2.50468	-1.30603	-1.16071
8	1.16689	0.116757	0.116757	-1.3336	-0.163102	-0.211692	0.413788	0.413788	-1.671	-0.417534	-0.374507
8	1.2553	-0.692934	-0.692934	-2.44032	-1.06228	-0.9695	-2.45577	-2.45577	-3.05772	-1.88547	-1.76135
8	0.25225	-0.154453	-0.154453	-0.861211	-0.394849	-0.367657	-0.547384	-0.547384	-1.0791	-1.2519	-0.949487
8	0.516563	-0.200185	-0.200185	-1.29306	-0.438881	-0.430786	-0.709459	-0.709459	-1.6202	-1.21232	-1.0372
8	0.707885	-0.0473887	-0.0473887	-1.93822	-0.313207	-0.278544	-0.167947	-0.167947	-2.42859	-0.862607	-0.59739
8	0.758884	0.228186	0.228186	-1.26876	-0.029609	-0.0149922	0.808694	0.808694	-1.58975	-0.0700962	-0.0329194
8	2.47906	-0.395706	-0.905718	-3.07113	-1.87741	-1.52392	-1.40239	-2.77984	-3.84813	-1.35413	-1.10937
8	1.10441	0.380574	0.380574	-1.0955	0.0386939	0.108939	1.34876	1.34876	-1.37266	0.0927748	0.222238
8	1.1464	0.52705	0.52705	-0.519892	0.203326	0.278817	1.86787	1.86787	-0.651424	0.41654	0.585076
8	0.439004	0.306023	0.306023	-0.658008	0.0648734	0.138139	1.08455	1.08455	-0.824484	0.180752	0.378545
8	1.50033	0.175929	0.175929	-1.17524	-0.188925	-0.192143	0.623497	0.623497	-1.47257	-0.359916	-0.343334
8	1.08518	0.265366	0.265366	-1.13096	-0.0376782	-0.015057	0.940462	0.940462	-1.41709	-0.0879705	-0.0301748
8	1.73531	-0.433665	-0.433665	-1.98115	-1.04507	-0.964742	-1.53692	-1.53692	-2.48238	-1.34674	-1.24074
8	0.569686	0.0794169	0.0794169	-0.890277	-0.149897	-0.129504	0.281455	0.281455	-1.11552	-0.418824	-0.317406
8	0.943886	0.455777	0.455777	-0.938492	0.1656	0.245589	1.61528	1.61528	-1.17593	0.349337	0.627774
8	1.42288	0.394272	0.394272	-0.746594	-0.209265	-0.210623	1.39731	1.39731	-0.935482	-0.334236	-0.284916
8	0.344431	0.799428	0.799428	0.010793	0.565292	0.598279	2.83319	2.83319	0.0135236	1.61308	1.5153
8	0.739903	0.573009	0.573009	-0.660748	0.317236	0.386042	2.03076	2.03076	-0.827917	0.840311	1.04409
8	0.459305	0.273231	0.273231	-1.00277	0.0230109	0.061858	0.968336	0.968336	-1.25647	0.0495855	0.159575
8	0.682234	-1.27854	-1.27854	-2.7132	-1.51966	-1.48912	-4.53116	-4.53116	-3.39964	-4.03365	-3.66404
8	1.27067	0.0731956	0.0731956	-1.35203	-0.330834	-0.291046	0.259407	0.259407	-1.69409	-0.66244	-0.528426
8	2.28472	0.00971411	-0.363708	-1.95108	-0.849821	-0.790325	0.034427	-1.20574	-2.44471	-0.902059	-0.702877
8	1.39896	-0.449826	-0.449826	-2.49404	-0.971665	-0.886342	-1.59419	-1.59419	-3.12503	-1.30733	-1.26317
8	1.56529	0.599046	0.599046	-1.18273	-0.0498854	-0.130203	2.12303	2.12303	-1.48196	-0.0764114	-0.161822
8	0.413386	-0.00734384	-0.00734384	-1.00299	-0.220659	-0.185978	-0.0260267	-0.0260267	-1.25674	-0.681895	-0.436997
8	0.913691	-0.0161456	-0.0161456	-1.44027	-0.334565	-0.252518	-0.0572204	-0.0572204	-1.80466	-0.775867	-0.493705
8	0.865583	0.254133	0.254133	-0.656722	0.0126401	0.0122308	0.900653	0.900653	-0.822873	0.0312949	0.0268671
8	1.03183	-0.14221	-0.14221	-1.083	-0.402185	-0.411796	-0.503997	-0.503997	-1.35701	-1.05099	-0.869925
8	0.385892	-0.618177	-0.618177	-1.30614	-0.864434	-0.815509	-2.19083	-2.19083	-1.6366	-2.35453	-2.15395
8	1.14975	-0.355618	-0.355618	-1.93561	-0.657915	-0.609362	-1.26032	-1.26032	-2.42532	-1.42783	-1.39404
8	0.637252	1.01025	1.01025	-0.269173	0.73962	0.81394	3.58033	3.58033	-0.337274	2.01898	1.99305
8	0.774325	-0.462593	-0.462593	-1.7862	-0.731391	-0.678724	-1.63944	-1.63944	-2.23811	-1.88297	-1.72014
8	1.11914	0.0241949	0.0241949	-1.3665	-0.257492	-0.2688	0.0857472	0.0857472	-1.71223	-0.571101	-0.506181
8	0.634988	-0.268989	-0.268989	-1.7356	-0.499626	-0.495519	-0.953301	-0.953301	-2.17471	-1.47623	-1.25272
8	0.724408	0.277317	0.277317	-0.86257	0.0488396	0.0730904	0.982818	0.982818	-1.0808	0.130624	0.167886
8	0.53037	0.419943	0.419943	-0.778348	0.185691	0.183261	1.48829	1.48829	-0.97527	0.53176	0.427843
8	0.885778	-0.334502	-0.334502	-1.89831	-0.591898	-0.57004	-1.18548	-1.18548	-2.37858	-1.5389	-1.34222
8	0.70094	-0.126042	-0.126042	-0.921685	-0.376262	-0.361043	-0.446696	-0.446696	-1.15487	-1.03431	-0.835836
8	1.09301	0.0308152	0.0308152	-1.53099	-0.280978	-0.208914	0.10921	0.10921	-1.91833	-0.558763	-0.463618
8	0.994389	-0.0693072	-0.0693072	-1.49907	-0.311247	-0.292928	-0.245626	-0.245626	-1.87833	-0.809582	-0.648041
8	1.53088	-0.281191	-0.281191	-1.88049	-0.755698	-0.748042	-0.996547	-0.996547	-2.35626	-1.19664	-1.04329
8	0.683398	0.303678	0.303678	-0.811684	0.0869532	0.0660162	1.07624	1.07624	-1.01704	0.259857	0.155673
8	1.96291	-0.261603	-0.261603	-1.62097	-1.00437	-0.971611	-0.927125	-0.927125	-2.03107	-1.15701	-1.0176
8	1.62717	0.422203	0.422203	-1.97706	-0.169547	-0.0623387	1.4963	1.4963	-2.47726	-0.200623	-0.0748366
8	0.203503	-0.12645	-0.12645	-0.927166	-0.339367	-0.337881	-0.448142	-0.448142	-1.16174	-0.990473	-0.812791
8	0.607241	-0.187128	-0.187128	-1.0834	-0.418224	-0.36855	-0.663186	-0.663186	-1.3575	-1.2615	-1.04242
8	1.25247	0.368735	0.368735	-1.16032	-0.027483	0.0872848	1.3068	1.3068	-1.45389	-0.0456765	0.165247
8	0.763272	0.0421285	0.0421285	-0.848637	-0.19572	-0.181843	0.149304	0.149304	-1.06334	-0.535428	-0.423645
8	1.16391	0.561222	0.561222	-0.596691	0.301332	0.28336	1.98898	1.98898	-0.747654	0.774145	0.513917
8	0.197604	-0.894413	-0.894413	-1.43948	-1.1231	-1.08605	-3.16982	-3.16982	-1.80367	-2.99674	-2.77354
8	0.31735	-0.368521	-0.368521	-0.985872	-0.569639	-0.558655	-1.30605	-1.30605	-1.2353	-1.72073	-1.53461
8	1.26779	0.541343	0.541343	-1.39467	0.0812785	0.186682	1.91853	1.91853	-1.74753	0.149528	0.334238
8	0.649669	-0.260426	-0.260426	-1.17612	-0.504355	-0.473001	-0.922953	-0.922953	-1.47368	-1.37159	-1.11301
8	0.944021	-0.316094	-0.316094	-1.51918	-0.575202	-0.574504	-1.12024	-1.12024	-1.90353	-1.45646	-1.16625
8	0.647394	0.68882	0.68882	-0.596604	0.4342	0.44607	2.44119	2.44119	-0.747544	1.20112	0.9458
8	0.638939	-0.418867	-0.418867	-1.89328	-0.655477	-0.617406	-1.48447	-1.48447	-2.37227	-1.76549	-1.58441
8	1.1513	0.497341	0.497341	-0.942361	0.196637	0.235037	1.76259	1.76259	-1.18078	0.418126	0.458066
8	0.904679	-0.0531964	-0.0531964	-1.60435	-0.336954	-0.263233	-0.188529	-0.188529	-2.01025	-0.748193	-0.654479
8	0.826864	-0.151298	-0.151298	-1.561	-0.414254	-0.386455	-0.536203	-0.536203	-1.95594	-1.096	-0.865394
8	0.226778	-0.0795484	-0.0795484	-0.926309	-0.303914	-0.289457	-0.281921	-0.281921	-1.16067	-0.850655	-0.697044
8	0.921961	0.852478	0.852478	-0.519542	0.616263	0.625673	3.0212	3.0212	-0.650987	1.79696	1.46701
8	0.663207	0.656821	0.656821	-0.448488	0.441739	0.402847	2.32779	2.32779	-0.561956	1.26265	0.915618
8	1.45782	-0.00401729	-0.00401729	-1.6104	-0.431429	-0.414466	-0.0142373	-0.0142373	-2.01783	-0.785876	-0.666496
8	1.88864	-0.00410959	-0.00410959	-2.04073	-0.792382	-0.714428	-0.0145645	-0.0145645	-2.55703	-0.847873	-0.720413
8	1.02538	-0.138321	-0.138321	-1.88279	-0.418861	-0.341916	-0.490212	-0.490212	-2.35913	-0.956267	-0.805124
8	0.386704	0.621895	0.621895	-0.350277	0.410119	0.420495	2.20401	2.20401	-0.438896	1.27153	1.04872
8	1.33408	-0.136151	-0.136151	-2.09921	-0.485395	-0.475361	-0.482523	-0.482523	-2.63031	-0.892036	-0.768831
8	1.91072	0.0306284	0.0306284	-2.01211	-1.05849	-0.846879	0.108548	0.108548	-2.52117	-0.985199	-0.759094
8	0.894337	-0.692875	-0.692875	-2.1414	-0.956029	-0.921025	-2.45556	-2.45556	-2.68318	-2.36154	-2.00788
8	0.610696	-0.664725	-0.664725	-1.66977	-0.905714	-0.875653	-2.3558	-2.3558	-2.09223	-2.41899	-2.10305
8	1.72846	0.472107	0.472107	-0.964171	-0.240179	-0.0870815	1.67315	1.67315	-1.20811	-0.293108	-0.106956
8	1.34131	0.0742488	0.0742488	-1.68308	-0.333889	-0.276101	0.263139	0.263139	-2.1089	-0.597625	-0.398431
8	1.21644	-0.263518	-0.263518	-1.65887	-0.578878	-0.550174	-0.933913	-0.933913	-2.07857	-1.28806	-1.04871
8	0.445278	-0.0113619	-0.0113619	-0.773692	-0.204942	-0.213549	-0.0402666	-0.0402666	-0.969436	-0.595309	-0.550644
8	1.20579	0.0467636	0.0467636	-1.72778	-0.31179	-0.299776	0.165731	0.165731	-2.16491	-0.582135	-0.476251
8	0.697984	-0.197052	-0.197052	-1.37443	-0.470085	-0.42427	-0.698355	-0.698355	-1.72216	-1.2849	-1.0364
8	1.98749	0.297263	0.297263	-1.65363	-1.33259	-1.00118	1.05351	1.05351	-2.072	-1.20572	-1.04486
8	1.68002	-0.156579	-0.156579	-2.25989	-1.02535	-0.787243	-0.55492	-0.55492	-2.83164	-1.1081	-0.767413
8	0.489204	-0.159373	-0.159373	-1.1477	-0.410207	-0.380895	-0.564821	-0.564821	-1.43807	-1.14729	-0.947315
8	1.2867	-0.159478	-0.159478	-1.49558	-0.531406	-0.504068	-0.565193	-0.565193	-1.87396	-0.995138	-0.853665
8	0.7762	0.268085	0.268085	-1.3009	0.0189527	0.0369744	0.9501	0.9501	-1.63003	0.0519933	0.0883155
8	1.12155	-0.359434	-0.359434	-1.8516	-0.648251	-0.623773	-1.27384	-1.27384	-2.32006	-1.54049	-1.2977
8	0.720718	0.110578	0.110578	-1.04696	-0.149721	-0.117068	0.39189	0.39189	-1.31184	-0.379823	-0.278198
8	0.624127	-0.0585302	-0.0585302	-1.58622	-0.357417	-0.254874	-0.207432	-0.207432	-1.98754	-0.834883	-0.653225
8	0.327079	0.574787	0.574787	-0.582332	0.352048	0.349407	2.03706	2.03706	-0.729662	1.04822	0.712086
8	0.704129	-0.165597	-0.165597	-1.33243	-0.403938	-0.37049	-0.586878	-0.586878	-1.66954	-1.05622	-0.827455
8	0.262983	0.242417	0.242417	-0.399867	-0.00345143	0.038599	0.859129	0.859129	-0.501033	-0.00972312	0.101153
8	1.48248	0.105559	0.105559	-1.89408	-0.438495	-0.37606	0.374104	0.374104	-2.37328	-0.538051	-0.455871
8	0.700193	0.104611	0.104611	-1.69288	-0.125125	-0.112304	0.370742	0.370742	-2.12118	-0.369277	-0.272577
8	0.948632	0.56503	0.56503	-0.685391	0.312758	0.358981	2.00248	2.00248	-0.858795	0.847129	0.851451
8	1.41501	-0.198688	-0.198688	-1.94877	-0.859707	-0.817794	-0.704153	-0.704153	-2.44181	-1.21723	-1.03347
8	0.220999	-0.322218	-0.322218	-1.04171	-0.549887	-0.535466	-1.14195	-1.14195	-1.30526	-1.47848	-1.2651
8	1.63855	-0.0471256	-0.0471256	-1.98986	-0.546484	-0.523404	-0.167014	-0.167014	-2.4933	-0.853197	-0.689708
8	0.772941	-0.100793	-0.100793	-1.53573	-0.360545	-0.340171	-0.357214	-0.357214	-1.92427	-0.882861	-0.68433
8	0.124727	-0.618434	-0.618434	-0.986613	-0.830879	-0.806771	-2.19174	-2.19174	-1.23623	-2.35734	-2.02431
8	0.407394	0.458323	0.458323	-0.332645	0.23927	0.257155	1.6243	1.6243	-0.416804	0.738276	0.591292
8	1.57237	-0.0438994	-0.0438994	-1.57025	-0.610165	-0.557331	-0.15558	-0.15558	-1.96753	-0.911454	-0.592405
8	0.538034	-0.0201623	-0.0201623	-1.02804	-0.228551	-0.217601	-0.0714557	-0.0714557	-1.28813	-0.642931	-0.533229
8	0.963988	-0.379684	-0.379684	-2.31707	-0.6176	-0.636606	-1.34561	-1.34561	-2.90329	-1.80546	-1.33665
8	0.23862	0.001004	0.001004	-0.924499	-0.210814	-0.191235	0.0035582	0.0035582	-1.1584	-0.59782	-0.537101
8	0.727035	0.151605	0.151605	-1.43355	-0.0715458	-0.0442429	0.537292	0.537292	-1.79624	-0.219957	-0.108603
8	3.28731	-0.0913455	-0.517434	-2.18026	-3.01785	-2.41358	-0.32373	-1.71536	-2.73187	-2.07598	-1.81941
8	0.537244	-0.134198	-0.134198	-1.54978	-0.352086	-0.329228	-0.475601	-0.475601	-1.94187	-0.959761	-0.888227
8	1.17693	0.598976	0.598976	-1.38695	0.241824	0.249614	2.12278	2.12278	-1.73785	0.454527	0.409549
8	0.820696	-0.188608	-0.188608	-2.33229	-0.45507	-0.423855	-0.668431	-0.668431	-2.92236	-1.09869	-0.947303
8	0.876633	0.0989111	0.0989111	-0.973525	-0.154047	-0.127914	0.350543	0.350543	-1.21983	-0.423795	-0.307966
8	0.843589	0.0120202	0.0120202	-1.25052	-0.256909	-0.195734	0.0425997	0.0425997	-1.5669	-0.691526	-0.516675
8	0.518507	-0.00553608	-0.00553608	-1.03237	-0.253371	-0.210212	-0.01962	-0.01962	-1.29356	-0.700692	-0.537095
8	0.597603	-0.133301	-0.133301	-1.48415	-0.35541	-0.35104	-0.472421	-0.472421	-1.85965	-1.00454	-0.781584
8	1.68111	0.178023	0.178023	-1.78124	-0.575692	-0.479129	0.630916	0.630916	-2.2319	-0.653605	-0.495208
8	0.545839	-0.0312986	-0.0312986	-1.16092	-0.281293	-0.24069	-0.110923	-0.110923	-1.45464	-0.749853	-0.603104
8	0.719723	-0.0632228	-0.0632228	-1.06224	-0.311495	-0.297625	-0.224063	-0.224063	-1.33099	-0.875529	-0.712546
8	1.06481	0.243067	0.243067	-1.30176	-0.0766586	-0.0167483	0.861434	0.861434	-1.6311	-0.160406	-0.0301187
8	1.23993	0.559518	0.559518	-0.928492	0.0537059	0.188521	1.98294	1.98294	-1.1634	0.0869631	0.29495
8	0.838029	0.0218744	0.0218744	-1.37153	-0.232707	-0.194271	0.0775234	0.0775234	-1.71853	-0.657307	-0.506456
8	0.803051	0.333737	0.333737	-1.43983	0.116405	0.119461	1.18277	1.18277	-1.80411	0.338033	0.272685
8	0.692614	0.0967801	0.0967801	-0.994969	-0.153441	-0.0926349	0.342991	0.342991	-1.2467	-0.397278	-0.216939
8	1.15407	0.24582	0.24582	-1.6382	-0.0271422	-0.0226408	0.871191	0.871191	-2.05267	-0.0685913	-0.0466176
8	0.690484	1.07663	1.07663	0.0396347	0.781899	0.896233	3.8156	3.8156	0.0496623	1.86985	2.34984
8	1.01717	-0.285756	-0.285756	-2.37172	-0.614186	-0.53705	-1.01273	-1.01273	-2.97176	-1.28675	-1.11915
8	0.682289	0.796907	0.796907	-0.429059	0.560093	0.610922	2.82426	2.82426	-0.537611	1.48282	1.43946
8	1.02639	0.219883	0.219883	-1.09907	-0.0297451	-0.0443612	0.77927	0.77927	-1.37714	-0.0773043	-0.0917978
8	1.65316	-0.0657809	-0.0657809	-1.78276	-0.647022	-0.626973	-0.233129	-0.233129	-2.23379	-0.858706	-0.727742
8	0.24612	-0.365183	-0.365183	-0.935102	-0.58756	-0.570918	-1.29421	-1.29421	-1.17168	-1.85827	-1.57759
8	1.06899	0.246753	0.246753	-1.2169	-0.0379722	-0.0128905	0.874497	0.874497	-1.52477	-0.0939947	-0.0258972
8	0.846122	-0.273941	-0.273941	-2.23912	-0.513425	-0.485137	-0.970853	-0.970853	-2.80561	-1.34137	-1.19145
8	1.11993	-0.312045	-0.312045	-2.05296	-0.644198	-0.588238	-1.10589	-1.10589	-2.57236	-1.33983	-1.1211
8	0.892569	0.515052	0.515052	-0.268438	0.295291	0.26075	1.82535	1.82535	-0.336353	0.803276	0.56082
8	0.799906	-0.242917	-0.242917	-1.51758	-0.479218	-0.473711	-0.860902	-0.860902	-1.90153	-1.34025	-1.16756
8	0.685558	-0.443087	-0.443087	-1.6997	-0.676676	-0.670037	-1.57031	-1.57031	-2.12972	-2.06261	-1.58894
8	1.38133	0.811367	0.811367	-1.31632	0.447058	0.496127	2.8755	2.8755	-1.64935	0.810477	0.838942
8	0.186817	-0.312394	-0.312394	-0.879915	-0.527651	-0.514756	-1.10713	-1.10713	-1.10253	-1.56146	-1.29726
8	1.08459	-0.0650809	-0.0650809	-1.93733	-0.389624	-0.343288	-0.230648	-0.230648	-2.42747	-0.840863	-0.615044
8	0.455971	0.225051	0.225051	-1.02128	-0.0241629	0.0223433	0.797584	0.797584	-1.27967	-0.0603717	0.0550606
8	1.56388	0.393599	0.393599	-1.44628	-0.412332	-0.350285	1.39492	1.39492	-1.81219	-0.53281	-0.437151
8	1.81486	0.195342	0.195342	-1.92975	-0.923814	-0.729664	0.692296	0.692296	-2.41798	-0.863741	-0.603521
8	0.852484	0.0683564	0.0683564	-1.37791	-0.166674	-0.157248	0.242256	0.242256	-1.72652	-0.432267	-0.365428
8	0.138555	0.582975	0.582975	0.0802065	0.383479	0.37249	2.06607	2.06607	0.100499	1.16489	0.969679
8	1.11223	-0.203051	-0.203051	-2.16938	-0.444851	-0.470336	-0.719615	-0.719615	-2.71824	-1.19878	-0.945294
8	0.906683	0.0158417	0.0158417	-1.49483	-0.237056	-0.204631	0.0561431	0.0561431	-1.87302	-0.597385	-0.490685
8	0.124649	0.179476	0.179476	-0.465685	-0.0470193	-0.00959166	0.636068	0.636068	-0.583503	-0.138034	-0.0251624
8	0.836024	0.492119	0.492119	-1.09138	0.21401	0.294026	1.74408	1.74408	-1.36749	0.501794	0.739046
8	0.745056	-0.132933	-0.132933	-1.03704	-0.39494	-0.339376	-0.471116	-0.471116	-1.29941	-1.07146	-0.820942
8	0.457698	-0.232298	-0.232298	-1.37681	-0.468104	-0.445605	-0.823268	-0.823268	-1.72514	-1.39839	-1.12438
8	0.616008	0.192422	0.192422	-1.13798	-0.0627059	-0.0419281	0.681946	0.681946	-1.42589	-0.174956	-0.0913848
8	0.869058	0.169047	0.169047	-0.594982	-0.126527	-0.0671874	0.599107	0.599107	-0.745512	-0.308607	-0.140247
8	1.50844	0.677533	0.677533	-0.957079	0.156121	0.227802	2.40119	2.40119	-1.19922	0.211927	0.299571
8	0.67254	-0.435559	-0.435559	-1.59467	-0.663108	-0.661822	-1.54363	-1.54363	-1.99812	-1.84878	-1.65995
8	0.825922	-0.523068	-0.523068	-1.64957	-0.75553	-0.763163	-1.85376	-1.85376	-2.06691	-2.12321	-1.77377
8	0.529824	-0.244609	-0.244609	-1.23684	-0.455068	-0.43027	-0.866899	-0.866899	-1.54976	-1.33795	-1.06416
8	0.929102	0.42234	0.42234	-1.53917	0.163623	0.141093	1.49678	1.49678	-1.92858	0.43274	0.274495
8	1.61954	0.317397	0.317397	-2.48393	-0.405053	-0.212362	1.12486	1.12486	-3.11237	-0.506177	-0.28634
8	0.347871	-0.194304	-0.194304	-1.00017	-0.440461	-0.382259	-0.688618	-0.688618	-1.25321	-1.16875	-0.965506
8	1.07956	0.195398	0.195398	-1.49172	-0.0613377	-0.0605767	0.692493	0.692493	-1.86912	-0.155623	-0.131725
8	0.742409	-0.243869	-0.243869	-1.71497	-0.485565	-0.480566	-0.864277	-0.864277	-2.14886	-1.22928	-1.06563
8	1.77563	0.370437	0.370437	-1.28581	-0.592045	-0.549261	1.31284	1.31284	-1.61111	-0.787595	-0.653388
8	0.952885	0.307368	0.307368	-0.668812	0.0572142	0.095496	1.08932	1.08932	-0.838022	0.152627	0.223191
8	0.553038	-0.0901335	-0.0901335	-0.968974	-0.317835	-0.298638	-0.319435	-0.319435	-1.21412	-0.902097	-0.700422
8	0.68791	0.435879	0.435879	-0.983785	0.203271	0.212851	1.54476	1.54476	-1.23268	0.582057	0.533162
8	0.989031	-0.558042	-0.558042	-1.80716	-0.839687	-0.800424	-1.97771	-1.97771	-2.26437	-2.01046	-1.67592
8	1.56438	0.0475288	0.0475288	-1.50111	-0.825864	-0.752696	0.168443	0.168443	-1.88089	-1.07315	-0.807415
8	1.03242	-0.131927	-0.131927	-2.11662	-0.407808	-0.375539	-0.467551	-0.467551	-2.65212	-0.8914	-0.847688
8	1.81637	-0.0982612	-0.0982612	-1.7747	-1.01939	-0.99418	-0.34824	-0.34824	-2.2237	-1.51448	-1.18602
8	0.662323	-0.21321	-0.21321	-1.74877	-0.438462	-0.418286	-0.755622	-0.755622	-2.1912	-1.28528	-0.990907
8	0.658927	0.117041	0.117041	-1.19287	-0.116952	-0.0747595	0.414796	0.414796	-1.49466	-0.327088	-0.193578
8	0.526657	0.308075	0.308075	-1.35478	0.0779977	0.0740071	1.09182	1.09182	-1.69755	0.244209	0.168746
8	0.375319	0.136332	0.136332	-0.551926	-0.0895243	-0.065428	0.483163	0.483163	-0.691563	-0.254106	-0.163721
8	1.14189	-0.257522	-0.257522	-2.62174	-0.561353	-0.564199	-0.912663	-0.912663	-3.28504	-1.30918	-1.04367
8	1.09507	-0.322067	-0.322067	-1.74848	-0.569936	-0.548979	-1.14141	-1.14141	-2.19085	-1.57952	-1.28432
8	0.759582	0.133355	0.133355	-0.790343	-0.0782312	-0.11149	0.472613	0.472613	-0.9903	-0.219071	-0.235633
8	0.938102	0.103073	0.103073	-0.94417	-0.13867	-0.133076	0.365291	0.365291	-1.18305	-0.375566	-0.289091
8	2.70847	-0.195186	-0.595801	-2.64835	-2.698	-2.39526	-0.691743	-1.97516	-3.31838	-3.02256	-2.50822
8	1.04613	0.629312	0.629312	-1.26427	0.401695	0.424688	2.23029	2.23029	-1.58413	1.1161	1.01984
8	0.381638	0.0380565	0.0380565	-0.830366	-0.185397	-0.159554	0.134873	0.134873	-1.04045	-0.579091	-0.380373
8	1.2953	0.168611	0.168611	-1.63308	-0.270167	-0.296361	0.597562	0.597562	-2.04624	-0.507195	-0.432072
8	1.40004	-0.556014	-0.556014	-2.24439	-1.03357	-0.999068	-1.97053	-1.97053	-2.81222	-1.49786	-1.42051
8	0.647743	0.383291	0.383291	-0.692374	0.14638	0.196637	1.35839	1.35839	-0.867544	0.409945	0.525588
8	1.67306	-0.0719019	-0.0719019	-1.75438	-0.915646	-0.693971	-0.254822	-0.254822	-2.19824	-0.920359	-0.710164
8	1.3916	0.319323	0.319323	-0.669694	-0.0188133	-0.0154074	1.13169	1.13169	-0.839126	-0.0366049	-0.0258706
8	2.01006	0.213024	0.213024	-2.28044	-0.765646	-0.665143	0.754962	0.754962	-2.85739	-0.92003	-0.740267
8	1.24608	0.143273	0.143273	-1.78554	-0.187665	-0.15724	0.507763	0.507763	-2.23728	-0.39804	-0.279233
8	1.18885	-0.169034	-0.169034	-2.29617	-0.555539	-0.489991	-0.59906	-0.59906	-2.8771	-1.14677	-0.990623
8	0.970086	0.0820387	0.0820387	-1.38929	-0.162877	-0.150356	0.290747	0.290747	-1.74079	-0.44422	-0.321594
8	2.47197	0.407009	-0.148258	-2.33604	-2.29209	-2.00502	1.44245	-0.455034	-2.92706	-2.74395	-1.9878
8	0.796923	-0.382664	-0.382664	-1.43584	-0.631492	-0.607585	-1.35617	-1.35617	-1.79911	-1.71571	-1.39905
8	0.669891	-0.0486166	-0.0486166	-1.22002	-0.274744	-0.258402	-0.172298	-0.172298	-1.52869	-0.782041	-0.634694
8	1.36669	0.291048	0.291048	-2.01737	-0.13188	-0.0677846	1.03148	1.03148	-2.52777	-0.226854	-0.107133
8	0.732057	-0.657947	-0.657947	-2.15333	-0.901794	-0.867813	-2.33178	-2.33178	-2.69812	-2.31621	-2.17684
8	0.956086	0.392511	0.392511	-1.19996	0.161601	0.138495	1.39107	1.39107	-1.50355	0.437342	0.281614
8	1.51128	-0.392362	-0.392362	-2.28655	-0.8977	-0.783523	-1.39054	-1.39054	-2.86504	-1.3441	-1.06384
8	0.236117	-0.536049	-0.536049	-1.18689	-0.765425	-0.741674	-1.89977	-1.89977	-1.48718	-2.1476	-1.86424
8	0.429532	0.150369	0.150369	-0.831602	-0.0833844	-0.0626953	0.532912	0.532912	-1.042	-0.230351	-0.159588
8	0.389721	-0.243079	-0.243079	-1.21378	-0.450591	-0.434499	-0.861478	-0.861478	-1.52087	-1.40182	-1.15142
8	0.930984	-0.37972	-0.37972	-2.04442	-0.63454	-0.617334	-1.34574	-1.34574	-2.56166	-1.7139	-1.46185
8	0.623748	-0.17783	-0.17783	-1.5905	-0.389634	-0.394758	-0.630234	-0.630234	-1.99289	-1.09802	-0.887013
8	0.566959	-0.0512719	-0.0512719	-0.783026	-0.287909	-0.248914	-0.181709	-0.181709	-0.981132	-0.82033	-0.666486
8	0.774268	-0.0266885	-0.0266885	-1.83446	-0.254761	-0.239434	-0.0945847	-0.0945847	-2.29858	-0.708776	-0.56412
8	0.624014	0.122149	0.122149	-1.25669	-0.0877317	-0.114606	0.432897	0.432897	-1.57463	-0.259563	-0.218272
8	1.00871	-0.654221	-0.654221	-1.80783	-0.933398	-0.88438	-2.31857	-2.31857	-2.26521	-2.04204	-1.81796
8	0.970048	0.102498	0.102498	-1.24156	-0.104062	-0.108646	0.363254	0.363254	-1.55568	-0.323324	-0.245929
8	0.513864	-0.054075	-0.054075	-1.31795	-0.299899	-0.220461	-0.191643	-0.191643	-1.65139	-0.810739	-0.623557
8	0.358187	-0.34094	-0.34094	-1.01473	-0.592487	-0.563617	-1.2083	-1.2083	-1.27146	-1.70951	-1.41048
8	0.800853	-0.0679695	-0.0679695	-0.946877	-0.310686	-0.30015	-0.240885	-0.240885	-1.18644	-0.985013	-0.633028
8	1.15085	0.425567	0.425567	-1.32174	0.0810101	0.135691	1.50822	1.50822	-1.65614	0.165056	0.262901
8	1.05704	0.640518	0.640518	-1.20627	0.389325	0.396647	2.27001	2.27001	-1.51146	1.05262	0.892178
8	0.999629	0.632477	0.632477	-1.15727	0.397701	0.387899	2.24151	2.24151	-1.45006	1.15772	0.829915
8	1.20397	0.497529	0.497529	-1.57008	0.00342629	0.127724	1.76325	1.76325	-1.96731	0.00501036	0.210402
8	0.534502	0.45077	0.45077	-0.456048	0.20944	0.245613	1.59754	1.59754	-0.571428	0.577155	0.651473
8	1.61167	0.596694	0.596694	-1.20351	-0.403069	-0.288063	2.1147	2.1147	-1.508	-0.503488	-0.309126
8	0.892438	0.109904	0.109904	-1.16485	-0.124389	-0.119946	0.3895	0.3895	-1.45955	-0.350925	-0.285626
8	0.884505	-0.183557	-0.183557	-1.57398	-0.421087	-0.405173	-0.650529	-0.650529	-1.9722	-1.05777	-0.993029
8	0.782237	0.520698	0.520698	-0.367866	0.260289	0.32381	1.84536	1.84536	-0.460936	0.668193	0.83594
8	1.34342	0.279087	0.279087	-2.07237	-0.111904	-0.0431334	0.989088	0.989088	-2.59668	-0.196772	-0.0692594
8	0.5408	0.487237	0.487237	-0.176701	0.274639	0.269802	1.72678	1.72678	-0.221407	0.839046	0.645584
8	2.19517	0.279862	-0.0943743	-1.59274	-0.851664	-0.770742	0.991835	-0.312863	-1.9957	-0.801591	-0.650471
8	1.33205	0.130315	0.130315	-1.24692	-0.257884	-0.242739	0.461837	0.461837	-1.56239	-0.452574	-0.344171
8	1.41052	-0.638045	-0.638045	-2.43255	-1.06785	-1.02247	-2.26124	-2.26124	-3.04799	-1.75133	-1.44835
8	0.961638	0.14057	0.14057	-1.49578	-0.131417	-0.138673	0.498181	0.498181	-1.87421	-0.335051	-0.275526
8	1.08233	-0.200032	-0.200032	-1.99296	-0.522566	-0.487845	-0.708916	-0.708916	-2.49718	-0.932862	-0.887975
8	1.13656	-0.281856	-0.281856	-1.70552	-0.598028	-0.541815	-0.998904	-0.998904	-2.13702	-1.45045	-1.15308
8	0.854503	-0.35291	-0.35291	-1.40424	-0.61693	-0.570767	-1.25072	-1.25072	-1.75951	-1.44	-1.33732
8	0.629806	0.111419	0.111419	-0.920577	-0.105169	-0.0973858	0.394872	0.394872	-1.15348	-0.296042	-0.242864
8	1.23217	-0.471765	-0.471765	-2.4472	-0.891341	-0.771568	-1.67194	-1.67194	-3.06634	-1.39122	-1.36305
8	0.916009	-0.174637	-0.174637	-1.77398	-0.401006	-0.397045	-0.618915	-0.618915	-2.2228	-1.08454	-0.954811
8	1.09665	0.838996	0.838996	-0.476062	0.561143	0.565746	2.97342	2.97342	-0.596506	1.49086	1.1943
8	1.45415	0.140916	0.140916	-1.69144	-0.396697	-0.291823	0.499409	0.499409	-2.11937	-0.54905	-0.386693
8	0.29197	0.487984	0.487984	-0.394904	0.261659	0.314299	1.72943	1.72943	-0.494814	0.703615	0.837827
8	1.22865	0.234642	0.234642	-0.897027	-0.175205	-0.126299	0.831575	0.831575	-1.12397	-0.385906	-0.234531
8	1.42237	0.382379	0.382379	-1.84366	-0.0151762	0.0111876	1.35516	1.35516	-2.31011	-0.0260549	0.0151172
8	1.41926	-0.263023	-0.263023	-1.59599	-0.897469	-0.804392	-0.932159	-0.932159	-1.99977	-1.34532	-1.17217
8	0.745982	0.392507	0.392507	-0.968088	0.145938	0.177984	1.39105	1.39105	-1.21301	0.419601	0.463547
8	0.394517	-0.157573	-0.157573	-1.34883	-0.384716	-0.361166	-0.558441	-0.558441	-1.69008	-1.09304	-0.933416
8	0.418602	0.534625	0.534625	-0.827124	0.283608	0.335116	1.89472	1.89472	-1.03639	0.746586	0.874053
8	0.167817	0.0946428	0.0946428	-0.412859	-0.122984	-0.0867009	0.335416	0.335416	-0.517313	-0.38611	-0.222277
8	0.533816	0.267368	0.267368	-0.366892	0.0374938	0.0763881	0.947557	0.947557	-0.459716	0.126168	0.201279
8	2.00299	0.05088	0.05088	-1.21298	-0.973752	-0.768446	0.18032	0.18032	-1.51987	-0.890161	-0.763781
8	0.404415	-0.16074	-0.16074	-0.844607	-0.352316	-0.385651	-0.569664	-0.569664	-1.05829	-1.06756	-0.968796
8	0.756019	0.168818	0.168818	-1.37864	-0.0437492	-0.0236823	0.598293	0.598293	-1.72743	-0.127064	-0.0593176
8	1.10121	0.221643	0.221643	-1.56258	-0.0642463	-0.036819	0.785506	0.785506	-1.95791	-0.14369	-0.0777299
8	0.556437	0.0185769	0.0185769	-1.22971	-0.225198	-0.192446	0.0658369	0.0658369	-1.54083	-0.646166	-0.492966
8	1.18968	-0.368512	-0.368512	-2.08772	-0.694334	-0.676636	-1.30601	-1.30601	-2.61591	-1.40861	-1.2974
8	1.98997	-0.111484	-0.111484	-1.93789	-1.32982	-1.25183	-0.3951	-0.3951	-2.42818	-1.6533	-1.47846
8	1.12539	0.667482	0.667482	-0.936079	0.410847	0.399289	2.36557	2.36557	-1.17291	1.00542	0.775286
8	1.10576	-0.439703	-0.439703	-1.25054	-0.717911	-0.706111	-1.55832	-1.55832	-1.56692	-1.80509	-1.40133
8	1.00167	-0.390395	-0.390395	-1.53172	-0.651004	-0.611455	-1.38357	-1.38357	-1.91925	-1.49631	-1.48221
8	1.09366	-0.628931	-0.628931	-1.86849	-0.908906	-0.882348	-2.22894	-2.22894	-2.34122	-2.45935	-2.02934
8	1.47783	-0.285228	-0.285228	-1.56497	-0.899042	-0.885446	-1.01085	-1.01085	-1.96091	-1.43502	-1.21311
8	1.07525	0.0206889	0.0206889	-1.75496	-0.307938	-0.229051	0.0733219	0.0733219	-2.19897	-0.647898	-0.494124
8	0.298746	-0.158785	-0.158785	-1.05975	-0.366813	-0.360775	-0.562736	-0.562736	-1.32786	-1.05732	-1.00838
8	1.32228	-0.419145	-0.419145	-2.62945	-0.764764	-0.759645	-1.48546	-1.48546	-3.29471	-1.29056	-1.20663
8	1.76011	0.193594	0.193594	-1.40607	-0.444835	-0.406001	0.6861	0.6861	-1.76181	-0.554527	-0.429697
8	1.04672	0.0107753	0.0107753	-1.66077	-0.276099	-0.204231	0.0381879	0.0381879	-2.08094	-0.593412	-0.463097
8	0.928009	0.723327	0.723327	-0.203711	0.486564	0.514813	2.56348	2.56348	-0.25525	1.38995	1.37364
8	0.915103	0.0505124	0.0505124	-1.5435	-0.239368	-0.187836	0.179017	0.179017	-1.93401	-0.508897	-0.450676
8	1.18702	0.121535	0.121535	-0.880909	-0.191523	-0.120175	0.430724	0.430724	-1.10378	-0.398993	-0.257898
8	1.32625	-0.105217	-0.105217	-1.73317	-0.433731	-0.393058	-0.37289	-0.37289	-2.17166	-0.912656	-0.717972
8	0.454733	-0.511355	-0.511355	-1.60847	-0.738512	-0.698473	-1.81225	-1.81225	-2.01541	-1.89248	-1.81875
8	1.42009	0.640642	0.640642	-1.47417	0.0102385	0.0750142	2.27045	2.27045	-1.84714	0.0142019	0.105629
8	1.58155	0.285213	0.285213	-1.41377	-0.248318	-0.20419	1.0108	1.0108	-1.77146	-0.406871	-0.293291
8	0.397877	-0.161739	-0.161739	-1.28442	-0.393277	-0.361518	-0.573208	-0.573208	-1.60937	-1.16217	-0.841416
8	1.28723	0.0298507	0.0298507	-1.82571	-0.361993	-0.318431	0.105791	0.105791	-2.28762	-0.672643	-0.434896
8	1.27954	0.253578	0.253578	-1.56001	-0.280621	-0.166939	0.898686	0.898686	-1.95469	-0.435929	-0.246853
8	0.57182	-0.260134	-0.260134	-1.2819	-0.513285	-0.475535	-0.92192	-0.92192	-1.60622	-1.31919	-0.986708
8	0.669606	-0.289508	-0.289508	-1.51568	-0.533579	-0.532553	-1.02602	-1.02602	-1.89915	-1.48616	-1.08182
8	0.844026	-0.642593	-0.642593	-1.81409	-0.874211	-0.861995	-2.27736	-2.27736	-2.27306	-2.71339	-2.10968
8	0.194157	-0.130441	-0.130441	-0.982889	-0.329754	-0.355402	-0.462285	-0.462285	-1.23156	-0.984577	-0.829126
8	0.970621	-0.200288	-0.200288	-1.54215	-0.414021	-0.422386	-0.709825	-0.709825	-1.93231	-1.24233	-0.961343
8	1.1937	0.297127	0.297127	-1.1079	0.030978	0.0355022	1.05302	1.05302	-1.38819	0.0701478	0.0721855
8	0.460608	0.581025	0.581025	-0.607836	0.335157	0.366032	2.05916	2.05916	-0.761618	0.955517	0.854575
8	0.615083	0.348746	0.348746	-0.768935	0.112719	0.180918	1.23596	1.23596	-0.963475	0.325385	0.503276
8	1.33589	-0.243494	-0.243494	-1.59137	-0.620287	-0.589011	-0.862948	-0.862948	-1.99398	-1.24818	-0.999448
8	1.34995	0.365258	0.365258	-1.14786	-0.066956	-0.00284578	1.29448	1.29448	-1.43827	-0.106414	-0.00471906
8	0.804808	0.190729	0.190729	-0.918461	-0.0431878	-0.0255637	0.675949	0.675949	-1.15083	-0.12163	-0.0634289
8	1.02337	-0.203182	-0.203182	-1.41446	-0.475182	-0.44642	-0.720081	-0.720081	-1.77232	-1.18376	-0.917942
8	2.1788	0.423303	0.17967	-1.78056	-0.960105	-0.6842	1.50019	0.595628	-2.23104	-0.716091	-0.526733
8	0.906549	0.165936	0.165936	-1.45842	-0.0816019	-0.0542366	0.58808	0.58808	-1.8274	-0.213761	-0.127861
8	0.775792	-0.0801089	-0.0801089	-1.74402	-0.30404	-0.30615	-0.283908	-0.283908	-2.18526	-0.850607	-0.68965
8	1.33789	-0.180989	-0.180989	-1.65304	-0.623887	-0.544582	-0.641427	-0.641427	-2.07126	-1.2171	-0.988627
8	1.02947	-0.510693	-0.510693	-1.61576	-0.800982	-0.765932	-1.8099	-1.8099	-2.02455	-1.89747	-1.56501
8	0.490355	-0.237424	-0.237424	-1.02766	-0.448516	-0.429249	-0.841434	-0.841434	-1.28765	-1.32211	-1.04968
8	0.280333	0.115619	0.115619	-0.558663	-0.116209	-0.0702737	0.409756	0.409756	-0.700005	-0.336797	-0.188279
8	0.80465	-0.47127	-0.47127	-1.67811	-0.698721	-0.696716	-1.67019	-1.67019	-2.10267	-1.87335	-1.54033
8	1.19169	0.563902	0.563902	-1.15704	0.226469	0.284583	1.99848	1.99848	-1.44977	0.437863	0.516367
8	1.69842	-0.386589	-0.386589	-2.90552	-1.68455	-1.42762	-1.37008	-1.37008	-3.64062	-1.74151	-1.33895
8	0.605981	0.0398433	0.0398433	-0.576991	-0.19641	-0.172516	0.141206	0.141206	-0.72297	-0.552231	-0.420743
8	2.17439	0.0193729	-0.365561	-1.96829	-0.890897	-0.783805	0.0686579	-1.21188	-2.46627	-0.91005	-0.817318
8	0.504389	-0.366357	-0.366357	-1.48872	-0.564218	-0.586248	-1.29838	-1.29838	-1.86536	-1.7701	-1.44284
8	0.686938	0.194956	0.194956	-1.06221	-0.058284	-0.0250618	0.690928	0.690928	-1.33094	-0.133077	-0.0561662
8	1.0688	0.156473	0.156473	-1.68928	-0.113808	-0.105641	0.554543	0.554543	-2.11666	-0.288763	-0.229498
8	0.134029	0.50855	0.50855	0.0835521	0.284676	0.299879	1.80231	1.80231	0.104691	0.889252	0.793948
8	0.554438	-0.0943624	-0.0943624	-1.02698	-0.335455	-0.304282	-0.334422	-0.334422	-1.28681	-0.888234	-0.755664
8	2.11007	0.170252	-0.0325828	-1.90801	-1.91822	-1.72547	0.603376	-0.108016	-2.39074	-2.16688	-1.81953
8	1.89856	0.45093	0.45093	-0.6699	-0.370201	-0.358928	1.59811	1.59811	-0.839384	-0.496833	-0.418934
8	0.445623	-0.396661	-0.396661	-1.15749	-0.618932	-0.628816	-1.40577	-1.40577	-1.45033	-1.81281	-1.32521
8	0.841724	-0.663727	-0.663727	-1.96249	-0.897658	-0.866014	-2.35226	-2.35226	-2.459	-2.45282	-2.15396
8	0.855719	0.448722	0.448722	-0.693395	0.205647	0.242177	1.59028	1.59028	-0.868824	0.548448	0.553156
8	1.91957	-0.337749	-0.337749	-3.02463	-1.04373	-0.9576	-1.19699	-1.19699	-3.78987	-1.2145	-1.01723
8	0.512515	-0.277712	-0.277712	-1.2846	-0.499216	-0.508491	-0.984217	-0.984217	-1.6096	-1.49756	-1.21189
8	0.619053	0.187847	0.187847	-0.85792	-0.0411589	-0.0313372	0.665734	0.665734	-1.07497	-0.102889	-0.0737789
8	0.660538	-0.0738756	-0.0738756	-1.14839	-0.32489	-0.289158	-0.261817	-0.261817	-1.43894	-0.827594	-0.695245
8	1.69234	-0.0666157	-0.0666157	-1.99688	-1.25701	-1.13422	-0.236087	-0.236087	-2.50209	-1.4569	-1.09891
8	0.641315	-0.0595054	-0.0595054	-1.37121	-0.248616	-0.304449	-0.210888	-0.210888	-1.71813	-0.741584	-0.704159
8	0.772943	0.318603	0.318603	-1.14352	0.0507625	0.0854942	1.12913	1.12913	-1.43283	0.129672	0.192908
8	0.72137	0.161549	0.161549	-1.29242	-0.0555714	-0.0489948	0.572532	0.572532	-1.6194	-0.164037	-0.109166
8	0.565698	0.315845	0.315845	-0.880828	0.0723102	0.116511	1.11936	1.11936	-1.10368	0.204264	0.294321
8	1.62088	-0.393506	-0.393506	-2.63134	-1.00725	-0.956077	-1.39459	-1.39459	-3.29707	-1.67323	-1.44646
8	1.82743	0.179672	0.179672	-1.69383	-0.403089	-0.344313	0.636762	0.636762	-2.12237	-0.550012	-0.387888
8	1.00032	0.235551	0.235551	-1.12942	-0.0329544	0.0171089	0.834797	0.834797	-1.41516	-0.0753665	0.0421367
8	0.829165	0.147937	0.147937	-1.53485	-0.106211	-0.0614105	0.524292	0.524292	-1.92317	-0.265525	-0.151676
8	0.920142	0.41229	0.41229	-0.876208	0.127199	0.215436	1.46116	1.46116	-1.09789	0.266177	0.551838
8	0.989299	0.544467	0.544467	-0.573978	0.30774	0.338045	1.9296	1.9296	-0.719194	0.939109	0.813879
8	0.928518	0.659073	0.659073	-0.849479	0.394146	0.445476	2.33577	2.33577	-1.0644	1.00228	1.02978
8	0.504992	-0.382645	-0.382645	-1.23199	-0.631253	-0.561719	-1.3561	-1.3561	-1.54369	-1.69486	-1.53744
8	1.33106	1.01276	1.01276	-0.293829	0.460205	0.549411	3.58923	3.58923	-0.368168	0.725397	0.832185
8	1.05554	-0.253345	-0.253345	-1.79046	-0.52282	-0.524072	-0.89786	-0.89786	-2.24345	-1.21292	-0.991355
8	0.637506	0.418903	0.418903	-0.668697	0.184592	0.200401	1.4846	1.4846	-0.837877	0.526731	0.488891
8	0.872074	-0.0171401	-0.0171401	-1.52051	-0.260347	-0.235974	-0.060745	-0.060745	-1.9052	-0.734097	-0.549082
8	0.425336	0.807603	0.807603	-0.286451	0.596202	0.605802	2.86216	2.86216	-0.358924	1.74741	1.60628
8	0.506961	0.0233456	0.0233456	-0.784531	-0.216023	-0.164553	0.0827372	0.0827372	-0.983017	-0.588995	-0.422466
8	0.671691	-0.0218898	-0.0218898	-1.21359	-0.289862	-0.250804	-0.0775778	-0.0775778	-1.52062	-0.763333	-0.512236
8	0.758681	0.598264	0.598264	-1.04525	0.370049	0.374735	2.12026	2.12026	-1.3097	1.03539	0.852126
8	0.839242	0.0599232	0.0599232	-1.39692	-0.195607	-0.165482	0.212369	0.212369	-1.75034	-0.500784	-0.396895
8	1.19479	0.342628	0.342628	-0.835396	-0.0532012	0.00803903	1.21428	1.21428	-1.04675	-0.106828	0.0147414
8	1.43128	0.30237	0.30237	-1.26703	-0.382357	-0.285127	1.07161	1.07161	-1.58759	-0.535102	-0.399698
8	1.17885	0.0651233	0.0651233	-1.13625	-0.315208	-0.28843	0.230798	0.230798	-1.42372	-0.583154	-0.511225
8	1.31484	0.407168	0.407168	-1.32782	0.0638486	0.00805634	1.44301	1.44301	-1.66376	0.126442	0.0106379
8	0.45635	0.295722	0.295722	-0.411537	0.0655312	0.0808707	1.04804	1.04804	-0.515655	0.184514	0.190854
8	1.22174	0.529493	0.529493	-0.503496	0.18593	0.205223	1.87653	1.87653	-0.630881	0.428204	0.399823
8	0.971363	-0.555054	-0.555054	-1.81794	-0.789913	-0.767391	-1.96712	-1.96712	-2.27788	-2.04499	-1.90031
8	0.889107	-0.475287	-0.475287	-1.7566	-0.711865	-0.710896	-1.68443	-1.68443	-2.20102	-1.88899	-1.63261
8	1.77426	-0.0112062	-0.0112062	-2.92997	-0.717774	-0.520803	-0.0397152	-0.0397152	-3.67125	-0.750022	-0.598972
8	0.113091	-0.310981	-0.310981	-0.763903	-0.514321	-0.50276	-1.10212	-1.10212	-0.957171	-1.63798	-1.41144
8	0.54696	0.446513	0.446513	-0.869063	0.209827	0.202979	1.58245	1.58245	-1.08894	0.571182	0.405833
8	0.620767	-0.157384	-0.157384	-0.911893	-0.395439	-0.38678	-0.557771	-0.557771	-1.1426	-1.09078	-0.920683
8	1.84876	-0.250828	-0.250828	-2.93666	-1.36314	-1.31395	-0.88894	-0.88894	-3.67963	-1.66831	-1.42612
8	0.622996	-0.153881	-0.153881	-1.70627	-0.385485	-0.384251	-0.545357	-0.545357	-2.13796	-0.977547	-0.835906
8	0.939626	-0.051229	-0.051229	-1.63139	-0.318152	-0.253735	-0.181557	-0.181557	-2.04414	-0.806205	-0.609766
8	2.22707	-0.0444839	-0.276521	-2.81799	-1.25326	-1.01	-0.157652	-0.916701	-3.53094	-1.02349	-0.831705
8	0.538405	-0.297748	-0.297748	-1.29856	-0.523234	-0.554706	-1.05523	-1.05523	-1.62709	-1.45651	-1.21446
8	1.07101	-0.504862	-0.504862	-2.37577	-0.785959	-0.768703	-1.78924	-1.78924	-2.97685	-1.79977	-1.57669
8	0.845165	-0.837247	-0.837247	-1.94686	-1.10191	-1.08154	-2.96722	-2.96722	-2.43941	-3.12016	-2.34438
8	1.28858	0.176743	0.176743	-1.15404	-0.1512	-0.133863	0.626381	0.626381	-1.44601	-0.339843	-0.237176
8	1.13004	0.28757	0.28757	-1.603	-0.0310532	-0.0234475	1.01915	1.01915	-2.00856	-0.0689305	-0.0427292
8	1.09074	0.419263	0.419263	-1.28327	0.145689	0.167934	1.48588	1.48588	-1.60794	0.351057	0.344851
8	0.753173	0.125681	0.125681	-1.60216	-0.121352	-0.0962935	0.445415	0.445415	-2.0075	-0.309414	-0.223775
8	0.478147	-0.20328	-0.20328	-0.873073	-0.411933	-0.385865	-0.720428	-0.720428	-1.09396	-1.23199	-1.0401
8	0.317321	-0.145304	-0.145304	-1.14962	-0.348219	-0.350459	-0.514959	-0.514959	-1.44047	-1.10754	-0.889702
8	0.40993	0.0112972	0.0112972	-0.711406	-0.228467	-0.194174	0.0400376	0.0400376	-0.891391	-0.65651	-0.51513
8	0.287764	0.173507	0.173507	-0.575518	-0.0104672	-0.045757	0.614914	0.614914	-0.721123	-0.0332791	-0.10312
8	1.34642	-0.269198	-0.269198	-1.99457	-0.826508	-0.793616	-0.954044	-0.954044	-2.4992	-1.18096	-1.00435
8	1.23777	-0.204936	-0.204936	-2.28703	-0.634664	-0.541104	-0.726296	-0.726296	-2.86565	-1.05439	-0.957201
8	0.947375	-0.234608	-0.234608	-1.52219	-0.474437	-0.451614	-0.831456	-0.831456	-1.90731	-1.36822	-1.04057
8	1.70225	0.0907347	0.0907347	-1.67793	-0.595393	-0.660843	0.321565	0.321565	-2.10244	-0.748543	-0.543363
8	0.315508	0.135764	0.135764	-0.852937	-0.0663897	-0.0899953	0.48115	0.48115	-1.06873	-0.223006	-0.21565
8	1.18468	-0.35683	-0.35683	-1.78378	-0.703075	-0.646458	-1.26461	-1.26461	-2.23507	-1.44542	-1.12455
8	1.00796	0.250738	0.250738	-1.93549	-0.0418944	0.000386796	0.888621	0.888621	-2.42517	-0.0978601	0.000830632
8	0.643534	-0.247593	-0.247593	-0.971448	-0.477057	-0.481159	-0.877474	-0.877474	-1.21722	-1.38149	-1.1427
8	0.649193	0.0332151	0.0332151	-1.3443	-0.195016	-0.166733	0.117715	0.117715	-1.68441	-0.608105	-0.425559
8	0.596908	0.674533	0.674533	-0.540105	0.448627	0.438472	2.39056	2.39056	-0.676752	1.34545	0.925617
8	0.553678	-0.168759	-0.168759	-1.42145	-0.358412	-0.365051	-0.598084	-0.598084	-1.78107	-1.11183	-0.997014
8	0.267149	0.332556	0.332556	-0.440733	0.11857	0.170831	1.17859	1.17859	-0.552239	0.36759	0.483183
8	0.408869	-0.0344486	-0.0344486	-0.872603	-0.255175	-0.232533	-0.122087	-0.122087	-1.09337	-0.748298	-0.564935
8	2.71345	0.222065	-0.37399	-1.92066	-1.80859	-1.6105	0.787004	-1.14785	-2.40658	-2.00194	-1.89817
8	0.439472	0.0784906	0.0784906	-0.758678	-0.155634	-0.109839	0.278172	0.278172	-0.950624	-0.484986	-0.27874
8	1.01154	0.269818	0.269818	-0.774525	0.0313006	0.0365628	0.95624	0.95624	-0.97048	0.0869852	0.0835592
8	2.74052	-0.00948645	-1.54812	-3.28309	-2.04234	-1.54998	-0.0336202	-3.35983	-4.11371	-1.41211	-1.10401
8	0.974291	0.105767	0.105767	-1.50072	-0.13335	-0.126742	0.374841	0.374841	-1.88041	-0.35147	-0.29834
8	1.40889	-0.104306	-0.104306	-0.966172	-0.562763	-0.621463	-0.369663	-0.369663	-1.21061	-1.11589	-0.949872
8	0.68737	0.445448	0.445448	-0.472679	0.185886	0.243962	1.57868	1.57868	-0.592267	0.499701	0.558016
8	0.885743	0.612892	0.612892	-0.747711	0.375488	0.360723	2.1721	2.1721	-0.936882	1.07691	0.701085
8	0.676143	-0.0958395	-0.0958395	-1.37524	-0.329802	-0.311213	-0.339657	-0.339657	-1.72318	-0.930321	-0.746291
8	1.40707	-0.00975879	-0.00975879	-1.12838	-0.612631	-0.605693	-0.0345853	-0.0345853	-1.41386	-0.9706	-0.843414
8	0.763274	-0.00228709	-0.00228709	-1.23392	-0.221263	-0.233385	-0.00810548	-0.00810548	-1.5461	-0.673829	-0.511947
8	2.1395	0.0356126	-0.2226	-1.97557	-1.53094	-1.09422	0.126212	-0.737949	-2.47538	-1.29532	-0.868513
8	0.435689	-0.103566	-0.103566	-1.01857	-0.341219	-0.327444	-0.367039	-0.367039	-1.27627	-0.97187	-0.746819
8	2.26393	-0.550819	-0.918127	-2.66753	-1.50892	-1.29172	-1.95211	-3.04371	-3.34241	-1.33159	-1.24464
8	1.58421	0.340377	0.340377	-0.645694	-0.0549095	-0.0944957	1.2063	1.2063	-0.809054	-0.104288	-0.129763
8	0.420925	0.171123	0.171123	-0.511324	-0.0629078	-0.0273325	0.606465	0.606465	-0.640689	-0.171105	-0.0686096
8	0.443101	-0.385967	-0.385967	-1.46253	-0.621663	-0.580896	-1.36788	-1.36788	-1.83255	-1.76965	-1.5636
8	1.26749	0.149572	0.149572	-0.977493	-0.219284	-0.229636	0.530085	0.530085	-1.2248	-0.421218	-0.374832
8	1.07192	0.0590758	0.0590758	-2.09489	-0.17226	-0.177206	0.209366	0.209366	-2.6249	-0.487516	-0.40365
8	0.432441	-0.25414	-0.25414	-1.1234	-0.486506	-0.473254	-0.900675	-0.900675	-1.40762	-1.38723	-1.0835
8	0.421092	-0.648377	-0.648377	-1.24138	-0.867743	-0.856361	-2.29786	-2.29786	-1.55544	-2.37989	-2.0559
8	1.11181	-0.185309	-0.185309	-1.85477	-0.485442	-0.445326	-0.656737	-0.656737	-2.32402	-1.01109	-0.991239
8	0.10781	0.459448	0.459448	0.194003	0.253866	0.239631	1.62829	1.62829	0.243086	0.703887	0.591828
8	1.02125	0.00659908	0.00659908	-1.44322	-0.31044	-0.24947	0.0233873	0.0233873	-1.80835	-0.702369	-0.580752
8	1.52658	0.591757	0.591757	-0.857456	-0.0589216	-0.06048	2.0972	2.0972	-1.07439	-0.0969379	-0.0862508
8	0.828711	0.41462	0.41462	-0.749816	0.156823	0.191483	1.46942	1.46942	-0.939519	0.404728	0.455584
8	1.18099	-0.304101	-0.304101	-1.62395	-0.573225	-0.582823	-1.07774	-1.07774	-2.03481	-1.30191	-1.15964
8	0.206338	0.0793739	0.0793739	-0.637677	-0.136323	-0.116622	0.281303	0.281303	-0.799009	-0.373408	-0.318594
8	0.344874	-0.0627674	-0.0627674	-0.798631	-0.29565	-0.26161	-0.222449	-0.222449	-1.00068	-0.822191	-0.628179
8	0.504642	0.543295	0.543295	-0.674985	0.309896	0.333027	1.92545	1.92545	-0.845757	0.888523	0.793603
8	0.903431	0.615255	0.615255	-1.11845	0.383705	0.389839	2.18047	2.18047	-1.40141	1.10828	0.908471
8	0.928355	0.322668	0.322668	-1.16512	0.0891036	0.107828	1.14354	1.14354	-1.45989	0.259088	0.248138
8	0.434229	0.78379	0.78379	-0.0819217	0.539973	0.568116	2.77777	2.77777	-0.102648	1.49146	1.27837
8	0.388934	-0.104351	-0.104351	-1.04233	-0.331971	-0.332857	-0.369821	-0.369821	-1.30604	-0.937911	-0.849678
8	0.659118	0.241013	0.241013	-0.675093	-0.0383155	0.0258771	0.854155	0.854155	-0.845891	-0.0977867	0.0585762
8	1.4992	-0.262187	-0.262187	-2.42001	-0.767777	-0.678518	-0.929196	-0.929196	-3.03227	-1.10383	-0.903438
8	0.473877	0.475212	0.475212	-0.673051	0.210518	0.238137	1.68416	1.68416	-0.843332	0.536146	0.540656
8	0.596144	-0.840244	-0.840244	-2.10593	-1.10128	-1.0541	-2.97784	-2.97784	-2.63873	-2.79449	-2.47016
8	0.44687	0.179498	0.179498	-0.655919	-0.038471	-0.0197731	0.636146	0.636146	-0.821867	-0.113082	-0.0494863
8	0.468189	-0.606952	-0.606952	-1.6363	-0.834083	-0.828978	-2.15105	-2.15105	-2.05029	-2.56881	-2.14963
8	1.95062	0.39797	0.39797	-1.93243	-0.524762	-0.374993	1.41041	1.41041	-2.42134	-0.453246	-0.33992
8	0.873365	0.0568615	0.0568615	-0.995935	-0.214552	-0.230011	0.201518	0.201518	-1.24791	-0.520632	-0.335907
8	1.73519	0.0966903	0.0966903	-2.80809	-0.941812	-0.73319	0.342672	0.342672	-3.51853	-1.06372	-0.845051
8	1.14287	0.464314	0.464314	-0.856811	0.17916	0.17499	1.64554	1.64554	-1.07358	0.396949	0.32087
8	0.62456	0.370324	0.370324	-0.656849	0.148433	0.154721	1.31243	1.31243	-0.823032	0.405745	0.375572
8	0.198114	-0.144362	-0.144362	-0.749768	-0.379554	-0.334206	-0.511623	-0.511623	-0.939459	-1.14623	-0.867882
8	1.01108	0.468036	0.468036	-0.992181	0.217746	0.222318	1.65873	1.65873	-1.2432	0.567449	0.488368
8	0.902747	-0.139442	-0.139442	-1.70765	-0.377524	-0.400357	-0.494185	-0.494185	-2.13968	-0.989464	-0.84489
8	0.673511	-0.474462	-0.474462	-1.49201	-0.71581	-0.709792	-1.6815	-1.6815	-1.86949	-1.98371	-1.61656
8	0.468511	-0.128913	-0.128913	-0.995507	-0.360653	-0.341752	-0.45687	-0.45687	-1.24737	-0.88795	-0.801769
8	0.808161	0.0634079	0.0634079	-1.23702	-0.174514	-0.149584	0.224719	0.224719	-1.54999	-0.464737	-0.377022
8	1.78725	0.406288	0.406288	-1.94067	-0.662696	-0.521526	1.43989	1.43989	-2.43166	-0.64582	-0.467285
8	0.742328	0.0363515	0.0363515	-1.18956	-0.185459	-0.186592	0.128831	0.128831	-1.49052	-0.533225	-0.466487
8	1.40042	0.41398	0.41398	-2.10635	-0.0247519	0.0368644	1.46715	1.46715	-2.63925	-0.0457969	0.0630721
8	0.607678	0.349614	0.349614	-0.626251	0.0830446	0.130515	1.23904	1.23904	-0.784692	0.208006	0.313991
8	1.36255	-0.326049	-0.326049	-2.26048	-0.684643	-0.702174	-1.15552	-1.15552	-2.83239	-1.27689	-1.07507
8	0.677309	-0.719034	-0.719034	-1.45642	-0.937245	-0.922859	-2.54827	-2.54827	-1.82489	-2.68254	-2.23809
8	0.16203	-0.285964	-0.285964	-0.777309	-0.546249	-0.474083	-1.01346	-1.01346	-0.973969	-1.39194	-1.31443
8	0.382954	-0.103875	-0.103875	-0.719924	-0.342008	-0.318861	-0.368134	-0.368134	-0.902065	-0.893016	-0.819976
8	1.03093	-0.188016	-0.188016	-1.59372	-0.446485	-0.43397	-0.666333	-0.666333	-1.99693	-1.14437	-0.885419
8	0.499666	-0.0815872	-0.0815872	-1.19415	-0.295378	-0.29092	-0.289147	-0.289147	-1.49627	-0.878974	-0.737334
8	1.92086	-0.0240383	-0.0240383	-1.87268	-1.01897	-0.922037	-0.0851924	-0.0851924	-2.34647	-1.341	-1.19324
8	0.648639	0.304135	0.304135	-0.705883	0.0790994	0.0776484	1.07786	1.07786	-0.884471	0.232351	0.178766
8	0.601882	0.290346	0.290346	-0.729779	0.0458762	0.0934419	1.02899	1.02899	-0.914413	0.124563	0.244872
8	1.36201	0.28223	0.28223	-1.45105	-0.148917	-0.107333	1.00023	1.00023	-1.81816	-0.245406	-0.172826
8	0.995036	-0.0463107	-0.0463107	-1.36824	-0.294166	-0.292625	-0.164126	-0.164126	-1.7144	-0.758025	-0.676572
8	0.962774	-0.371688	-0.371688	-2.1166	-0.621365	-0.601174	-1.31727	-1.31727	-2.6521	-1.60415	-1.37079
8	0.192869	0.0772234	0.0772234	-0.471937	-0.145478	-0.119219	0.273681	0.273681	-0.591337	-0.410269	-0.314929
8	1.74651	0.976085	0.976085	-1.2339	0.216465	0.401946	3.45926	3.45926	-1.54608	0.235098	0.508665
8	1.07394	-0.0542818	-0.0542818	-1.63488	-0.386794	-0.375081	-0.192376	-0.192376	-2.0485	-0.823425	-0.666184
8	1.67275	-0.00796624	-0.00796624	-1.92906	-0.856921	-0.778824	-0.0282325	-0.0282325	-2.41711	-0.943215	-0.780824
8	0.794384	0.393552	0.393552	-0.626812	0.143875	0.189606	1.39475	1.39475	-0.785396	0.378036	0.46725
8	1.47362	0.48799	0.48799	-1.14277	-0.0392396	0.0753485	1.72945	1.72945	-1.43189	-0.0580873	0.109672
8	0.523501	0.10476	0.10476	-0.715044	-0.12696	-0.0915597	0.37127	0.37127	-0.89595	-0.349734	-0.2446
8	1.99436	0.223827	0.223827	-1.9767	-1.10483	-0.959388	0.793248	0.793248	-2.47681	-1.2261	-1.03458
8	0.805891	0.226057	0.226057	-1.0328	-0.0312314	0.00894177	0.801149	0.801149	-1.2941	-0.0802018	0.021402
8	0.636464	0.529317	0.529317	-0.39558	0.287338	0.307637	1.87591	1.87591	-0.495661	0.734317	0.742314
8	0.531758	0.14863	0.14863	-0.496125	-0.0768281	-0.102526	0.526749	0.526749	-0.621644	-0.224848	-0.227987
8	0.926008	-0.293786	-0.293786	-1.50521	-0.582065	-0.538502	-1.04118	-1.04118	-1.88603	-1.27716	-1.19492
8	1.79155	0.0556385	0.0556385	-2.46664	-1.19721	-1.00281	0.197184	0.197184	-3.0907	-0.964825	-0.754892
8	0.684932	-0.363951	-0.363951	-1.58573	-0.636385	-0.577653	-1.28985	-1.28985	-1.98692	-1.31535	-1.31968
8	1.11663	-0.595324	-0.595324	-1.668	-0.914424	-0.894942	-2.10984	-2.10984	-2.09001	-2.05454	-1.64872
8	1.33703	0.507892	0.507892	-1.52623	0.172606	0.225435	1.79998	1.79998	-1.91236	0.375761	0.421679
8	1.19742	0.0666492	0.0666492	-1.29584	-0.243698	-0.237021	0.236206	0.236206	-1.62369	-0.593288	-0.421766
8	0.944456	0.494585	0.494585	-0.902608	0.213194	0.265311	1.75282	1.75282	-1.13097	0.53221	0.603317
8	1.0287	0.29148	0.29148	-1.19975	0.0438866	0.081538	1.03301	1.03301	-1.50329	0.129159	0.1823
8	1.79284	0.0468419	0.0468419	-2.08073	-1.11804	-1.10442	0.166008	0.166008	-2.60716	-1.39097	-1.15524
8	1.70659	0.280792	0.280792	-2.16554	-1.081	-0.994529	0.995132	0.995132	-2.71342	-1.08932	-0.861985
8	0.782373	0.307473	0.307473	-0.856391	0.0283799	0.094397	1.08969	1.08969	-1.07306	0.0698476	0.206189
8	0.748176	0.531527	0.531527	-1.03798	0.249825	0.321366	1.88374	1.88374	-1.30059	0.578035	0.786165
8	1.38226	0.296161	0.296161	-1.39517	-0.0262873	0.00314052	1.0496	1.0496	-1.74815	-0.056887	0.00620078
8	0.713882	-0.49182	-0.49182	-1.28429	-0.746333	-0.710144	-1.74302	-1.74302	-1.60921	-2.12565	-1.75283
8	0.602516	0.317395	0.317395	-0.690155	0.0595351	0.118294	1.12485	1.12485	-0.864764	0.160028	0.301155
8	0.868353	0.317933	0.317933	-1.00034	0.0837476	0.0953553	1.12676	1.12676	-1.25342	0.227945	0.21819
8	1.0762	0.0884873	0.0884873	-1.27265	-0.209374	-0.12263	0.313601	0.313601	-1.59463	-0.43121	-0.280071
8	0.824268	0.359626	0.359626	-1.15572	0.140757	0.115272	1.27452	1.27452	-1.44812	0.376492	0.230757
8	1.68808	0.584824	0.584824	-1.48163	0.078806	0.034181	2.07263	2.07263	-1.85648	0.114356	0.03985
8	1.07948	-0.793303	-0.793303	-2.1842	-1.07018	-1.01084	-2.81148	-2.81148	-2.7368	-2.61058	-2.4382
8	0.735787	0.263765	0.263765	-0.763578	0.0377131	0.0445806	0.934788	0.934788	-0.956763	0.113656	0.105308
8	0.96895	-0.734391	-0.734391	-2.30806	-0.977313	-1.00456	-2.60269	-2.60269	-2.89199	-2.62394	-2.12255
8	0.855296	0.13277	0.13277	-0.796862	-0.112318	-0.087403	0.47054	0.47054	-0.998468	-0.288121	-0.201617
8	0.718762	0.213723	0.213723	-1.04574	-0.0209326	-0.00667586	0.757439	0.757439	-1.31031	-0.0636693	-0.0159579
8	1.29563	0.663819	0.663819	-1.26351	0.371975	0.385333	2.35259	2.35259	-1.58318	0.839038	0.726553
8	1.4357	0.20759	0.20759	-1.26842	-0.652874	-0.505974	0.735703	0.735703	-1.58933	-0.829819	-0.596344
8	0.642009	0.0721982	0.0721982	-0.98067	-0.148469	-0.0950586	0.255872	0.255872	-1.22878	-0.451676	-0.268866
8	1.73897	0.238152	0.238152	-1.69357	-0.501743	-0.49506	0.844016	0.844016	-2.12204	-0.773933	-0.612236
8	1.68795	0.216093	0.216093	-2.14468	-0.318441	-0.176838	0.765839	0.765839	-2.68728	-0.409503	-0.238898
8	0.489827	-0.24002	-0.24002	-1.17402	-0.502929	-0.454756	-0.850637	-0.850637	-1.47104	-1.23662	-1.02153
8	0.282574	0.116551	0.116551	-0.712741	-0.108389	-0.0979341	0.41306	0.41306	-0.893064	-0.285296	-0.258224
8	1.68722	0.00809434	0.00809434	-2.05186	-0.846673	-0.73845	0.0286865	0.0286865	-2.57098	-0.775329	-0.691943
8	0.32563	0.170701	0.170701	-0.853799	-0.0798888	-0.0281201	0.604969	0.604969	-1.06981	-0.197561	-0.071346
8	0.691153	0.016534	0.016534	-1.02532	-0.232619	-0.20208	0.0585969	0.0585969	-1.28473	-0.646948	-0.494568
8	0.70003	-0.618572	-0.618572	-1.65098	-0.851515	-0.84069	-2.19223	-2.19223	-2.06868	-2.22066	-1.96968
8	0.361298	-0.25591	-0.25591	-0.971241	-0.505325	-0.451742	-0.906951	-0.906951	-1.21697	-1.28165	-1.2139
8	0.520027	-0.139904	-0.139904	-1.08557	-0.349876	-0.368043	-0.495821	-0.495821	-1.36022	-1.02204	-0.865155
8	1.81708	0.0854345	0.0854345	-1.46196	-0.864893	-0.777146	0.302781	0.302781	-1.83183	-1.08181	-0.959011
8	1.28209	0.19808	0.19808	-1.32352	-0.126257	-0.137205	0.702	0.702	-1.65837	-0.267733	-0.232648
8	1.1271	0.549725	0.549725	-0.749375	0.257859	0.297619	1.94824	1.94824	-0.938967	0.601085	0.631099
8	1.7352	0.695783	0.695783	-1.65535	0.102525	0.259391	2.46587	2.46587	-2.07416	0.128795	0.371211
8	0.649311	-0.094333	-0.094333	-1.24751	-0.327948	-0.307049	-0.334318	-0.334318	-1.56313	-0.915517	-0.744813
8	0.761036	0.0202196	0.0202196	-0.739707	-0.244889	-0.192501	0.0716587	0.0716587	-0.926853	-0.607364	-0.461254
8	0.782518	0.510443	0.510443	-0.3452	0.302246	0.278103	1.80902	1.80902	-0.432535	0.936508	0.617706
8	0.889137	-0.0757707	-0.0757707	-1.61487	-0.349172	-0.31292	-0.268533	-0.268533	-2.02344	-0.812523	-0.743276
8	1.03566	0.329541	0.329541	-1.45618	0.0497035	0.0986855	1.1679	1.1679	-1.82459	0.11584	0.215736
8	0.465889	0.138763	0.138763	-0.723077	-0.0820392	-0.0968692	0.49178	0.49178	-0.906015	-0.254545	-0.226637
8	1.54385	0.319644	0.319644	-1.36516	-0.399586	-0.338177	1.13282	1.13282	-1.71054	-0.626788	-0.462458
8	0.435617	0.671245	0.671245	-0.818613	0.442087	0.473075	2.37891	2.37891	-1.02572	1.28543	1.22954
8	1.3285	0.309032	0.309032	-1.78373	-0.177614	-0.0859942	1.09522	1.09522	-2.23501	-0.248192	-0.131058
8	0.575217	-0.123125	-0.123125	-1.21542	-0.350992	-0.322869	-0.436358	-0.436358	-1.52292	-1.09825	-0.828523
8	1.12553	0.0972502	0.0972502	-1.51349	-0.226074	-0.170363	0.344657	0.344657	-1.8964	-0.48432	-0.360813
8	0.69589	0.179738	0.179738	-0.89936	-0.0702354	-0.0312954	0.636996	0.636996	-1.1269	-0.187829	-0.0807673
8	0.99681	0.294237	0.294237	-1.09191	0.0551914	0.067725	1.04278	1.04278	-1.36816	0.15991	0.174256
8	0.383086	-0.156954	-0.156954	-1.3061	-0.390915	-0.379072	-0.556249	-0.556249	-1.63655	-1.05174	-0.875657
8	0.336061	0.41799	0.41799	-0.0684588	0.206555	0.222771	1.48136	1.48136	-0.0857789	0.673051	0.558784
8	0.745634	-0.1514	-0.1514	-1.74626	-0.397868	-0.346285	-0.536565	-0.536565	-2.18807	-1.09148	-0.952171
8	0.639439	0.775752	0.775752	-0.364991	0.510548	0.561481	2.74928	2.74928	-0.457334	1.33885	1.31647
8	0.459258	0.549842	0.549842	-0.618679	0.318853	0.338597	1.94865	1.94865	-0.775205	0.949679	0.945586
8	1.10888	0.188328	0.188328	-1.89773	-0.108498	-0.108545	0.667437	0.667437	-2.37786	-0.265275	-0.20375
8	0.969215	-0.711299	-0.711299	-1.81476	-1.01346	-0.959747	-2.52086	-2.52086	-2.27389	-2.47453	-2.15663
8	1.03378	0.481808	0.481808	-0.683524	0.204645	0.241605	1.70754	1.70754	-0.856455	0.500297	0.598074
8	0.578531	0.423908	0.423908	-1.27803	0.194058	0.227571	1.50234	1.50234	-1.60137	0.509553	0.604583
8	1.07914	-0.463249	-0.463249	-1.57259	-0.722983	-0.711174	-1.64176	-1.64176	-1.97045	-1.83277	-1.57919
8	0.776436	0.261431	0.261431	-0.862227	-0.0138761	0.0607412	0.926518	0.926518	-1.08037	-0.0340041	0.141177
8	0.526907	0.331513	0.331513	-0.82429	0.138114	0.093374	1.17489	1.17489	-1.03284	0.415375	0.206651
8	1.46705	0.0172423	0.0172423	-1.46809	-0.854853	-0.720616	0.061107	0.061107	-1.83952	-1.02496	-0.852271
8	0.517053	-0.462325	-0.462325	-1.50478	-0.683223	-0.653819	-1.63849	-1.63849	-1.88549	-1.99824	-1.54831
8	0.740397	0.466061	0.466061	-0.639709	0.198417	0.256821	1.65173	1.65173	-0.801555	0.510301	0.654811
8	0.299031	0.18202	0.18202	-0.799984	-0.0298404	-0.0161238	0.645081	0.645081	-1.00238	-0.0891405	-0.0415189
8	2.28172	0.0591916	-0.226269	-1.82874	-1.58583	-1.3469	0.209776	-0.750109	-2.29141	-1.36484	-1.08669
8	0.25273	-0.0338636	-0.0338636	-0.745333	-0.267345	-0.201807	-0.120013	-0.120013	-0.933902	-0.683138	-0.570797
8	1.38211	0.32022	0.32022	-1.21362	-0.0405567	-0.0746909	1.13487	1.13487	-1.52067	-0.0775884	-0.106402
8	0.39878	0.209891	0.209891	-0.773227	-0.0110954	0.00292353	0.743857	0.743857	-0.968854	-0.034145	0.00716871
8	0.530779	0.0214664	0.0214664	-1.32385	-0.200638	-0.196647	0.0760772	0.0760772	-1.65879	-0.584195	-0.464615
8	1.20058	-0.182623	-0.182623	-2.14797	-0.506919	-0.525967	-0.647221	-0.647221	-2.69141	-1.03386	-0.934657
8	1.24823	0.296946	0.296946	-1.63915	-0.0529447	0.0244511	1.05238	1.05238	-2.05386	-0.100854	0.0428061
8	0.26269	0.456089	0.456089	-0.149817	0.224661	0.262849	1.61639	1.61639	-0.187721	0.730215	0.678977
8	0.845571	-0.0096429	-0.0096429	-1.28351	-0.255148	-0.211348	-0.0341746	-0.0341746	-1.60824	-0.701495	-0.487452
8	0.444246	-0.12606	-0.12606	-0.96512	-0.349929	-0.314329	-0.446758	-0.446758	-1.20929	-1.04133	-0.802296
8	0.339942	-0.488937	-0.488937	-0.952556	-0.705992	-0.678359	-1.7328	-1.7328	-1.19355	-2.37593	-1.72541
8	0.735978	-0.0353685	-0.0353685	-1.32099	-0.268647	-0.253464	-0.125347	-0.125347	-1.65519	-0.750119	-0.598433
8	1.01379	0.0482584	0.0482584	-1.70742	-0.211929	-0.20729	0.171029	0.171029	-2.1394	-0.504914	-0.414705
8	0.904904	-0.235024	-0.235024	-1.6373	-0.479195	-0.442538	-0.832929	-0.832929	-2.05154	-1.25988	-1.03241
8	0.467303	0.0303817	0.0303817	-1.04184	-0.209814	-0.174457	0.107673	0.107673	-1.30542	-0.578517	-0.474553
8	1.14462	0.531871	0.531871	-1.2247	0.244827	0.240384	1.88496	1.88496	-1.53455	0.567776	0.45045
8	0.22975	-0.557834	-0.557834	-1.35761	-0.775087	-0.763159	-1.97697	-1.97697	-1.70109	-2.31735	-1.98902
8	1.42264	0.218902	0.218902	-1.00922	-0.41497	-0.324982	0.775792	0.775792	-1.26455	-0.688637	-0.476886
8	0.303189	0.182133	0.182133	-0.531101	-0.0400157	-0.0272493	0.645482	0.645482	-0.66547	-0.110413	-0.0705053
8	0.950637	-0.0665413	-0.0665413	-1.56254	-0.313931	-0.300199	-0.235824	-0.235824	-1.95786	-0.89467	-0.650657
8	1.2725	0.204079	0.204079	-1.53731	-0.238882	-0.192085	0.723258	0.723258	-1.92625	-0.487498	-0.317648
8	0.439623	-0.0749255	-0.0749255	-1.17194	-0.300939	-0.260599	-0.265537	-0.265537	-1.46844	-0.847713	-0.688247
8	2.76656	0.254711	-0.112705	-2.22143	-1.50831	-1.04388	0.902701	-0.373632	-2.78345	-1.10026	-0.771902
8	1.47216	0.448197	0.448197	-1.95383	-0.0290354	0.0863097	1.58842	1.58842	-2.44814	-0.0450361	0.133443
8	0.989301	0.229424	0.229424	-1.14184	-0.0260647	0.00224713	0.813083	0.813083	-1.43073	-0.0602628	0.00541574
8	0.564849	-0.403728	-0.403728	-1.56244	-0.651941	-0.621469	-1.43082	-1.43082	-1.95773	-1.70211	-1.51727
8	0.871572	0.257676	0.257676	-1.17877	-0.0122528	0.000782412	0.91321	0.91321	-1.477	-0.0317713	0.00175485
8	1.37426	-0.00678508	-0.00678508	-2.04202	-0.468786	-0.407052	-0.0240464	-0.0240464	-2.55865	-0.933381	-0.659276
8	0.295582	0.761957	0.761957	0.16045	0.544779	0.56086	2.70039	2.70039	0.201044	1.67421	1.46241
8	0.722497	0.108913	0.108913	-1.23765	-0.12058	-0.0956859	0.38599	0.38599	-1.55078	-0.319141	-0.254587
8	0.554689	-0.227408	-0.227408	-1.42752	-0.455983	-0.408242	-0.805938	-0.805938	-1.78868	-1.31913	-1.0389
8	1.08769	0.134288	0.134288	-1.24595	-0.172247	-0.102181	0.475919	0.475919	-1.56117	-0.381104	-0.216918
8	0.418829	-0.123174	-0.123174	-0.971296	-0.343803	-0.326266	-0.436533	-0.436533	-1.21703	-0.991021	-0.781186
8	0.801933	0.167509	0.167509	-1.36294	-0.0742662	-0.103884	0.593656	0.593656	-1.70776	-0.198771	-0.219032
8	1.06662	0.727042	0.727042	-0.614654	0.494053	0.461327	2.57665	2.57665	-0.770161	1.3685	0.880001
8	0.934822	-0.472962	-0.472962	-1.8605	-0.733295	-0.697269	-1.67619	-1.67619	-2.33121	-1.90426	-1.48628
8	1.17169	0.0793757	0.0793757	-2.08864	-0.269954	-0.187697	0.281309	0.281309	-2.61707	-0.485889	-0.367653
8	2.55566	-0.0378035	-0.511344	-1.9474	-2.36171	-1.83183	-0.133976	-1.69517	-2.44009	-1.41255	-1.43281
8	1.2805	-0.312226	-0.312226	-1.82583	-0.672334	-0.650613	-1.10653	-1.10653	-2.28777	-1.28103	-1.0853
8	0.469686	-0.077921	-0.077921	-1.1851	-0.302459	-0.268146	-0.276154	-0.276154	-1.48493	-0.936416	-0.702621
8	0.671723	0.513047	0.513047	-0.813282	0.261697	0.260735	1.81825	1.81825	-1.01904	0.689167	0.561795
8	1.34212	0.572045	0.572045	-0.752756	0.130041	0.159274	2.02734	2.02734	-0.943203	0.236518	0.268134
8	1.37066	0.0897852	0.0897852	-1.26913	-0.460251	-0.366993	0.318201	0.318201	-1.59022	-0.798529	-0.540322
8	0.260474	0.0521717	0.0521717	-0.651749	-0.165024	-0.170195	0.184898	0.184898	-0.816642	-0.458646	-0.407431
8	2.15776	-0.175714	-0.388007	-2.45271	-1.64718	-1.60469	-0.622732	-1.28629	-3.07325	-1.99056	-1.74538
8	1.42857	-0.265029	-0.265029	-2.30112	-0.806781	-0.663758	-0.939267	-0.939267	-2.88331	-1.03678	-0.925933
8	0.991528	-0.320943	-0.320943	-1.94672	-0.552276	-0.569576	-1.13743	-1.13743	-2.43924	-1.63188	-1.17299
8	1.29806	0.3443	0.3443	-1.6406	-0.0291534	0.0167271	1.22021	1.22021	-2.05567	-0.0538451	0.0281026
8	0.861322	0.0307924	0.0307924	-1.5445	-0.192699	-0.192793	0.109129	0.109129	-1.93526	-0.602925	-0.457278
8	0.441652	0.190875	0.190875	-0.475768	-0.0537449	0.000326983	0.676465	0.676465	-0.596138	-0.148075	0.000825414
8	1.06963	0.704151	0.704151	-1.30902	0.402318	0.473875	2.49552	2.49552	-1.6402	0.92651	1.0675
8	1.44109	-0.635605	-0.635605	-2.15565	-1.19065	-0.997689	-2.2526	-2.2526	-2.70103	-1.57229	-1.50756
8	1.01626	0.466465	0.466465	-0.919063	0.174428	0.25244	1.65316	1.65316	-1.15159	0.415253	0.608076
8	0.515472	0.127785	0.127785	-0.715364	-0.13086	-0.117839	0.452874	0.452874	-0.896351	-0.31292	-0.26198
8	1.1356	-0.32642	-0.32642	-1.40824	-0.633603	-0.652882	-1.15684	-1.15684	-1.76452	-1.46661	-1.30041
8	1.99043	0.1828	0.1828	-2.24275	-0.914946	-0.658998	0.647846	0.647846	-2.81017	-0.77357	-0.56276
8	1.58079	0.145624	0.145624	-1.38624	-0.403698	-0.375152	0.516096	0.516096	-1.73696	-0.674281	-0.532492
8	0.762769	0.917929	0.917929	-0.532687	0.686835	0.716655	3.25316	3.25316	-0.667457	1.90857	1.8467
8	1.21611	0.322168	0.322168	-1.63848	0.0272017	-0.0152204	1.14177	1.14177	-2.05301	0.0596644	-0.0238721
8	1.00627	-0.151231	-0.151231	-1.71527	-0.420933	-0.378415	-0.535967	-0.535967	-2.14923	-1.11009	-0.877634
8	1.01859	-0.255822	-0.255822	-1.62543	-0.54468	-0.480267	-0.906638	-0.906638	-2.03666	-1.28124	-1.12982
8	0.941448	-0.100446	-0.100446	-1.87465	-0.344979	-0.357306	-0.355983	-0.355983	-2.34894	-0.998711	-0.71181
8	0.602531	0.569125	0.569125	-0.753585	0.340988	0.355788	2.01699	2.01699	-0.944242	0.928854	0.75882
8	0.962398	-0.409709	-0.409709	-2.07001	-0.657339	-0.642653	-1.45201	-1.45201	-2.59372	-1.9148	-1.44028
8	0.767437	0.460043	0.460043	-0.967557	0.204579	0.244773	1.6304	1.6304	-1.21235	0.49379	0.559208
8	0.639018	-0.170272	-0.170272	-1.55472	-0.420653	-0.378663	-0.603447	-0.603447	-1.94806	-1.07419	-0.923807
8	0.922091	-0.0424856	-0.0424856	-0.921377	-0.27846	-0.289806	-0.15057	-0.15057	-1.15449	-0.811245	-0.619921
8	0.97696	-0.391843	-0.391843	-2.02643	-0.629726	-0.607821	-1.3887	-1.3887	-2.53911	-1.8933	-1.39946
8	1.70184	-0.0642269	-0.0642269	-1.45553	-0.812761	-0.748365	-0.227621	-0.227621	-1.82377	-1.01123	-0.785834
8	1.09839	0.138168	0.138168	-1.35448	-0.162762	-0.133725	0.489669	0.489669	-1.69716	-0.393681	-0.283733
8	0.539696	0.523574	0.523574	-0.402901	0.323155	0.303057	1.85556	1.85556	-0.504835	1.01823	0.730633
8	1.07276	0.291155	0.291155	-0.834022	0.0542231	0.0434692	1.03186	1.03186	-1.04503	0.135207	0.0955759
8	0.804778	0.128709	0.128709	-1.21576	-0.118172	-0.0909511	0.456147	0.456147	-1.52335	-0.314087	-0.208964
8	1.14482	0.047161	0.047161	-1.47993	-0.261779	-0.245014	0.16714	0.16714	-1.85435	-0.616063	-0.495351
8	0.980514	-0.502103	-0.502103	-1.6143	-0.708211	-0.746194	-1.77946	-1.77946	-2.02272	-2.14178	-1.85003
8	0.822672	0.41943	0.41943	-0.861682	0.207463	0.214933	1.48647	1.48647	-1.07969	0.663247	0.556357
8	0.813788	-0.973944	-0.973944	-2.29975	-1.20724	-1.20658	-3.45168	-3.45168	-2.88159	-3.34966	-2.79851
8	1.00297	0.386987	0.386987	-1.35994	0.160089	0.141282	1.37149	1.37149	-1.704	0.45552	0.2892
8	0.599817	-0.201868	-0.201868	-1.04131	-0.44913	-0.405894	-0.715423	-0.715423	-1.30476	-1.30605	-1.09598
8	0.590068	0.0232796	0.0232796	-1.70895	-0.206637	-0.193227	0.0825032	0.0825032	-2.14131	-0.544008	-0.44955
8	0.295351	-0.00849243	-0.00849243	-0.707114	-0.243023	-0.21167	-0.0300973	-0.0300973	-0.886014	-0.676454	-0.524825
8	0.798713	0.52523	0.52523	-0.488202	0.291175	0.326209	1.86142	1.86142	-0.611717	0.794565	0.864598
8	1.31015	0.338761	0.338761	-1.8497	-0.125971	0.0176453	1.20057	1.20057	-2.31768	-0.190931	0.0294832
8	0.67596	-0.0342119	-0.0342119	-1.013	-0.279746	-0.2356	-0.121248	-0.121248	-1.26929	-0.766587	-0.567247
8	1.17858	0.111944	0.111944	-1.56977	-0.210629	-0.189276	0.396731	0.396731	-1.96692	-0.455616	-0.344555
8	0.75592	-0.118835	-0.118835	-1.13696	-0.36993	-0.34819	-0.421153	-0.421153	-1.42461	-0.962868	-0.849803
8	0.480038	-0.0817782	-0.0817782	-1.20157	-0.318901	-0.287757	-0.289823	-0.289823	-1.50557	-0.910154	-0.725862
8	0.806908	-0.145012	-0.145012	-1.6869	-0.372878	-0.370132	-0.513925	-0.513925	-2.11368	-1.04716	-0.861136
8	0.361154	-0.311122	-0.311122	-1.28686	-0.513831	-0.495642	-1.10262	-1.10262	-1.61244	-1.4924	-1.32336
8	1.41081	0.228537	0.228537	-1.93051	-0.312918	-0.298987	0.80994	0.80994	-2.41893	-0.508452	-0.391478
8	1.53292	0.642779	0.642779	-1.18625	-0.523059	-0.357334	2.27802	2.27802	-1.48638	-0.607252	-0.343262
8	0.954499	-0.118384	-0.118384	-1.34369	-0.340246	-0.352598	-0.419555	-0.419555	-1.68364	-0.964392	-0.858234
8	0.969403	0.22378	0.22378	-1.37086	-0.0464863	-0.0151005	0.793082	0.793082	-1.71769	-0.10365	-0.0346224
8	0.290909	0.075195	0.075195	-0.437549	-0.143983	-0.103244	0.266492	0.266492	-0.548248	-0.403272	-0.262527
8	1.47919	-0.312731	-0.312731	-1.9063	-0.867003	-0.878204	-1.10833	-1.10833	-2.38859	-1.51324	-1.27096
8	0.340824	-0.10016	-0.10016	-0.732861	-0.32248	-0.29579	-0.354967	-0.354967	-0.918275	-0.907926	-0.650889
8	0.291888	-0.694955	-0.694955	-1.39685	-0.921992	-0.903047	-2.46293	-2.46293	-1.75026	-2.56119	-2.36785
8	1.22265	-0.0666239	-0.0666239	-1.41438	-0.39753	-0.360323	-0.236116	-0.236116	-1.77221	-0.79043	-0.641555
8	0.940135	0.00549499	0.00549499	-1.55231	-0.243037	-0.201261	0.0194743	0.0194743	-1.94505	-0.631522	-0.484708
8	1.36439	-0.240604	-0.240604	-2.44836	-0.669133	-0.64141	-0.852704	-0.852704	-3.0678	-1.11394	-0.919043
8	0.378214	-0.469847	-0.469847	-1.54473	-0.709618	-0.653435	-1.66515	-1.66515	-1.93555	-1.81483	-1.60928
8	1.16546	-0.485989	-0.485989	-2.62364	-0.822082	-0.781538	-1.72236	-1.72236	-3.28742	-1.63405	-1.51094
8	1.45566	0.240865	0.240865	-1.50361	-0.286228	-0.199292	0.853632	0.853632	-1.88403	-0.376081	-0.261518
8	1.18944	-0.408189	-0.408189	-1.63424	-0.670033	-0.669877	-1.44663	-1.44663	-2.04771	-1.58302	-1.36418
8	0.476847	-0.0896185	-0.0896185	-1.23685	-0.307316	-0.295797	-0.31761	-0.31761	-1.54977	-0.957484	-0.724382
8	0.982748	-0.189867	-0.189867	-1.64894	-0.462346	-0.473714	-0.672893	-0.672893	-2.06612	-1.11677	-0.925592
8	1.39937	0.0835792	0.0835792	-1.28689	-0.555502	-0.512381	0.296206	0.296206	-1.61247	-0.849786	-0.647991
8	0.344135	0.19804	0.19804	-0.718783	-0.0376807	0.00292983	0.701859	0.701859	-0.900635	-0.109969	0.00819829
8	0.512198	-0.136374	-0.136374	-1.46745	-0.383099	-0.365675	-0.483312	-0.483312	-1.83872	-1.04498	-0.915113
8	1.46432	0.243508	0.243508	-1.18202	-0.305295	-0.167944	0.862998	0.862998	-1.48107	-0.442273	-0.233036
8	0.992867	-0.0991704	-0.0991704	-1.43737	-0.33602	-0.328593	-0.351462	-0.351462	-1.80103	-0.919055	-0.791753
8	0.548683	0.187623	0.187623	-0.6972	-0.0308677	-0.0329701	0.66494	0.66494	-0.873591	-0.0991611	-0.0772502
8	2.22517	-0.399856	-0.670822	-2.32586	-1.57135	-1.49838	-1.4171	-2.22386	-2.9143	-1.37346	-1.19312
8	1.83212	-0.202969	-0.202969	-2.08165	-0.800499	-0.750367	-0.719326	-0.719326	-2.60831	-1.05937	-0.915663
8	1.02088	-0.0574236	-0.0574236	-1.69284	-0.316289	-0.298123	-0.20351	-0.20351	-2.12113	-0.79056	-0.649397
8	0.714237	0.722079	0.722079	-0.532179	0.511446	0.506568	2.55906	2.55906	-0.66682	1.51403	1.18749
8	1.5576	0.209525	0.209525	-2.02407	-0.630013	-0.532764	0.742561	0.742561	-2.53617	-0.8641	-0.65324
8	0.930949	-0.367186	-0.367186	-1.88076	-0.60691	-0.570128	-1.30131	-1.30131	-2.35659	-1.65183	-1.4259
8	1.03356	0.365645	0.365645	-1.16944	0.125445	0.140527	1.29585	1.29585	-1.4653	0.326714	0.329676
8	0.653506	-0.324791	-0.324791	-1.78251	-0.553355	-0.541547	-1.15107	-1.15107	-2.23349	-1.71067	-1.46411
8	1.49056	0.0147977	0.0147977	-1.41581	-0.689454	-0.617682	0.0524432	0.0524432	-1.77401	-0.980899	-0.835268
8	1.15223	0.551826	0.551826	-1.06179	0.227582	0.269679	1.95568	1.95568	-1.33043	0.486997	0.572334
8	0.594944	-0.462783	-0.462783	-1.20365	-0.744852	-0.662797	-1.64011	-1.64011	-1.50817	-1.75677	-1.60657
8	1.78856	-0.081448	-0.081448	-1.83605	-1.61953	-1.45123	-0.288653	-0.288653	-2.30057	-1.65618	-1.4666
8	1.48721	-0.312478	-0.312478	-2.29666	-0.73253	-0.703611	-1.10743	-1.10743	-2.87772	-1.23068	-1.03676
8	1.9568	-0.0231246	-3.20747	-3.20747	-1.11187	-0.695563	-0.0819539	-4.01896	-4.01896	-0.966029	-0.688158
8	1.10125	0.0507708	0.0507708	-1.07286	-0.242126	-0.266287	0.179933	0.179933	-1.3443	-0.588931	-0.440753
8	0.0811072	-0.225439	-0.225439	-0.568772	-0.433826	-0.442189	-0.79896	-0.79896	-0.712671	-1.35877	-1.14241
8	0.681787	0.278053	0.278053	-1.14621	0.050646	0.0506934	0.985424	0.985424	-1.4362	0.143494	0.116187
8	1.01721	-0.364944	-0.364944	-2.08809	-0.646822	-0.605092	-1.29337	-1.29337	-2.61637	-1.50884	-1.35184
8	1.1667	-0.182973	-0.182973	-1.85797	-0.448502	-0.493379	-0.64846	-0.64846	-2.32804	-1.10971	-0.889852
8	1.38532	0.29496	0.29496	-1.66689	-0.174729	-0.113924	1.04534	1.04534	-2.08862	-0.253059	-0.147252
8	0.400226	0.561073	0.561073	-0.228855	0.313077	0.38004	1.98845	1.98845	-0.286755	0.843373	1.04077
8	0.697078	-0.397363	-0.397363	-1.48815	-0.617579	-0.579167	-1.40826	-1.40826	-1.86465	-1.84892	-1.57167
8	0.4532	0.476038	0.476038	-0.286217	0.242166	0.232535	1.68709	1.68709	-0.35863	0.650193	0.50689
8	1.81584	-0.0205079	-0.0205079	-1.8418	-1.19714	-1.15117	-0.0726803	-0.0726803	-2.30777	-1.42537	-1.26078
8	1.21597	0.272352	0.272352	-1.2912	-0.0640412	-0.0222337	0.96522	0.96522	-1.61787	-0.130635	-0.0372998
8	1.18308	-0.33771	-0.33771	-2.04344	-0.625634	-0.643753	-1.19685	-1.19685	-2.56043	-1.37293	-1.1701
8	0.816589	0.437343	0.437343	-0.861006	0.178616	0.249537	1.54995	1.54995	-1.07884	0.44944	0.672987
8	0.584656	-0.0215887	-0.0215887	-1.07692	-0.233386	-0.260994	-0.0765107	-0.0765107	-1.34938	-0.707015	-0.630762
8	1.57902	-0.220785	-0.220785	-1.59884	-0.934354	-0.923659	-0.782465	-0.782465	-2.00334	-1.39183	-1.20036
8	0.765883	0.612152	0.612152	-1.07276	0.381096	0.410808	2.16948	2.16948	-1.34416	1.01508	1.03097
8	0.923336	-0.376862	-0.376862	-1.82291	-0.640431	-0.634038	-1.33561	-1.33561	-2.28411	-1.70667	-1.48645
8	0.55694	-0.0750761	-0.0750761	-1.05165	-0.352116	-0.308715	-0.266071	-0.266071	-1.31771	-0.918095	-0.757691
8	0.766584	-0.359947	-0.359947	-1.99377	-0.612101	-0.561118	-1.27566	-1.27566	-2.49819	-1.47914	-1.32594
8	1.05229	-0.159461	-0.159461	-1.5842	-0.444209	-0.397946	-0.565133	-0.565133	-1.985	-0.93378	-0.900378
8	1.48329	-0.249105	-0.249105	-1.83085	-0.664042	-0.686471	-0.882834	-0.882834	-2.29405	-1.25123	-0.980513
8	1.64549	0.455997	0.455997	-1.60702	-0.831194	-0.598007	1.61606	1.61606	-2.0136	-0.888857	-0.589216
8	0.791922	0.337358	0.337358	-0.555661	0.0790656	0.10955	1.1956	1.1956	-0.696243	0.201112	0.262445
8	0.867746	0.821443	0.821443	-0.462589	0.55555	0.540261	2.91121	2.91121	-0.579624	1.3545	1.14233
8	0.981665	0.109299	0.109299	-1.65402	-0.141054	-0.118636	0.387358	0.387358	-2.07249	-0.388952	-0.274835
8	1.12289	0.269426	0.269426	-1.16532	-0.059539	-0.0484701	0.954852	0.954852	-1.46015	-0.13441	-0.0835137
8	2.20622	-0.28934	-0.583788	-2.74605	-1.20563	-1.10515	-1.02543	-1.93533	-3.4408	-1.29026	-1.13198
8	0.959787	0.185621	0.185621	-1.00343	-0.0417886	-0.0219162	0.657845	0.657845	-1.2573	-0.111529	-0.0526169
8	0.733052	0.299882	0.299882	-0.903247	0.0868713	0.0922271	1.06279	1.06279	-1.13177	0.257987	0.23979
8	1.43908	0.221709	0.221709	-1.7639	-0.467982	-0.434552	0.785739	0.785739	-2.21017	-0.732459	-0.532361
8	1.43334	0.231984	0.231984	-1.34385	-0.216852	-0.106636	0.822157	0.822157	-1.68384	-0.343052	-0.148753
8	1.15556	-0.257938	-0.257938	-1.77275	-0.649639	-0.552315	-0.914136	-0.914136	-2.22125	-1.13172	-0.920607
8	0.587373	-0.245754	-0.245754	-1.48552	-0.45389	-0.460872	-0.870958	-0.870958	-1.86136	-1.36237	-1.07331
8	0.654153	0.177149	0.177149	-0.657777	-0.0829985	-0.0149796	0.627818	0.627818	-0.824195	-0.230651	-0.0355227
8	0.396999	-0.0428146	-0.0428146	-1.00499	-0.264413	-0.253601	-0.151736	-0.151736	-1.25925	-0.750343	-0.581824
8	0.657172	0.268521	0.268521	-0.8265	0.0167087	0.0593325	0.951645	0.951645	-1.0356	0.0376043	0.146232
8	0.754851	0.429009	0.429009	-0.71707	0.180933	0.229961	1.52042	1.52042	-0.898489	0.469448	0.585808
8	0.453081	0.362406	0.362406	-0.320279	0.126424	0.182124	1.28437	1.28437	-0.401309	0.36335	0.511041
8	0.442544	-0.00199601	-0.00199601	-1.23589	-0.2434	-0.200368	-0.00707391	-0.00707391	-1.54857	-0.626145	-0.51583
8	0.436749	-0.201905	-0.201905	-1.11562	-0.432815	-0.406462	-0.715554	-0.715554	-1.39787	-1.24799	-0.986068
8	1.04604	-0.206587	-0.206587	-1.59838	-0.478211	-0.408224	-0.732149	-0.732149	-2.00277	-1.10773	-0.976979
8	1.03933	0.358019	0.358019	-1.49568	0.100182	0.128047	1.26883	1.26883	-1.87409	0.260074	0.280143
8	0.414983	-0.21687	-0.21687	-1.12863	-0.462578	-0.440554	-0.768593	-0.768593	-1.41418	-1.28127	-1.02724
8	0.730711	0.0616464	0.0616464	-1.50172	-0.146478	-0.15922	0.218476	0.218476	-1.88165	-0.441724	-0.371225
8	1.4218	0.242844	0.242844	-1.89939	-0.15795	-0.138259	0.860643	0.860643	-2.37993	-0.257294	-0.20298
8	0.375463	0.209369	0.209369	-0.335602	-0.00406799	-0.0120462	0.742006	0.742006	-0.420509	-0.0114607	-0.0298739
8	1.7734	0.573083	0.573083	-1.43453	-0.847593	-0.52199	2.03102	2.03102	-1.79746	-0.903732	-0.497364
8	0.599806	0.705083	0.705083	-0.287339	0.459925	0.51721	2.49883	2.49883	-0.360035	1.28258	1.34727
8	1.60678	-0.226092	-0.226092	-1.79549	-0.831878	-0.714698	-0.801274	-0.801274	-2.24975	-1.15378	-1.00106
8	1.77002	0.726104	0.726104	-0.690553	-0.337765	-0.287009	2.57333	2.57333	-0.865263	-0.440361	-0.336057
8	1.28523	0.463722	0.463722	-1.90393	0.093331	0.142527	1.64344	1.64344	-2.38562	0.184965	0.245889
8	0.987402	-0.194793	-0.194793	-1.30214	-0.410752	-0.461451	-0.69035	-0.69035	-1.63158	-1.15128	-0.959065
8	0.856237	-0.197281	-0.197281	-1.51662	-0.431767	-0.428546	-0.699169	-0.699169	-1.90033	-1.06326	-0.979626
8	0.970852	-0.288787	-0.288787	-2.16397	-0.558567	-0.524711	-1.02347	-1.02347	-2.71146	-1.36904	-1.16477
8	1.14298	0.0707526	0.0707526	-1.40292	-0.279028	-0.27508	0.250749	0.250749	-1.75786	-0.599197	-0.477541
8	0.830351	0.457957	0.457957	-0.822718	0.227586	0.252758	1.62301	1.62301	-1.03087	0.638469	0.59544
8	0.956597	0.00361122	0.00361122	-1.41581	-0.290301	-0.194307	0.0127982	0.0127982	-1.77401	-0.551408	-0.496906
8	0.913302	0.196563	0.196563	-1.04553	-0.0980889	-0.0150476	0.696624	0.696624	-1.31004	-0.228536	-0.0343566
8	0.825555	-0.0550901	-0.0550901	-1.19803	-0.280711	-0.28455	-0.19524	-0.19524	-1.50113	-0.792619	-0.683959
8	1.3951	-0.253952	-0.253952	-2.47324	-0.771819	-0.695991	-0.900012	-0.900012	-3.09897	-1.42217	-1.05988
8	1.2544	0.639618	0.639618	-0.751032	0.302796	0.345771	2.26682	2.26682	-0.941044	0.636523	0.717431
8	1.62483	0.239664	0.239664	-1.43298	-0.724747	-0.59239	0.849373	0.849373	-1.79552	-0.928997	-0.666899
8	0.472555	0.458452	0.458452	-0.695082	0.237183	0.236362	1.62476	1.62476	-0.870937	0.715269	0.537993
8	1.28852	0.182785	0.182785	-1.74094	-0.151859	-0.130017	0.647793	0.647793	-2.18139	-0.310711	-0.239599
8	0.984413	-0.232613	-0.232613	-2.07425	-0.540844	-0.444748	-0.824384	-0.824384	-2.59904	-1.10839	-1.02307
8	0.309724	0.37738	0.37738	-0.384539	0.13709	0.149314	1.33744	1.33744	-0.481828	0.379097	0.377593
8	1.05465	-0.750999	-0.750999	-2.03374	-1.02095	-1.00507	-2.66156	-2.66156	-2.54828	-2.58307	-2.27118
8	1.03246	-0.749422	-0.749422	-2.19847	-1.0516	-0.98372	-2.65597	-2.65597	-2.75468	-2.4103	-2.1807
8	0.628541	0.355394	0.355394	-0.553833	0.124317	0.145003	1.25952	1.25952	-0.693952	0.353848	0.355001
8	0.601974	0.301924	0.301924	-0.954181	0.0719749	0.0944548	1.07002	1.07002	-1.19559	0.176783	0.239895
8	0.889217	-0.333312	-0.333312	-1.49718	-0.594383	-0.563074	-1.18126	-1.18126	-1.87597	-1.49938	-1.39808
8	0.590522	0.450408	0.450408	-0.4197	0.238787	0.24491	1.59625	1.59625	-0.525884	0.701684	0.593924
8	0.910546	0.221094	0.221094	-1.43266	0.000320009	-0.00859185	0.783563	0.783563	-1.79513	0.000910358	-0.0185528
8	0.340441	0.383226	0.383226	-0.245426	0.175631	0.197837	1.35816	1.35816	-0.307519	0.531887	0.520876
8	1.05511	0.178964	0.178964	-1.17294	-0.0834223	-0.0554827	0.634251	0.634251	-1.4697	-0.211588	-0.131018
8	0.493503	0.403838	0.403838	-0.457701	0.159537	0.213904	1.43121	1.43121	-0.573499	0.458857	0.558336
8	1.35765	-0.0237765	-0.0237765	-2.03252	-0.479431	-0.375906	-0.0842643	-0.0842643	-2.54675	-0.750848	-0.540374
8	0.402129	0.350494	0.350494	-0.394986	0.099279	0.159734	1.24216	1.24216	-0.494917	0.276989	0.388756
8	0.65637	0.161486	0.161486	-1.29112	-0.071429	-0.050748	0.572311	0.572311	-1.61778	-0.212922	-0.14053
8	0.288419	-0.0257259	-0.0257259	-0.826158	-0.239277	-0.226839	-0.0911732	-0.0911732	-1.03518	-0.73047	-0.608811
8	0.660224	-0.116615	-0.116615	-1.16223	-0.36981	-0.330764	-0.413285	-0.413285	-1.45628	-1.02489	-0.830882
8	0.703249	-0.121729	-0.121729	-1.55221	-0.381188	-0.367663	-0.431409	-0.431409	-1.94492	-0.952994	-0.751518
8	0.659105	-0.0640358	-0.0640358	-1.3071	-0.300197	-0.303541	-0.226944	-0.226944	-1.6378	-0.8691	-0.685422
8	0.463924	-0.135964	-0.135964	-1.02912	-0.343971	-0.32475	-0.481861	-0.481861	-1.28948	-1.02904	-0.897996
8	1.63048	0.118307	0.118307	-1.74645	-0.977003	-0.837606	0.419282	0.419282	-2.1883	-1.10744	-0.881263
8	0.951238	0.248708	0.248708	-1.12136	-0.0399377	0.00812691	0.881424	0.881424	-1.40507	-0.0843046	0.0174519
8	1.00084	-0.642113	-0.642113	-1.66422	-0.84358	-0.906977	-2.27566	-2.27566	-2.08527	-2.54175	-1.83696
8	0.77747	0.435032	0.435032	-0.802501	0.193533	0.22915	1.54176	1.54176	-1.00553	0.519579	0.582173
8	0.770108	0.112094	0.112094	-1.67451	-0.171264	-0.107575	0.397263	0.397263	-2.09816	-0.421089	-0.24951
8	0.674601	-0.373458	-0.373458	-1.57919	-0.641812	-0.59678	-1.32354	-1.32354	-1.97872	-1.62766	-1.46766
8	0.988905	0.0602977	0.0602977	-1.40949	-0.220708	-0.166317	0.213696	0.213696	-1.7661	-0.530121	-0.382135
8	0.773757	0.362753	0.362753	-1.36304	0.124653	0.158146	1.2856	1.2856	-1.70789	0.325581	0.412566
8	1.3164	-0.0673618	-0.0673618	-1.46081	-0.464265	-0.400148	-0.238732	-0.238732	-1.83039	-0.996711	-0.778085
8	0.947509	-0.199357	-0.199357	-1.49737	-0.455403	-0.436739	-0.706526	-0.706526	-1.87621	-1.13012	-0.865517
8	1.03241	0.144428	0.144428	-1.15544	-0.0671298	-0.0686701	0.511855	0.511855	-1.44776	-0.200867	-0.16816
8	0.76806	0.411455	0.411455	-0.413325	0.175384	0.195368	1.4582	1.4582	-0.517896	0.49801	0.476421
8	1.60931	0.0181242	0.0181242	-2.40679	-1.49259	-1.3798	0.0642325	0.0642325	-3.01571	-1.45697	-1.12834
8	0.46028	-0.0718006	-0.0718006	-0.935792	-0.284589	-0.302338	-0.254463	-0.254463	-1.17255	-0.873154	-0.721184
8	0.474274	-0.14963	-0.14963	-1.28056	-0.404218	-0.361797	-0.530292	-0.530292	-1.60454	-1.09119	-0.913852
8	0.409136	-0.773291	-0.773291	-1.80005	-1.01059	-1.00634	-2.74056	-2.74056	-2.25546	-2.9765	-2.45456
8	0.924989	0.181985	0.181985	-1.18436	-0.0633256	-0.0179204	0.644959	0.644959	-1.484	-0.168119	-0.0474694
8	1.1747	-0.037448	-0.037448	-1.31918	-0.328484	-0.343412	-0.132716	-0.132716	-1.65293	-0.773501	-0.624404
8	0.97849	0.170027	0.170027	-1.28454	-0.0563832	-0.037978	0.60258	0.60258	-1.60952	-0.15499	-0.0939053
8	0.643909	0.0275856	0.0275856	-1.24798	-0.189978	-0.178021	0.0977638	0.0977638	-1.56372	-0.548153	-0.455137
8	0.956971	-0.297369	-0.297369	-2.20092	-0.535934	-0.518143	-1.05388	-1.05388	-2.75775	-1.45731	-1.26961
8	0.378463	0.0836589	0.0836589	-1.27061	-0.126227	-0.11507	0.296489	0.296489	-1.59208	-0.388382	-0.280653
8	1.88614	-0.0351294	-0.0351294	-1.77449	-0.837294	-0.710067	-0.124499	-0.124499	-2.22344	-0.946458	-0.779659
8	1.3797	-0.0757324	-0.0757324	-1.94612	-0.457226	-0.413714	-0.268397	-0.268397	-2.43849	-0.846813	-0.734218
8	0.696054	0.684567	0.684567	-0.594614	0.436753	0.454904	2.42612	2.42612	-0.745051	1.15729	1.0452
8	0.621985	0.0289511	0.0289511	-1.1205	-0.255587	-0.200924	0.102603	0.102603	-1.40398	-0.582475	-0.493114
8	0.49919	0.470261	0.470261	-0.42777	0.232855	0.258723	1.66661	1.66661	-0.535996	0.675721	0.598462
8	2.1956	-0.13378	-0.385989	-2.09022	-1.45805	-1.31268	-0.47412	-1.2796	-2.61905	-1.38174	-1.306
8	0.554796	0.276427	0.276427	-0.782777	0.0293081	0.0832294	0.979662	0.979662	-0.98082	0.0662163	0.224059
8	0.629032	0.682806	0.682806	-0.422197	0.455629	0.446775	2.41988	2.41988	-0.529013	1.30603	0.934123
8	0.601996	0.11941	0.11941	-1.29952	-0.117159	-0.101376	0.423191	0.423191	-1.6283	-0.373809	-0.261056
8	1.27673	-0.305768	-0.305768	-2.19446	-0.762866	-0.680385	-1.08365	-1.08365	-2.74966	-1.26313	-1.06499
8	1.11645	-0.460053	-0.460053	-2.34341	-0.72985	-0.734806	-1.63044	-1.63044	-2.93629	-1.81106	-1.40868
8	1.0003	0.441967	0.441967	-1.60399	0.144328	0.190768	1.56634	1.56634	-2.00979	0.300897	0.416784
8	1.20903	0.00228583	0.00228583	-1.30739	-0.312797	-0.255315	0.00810103	0.00810103	-1.63816	-0.728421	-0.530363
8	1.04233	0.32198	0.32198	-1.2294	0.0839026	0.112562	1.1411	1.1411	-1.54044	0.236185	0.276892
8	1.05796	0.0893925	0.0893925	-1.25657	-0.186445	-0.147224	0.316809	0.316809	-1.57448	-0.447737	-0.333994
8	1.63608	0.907065	0.907065	-1.09724	0.197733	0.289354	3.21466	3.21466	-1.37484	0.287922	0.427014
8	2.98383	-0.193666	-0.694158	-2.72189	-1.65781	-1.34988	-0.686355	-2.30122	-3.41053	-1.47138	-1.23898
8	0.599358	0.314473	0.314473	-0.852145	0.0740658	0.0954264	1.1145	1.1145	-1.06774	0.194614	0.234351
8	1.05132	0.248682	0.248682	-0.960079	-0.024389	-0.000246769	0.881334	0.881334	-1.20298	-0.0622081	-0.000547773
8	0.506198	-0.572279	-0.572279	-1.72084	-0.780402	-0.777648	-2.02817	-2.02817	-2.15622	-2.4367	-1.86012
8	1.43233	-0.160525	-0.160525	-1.45417	-0.692473	-0.55906	-0.568905	-0.568905	-1.82208	-0.98177	-0.830972
8	1.70212	0.320784	0.320784	-1.84314	-0.363642	-0.304097	1.13686	1.13686	-2.30945	-0.469478	-0.350918
8	0.854789	-0.197139	-0.197139	-1.22817	-0.435121	-0.399205	-0.698665	-0.698665	-1.5389	-1.15903	-1.04788
8	0.960653	0.201269	0.201269	-1.17256	-0.0846525	0.00183049	0.713301	0.713301	-1.46922	-0.189717	0.00442612
8	0.703724	0.208223	0.208223	-1.09097	-0.0298192	0.0037935	0.737948	0.737948	-1.36698	-0.0778743	0.0090788
8	2.57019	0.512148	0.209542	-2.11322	-0.473104	-0.587431	1.81506	0.694659	-2.64787	-0.436999	-0.437679
8	1.33257	0.0200904	0.0200904	-2.16086	-0.282612	-0.288909	0.0712008	0.0712008	-2.70756	-0.625369	-0.511937
8	1.29746	0.271224	0.271224	-1.62644	-0.223716	-0.200721	0.961222	0.961222	-2.03793	-0.363953	-0.276643
8	0.644582	0.116771	0.116771	-0.809719	-0.0964426	-0.106518	0.413838	0.413838	-1.01458	-0.299829	-0.251751
8	1.24242	-0.1618	-0.1618	-1.02861	-0.485755	-0.483008	-0.573424	-0.573424	-1.28885	-1.18358	-0.844572
8	0.0632512	-0.75726	-0.75726	-1.1582	-0.968942	-0.951487	-2.68374	-2.68374	-1.45122	-2.96375	-2.41615
8	0.966137	-0.435375	-0.435375	-2.15843	-0.725814	-0.666564	-1.54298	-1.54298	-2.70451	-1.61217	-1.37126
8	0.672218	-0.43545	-0.43545	-1.69531	-0.677401	-0.654219	-1.54324	-1.54324	-2.12422	-1.75146	-1.56266
8	0.552791	0.250309	0.250309	-0.372301	0.0369053	0.0661659	0.887098	0.887098	-0.466494	0.112662	0.164652
8	0.78806	0.285946	0.285946	-1.45405	0.0252376	0.0641374	1.0134	1.0134	-1.82192	0.0619874	0.152131
8	0.549485	-0.210783	-0.210783	-1.13588	-0.433357	-0.407466	-0.747018	-0.747018	-1.42325	-1.35295	-0.96951
8	1.33445	0.0733166	0.0733166	-1.46569	-0.419914	-0.384052	0.259835	0.259835	-1.83651	-0.702244	-0.566775
11	0.899179	0.331715	0.331715	-1.2956	0.0915138	0.121984	1.37852	1.37852	-1.62338	0.26209	0.32393
11	0.934867	0.175597	0.175597	-1.42593	-0.0940686	-0.0412085	0.729732	0.729732	-1.78669	-0.240078	-0.1076
11	0.414231	0.00803006	0.00803006	-0.909087	-0.225569	-0.187419	0.0333708	0.0333708	-1.13909	-0.625004	-0.504348
11	0.812193	1.00354	1.00354	-0.362259	0.761359	0.77428	4.17044	4.17044	-0.453911	2.12668	1.65539
11	0.600899	-0.262706	-0.262706	-1.54551	-0.490009	-0.448076	-1.09174	-1.09174	-1.93652	-1.49531	-1.22309
11	0.437128	0.241838	0.241838	-0.774907	0.0163195	0.0428242	1.00501	1.00501	-0.970959	0.049345	0.118461
11	0.889686	-0.287782	-0.287782	-2.38897	-0.522182	-0.507884	-1.19595	-1.19595	-2.99338	-1.44265	-1.32135
11	1.78648	-0.17387	-0.17387	-2.81073	-1.17453	-0.923146	-0.722555	-0.722555	-3.52184	-1.19879	-0.963781
11	1.33532	-0.0211585	-0.0211585	-1.62167	-0.609277	-0.592924	-0.087929	-0.087929	-2.03196	-1.03001	-0.73751
11	0.54836	0.350426	0.350426	-0.752084	0.138372	0.141313	1.45628	1.45628	-0.942361	0.406246	0.381984
11	0.811027	0.243283	0.243283	-1.04122	-0.0297398	0.0166824	1.01102	1.01102	-1.30464	-0.0776374	0.0405276
11	0.731914	-0.0291403	-0.0291403	-1.84385	-0.267349	-0.263647	-0.121099	-0.121099	-2.31034	-0.778011	-0.647569
11	0.971985	0.293583	0.293583	-1.64576	0.0176901	0.0480754	1.22005	1.22005	-2.06214	0.0433941	0.11273
11	0.4296	0.137454	0.137454	-1.14719	-0.0910446	-0.0794208	0.57122	0.57122	-1.43743	-0.281539	-0.209834
11	0.511818	-0.00588222	-0.00588222	-0.951174	-0.265628	-0.198141	-0.0244449	-0.0244449	-1.19182	-0.753427	-0.557564
11	0.420052	0.0836423	0.0836423	-0.844634	-0.114401	-0.104045	0.347595	0.347595	-1.05833	-0.390712	-0.298472
11	0.679131	0.00583502	0.00583502	-1.27053	-0.215765	-0.219191	0.0242488	0.0242488	-1.59198	-0.642179	-0.526126
11	0.667009	-0.312284	-0.312284	-2.16276	-0.539508	-0.531829	-1.29777	-1.29777	-2.70994	-1.62144	-1.40894
11	2.12489	-0.564426	-0.860985	-2.07896	-1.73659	-1.68181	-2.3456	-3.41151	-2.60494	-1.87912	-1.92935
11	1.11691	0.630878	0.630878	-1.13472	0.321629	0.402737	2.62176	2.62176	-1.42181	0.694279	0.900582
11	0.685995	-0.267515	-0.267515	-1.7189	-0.518122	-0.451851	-1.11172	-1.11172	-2.15378	-1.49642	-1.23298
11	0.762794	0.0485425	0.0485425	-1.89405	-0.178222	-0.18498	0.201729	0.201729	-2.37325	-0.517053	-0.438864
11	0.599606	0.0604264	0.0604264	-1.07509	-0.154454	-0.170862	0.251116	0.251116	-1.34709	-0.499371	-0.399429
11	1.21085	0.365843	0.365843	-1.21558	0.0278724	0.0506684	1.52035	1.52035	-1.52312	0.0611848	0.0924182
11	1.22384	-0.253531	-0.253531	-1.81142	-0.667694	-0.705176	-1.05361	-1.05361	-2.26971	-1.27058	-1.00408
11	0.682549	-0.453474	-0.453474	-1.58133	-0.679547	-0.677831	-1.88452	-1.88452	-1.9814	-2.05556	-1.60889
11	1.07824	-0.45702	-0.45702	-1.71933	-0.807292	-0.701856	-1.89925	-1.89925	-2.15432	-1.54151	-1.65709
11	0.687383	-0.803164	-0.803164	-1.99954	-1.03013	-1.02164	-3.33773	-3.33773	-2.50542	-3.18433	-2.52481
11	0.441235	-0.160781	-0.160781	-1.12488	-0.395505	-0.351642	-0.668162	-0.668162	-1.40948	-1.22035	-0.956414
11	0.68401	0.251578	0.251578	-0.94686	0.0413075	0.0417033	1.04549	1.04549	-1.18642	0.129225	0.110568
11	0.615479	0.151049	0.151049	-1.6926	-0.0591462	-0.052174	0.627719	0.627719	-2.12082	-0.19649	-0.13253
11	0.51168	0.0321226	0.0321226	-1.6464	-0.198289	-0.193236	0.133493	0.133493	-2.06294	-0.571326	-0.421044
11	0.313405	0.335642	0.335642	-0.298433	0.141358	0.150291	1.39484	1.39484	-0.373936	0.469766	0.369841
11	1.37022	-0.112507	-0.112507	-2.06082	-0.605069	-0.50914	-0.467547	-0.467547	-2.58221	-0.940601	-0.74982
11	1.00517	0.567309	0.567309	-1.35881	0.332366	0.365499	2.35759	2.35759	-1.70258	0.9403	0.971008
11	1.41435	0.00481564	0.00481564	-1.94784	-0.730182	-0.613756	0.0200125	0.0200125	-2.44064	-1.05874	-0.836395
11	1.1131	0.120536	0.120536	-1.08121	-0.167475	-0.146692	0.500915	0.500915	-1.35476	-0.42772	-0.325847
11	0.288386	0.131186	0.131186	-0.941473	-0.0628138	-0.0448273	0.545172	0.545172	-1.17967	-0.198882	-0.127056
11	0.835224	0.00286014	0.00286014	-1.3378	-0.239049	-0.194813	0.011886	0.011886	-1.67626	-0.716401	-0.51232
11	1.44615	0.0439109	0.0439109	-1.67441	-0.37771	-0.341096	0.182482	0.182482	-2.09804	-0.664187	-0.587732
11	1.10352	-0.41463	-0.41463	-1.64642	-0.674964	-0.642629	-1.72309	-1.72309	-2.06296	-1.8068	-1.46539
11	0.814388	-0.128252	-0.128252	-1.66176	-0.386689	-0.352989	-0.532982	-0.532982	-2.08219	-1.07535	-0.80885
11	0.828223	0.0176121	0.0176121	-1.05047	-0.222739	-0.2194	0.0731911	0.0731911	-1.31624	-0.645773	-0.532998
11	1.61198	0.158214	0.158214	-2.10637	-0.651107	-0.557575	0.657493	0.657493	-2.63928	-0.877369	-0.734311
11	1.23217	-0.0250452	-0.0250452	-2.10648	-0.395372	-0.396597	-0.104081	-0.104081	-2.63942	-0.83174	-0.600514
11	1.12362	-0.0662526	-0.0662526	-1.45446	-0.411049	-0.308641	-0.275328	-0.275328	-1.82243	-0.88405	-0.705834
11	0.626993	0.578855	0.578855	-0.399626	0.354486	0.367614	2.40557	2.40557	-0.500732	1.11081	0.987091
11	0.708102	-0.0381405	-0.0381405	-1.53879	-0.280274	-0.237855	-0.158502	-0.158502	-1.92811	-0.745491	-0.637175
11	1.53695	-0.34709	-0.34709	-2.27199	-0.834451	-0.795548	-1.44241	-1.44241	-2.8468	-1.31917	-1.1938
11	1.21773	-0.27787	-0.27787	-2.15506	-0.630318	-0.639445	-1.15475	-1.15475	-2.70029	-1.30939	-1.00489
11	1.19809	-0.122088	-0.122088	-1.65883	-0.4766	-0.431964	-0.507367	-0.507367	-2.07852	-1.01359	-0.923124
11	0.612665	0.369159	0.369159	-0.683267	0.120264	0.173392	1.53413	1.53413	-0.856134	0.333022	0.449544
11	1.91571	-0.372413	-0.642051	-2.29182	-1.98453	-1.80576	-1.54765	-2.54402	-2.87164	-2.42262	-1.89683
11	0.851803	-0.0391296	-0.0391296	-1.99202	-0.289439	-0.246337	-0.162612	-0.162612	-2.496	-0.834065	-0.566329
11	1.37849	-0.101678	-0.101678	-2.02325	-0.657129	-0.489896	-0.422545	-0.422545	-2.53513	-0.772157	-0.774344
11	0.42229	0.411718	0.411718	-0.386582	0.174268	0.206303	1.71099	1.71099	-0.484388	0.529659	0.50537
11	0.832558	0.00988022	0.00988022	-1.3402	-0.201192	-0.206257	0.0410596	0.0410596	-1.67927	-0.62984	-0.500754
11	0.24646	-0.366999	-0.366999	-0.979245	-0.577111	-0.540763	-1.52515	-1.52515	-1.22699	-1.92924	-1.57955
11	0.705513	0.473747	0.473747	-0.873092	0.27762	0.273537	1.96877	1.96877	-1.09398	0.91302	0.789217
11	1.53192	0.0585097	0.0585097	-2.13202	-0.527612	-0.447812	0.243151	0.243151	-2.67142	-0.753536	-0.593361
11	1.64015	-0.01796	-0.01796	-2.47299	-1.0349	-0.819493	-0.0746371	-0.0746371	-3.09866	-1.10625	-0.941676
11	1.64786	0.0470855	0.0470855	-1.80763	-1.19568	-1.03074	0.195675	0.195675	-2.26496	-1.37634	-1.2442
11	0.618796	-0.0793083	-0.0793083	-1.27647	-0.30266	-0.271502	-0.329584	-0.329584	-1.59941	-0.896191	-0.72808
11	0.999147	0.486753	0.486753	-1.08742	0.218879	0.243991	2.02282	2.02282	-1.36253	0.529766	0.581728
11	1.05161	0.124414	0.124414	-2.01263	-0.13854	-0.139787	0.517033	0.517033	-2.52183	-0.385313	-0.301244
11	1.17956	-0.268883	-0.268883	-2.3779	-0.557695	-0.589626	-1.11741	-1.11741	-2.97951	-1.27351	-1.08359
11	1.29198	-0.386158	-0.386158	-2.69297	-0.815129	-0.779892	-1.60477	-1.60477	-3.3743	-1.43732	-1.17509
11	0.737496	-0.306392	-0.306392	-2.37659	-0.576779	-0.511229	-1.27328	-1.27328	-2.97787	-1.4396	-1.34608
11	1.19823	0.00275562	0.00275562	-2.32855	-0.303533	-0.251197	0.0114516	0.0114516	-2.91767	-0.677353	-0.565477
11	1.95551	-0.356589	-0.52018	-3.41322	-2.92328	-2.33256	-1.48189	-2.06113	-4.27677	-2.97989	-1.92156
11	0.339671	-0.288721	-0.288721	-1.36824	-0.540126	-0.498465	-1.19984	-1.19984	-1.71441	-1.47223	-1.35193
11	0.94058	-0.0988579	-0.0988579	-1.41408	-0.310352	-0.309824	-0.410827	-0.410827	-1.77185	-0.866627	-0.776116
11	0.378815	-0.427571	-0.427571	-1.52144	-0.649506	-0.612153	-1.77687	-1.77687	-1.90637	-2.01768	-1.72147
11	1.50485	-0.151921	-0.151921	-1.95093	-0.630139	-0.566793	-0.631343	-0.631343	-2.44451	-1.20679	-1.02016
11	1.11701	-0.0376909	-0.0376909	-1.7628	-0.314439	-0.307096	-0.156633	-0.156633	-2.20879	-0.820014	-0.684819
11	1.02174	0.0221629	0.0221629	-1.23425	-0.231534	-0.234796	0.092103	0.092103	-1.54652	-0.635229	-0.479745
11	1.39243	0.159189	0.159189	-1.97086	-0.270565	-0.266952	0.661548	0.661548	-2.46948	-0.48905	-0.394365
11	1.10751	0.453135	0.453135	-1.72363	0.153816	0.205701	1.88311	1.88311	-2.1597	0.38482	0.439252
11	0.60318	0.251508	0.251508	-1.10166	0.0102735	0.0387968	1.0452	1.0452	-1.38037	0.028542	0.104331
11	0.322969	-0.268282	-0.268282	-1.75054	-0.469721	-0.478568	-1.11491	-1.11491	-2.19343	-1.5704	-1.28434
11	0.704166	-0.16224	-0.16224	-1.25456	-0.393813	-0.376785	-0.674226	-0.674226	-1.57196	-1.0816	-0.935414
11	0.462762	0.422107	0.422107	-0.35968	0.177487	0.217168	1.75416	1.75416	-0.450679	0.527553	0.577167
11	0.829261	0.244949	0.244949	-0.764676	0.000132458	0.0477213	1.01794	1.01794	-0.958139	0.000371887	0.130469
11	1.56435	-0.14679	-0.14679	-1.98274	-0.961439	-0.961612	-0.610018	-0.610018	-2.48437	-1.38971	-1.1605
11	0.641843	-0.257621	-0.257621	-1.47717	-0.499521	-0.457735	-1.07061	-1.07061	-1.85089	-1.37273	-1.13939
11	0.717195	-0.344996	-0.344996	-2.13415	-0.614661	-0.587755	-1.43371	-1.43371	-2.67408	-1.57958	-1.38669
11	0.438939	0.80275	0.80275	-0.273475	0.58012	0.618046	3.33601	3.33601	-0.342664	1.67447	1.73343
11	1.04847	-0.0475479	-0.0475479	-1.90323	-0.323124	-0.290459	-0.197596	-0.197596	-2.38474	-0.843228	-0.695086
11	1.10864	-0.0105067	-0.0105067	-1.2184	-0.296185	-0.259502	-0.0436631	-0.0436631	-1.52665	-0.680199	-0.508593
11	0.445115	0.845118	0.845118	-0.139719	0.618271	0.660157	3.51208	3.51208	-0.175068	1.67545	1.87633
11	0.845058	0.0163105	0.0163105	-1.28175	-0.233133	-0.189832	0.0677821	0.0677821	-1.60603	-0.603565	-0.460385
11	0.569179	0.0258256	0.0258256	-1.03358	-0.216076	-0.15373	0.107324	0.107324	-1.29508	-0.603524	-0.428772
11	0.26095	-0.482973	-0.482973	-1.29565	-0.679343	-0.685482	-2.0071	-2.0071	-1.62345	-2.20455	-1.8728
11	0.603649	-0.811907	-0.811907	-2.64656	-1.03727	-1.01396	-3.37407	-3.37407	-3.31614	-3.07824	-2.72764
11	0.582619	0.145371	0.145371	-0.706243	-0.0644791	-0.0677789	0.604123	0.604123	-0.884922	-0.225586	-0.176863
11	0.671084	0.0495922	0.0495922	-1.16217	-0.172175	-0.172512	0.206092	0.206092	-1.4562	-0.534477	-0.430056
11	0.67718	0.390643	0.390643	-1.47637	0.148056	0.177669	1.62341	1.62341	-1.84989	0.444947	0.412305
11	1.21165	0.100281	0.100281	-1.81955	-0.280101	-0.28689	0.416739	0.416739	-2.27989	-0.592715	-0.445011
11	1.21807	0.350183	0.350183	-1.25261	-0.0105221	0.0137853	1.45527	1.45527	-1.56951	-0.0225324	0.026603
11	0.529769	-0.0798211	-0.0798211	-0.891872	-0.339805	-0.281925	-0.331715	-0.331715	-1.11752	-0.931151	-0.747987
11	0.907942	0.233898	0.233898	-1.42127	-0.0376637	-0.0283484	0.972019	0.972019	-1.78085	-0.107097	-0.0663955
11	1.21265	-0.29896	-0.29896	-2.72176	-0.649626	-0.617938	-1.2424	-1.2424	-3.41037	-1.22796	-1.20559
11	1.28539	0.36119	0.36119	-1.27293	-0.190302	-0.0800218	1.50101	1.50101	-1.59498	-0.314177	-0.124506
11	0.444606	0.132258	0.132258	-0.964293	-0.0852976	-0.0674999	0.54963	0.54963	-1.20826	-0.276984	-0.179829
11	1.22778	-0.0196475	-0.0196475	-1.52621	-0.422191	-0.453818	-0.0816497	-0.0816497	-1.91234	-0.819169	-0.732133
11	1.23122	0.0344865	0.0344865	-1.49315	-0.397984	-0.274423	0.143317	0.143317	-1.87092	-0.655735	-0.532698
11	0.698461	0.0958189	0.0958189	-1.39121	-0.130455	-0.117722	0.398198	0.398198	-1.74319	-0.366926	-0.300803
11	1.77736	-0.20479	-0.20479	-1.95508	-1.00249	-0.871552	-0.851051	-0.851051	-2.44972	-1.26713	-1.02732
11	1.43096	0.0154395	0.0154395	-1.4074	-0.39068	-0.34854	0.0641623	0.0641623	-1.76348	-0.750056	-0.614658
11	1.08426	-0.240281	-0.240281	-2.14168	-0.552675	-0.487423	-0.998542	-0.998542	-2.68352	-1.27264	-1.14849
11	1.06079	-0.27576	-0.27576	-1.72922	-0.568682	-0.495072	-1.14599	-1.14599	-2.16671	-1.42566	-1.17805
11	0.416579	0.0783073	0.0783073	-1.24767	-0.135027	-0.12766	0.325424	0.325424	-1.56333	-0.416123	-0.355245
11	0.512366	0.258076	0.258076	-0.825868	0.0291328	0.0660539	1.0725	1.0725	-1.03481	0.081177	0.202971
11	1.21669	-0.168866	-0.168866	-1.22592	-0.561654	-0.476693	-0.701761	-0.701761	-1.53607	-1.18027	-1.02757
11	1.73692	-0.16007	-0.16007	-1.87933	-1.78892	-1.60246	-0.665206	-0.665206	-2.3548	-2.34649	-1.85223
11	0.594578	0.0603707	0.0603707	-0.863541	-0.158118	-0.132988	0.250884	0.250884	-1.08202	-0.462664	-0.375959
11	0.575037	-0.586691	-0.586691	-1.50908	-0.775673	-0.785484	-2.43813	-2.43813	-1.89088	-2.48896	-2.09122
11	1.56954	0.414483	0.414483	-1.44025	-0.402671	-0.342894	1.72248	1.72248	-1.80463	-0.581484	-0.403355
11	0.738331	0.192347	0.192347	-1.33574	-0.0332487	-0.0469269	0.799343	0.799343	-1.67369	-0.100526	-0.117951
11	0.907161	0.0660818	0.0660818	-1.40306	-0.207893	-0.157315	0.274618	0.274618	-1.75804	-0.564269	-0.401291
11	0.871457	-0.073332	-0.073332	-1.73204	-0.325147	-0.274933	-0.304748	-0.304748	-2.17025	-0.90302	-0.659249
11	1.58701	0.333757	0.333757	-2.60572	-0.375114	-0.208685	1.387	1.387	-3.26496	-0.487937	-0.234107
11	0.479074	-0.259971	-0.259971	-1.21601	-0.485307	-0.474041	-1.08037	-1.08037	-1.52366	-1.43388	-1.26372
11	0.560281	0.293189	0.293189	-0.886785	0.0705317	0.108204	1.21842	1.21842	-1.11114	0.225807	0.303237
11	1.67006	0.517574	0.517574	-1.33901	-0.471687	-0.338853	2.1509	2.1509	-1.67778	-0.51451	-0.334479
11	2.14031	0.073665	-0.21528	-1.66067	-1.52941	-1.47327	0.306132	-0.853012	-2.08082	-1.97135	-1.66908
11	0.520478	-0.150558	-0.150558	-1.68105	-0.423512	-0.351647	-0.625677	-0.625677	-2.10635	-1.21509	-0.944227
11	0.889108	0.167891	0.167891	-1.26791	-0.0537572	-0.0396317	0.697711	0.697711	-1.58869	-0.158677	-0.102547
11	0.685561	0.0396576	0.0396576	-1.03009	-0.175142	-0.184028	0.164806	0.164806	-1.2907	-0.590971	-0.475651
11	1.01158	0.513688	0.513688	-0.817415	0.261447	0.289301	2.13475	2.13475	-1.02422	0.69693	0.656993
11	0.656856	0.248628	0.248628	-1.07006	-0.0224019	0.0252742	1.03323	1.03323	-1.34078	-0.0572854	0.0664017
11	1.33377	0.302246	0.302246	-2.66552	-0.202537	-0.0723476	1.25605	1.25605	-3.3399	-0.344252	-0.141431
11	1.55403	0.099272	0.099272	-1.92907	-0.715422	-0.617079	0.412548	0.412548	-2.41713	-0.930661	-0.78801
11	0.73002	-0.0646684	-0.0646684	-1.26284	-0.292877	-0.310154	-0.268744	-0.268744	-1.58234	-0.833297	-0.726996
11	0.833251	0.128067	0.128067	-1.05486	-0.115224	-0.0970083	0.532212	0.532212	-1.32174	-0.347916	-0.235066
11	1.18031	0.826665	0.826665	-0.664516	0.415354	0.451515	3.4354	3.4354	-0.832639	0.79985	0.706046
11	0.65819	-0.131501	-0.131501	-1.16225	-0.413288	-0.351552	-0.546482	-0.546482	-1.45629	-1.10714	-0.9072
11	0.846744	-0.0574446	-0.0574446	-1.57776	-0.343625	-0.266533	-0.238724	-0.238724	-1.97693	-0.844719	-0.696137
11	1.33602	0.0932284	0.0932284	-1.55995	-0.375087	-0.278617	0.387432	0.387432	-1.95462	-0.616017	-0.451944
11	1.45647	-0.232849	-0.232849	-1.98495	-0.995353	-0.881622	-0.967659	-0.967659	-2.48715	-1.41717	-1.28447
11	1.17671	0.485803	0.485803	-1.79256	0.128546	0.223815	2.01887	2.01887	-2.24607	0.2974	0.473057
11	0.985736	0.152838	0.152838	-1.01158	-0.0653207	-0.108842	0.635152	0.635152	-1.26752	-0.19947	-0.239814
11	2.15609	-0.233446	-0.530241	-1.8872	-1.30759	-1.32689	-0.970138	-2.10099	-2.36466	-1.52362	-1.5576
11	1.46031	-0.191315	-0.191315	-2.40776	-0.773537	-0.670698	-0.795054	-0.795054	-3.01692	-1.07802	-0.98376
11	0.398101	-0.504725	-0.504725	-1.87792	-0.719829	-0.7051	-2.0975	-2.0975	-2.35304	-2.39681	-2.03241
11	0.932019	0.0277624	0.0277624	-1.33422	-0.215016	-0.208288	0.115373	0.115373	-1.67177	-0.610225	-0.492838
11	0.642232	0.193047	0.193047	-0.923565	-0.028445	-0.0467812	0.802253	0.802253	-1.15723	-0.0891294	-0.110261
11	1.29814	-0.196872	-0.196872	-2.17443	-0.599689	-0.606278	-0.818146	-0.818146	-2.72456	-1.29502	-1.06327
11	0.726319	-0.179907	-0.179907	-1.56779	-0.413224	-0.414363	-0.747643	-0.747643	-1.96444	-1.2846	-0.977941
11	0.467517	-0.0617188	-0.0617188	-0.972441	-0.283012	-0.268299	-0.256487	-0.256487	-1.21847	-0.877563	-0.698653
11	0.69488	0.244267	0.244267	-1.03433	0.0165422	0.0573705	1.01511	1.01511	-1.29602	0.0504636	0.171285
11	2.05243	0.224684	-0.0317949	-1.97978	-1.36974	-1.01955	0.933725	-0.125982	-2.48066	-1.26463	-0.908257
11	0.639944	-0.341955	-0.341955	-2.11018	-0.558242	-0.54351	-1.42107	-1.42107	-2.64405	-1.60557	-1.55457
11	0.484578	-0.480396	-0.480396	-1.46135	-0.699013	-0.672606	-1.9964	-1.9964	-1.83107	-2.00872	-1.82458
11	1.63962	-0.0348476	-0.0348476	-2.12332	-1.24229	-1.07149	-0.144817	-0.144817	-2.66052	-1.43721	-1.04429
11	1.06491	0.104203	0.104203	-2.37631	-0.136234	-0.144382	0.43304	0.43304	-2.97751	-0.412842	-0.304868
11	0.218628	0.244707	0.244707	-0.527631	0.00489106	0.0398594	1.01694	1.01694	-0.661122	0.0139898	0.103064
11	0.734898	0.236445	0.236445	-1.16858	0.00870905	0.0222011	0.982602	0.982602	-1.46423	0.0262774	0.0569999
11	0.753289	0.340318	0.340318	-1.29892	0.0650601	0.126368	1.41427	1.41427	-1.62755	0.167372	0.334448
11	0.562775	-0.0819939	-0.0819939	-1.13205	-0.31657	-0.273485	-0.340745	-0.340745	-1.41846	-0.907291	-0.748659
11	1.2913	0.223772	0.223772	-2.09158	-0.370048	-0.268379	0.929936	0.929936	-2.62075	-0.541552	-0.380212
11	0.96815	0.256049	0.256049	-1.56658	0.0140142	0.0398457	1.06407	1.06407	-1.96293	0.0406467	0.103816
11	0.855037	-0.244351	-0.244351	-1.78074	-0.47447	-0.440392	-1.01546	-1.01546	-2.23127	-1.33305	-1.16994
11	1.27377	-0.0366576	-0.0366576	-1.76887	-0.352107	-0.384098	-0.152339	-0.152339	-2.21639	-0.739319	-0.674948
11	0.973502	-0.402047	-0.402047	-1.83248	-0.698929	-0.651535	-1.6708	-1.6708	-2.2961	-1.64003	-1.47698
11	1.15079	-0.488617	-0.488617	-2.09939	-0.840615	-0.79992	-2.03056	-2.03056	-2.63053	-1.98307	-1.54053
11	0.539724	0.288875	0.288875	-1.4811	0.0708887	0.0897049	1.20049	1.20049	-1.85581	0.228399	0.24786
11	1.36887	0.143683	0.143683	-1.05266	-0.248449	-0.235708	0.597106	0.597106	-1.31899	-0.496425	-0.402173
11	1.14862	-0.175856	-0.175856	-2.17243	-0.514047	-0.512974	-0.730812	-0.730812	-2.72205	-1.13611	-0.942763
11	0.975066	0.343298	0.343298	-0.922599	0.0499627	0.0591367	1.42665	1.42665	-1.15602	0.126241	0.118694
11	1.38432	0.199222	0.199222	-1.76999	-0.164584	-0.175853	0.827911	0.827911	-2.21779	-0.337201	-0.260458
11	0.468199	0.521553	0.521553	-0.643452	0.287221	0.319428	2.16744	2.16744	-0.806245	0.870238	0.859895
11	1.88833	0.66725	0.66725	-0.973231	-0.777473	-0.702332	2.77291	2.77291	-1.21946	-1.09489	-0.8578
11	1.07769	0.147243	0.147243	-1.62071	-0.133064	-0.1335	0.611903	0.611903	-2.03075	-0.364035	-0.284084
11	0.613406	0.797268	0.797268	-0.518389	0.531882	0.602615	3.31323	3.31323	-0.649541	1.46363	1.60602
11	1.30096	0.19256	0.19256	-2.75823	-0.301183	-0.204775	0.800228	0.800228	-3.45606	-0.465697	-0.330428
11	0.430183	0.0307215	0.0307215	-1.15573	-0.175607	-0.162839	0.12767	0.12767	-1.44813	-0.575935	-0.474435
11	1.41441	0.389897	0.389897	-2.00461	-0.207625	-0.0238586	1.62031	1.62031	-2.51178	-0.307414	-0.0338469
11	0.500542	0.124076	0.124076	-1.09904	-0.145174	-0.0819681	0.515627	0.515627	-1.3771	-0.436622	-0.234157
11	0.745519	-0.240428	-0.240428	-1.40954	-0.463987	-0.463586	-0.999156	-0.999156	-1.76615	-1.32141	-1.22737
11	1.02451	-0.118994	-0.118994	-2.38448	-0.454073	-0.335181	-0.494506	-0.494506	-2.98776	-1.00872	-0.853202
11	0.487958	0.0219497	0.0219497	-1.21422	-0.169439	-0.170071	0.0912172	0.0912172	-1.52142	-0.569132	-0.475232
11	0.93745	0.0100718	0.0100718	-1.38363	-0.249794	-0.208984	0.0418557	0.0418557	-1.73369	-0.64001	-0.508114
11	1.33446	0.046542	0.046542	-1.60322	-0.540817	-0.451883	0.193416	0.193416	-2.00883	-0.83407	-0.643103
11	0.892868	0.200166	0.200166	-2.05236	-0.049733	-0.0399215	0.831834	0.831834	-2.57161	-0.133359	-0.0913298
11	0.470946	-0.0791216	-0.0791216	-1.41373	-0.323609	-0.272668	-0.328808	-0.328808	-1.7714	-0.900132	-0.751361
11	1.40971	0.183391	0.183391	-1.37555	-0.426279	-0.466797	0.762123	0.762123	-1.72356	-0.589652	-0.551695
11	1.10461	0.160419	0.160419	-1.02256	-0.14303	-0.124997	0.666658	0.666658	-1.28127	-0.356054	-0.255959
11	2.18452	0.485954	0.249398	-1.60685	-1.19079	-0.957706	2.01949	0.988197	-2.01339	-1.06595	-0.886456
11	1.17903	-0.177061	-0.177061	-1.24721	-0.571836	-0.505727	-0.735817	-0.735817	-1.56276	-1.24759	-0.962084
11	0.433464	-0.532025	-0.532025	-1.49569	-0.786014	-0.725445	-2.21095	-2.21095	-1.8741	-2.25295	-1.91046
11	0.481436	0.255403	0.255403	-0.552588	0.0609422	0.0499027	1.06138	1.06138	-0.692393	0.20645	0.131551
11	1.28112	0.294329	0.294329	-1.55975	-0.0705957	-0.0652413	1.22315	1.22315	-1.95437	-0.133678	-0.108927
11	1.04609	0.09873	0.09873	-1.22526	-0.124106	-0.155137	0.410295	0.410295	-1.53525	-0.368103	-0.331755
11	0.861429	-0.183339	-0.183339	-1.3834	-0.402404	-0.374692	-0.761906	-0.761906	-1.7334	-1.19264	-1.00107
11	1.08283	0.0462834	0.0462834	-1.90859	-0.223283	-0.201711	0.192341	0.192341	-2.39147	-0.543529	-0.454978
11	0.75402	-0.191476	-0.191476	-1.54069	-0.40004	-0.432135	-0.795723	-0.795723	-1.93048	-1.14165	-1.03227
11	0.761516	-0.0758462	-0.0758462	-0.930065	-0.336173	-0.274055	-0.315196	-0.315196	-1.16537	-0.943311	-0.72068
11	1.05623	-0.000196287	-0.000196287	-1.65962	-0.237096	-0.2599	-0.000815716	-0.000815716	-2.0795	-0.658457	-0.582057
11	0.854482	0.241687	0.241687	-1.21494	0.0109474	0.0392285	1.00438	1.00438	-1.52232	0.0343625	0.0947631
11	0.654648	-0.0909247	-0.0909247	-1.81259	-0.324531	-0.270835	-0.377859	-0.377859	-2.27118	-0.992574	-0.729527
11	2.05496	-0.175369	-0.379847	-2.35972	-1.58855	-1.50388	-0.728785	-1.50508	-2.95673	-1.48338	-1.35061
11	0.568973	0.630103	0.630103	-0.954719	0.412513	0.410403	2.61854	2.61854	-1.19626	1.28432	1.06637
11	0.962165	0.255238	0.255238	-2.05906	0.00993402	0.00492972	1.0607	1.0607	-2.58	0.0259398	0.0111371
11	0.666205	-0.317111	-0.317111	-1.75503	-0.564771	-0.537536	-1.31783	-1.31783	-2.19905	-1.50107	-1.46553
11	1.22941	-0.175919	-0.175919	-2.79627	-0.528476	-0.499377	-0.731071	-0.731071	-3.50372	-1.08634	-0.88585
11	0.662296	0.0843745	0.0843745	-1.27766	-0.157095	-0.0981055	0.350638	0.350638	-1.60091	-0.475421	-0.28301
11	0.772849	-0.182761	-0.182761	-1.90629	-0.391422	-0.388822	-0.759505	-0.759505	-2.38859	-1.30167	-0.967215
11	1.07672	-0.0564613	-0.0564613	-1.38375	-0.36632	-0.279478	-0.234638	-0.234638	-1.73384	-0.808163	-0.686074
11	0.707729	-0.111324	-0.111324	-1.33457	-0.322309	-0.315021	-0.462633	-0.462633	-1.67222	-1.11732	-0.801778
11	1.44262	0.238372	0.238372	-2.01217	-0.453256	-0.443604	0.990608	0.990608	-2.52124	-0.670076	-0.589944
11	0.451006	0.141484	0.141484	-0.985723	-0.0679864	-0.0652233	0.587968	0.587968	-1.23511	-0.221632	-0.174049
11	0.970482	0.0403186	0.0403186	-1.88223	-0.225671	-0.20314	0.167553	0.167553	-2.35843	-0.570199	-0.45865
11	1.1555	0.237523	0.237523	-1.16568	-0.135884	-0.0842887	0.987081	0.987081	-1.4606	-0.264648	-0.155927
11	1.06357	0.0409077	0.0409077	-1.25554	-0.252234	-0.214436	0.170001	0.170001	-1.57319	-0.658266	-0.486519
11	0.593467	0.0996615	0.0996615	-0.775636	-0.145658	-0.133369	0.414166	0.414166	-0.971872	-0.398491	-0.321681
11	1.26469	-0.270771	-0.270771	-2.2571	-0.805705	-0.687665	-1.12525	-1.12525	-2.82815	-1.27684	-1.05784
11	1.14563	-0.284948	-0.284948	-2.13894	-0.590346	-0.590747	-1.18417	-1.18417	-2.68009	-1.45546	-1.15611
11	0.689096	-0.0798352	-0.0798352	-1.58597	-0.299351	-0.309273	-0.331774	-0.331774	-1.98722	-0.943028	-0.773051
11	0.369706	-0.0988979	-0.0988979	-1.06135	-0.340719	-0.302607	-0.410993	-0.410993	-1.32988	-1.02465	-0.857128
11	0.418185	0.0725956	0.0725956	-0.725232	-0.184753	-0.123264	0.301688	0.301688	-0.908716	-0.555727	-0.334147
11	1.96761	-0.00485844	-0.244579	-1.6718	-1.13486	-1.01156	-0.0201904	-0.969102	-2.09476	-1.13234	-1.03122
11	1.10939	0.360734	0.360734	-0.990745	0.0327347	0.0698329	1.49911	1.49911	-1.2414	0.0785468	0.137399
11	0.788911	-0.00820086	-0.00820086	-1.85859	-0.263169	-0.237231	-0.0340806	-0.0340806	-2.32882	-0.688069	-0.585812
11	0.911823	0.550729	0.550729	-1.49589	0.32081	0.341396	2.28868	2.28868	-1.87435	0.962991	0.857318
11	0.77487	-0.446088	-0.446088	-1.78692	-0.720949	-0.669955	-1.85382	-1.85382	-2.23901	-1.79601	-1.7579
11	0.441108	-0.146334	-0.146334	-1.17679	-0.358227	-0.34738	-0.608127	-0.608127	-1.47452	-1.07149	-0.958245
11	1.02343	0.0726644	0.0726644	-1.12918	-0.14945	-0.180468	0.301974	0.301974	-1.41486	-0.44016	-0.423514
11	1.04569	0.0367756	0.0367756	-1.89975	-0.250581	-0.163281	0.15283	0.15283	-2.38039	-0.678643	-0.416377
11	1.29362	-0.244956	-0.244956	-2.22931	-0.657459	-0.584955	-1.01797	-1.01797	-2.79333	-1.22313	-1.15536
11	0.820402	-0.0799453	-0.0799453	-1.48094	-0.338706	-0.318716	-0.332231	-0.332231	-1.85562	-0.963443	-0.722224
11	1.77391	0.262042	0.262042	-2.31922	-0.721735	-0.6598	1.08898	1.08898	-2.90598	-0.820887	-0.612051
11	0.706956	-0.225521	-0.225521	-1.62647	-0.429623	-0.444284	-0.937205	-0.937205	-2.03797	-1.30844	-1.17156
11	0.752139	-0.117604	-0.117604	-1.56282	-0.373109	-0.364578	-0.488729	-0.488729	-1.95821	-1.00618	-0.911665
11	1.50947	-0.077883	-0.077883	-3.03887	-0.677152	-0.566786	-0.323661	-0.323661	-3.8077	-0.842271	-0.739159
11	0.374075	0.149426	0.149426	-1.05626	-0.0835669	-0.0541188	0.620973	0.620973	-1.3235	-0.247833	-0.141888
11	0.789061	0.214225	0.214225	-0.695838	-0.021028	0.00925564	0.890261	0.890261	-0.871886	-0.065006	0.0247223
11	0.88865	-0.108408	-0.108408	-1.7115	-0.372885	-0.346075	-0.450516	-0.450516	-2.14451	-1.01472	-0.792005
11	0.794585	0.361629	0.361629	-0.915347	0.122611	0.152177	1.50283	1.50283	-1.14693	0.28394	0.40273
11	0.851235	0.024389	0.024389	-1.75949	-0.232574	-0.174392	0.101354	0.101354	-2.20465	-0.583365	-0.466993
11	0.757091	-0.0246878	-0.0246878	-2.19717	-0.260058	-0.258386	-0.102596	-0.102596	-2.75305	-0.711302	-0.578689
11	0.71996	0.213073	0.213073	-1.01143	-0.0418352	-0.000841394	0.885473	0.885473	-1.26732	-0.120267	-0.00219121
11	0.589072	0.399041	0.399041	-0.999884	0.20316	0.175235	1.65831	1.65831	-1.25285	0.719748	0.463032
11	0.58776	0.154698	0.154698	-1.04639	-0.0577821	-0.030641	0.642882	0.642882	-1.31113	-0.182965	-0.0934368
11	0.872859	0.424149	0.424149	-0.613681	0.187877	0.222509	1.76265	1.76265	-0.768942	0.530115	0.586922
11	0.85534	0.251611	0.251611	-1.04998	0.00129647	0.0107071	1.04563	1.04563	-1.31562	0.00354319	0.0229924
11	0.567957	0.357471	0.357471	-0.880126	0.133055	0.149401	1.48555	1.48555	-1.1028	0.399127	0.372806
11	1.07431	-0.210747	-0.210747	-1.8693	-0.481358	-0.427219	-0.875806	-0.875806	-2.34223	-1.23075	-1.02556
11	0.66181	0.232273	0.232273	-1.24067	0.0192779	0.0422618	0.965266	0.965266	-1.55456	0.0551569	0.109942
11	1.08063	-0.0249174	-0.0249174	-1.71125	-0.232906	-0.284854	-0.10355	-0.10355	-2.14419	-0.724758	-0.632658
11	0.475948	-0.00256788	-0.00256788	-1.28589	-0.228274	-0.202261	-0.0106714	-0.0106714	-1.61122	-0.61711	-0.507122
11	1.9051	0.147622	-0.057808	-1.98649	-0.897887	-0.716855	0.613477	-0.229055	-2.48907	-0.983413	-0.792534
11	0.534016	0.00537418	0.00537418	-1.51218	-0.218106	-0.175208	0.0223336	0.0223336	-1.89476	-0.572086	-0.530801
11	1.08939	0.0936506	0.0936506	-1.58814	-0.212353	-0.186057	0.389187	0.389187	-1.98994	-0.46273	-0.413931
11	0.381422	0.330677	0.330677	-0.555163	0.095926	0.125997	1.3742	1.3742	-0.695619	0.267528	0.330649
11	0.508439	0.32714	0.32714	-1.11388	0.0941494	0.135362	1.35951	1.35951	-1.39569	0.29015	0.389708
11	0.774505	0.0464117	0.0464117	-1.85752	-0.174263	-0.170014	0.192875	0.192875	-2.32748	-0.547624	-0.416857
11	0.929106	-0.0992103	-0.0992103	-2.01402	-0.343691	-0.328485	-0.412291	-0.412291	-2.52356	-0.982995	-0.770083
11	1.50117	0.377717	0.377717	-1.30845	-0.316682	-0.103688	1.56969	1.56969	-1.63949	-0.406786	-0.139511
11	1.61005	-0.0176973	-0.0176973	-1.97324	-0.664561	-0.581046	-0.0735451	-0.0735451	-2.47247	-0.900221	-0.719756
11	1.34775	-0.189693	-0.189693	-2.13148	-0.585237	-0.56402	-0.788315	-0.788315	-2.67075	-1.10116	-0.900283
11	1.01513	-0.00426818	-0.00426818	-1.70755	-0.304347	-0.223283	-0.0177374	-0.0177374	-2.13956	-0.767128	-0.534101
11	0.562535	-0.670367	-0.670367	-1.75196	-0.90457	-0.874507	-2.78587	-2.78587	-2.1952	-2.64602	-2.17858
11	1.0302	-0.669554	-0.669554	-2.66744	-0.922491	-0.89224	-2.78249	-2.78249	-3.34231	-2.51003	-2.37428
11	1.28465	-0.00148844	-0.00148844	-1.77518	-0.477931	-0.451056	-0.00618555	-0.00618555	-2.2243	-0.901034	-0.78586
11	0.603109	0.298186	0.298186	-0.668904	0.0699705	0.0912076	1.23918	1.23918	-0.838137	0.213071	0.239294
11	0.999866	0.129675	0.129675	-1.30237	-0.155654	-0.0840809	0.538895	0.538895	-1.63187	-0.35051	-0.2254
11	0.640397	-0.355703	-0.355703	-1.84118	-0.546279	-0.54957	-1.47821	-1.47821	-2.307	-1.84158	-1.53714
11	0.565977	0.641348	0.641348	-0.561566	0.404468	0.424501	2.66527	2.66527	-0.703642	1.08309	1.05392
11	1.36457	0.192821	0.192821	-1.36183	-0.203252	-0.192021	0.801313	0.801313	-1.70638	-0.425173	-0.296983
11	0.358696	-0.323573	-0.323573	-1.12099	-0.589149	-0.516644	-1.34468	-1.34468	-1.4046	-1.44213	-1.44421
11	0.812438	0.781199	0.781199	-1.10377	0.530372	0.589368	3.24645	3.24645	-1.38302	1.52855	1.61135
11	0.840795	-0.206148	-0.206148	-1.35774	-0.455118	-0.443109	-0.856696	-0.856696	-1.70125	-1.24282	-0.961437
11	0.543735	0.0437847	0.0437847	-1.1154	-0.200025	-0.161237	0.181957	0.181957	-1.39759	-0.596363	-0.406194
11	0.84062	0.146932	0.146932	-1.38807	-0.0658099	-0.130286	0.610611	0.610611	-1.73925	-0.200097	-0.263132
11	0.776512	0.0544659	0.0544659	-0.93974	-0.141995	-0.151247	0.226346	0.226346	-1.17749	-0.480223	-0.392471
11	0.532068	-0.12317	-0.12317	-1.20576	-0.35111	-0.308076	-0.51186	-0.51186	-1.51082	-1.03409	-0.843917
11	0.496724	0.263543	0.263543	-0.933893	0.0259334	0.0778698	1.09521	1.09521	-1.17017	0.0751098	0.228566
11	0.414193	-0.0093678	-0.0093678	-0.834597	-0.206413	-0.199914	-0.0389301	-0.0389301	-1.04575	-0.698135	-0.505069
11	0.496048	-0.435469	-0.435469	-1.46656	-0.652364	-0.616192	-1.80969	-1.80969	-1.8376	-1.9635	-1.80859
11	0.878836	0.0646504	0.0646504	-1.30321	-0.17988	-0.172269	0.26867	0.26867	-1.63293	-0.475594	-0.383336
11	0.783777	0.155002	0.155002	-1.0689	-0.0804773	-0.0582566	0.644146	0.644146	-1.33933	-0.234028	-0.155767
11	1.35818	-0.391937	-0.391937	-1.78413	-1.05459	-0.863271	-1.62878	-1.62878	-2.23551	-1.61763	-1.35244
11	0.612108	0.0682127	0.0682127	-1.17572	-0.132899	-0.129958	0.283474	0.283474	-1.47318	-0.429143	-0.335909
11	0.637802	-0.152531	-0.152531	-1.90772	-0.369751	-0.359584	-0.633878	-0.633878	-2.39037	-1.15311	-0.98272
11	0.999532	-0.306444	-0.306444	-2.255	-0.588616	-0.538281	-1.2735	-1.2735	-2.82551	-1.41881	-1.21223
11	0.764963	-0.486839	-0.486839	-2.47942	-0.734699	-0.69507	-2.02317	-2.02317	-3.10671	-2.04055	-1.96164
11	1.35979	-0.470023	-0.470023	-2.0947	-1.10089	-0.995364	-1.95329	-1.95329	-2.62465	-1.79437	-1.52782
11	0.873216	0.276273	0.276273	-1.27713	0.00813347	0.0744785	1.14812	1.14812	-1.60025	0.0197189	0.191643
11	0.810963	0.0270167	0.0270167	-1.35715	-0.164693	-0.21897	0.112274	0.112274	-1.70051	-0.581384	-0.544577
11	0.605666	0.315896	0.315896	-0.504459	0.0866064	0.102721	1.31278	1.31278	-0.632087	0.262936	0.278994
11	0.646605	0.427336	0.427336	-0.787155	0.201192	0.219016	1.77589	1.77589	-0.986306	0.578732	0.54883
11	0.735952	0.134869	0.134869	-1.13524	-0.0797227	-0.0834889	0.56048	0.56048	-1.42246	-0.222212	-0.191109
11	1.26153	-0.0539365	-0.0539365	-1.04092	-0.423317	-0.429829	-0.224146	-0.224146	-1.30427	-0.94209	-0.726706
11	1.08201	0.239777	0.239777	-1.87416	-0.077126	-0.0441777	0.99645	0.99645	-2.34832	-0.18728	-0.0841905
11	1.22734	0.0752227	0.0752227	-1.49303	-0.282484	-0.255899	0.312605	0.312605	-1.87077	-0.568796	-0.430939
11	0.699967	0.339825	0.339825	-0.784808	0.0910572	0.146897	1.41222	1.41222	-0.983365	0.248855	0.425519
11	1.90391	0.15245	-0.0054741	-2.95065	-2.17007	-1.85982	0.633541	-0.0216902	-3.69716	-2.18973	-1.56782
11	0.880561	-0.387137	-0.387137	-2.10248	-0.64207	-0.595753	-1.60884	-1.60884	-2.63441	-1.60743	-1.59037
11	1.82965	0.572809	0.572809	-2.19177	-1.37158	-0.901402	2.38044	2.38044	-2.74629	-1.28814	-0.787165
11	0.502414	0.467159	0.467159	-0.4728	0.243401	0.291037	1.94139	1.94139	-0.592418	0.727885	0.747633
11	0.625312	0.333083	0.333083	-1.0993	0.0865684	0.120679	1.3842	1.3842	-1.37742	0.249158	0.30018
11	0.250985	0.0753286	0.0753286	-0.483318	-0.131078	-0.115205	0.313046	0.313046	-0.605597	-0.423183	-0.336663
11	0.450885	0.208484	0.208484	-1.01131	-0.0371791	0.0170269	0.866402	0.866402	-1.26717	-0.0995954	0.0477336
11	0.971335	0.26986	0.26986	-1.75416	0.0270329	0.0444215	1.12147	1.12147	-2.19796	0.0755733	0.115247
11	1.59793	-0.324194	-0.324194	-2.69227	-1.02095	-0.852213	-1.34726	-1.34726	-3.37341	-1.27919	-1.0879
11	1.39342	-0.498674	-0.498674	-2.42921	-1.13781	-0.954508	-2.07236	-2.07236	-3.0438	-1.60276	-1.49968
11	0.641884	-0.0597632	-0.0597632	-0.873063	-0.30247	-0.26839	-0.24836	-0.24836	-1.09395	-0.823246	-0.72377
11	1.32757	-0.0879816	-0.0879816	-1.59901	-0.518803	-0.506311	-0.365628	-0.365628	-2.00357	-0.996132	-0.79837
11	1.23553	-0.115091	-0.115091	-1.74839	-0.485194	-0.465274	-0.478288	-0.478288	-2.19073	-0.885687	-0.745957
11	0.9873	0.302118	0.302118	-1.59431	0.0464532	0.0657047	1.25552	1.25552	-1.99767	0.1285	0.150027
11	1.24729	-0.358226	-0.358226	-1.74308	-0.8005	-0.650817	-1.48869	-1.48869	-2.18409	-1.52783	-1.20464
11	0.954713	-0.366022	-0.366022	-2.55163	-0.641663	-0.627469	-1.52109	-1.52109	-3.19719	-1.6598	-1.34312
11	0.473286	-0.0128504	-0.0128504	-1.24974	-0.210782	-0.20514	-0.0534028	-0.0534028	-1.56592	-0.692695	-0.580679
11	1.00364	0.0749265	0.0749265	-1.50229	-0.167303	-0.150167	0.311374	0.311374	-1.88237	-0.476443	-0.372892
11	1.0869	-0.111973	-0.111973	-1.35567	-0.390738	-0.371188	-0.465329	-0.465329	-1.69865	-0.987222	-0.789503
11	0.721377	0.241196	0.241196	-1.1324	0.0167663	0.051666	1.00234	1.00234	-1.4189	0.0556603	0.136805
11	0.809405	-0.0674	-0.0674	-0.977222	-0.304726	-0.271667	-0.280096	-0.280096	-1.22446	-0.841566	-0.694535
11	0.7607	-0.0639524	-0.0639524	-1.24947	-0.302836	-0.243611	-0.265769	-0.265769	-1.56559	-0.887229	-0.641125
11	0.605645	-0.0803226	-0.0803226	-1.61957	-0.321631	-0.264	-0.333799	-0.333799	-2.02933	-0.990149	-0.726581
11	0.675486	0.166533	0.166533	-1.25733	-0.0632433	-0.0528981	0.692065	0.692065	-1.57543	-0.177313	-0.131788
11	0.76225	0.30708	0.30708	-1.09608	0.0665851	0.113027	1.27614	1.27614	-1.37339	0.173246	0.335673
11	0.369216	0.200144	0.200144	-0.946181	-0.0126489	-0.0251726	0.831745	0.831745	-1.18556	-0.0417317	-0.0626781
11	0.530957	-0.106347	-0.106347	-0.905847	-0.31288	-0.286444	-0.441951	-0.441951	-1.13503	-0.917697	-0.860837
11	1.5922	0.30512	0.30512	-2.12521	-0.494338	-0.355522	1.268	1.268	-2.66289	-0.628851	-0.406137
11	1.90683	0.213723	-0.0988242	-1.63115	-1.33698	-1.09709	0.888174	-0.391574	-2.04383	-1.64395	-1.16564
11	1.03284	0.245296	0.245296	-0.845935	0.00799003	0.0500396	1.01938	1.01938	-1.05996	0.0231573	0.121907
11	0.907334	0.0606239	0.0606239	-1.17752	-0.161058	-0.137803	0.251936	0.251936	-1.47543	-0.532756	-0.339959
11	0.520397	-0.0187362	-0.0187362	-0.993102	-0.220165	-0.210427	-0.0778627	-0.0778627	-1.24436	-0.681453	-0.571267
11	0.629605	0.211371	0.211371	-0.893141	-0.0326159	-0.00580838	0.8784	0.8784	-1.11911	-0.0885536	-0.0137222
11	0.460488	-0.115849	-0.115849	-0.97156	-0.322224	-0.343508	-0.481438	-0.481438	-1.21736	-1.0667	-0.826213
11	0.376302	-0.0264224	-0.0264224	-1.08132	-0.250388	-0.181874	-0.109804	-0.109804	-1.3549	-0.793015	-0.544384
11	0.536232	0.401319	0.401319	-0.611307	0.139532	0.209561	1.66777	1.66777	-0.765968	0.386951	0.523044
11	0.597938	-0.281922	-0.281922	-1.6562	-0.534144	-0.490757	-1.17159	-1.17159	-2.07522	-1.43274	-1.29907
11	0.581748	0.280672	0.280672	-0.656103	0.0830202	0.0588866	1.1664	1.1664	-0.822098	0.271676	0.141116
11	0.394178	-0.607842	-0.607842	-1.76914	-0.819658	-0.838218	-2.52603	-2.52603	-2.21673	-2.66012	-2.15152
11	0.495659	-0.160902	-0.160902	-1.35768	-0.381115	-0.389364	-0.668664	-0.668664	-1.70117	-1.11134	-0.976803
11	0.698626	0.0277891	0.0277891	-1.45604	-0.214689	-0.204924	0.115484	0.115484	-1.82442	-0.597059	-0.488769
11	0.915909	0.519046	0.519046	-1.63171	0.26194	0.269649	2.15702	2.15702	-2.04454	0.64721	0.594077
11	1.4547	0.319664	0.319664	-1.69841	-0.416888	-0.331469	1.32844	1.32844	-2.12811	-0.564413	-0.467787
11	0.9025	0.316701	0.316701	-1.1309	0.045455	0.0742572	1.31612	1.31612	-1.41702	0.12681	0.172274
11	0.780872	-0.406445	-0.406445	-1.46684	-0.647298	-0.611852	-1.68907	-1.68907	-1.83795	-1.80217	-1.68783
11	1.1658	0.0890677	0.0890677	-1.61052	-0.261958	-0.205375	0.370142	0.370142	-2.01799	-0.57944	-0.381698
11	0.53327	0.702884	0.702884	-0.652735	0.491756	0.487282	2.921	2.921	-0.817877	1.49452	1.27932
11	0.990317	0.0515282	0.0515282	-1.35163	-0.184276	-0.139034	0.214137	0.214137	-1.69359	-0.5087	-0.353536
11	0.824928	-0.182594	-0.182594	-2.15284	-0.45238	-0.417438	-0.75881	-0.75881	-2.69751	-1.02728	-1.02301
11	1.28996	-0.277222	-0.277222	-2.34372	-0.675801	-0.579104	-1.15206	-1.15206	-2.93668	-1.24931	-1.12831
11	1.02512	0.194496	0.194496	-1.57506	-0.0770992	-0.0607239	0.808271	0.808271	-1.97355	-0.187729	-0.123671
11	0.899989	-0.477198	-0.477198	-1.43201	-0.728125	-0.686276	-1.98311	-1.98311	-1.79431	-1.97832	-1.91804
11	1.16827	-0.0122743	-0.0122743	-1.46683	-0.333173	-0.309613	-0.0510086	-0.0510086	-1.83794	-0.807844	-0.580571
11	1.33387	-0.0803947	-0.0803947	-1.91794	-0.51532	-0.459685	-0.334099	-0.334099	-2.40318	-0.99397	-0.852552
11	1.02285	0.0311119	0.0311119	-1.55069	-0.237891	-0.200411	0.129293	0.129293	-1.94302	-0.611331	-0.501569
11	2.22857	-0.709362	-0.923203	-3.23901	-2.30693	-2.00125	-2.94792	-3.65804	-4.05848	-2.42559	-2.14412
11	0.559949	0.421417	0.421417	-0.788338	0.158223	0.231103	1.7513	1.7513	-0.987787	0.418461	0.673101
11	1.3508	-0.1155	-0.1155	-2.40169	-0.677334	-0.570678	-0.479985	-0.479985	-3.00932	-1.00423	-0.882715
11	0.76561	0.555496	0.555496	-1.06162	0.323812	0.345689	2.30849	2.30849	-1.33021	0.855663	0.903138
11	0.556189	-0.191574	-0.191574	-1.25545	-0.441667	-0.378171	-0.796129	-0.796129	-1.57308	-1.29962	-1.06259
11	1.61652	-0.393723	-0.393723	-2.41882	-1.18369	-1.03456	-1.63621	-1.63621	-3.03078	-1.44979	-1.25074
11	1.43269	-0.210094	-0.210094	-1.8065	-0.633051	-0.602712	-0.873094	-0.873094	-2.26354	-1.26931	-0.971721
11	0.607567	-0.143875	-0.143875	-1.08511	-0.354333	-0.338003	-0.597905	-0.597905	-1.35964	-1.11448	-0.881096
11	2.56963	0.097255	-0.353211	-2.58562	-2.54981	-2.21136	0.404166	-1.32772	-3.23978	-2.83647	-2.24722
11	0.877327	0.0987091	0.0987091	-1.60223	-0.112094	-0.136339	0.410209	0.410209	-2.0076	-0.371396	-0.327949
11	1.18897	0.056932	0.056932	-1.73697	-0.292384	-0.216334	0.236594	0.236594	-2.17643	-0.631432	-0.458172
11	1.67327	0.617054	0.617054	-1.26952	-0.59471	-0.456063	2.56431	2.56431	-1.59071	-0.702987	-0.512266
11	0.464417	0.335228	0.335228	-0.81512	0.123877	0.138652	1.39312	1.39312	-1.02135	0.397084	0.383757
11	0.793176	0.278949	0.278949	-1.11584	0.0475019	0.0865965	1.15924	1.15924	-1.39815	0.142319	0.222351
11	1.18248	0.0486119	0.0486119	-1.99514	-0.348477	-0.236371	0.202018	0.202018	-2.49991	-0.688083	-0.471355
11	0.889462	0.330827	0.330827	-1.12921	0.0580075	0.120755	1.37483	1.37483	-1.4149	0.154319	0.327993
11	0.848024	0.412027	0.412027	-0.972415	0.168864	0.195907	1.71227	1.71227	-1.21844	0.481585	0.506236
11	0.321509	0.32231	0.32231	-0.55206	0.0941642	0.134826	1.33944	1.33944	-0.691732	0.304421	0.389647
11	0.511174	-0.322138	-0.322138	-1.11485	-0.567401	-0.5273	-1.33872	-1.33872	-1.39691	-1.64949	-1.38772
11	1.10173	0.636201	0.636201	-1.17984	0.363509	0.402385	2.64388	2.64388	-1.47833	0.948159	0.89053
11	1.17727	-0.101391	-0.101391	-1.73741	-0.413169	-0.404669	-0.421352	-0.421352	-2.17697	-0.874788	-0.724287
11	0.895499	0.305697	0.305697	-1.19292	0.0434358	0.0968118	1.27039	1.27039	-1.49473	0.116934	0.249073
11	0.429451	0.0174554	0.0174554	-1.48533	-0.187959	-0.168985	0.0725401	0.0725401	-1.86112	-0.573413	-0.480852
11	1.14107	0.268666	0.268666	-1.2894	-0.069968	0.0184573	1.1165	1.1165	-1.61562	-0.143054	0.0424331
11	1.40408	0.336246	0.336246	-1.56759	-0.141405	-0.0934089	1.39735	1.39735	-1.96419	-0.228271	-0.128475
11	0.630891	0.115561	0.115561	-1.22021	-0.144721	-0.0993114	0.48024	0.48024	-1.52893	-0.418641	-0.264808
11	1.13204	-0.246609	-0.246609	-2.22833	-0.546406	-0.48855	-1.02484	-1.02484	-2.7921	-1.3125	-1.13046
11	1.72591	0.132853	0.132853	-1.87326	-0.717218	-0.665395	0.552103	0.552103	-2.3472	-0.880041	-0.71111
11	1.14097	0.061272	0.061272	-1.31358	-0.2803	-0.196566	0.25463	0.25463	-1.64591	-0.633326	-0.404093
11	1.23702	-0.138079	-0.138079	-1.99361	-0.502731	-0.437446	-0.573819	-0.573819	-2.498	-0.948838	-0.848226
11	1.45669	0.21497	0.21497	-1.40725	-0.816554	-0.680272	0.893359	0.893359	-1.76328	-1.00808	-0.79128
11	0.623138	0.00299304	0.00299304	-1.19081	-0.220894	-0.192145	0.0124383	0.0124383	-1.49208	-0.722864	-0.539184
11	0.802646	-0.390973	-0.390973	-1.66733	-0.612135	-0.617463	-1.62478	-1.62478	-2.08916	-1.8442	-1.43801
11	1.44254	-0.276138	-0.276138	-1.97841	-0.750972	-0.709877	-1.14756	-1.14756	-2.47894	-1.34475	-1.03704
11	1.53316	0.156014	0.156014	-1.93185	-0.72942	-0.559569	0.648353	0.648353	-2.4206	-1.04359	-0.761034
11	1.17655	-0.538413	-0.538413	-2.60677	-0.987235	-0.873782	-2.2375	-2.2375	-3.26628	-1.8423	-1.63506
11	0.444176	0.12676	0.12676	-0.986269	-0.105966	-0.0734487	0.526781	0.526781	-1.2358	-0.298854	-0.200981
11	0.6687	0.289852	0.289852	-1.227	0.0270354	0.08814	1.20455	1.20455	-1.53743	0.0771878	0.246021
11	1.38345	-0.0611308	-0.0611308	-1.09132	-0.471101	-0.501345	-0.254043	-0.254043	-1.36743	-1.04995	-0.860505
11	0.895506	-0.188955	-0.188955	-1.23961	-0.451291	-0.425675	-0.785245	-0.785245	-1.55323	-1.15834	-1.05176
11	1.826	-0.321782	-0.321782	-3.16143	-1.67429	-1.3795	-1.33724	-1.33724	-3.96127	-1.59558	-1.23484
11	0.73481	0.14485	0.14485	-1.12815	-0.0744683	-0.0772115	0.601956	0.601956	-1.41357	-0.231956	-0.19745
11	0.904974	0.12794	0.12794	-1.3212	-0.09901	-0.0793993	0.531686	0.531686	-1.65546	-0.301324	-0.216896
11	1.67311	-0.136126	-3.20359	-3.20359	-0.914501	-0.633835	-0.565704	-4.0141	-4.0141	-1.15634	-0.959685
11	1.17265	-0.160238	-0.160238	-1.74479	-0.513593	-0.452607	-0.665905	-0.665905	-2.18623	-1.03757	-0.897139
11	0.914424	0.155275	0.155275	-1.93108	-0.0833387	-0.0723715	0.645279	0.645279	-2.41964	-0.246425	-0.163065
11	0.806521	-0.144929	-0.144929	-1.77419	-0.39807	-0.350908	-0.602287	-0.602287	-2.22306	-1.07026	-0.952757
11	1.13665	-0.227561	-0.227561	-1.86175	-0.599793	-0.564801	-0.945681	-0.945681	-2.33277	-1.14663	-1.03513
11	0.719016	0.148031	0.148031	-1.21654	-0.0883995	-0.0651506	0.615176	0.615176	-1.52433	-0.256327	-0.167346
11	0.739813	0.409293	0.409293	-1.07517	0.14902	0.204281	1.70091	1.70091	-1.34718	0.378842	0.560348
11	0.948382	0.186341	0.186341	-1.01201	-0.0614019	-0.0523085	0.774384	0.774384	-1.26805	-0.156012	-0.121248
11	0.829082	-0.22812	-0.22812	-1.74944	-0.531517	-0.452591	-0.948007	-0.948007	-2.19205	-1.20352	-1.17545
11	0.412441	0.100876	0.100876	-0.99661	-0.126345	-0.0906303	0.419212	0.419212	-1.24875	-0.393578	-0.249436
11	0.908709	0.1848	0.1848	-1.60132	-0.0574895	-0.0043419	0.767981	0.767981	-2.00645	-0.152939	-0.0118818
11	0.81198	0.637646	0.637646	-1.15118	0.378954	0.464286	2.64989	2.64989	-1.44243	1.04693	1.3215
11	2.19113	0.775189	0.573915	-1.83837	-0.59589	-0.486067	3.22148	2.27404	-2.30347	-0.589796	-0.547927
11	0.46562	0.0772429	0.0772429	-0.913868	-0.16868	-0.124318	0.321001	0.321001	-1.14508	-0.508265	-0.357877
11	0.764271	-0.398327	-0.398327	-1.82116	-0.641238	-0.625692	-1.65534	-1.65534	-2.28191	-1.77713	-1.42369
11	1.27295	-0.0127137	-0.0127137	-1.69842	-0.452149	-0.470557	-0.0528348	-0.0528348	-2.12812	-0.896442	-0.685042
11	1.44291	-0.0126896	-0.0126896	-1.89586	-0.611064	-0.495405	-0.0527347	-0.0527347	-2.37551	-0.854644	-0.637209
11	0.878627	0.0364023	0.0364023	-1.25446	-0.223552	-0.174594	0.151278	0.151278	-1.57183	-0.636282	-0.444991
11	1.10667	0.00648355	0.00648355	-1.2485	-0.304362	-0.287801	0.0269439	0.0269439	-1.56437	-0.767924	-0.578214
11	1.05749	0.192784	0.192784	-1.40042	-0.0707283	-0.0350369	0.80116	0.80116	-1.75473	-0.18339	-0.0799116
11	1.39012	0.273259	0.273259	-2.50004	-0.291909	-0.160361	1.13559	1.13559	-3.13255	-0.410144	-0.215556
11	0.308513	0.208878	0.208878	-0.990342	-0.0125627	0.0433874	0.86804	0.86804	-1.2409	-0.0403418	0.134791
11	1.9871	-0.103391	-0.317861	-2.18897	-1.77039	-1.56125	-0.429666	-1.25947	-2.74278	-2.39773	-1.91233
11	0.849458	-0.207918	-0.207918	-1.92579	-0.458734	-0.426253	-0.864053	-0.864053	-2.41301	-1.26422	-1.08969
11	0.707817	0.800894	0.800894	-0.21208	0.595756	0.58015	3.3283	3.3283	-0.265736	1.94044	1.4023
11	0.794772	0.231121	0.231121	-1.48419	-0.0136682	0.0253825	0.960475	0.960475	-1.85969	-0.0388118	0.0657646
11	0.810726	0.304586	0.304586	-0.803441	0.0577098	0.0879088	1.26578	1.26578	-1.00671	0.156253	0.222586
11	0.394255	0.224935	0.224935	-0.706503	0.0120556	0.0600652	0.934769	0.934769	-0.885248	0.0399008	0.186742
11	1.1033	-0.12403	-0.12403	-1.51821	-0.417696	-0.366962	-0.515434	-0.515434	-1.90232	-1.0322	-0.81108
11	1.43235	-0.148833	-0.148833	-1.67157	-0.827033	-0.747286	-0.618508	-0.618508	-2.09448	-1.25483	-1.04777
11	1.57555	0.252076	0.252076	-1.7726	-0.565392	-0.493932	1.04756	1.04756	-2.22106	-0.870111	-0.644741
11	0.609019	-0.387561	-0.387561	-1.9273	-0.628497	-0.623436	-1.6106	-1.6106	-2.41491	-1.88	-1.49161
11	0.588069	0.0211648	0.0211648	-1.00791	-0.211171	-0.193886	0.0879553	0.0879553	-1.26291	-0.671388	-0.530537
11	0.735812	0.33935	0.33935	-1.51927	0.110687	0.137443	1.41025	1.41025	-1.90365	0.298123	0.347106
11	1.47127	0.202852	0.202852	-2.66644	-0.275583	-0.244585	0.842997	0.842997	-3.34104	-0.446824	-0.360273
11	0.460897	-0.173111	-0.173111	-1.38341	-0.39914	-0.357131	-0.719404	-0.719404	-1.73342	-1.19104	-1.02989
11	0.701119	-0.0438567	-0.0438567	-1.35003	-0.271862	-0.240172	-0.182257	-0.182257	-1.69159	-0.807628	-0.679841
11	0.415177	0.558945	0.558945	-0.100897	0.342795	0.352272	2.32283	2.32283	-0.126424	1.10092	0.948016
11	0.593235	0.463309	0.463309	-0.790206	0.244602	0.263756	1.92539	1.92539	-0.990128	0.718414	0.700927
11	1.5552	0.0924329	0.0924329	-1.56714	-0.417201	-0.352322	0.384126	0.384126	-1.96363	-0.636519	-0.540855
11	1.05321	0.275644	0.275644	-1.62211	0.0131739	-0.012469	1.1455	1.1455	-2.03251	0.0351734	-0.0255475
11	1.48935	0.102026	0.102026	-1.43733	-0.645787	-0.453287	0.423992	0.423992	-1.80097	-0.786893	-0.61941
11	0.550349	-0.000224638	-0.000224638	-1.08043	-0.23172	-0.193114	-0.000933533	-0.000933533	-1.35377	-0.693877	-0.568795
11	1.24381	0.345916	0.345916	-1.67746	-0.0868534	-0.0638036	1.43753	1.43753	-2.10186	-0.18211	-0.112881
11	1.32364	0.334714	0.334714	-1.31563	-0.0310302	-0.0072751	1.39098	1.39098	-1.64849	-0.0680799	-0.0145838
11	0.588012	0.119333	0.119333	-1.11277	-0.12995	-0.0944375	0.495917	0.495917	-1.3943	-0.351378	-0.229527
11	0.499109	-0.150699	-0.150699	-0.943369	-0.37034	-0.366717	-0.626263	-0.626263	-1.18204	-1.07021	-1.01698
11	2.38283	0.0681782	-0.397499	-2.72836	-1.81115	-1.36457	0.28333	-1.4942	-3.41864	-1.51454	-1.16948
11	0.923041	0.269634	0.269634	-1.58224	0.0274761	0.0387068	1.12053	1.12053	-1.98255	0.0797745	0.0897081
11	0.281447	-0.738042	-0.738042	-1.66913	-0.952595	-0.922315	-3.0671	-3.0671	-2.09142	-2.94239	-2.76925
11	0.876501	0.159429	0.159429	-0.705679	-0.0731468	-0.0603706	0.662543	0.662543	-0.884216	-0.217153	-0.149694
11	0.505607	0.152442	0.152442	-1.02522	-0.0464529	-0.0439735	0.633509	0.633509	-1.2846	-0.146317	-0.120091
11	1.41582	0.220745	0.220745	-1.22082	-0.238152	-0.25427	0.917358	0.917358	-1.52969	-0.420296	-0.349839
11	1.38526	0.297257	0.297257	-1.4527	-0.186774	-0.155864	1.23532	1.23532	-1.82024	-0.302413	-0.209465
11	1.28783	0.788222	0.788222	-1.54271	0.252497	0.307673	3.27564	3.27564	-1.93301	0.447206	0.466575
11	0.971669	-0.262745	-0.262745	-1.93374	-0.522044	-0.496747	-1.0919	-1.0919	-2.42298	-1.30534	-1.09292
11	1.03201	0.293278	0.293278	-1.64237	0.033809	0.0436309	1.21878	1.21878	-2.05788	0.0945234	0.0987459
11	0.354152	0.136394	0.136394	-0.629117	-0.0824616	-0.0421906	0.566815	0.566815	-0.788284	-0.263791	-0.122405
11	0.323718	-0.189742	-0.189742	-1.34856	-0.413138	-0.392439	-0.788516	-0.788516	-1.68974	-1.26335	-1.09992
11	0.65463	-0.477028	-0.477028	-2.09305	-0.733844	-0.699954	-1.9824	-1.9824	-2.6226	-2.01471	-1.6138
11	0.604807	0.26294	0.26294	-1.20835	0.0397342	0.058513	1.09271	1.09271	-1.51407	0.113877	0.153689
11	1.70456	-0.00231332	-0.00231332	-1.93116	-0.993331	-0.978273	-0.00961352	-0.00961352	-2.41974	-1.13463	-0.969163
11	1.10807	-0.638063	-0.638063	-2.85105	-0.980499	-0.921895	-2.65162	-2.65162	-3.57236	-2.1642	-1.9544
11	1.1525	-0.153797	-0.153797	-1.85306	-0.45857	-0.443948	-0.639137	-0.639137	-2.32189	-1.07982	-0.870368
11	1.73562	-0.459549	-0.459549	-1.84639	-1.75556	-1.74754	-1.90976	-1.90976	-2.31352	-2.40246	-2.12091
11	0.224867	0.190269	0.190269	-0.821895	-0.020966	0.00761732	0.790708	0.790708	-1.02983	-0.0613582	0.0219579
11	1.59531	0.251094	0.251094	-1.31913	-0.610341	-0.539076	1.04348	1.04348	-1.65288	-0.793277	-0.716911
11	0.517058	0.347372	0.347372	-0.621304	0.137431	0.127915	1.44358	1.44358	-0.778494	0.424913	0.30298
11	1.10585	0.436009	0.436009	-1.22918	0.104711	0.152094	1.81194	1.81194	-1.54016	0.242497	0.31727
11	1.45078	0.107977	0.107977	-1.96033	-0.584482	-0.465964	0.448724	0.448724	-2.45629	-0.81406	-0.645783
11	1.02271	-0.148192	-0.148192	-2.38911	-0.386773	-0.380572	-0.615847	-0.615847	-2.99355	-1.03541	-0.87013
11	0.803808	0.302493	0.302493	-1.45598	0.0453132	0.0712233	1.25708	1.25708	-1.82435	0.123471	0.175383
11	1.31857	-0.273782	-0.273782	-2.10347	-0.777671	-0.675593	-1.13777	-1.13777	-2.63564	-1.29542	-0.971121
11	0.819952	0.232071	0.232071	-1.81956	0.0015684	0.0120373	0.964425	0.964425	-2.27991	0.00470346	0.0293863
11	0.511418	0.163309	0.163309	-1.01007	-0.0651371	-0.0434585	0.678668	0.678668	-1.26562	-0.194964	-0.108472
11	0.735899	0.1004	0.1004	-1.25084	-0.16477	-0.103252	0.417237	0.417237	-1.5673	-0.474144	-0.273675
11	0.517306	0.095236	0.095236	-1.27862	-0.1142	-0.0810974	0.395775	0.395775	-1.60211	-0.384017	-0.235259
11	1.36947	0.611258	0.611258	-1.32109	0.256964	0.262619	2.54022	2.54022	-1.65532	0.546689	0.412779
11	0.898107	0.194006	0.194006	-1.07857	-0.070442	-0.0297864	0.806239	0.806239	-1.35145	-0.190585	-0.0691991
11	0.657634	0.268932	0.268932	-1.43662	0.018339	0.0331322	1.11761	1.11761	-1.80009	0.0494934	0.0764912
11	0.946034	0.169644	0.169644	-1.77542	-0.0628606	-0.0464475	0.704993	0.704993	-2.2246	-0.18256	-0.115552
11	1.25222	0.69739	0.69739	-1.43144	0.298476	0.346563	2.89817	2.89817	-1.7936	0.551139	0.669331
11	0.360125	0.0718326	0.0718326	-0.792989	-0.151869	-0.123675	0.298517	0.298517	-0.993615	-0.454539	-0.359297
11	0.721683	0.0285365	0.0285365	-1.20624	-0.213017	-0.187597	0.11859	0.11859	-1.51141	-0.56954	-0.467879
11	1.29789	0.365164	0.365164	-2.30414	-0.0592134	0.0381097	1.51752	1.51752	-2.88709	-0.110129	0.065305
11	1.65966	-0.0510005	-0.0510005	-3.24446	-1.00753	-0.795796	-0.211944	-0.211944	-4.06531	-1.03882	-0.779175
11	0.711189	-0.490238	-0.490238	-2.29787	-0.734393	-0.705879	-2.0373	-2.0373	-2.87923	-2.27208	-1.76888
11	0.301881	-0.121908	-0.121908	-1.12924	-0.325916	-0.312571	-0.506616	-0.506616	-1.41494	-1.1141	-0.842836
11	0.86485	-0.298913	-0.298913	-1.68592	-0.525363	-0.511398	-1.2422	-1.2422	-2.11246	-1.40986	-1.14699
11	0.713561	0.39151	0.39151	-0.785149	0.166553	0.172033	1.62701	1.62701	-0.983792	0.497935	0.419423
11	1.87722	0.125257	0.125257	-2.39065	-1.08951	-0.681788	0.520533	0.520533	-2.99548	-1.0973	-0.699304
11	1.14787	0.150519	0.150519	-1.76897	-0.203191	-0.145805	0.625518	0.625518	-2.21652	-0.444222	-0.301205
11	1.27599	0.237946	0.237946	-1.61491	-0.369142	-0.290475	0.988841	0.988841	-2.02349	-0.557035	-0.381878
11	1.79511	-0.0383681	-0.0383681	-2.84726	-0.909758	-0.734893	-0.159448	-0.159448	-3.56761	-0.968892	-0.777282
11	0.583366	0.312764	0.312764	-1.26416	0.0773163	0.0960419	1.29976	1.29976	-1.58399	0.223777	0.255439
11	1.0948	0.360594	0.360594	-0.889605	0.0693635	0.0899812	1.49853	1.49853	-1.11468	0.146906	0.188889
11	0.728643	-0.135642	-0.135642	-1.59226	-0.371279	-0.32056	-0.56369	-0.56369	-1.9951	-0.941413	-0.934211
11	0.574835	0.421869	0.421869	-0.487348	0.197901	0.225184	1.75317	1.75317	-0.610646	0.606947	0.594929
11	1.11252	0.451519	0.451519	-0.879661	0.135807	0.142917	1.87639	1.87639	-1.10222	0.326951	0.266896
11	1.42268	0.21707	0.21707	-1.3229	-0.18418	-0.152849	0.902087	0.902087	-1.6576	-0.348935	-0.256981
11	1.03043	-0.123993	-0.123993	-1.84228	-0.370814	-0.338131	-0.515282	-0.515282	-2.30837	-1.03981	-0.86808
11	1.35691	-0.144178	-0.144178	-2.16152	-0.641232	-0.55047	-0.599167	-0.599167	-2.70838	-0.963155	-0.826407
11	1.43434	0.263092	0.263092	-1.85862	-0.171245	-0.16185	1.09334	1.09334	-2.32885	-0.288324	-0.226206
11	0.929557	-0.0415128	-0.0415128	-1.30502	-0.292981	-0.269836	-0.172516	-0.172516	-1.63519	-0.794341	-0.66607
11	1.90253	0.536782	0.307414	-1.52987	-0.532747	-0.239344	2.23072	1.21808	-1.91693	-0.535387	-0.246236
11	0.541327	0.36611	0.36611	-0.84947	0.163649	0.169018	1.52146	1.52146	-1.06439	0.526223	0.464832
11	0.746986	-0.200652	-0.200652	-1.78773	-0.447464	-0.424371	-0.833857	-0.833857	-2.24002	-1.19823	-1.06639
11	2.63902	0.151902	-0.177191	-1.89901	-1.68078	-1.52123	0.631265	-0.70209	-2.37946	-1.96751	-1.72347
11	0.66217	-0.283014	-0.283014	-1.17413	-0.512039	-0.49729	-1.17613	-1.17613	-1.47118	-1.62965	-1.20431
11	0.688091	-0.0580888	-0.0580888	-1.3672	-0.283366	-0.285479	-0.241401	-0.241401	-1.7131	-0.889429	-0.664482
11	1.59314	0.385515	0.385515	-1.44995	-0.349238	-0.24783	1.6021	1.6021	-1.81679	-0.419738	-0.291967
11	0.562835	0.130007	0.130007	-1.26298	-0.11056	-0.0981223	0.540274	0.540274	-1.58252	-0.344277	-0.252066
11	0.981708	0.173321	0.173321	-1.36532	-0.0630314	-0.0518799	0.720276	0.720276	-1.71074	-0.177645	-0.119456
11	1.27582	0.187265	0.187265	-1.50628	-0.416001	-0.300019	0.778223	0.778223	-1.88737	-0.654649	-0.431532
11	1.23359	0.309743	0.309743	-0.888423	-0.0301636	-0.00393969	1.28721	1.28721	-1.11319	-0.0708657	-0.00783678
11	0.477828	-0.167928	-0.167928	-1.15981	-0.351523	-0.384527	-0.697862	-0.697862	-1.45324	-1.18716	-0.903476
11	1.61596	-0.194675	-0.194675	-1.3588	-1.25425	-1.05678	-0.809015	-0.809015	-1.70257	-1.66007	-1.4794
11	0.476462	0.447127	0.447127	-0.646265	0.239927	0.250954	1.85814	1.85814	-0.80977	0.774681	0.632735
11	0.883387	-0.030439	-0.030439	-1.48664	-0.307137	-0.284953	-0.126496	-0.126496	-1.86276	-0.809946	-0.607272
11	0.79013	0.0305831	0.0305831	-1.11135	-0.191415	-0.182287	0.127095	0.127095	-1.39252	-0.585226	-0.433423
11	0.535428	-0.100239	-0.100239	-1.42991	-0.330269	-0.32478	-0.416566	-0.416566	-1.79168	-1.00383	-0.818179
11	0.326118	-0.203642	-0.203642	-0.903772	-0.438465	-0.380605	-0.846283	-0.846283	-1.13243	-1.30703	-1.12338
11	0.590331	0.101481	0.101481	-0.590445	-0.12263	-0.103836	0.421727	0.421727	-0.739828	-0.342163	-0.275429
11	0.750167	-0.295094	-0.295094	-1.84931	-0.543217	-0.529299	-1.22633	-1.22633	-2.31719	-1.51497	-1.2262
11	0.972588	0.0128591	0.0128591	-1.43128	-0.21833	-0.197383	0.053439	0.053439	-1.79339	-0.618226	-0.535509
11	0.683998	-0.104878	-0.104878	-1.22098	-0.331273	-0.306816	-0.435845	-0.435845	-1.52988	-1.04952	-0.857366
11	1.15039	0.298187	0.298187	-1.61666	-0.0017354	0.0213819	1.23919	1.23919	-2.02568	-0.00428408	0.04077
11	0.855116	-0.110965	-0.110965	-1.45623	-0.354385	-0.323568	-0.461141	-0.461141	-1.82466	-1.01523	-0.878265
11	1.80427	0.0522509	0.0522509	-1.82154	-1.05597	-0.878673	0.217141	0.217141	-2.28239	-1.18494	-0.913835
11	2.49151	0.191268	-0.475528	-2.3345	-1.72565	-1.38443	0.794858	-1.68528	-2.92513	-1.4875	-1.13603
11	1.27131	0.2426	0.2426	-1.63152	-0.151244	-0.0907812	1.00818	1.00818	-2.04429	-0.293805	-0.156528
11	0.533255	0.847118	0.847118	-0.371536	0.566387	0.646603	3.52039	3.52039	-0.465535	1.56473	1.77495
11	1.13908	-0.0398889	-0.0398889	-2.11984	-0.35444	-0.342885	-0.165768	-0.165768	-2.65616	-0.82394	-0.692302
11	0.323074	-0.335479	-0.335479	-1.22054	-0.537728	-0.520372	-1.39416	-1.39416	-1.52934	-1.83694	-1.49087
11	0.51653	-0.328328	-0.328328	-1.94159	-0.547926	-0.531164	-1.36444	-1.36444	-2.43282	-1.61485	-1.3591
11	0.64703	0.0733663	0.0733663	-1.50802	-0.163716	-0.135789	0.304891	0.304891	-1.88955	-0.457627	-0.353818
11	1.06153	-0.172853	-0.172853	-1.664	-0.443146	-0.381817	-0.718331	-0.718331	-2.08499	-1.15605	-1.00703
11	0.754591	0.236639	0.236639	-1.02506	0.000836564	0.0352068	0.98341	0.98341	-1.2844	0.00255451	0.079627
11	1.03394	0.521254	0.521254	-0.872634	0.248182	0.277096	2.16619	2.16619	-1.09341	0.563313	0.642723
11	0.900226	-0.497124	-0.497124	-2.31245	-0.762913	-0.75298	-2.06591	-2.06591	-2.89751	-1.8882	-1.72839
11	0.786344	0.462053	0.462053	-0.732091	0.199757	0.260913	1.92017	1.92017	-0.91731	0.526449	0.659897
11	1.44808	-0.411019	-0.411019	-1.92812	-0.902383	-0.944657	-1.70808	-1.70808	-2.41593	-1.34092	-1.14844
11	1.23496	0.171043	0.171043	-1.45815	-0.372532	-0.317223	0.710809	0.710809	-1.82706	-0.575226	-0.444227
11	0.900705	0.301576	0.301576	-1.50845	0.0491343	0.0440935	1.25327	1.25327	-1.89008	0.134929	0.0984334
11	1.0679	-0.0629198	-0.0629198	-2.22468	-0.32052	-0.299555	-0.261478	-0.261478	-2.78752	-0.845089	-0.705526
11	0.25334	0.343257	0.343257	-0.772591	0.124752	0.149661	1.42649	1.42649	-0.968056	0.401094	0.430783
11	0.753052	-0.410214	-0.410214	-1.78992	-0.647431	-0.636914	-1.70474	-1.70474	-2.24277	-1.86707	-1.65375
11	0.878052	-0.473543	-0.473543	-2.03486	-0.766864	-0.693809	-1.96792	-1.96792	-2.54967	-1.64247	-1.63621
11	1.31002	0.00419905	0.00419905	-2.03635	-0.614106	-0.493036	0.0174501	0.0174501	-2.55155	-0.986025	-0.672458
11	0.460696	0.164276	0.164276	-1.28485	-0.0351177	-0.0276895	0.682686	0.682686	-1.60992	-0.109727	-0.0739692
11	1.76037	-0.0123732	-0.0123732	-2.72992	-1.03532	-0.865516	-0.0514198	-0.0514198	-3.42059	-1.31156	-1.0723
11	0.707086	0.613333	0.613333	-0.812313	0.360936	0.418046	2.54885	2.54885	-1.01783	1.04098	1.02074
11	1.84875	0.30947	0.30947	-1.99599	-0.805752	-0.585869	1.28607	1.28607	-2.50098	-0.809332	-0.617537
11	1.34412	-0.146961	-0.146961	-1.90131	-0.54968	-0.507354	-0.610729	-0.610729	-2.38234	-1.10061	-0.874482
11	0.506113	-0.188728	-0.188728	-1.22967	-0.389796	-0.386114	-0.784303	-0.784303	-1.54078	-1.20914	-1.08724
11	1.00801	0.508191	0.508191	-0.910289	0.279624	0.27557	2.1119	2.1119	-1.14059	0.833798	0.629027
11	0.888106	-0.385602	-0.385602	-2.08689	-0.669331	-0.62448	-1.60246	-1.60246	-2.61488	-1.6162	-1.5379
11	1.472	-0.00497343	-0.00497343	-1.35762	-0.483588	-0.381979	-0.0206683	-0.0206683	-1.7011	-0.873904	-0.61552
11	1.1775	-0.22973	-0.22973	-1.7143	-0.642374	-0.571725	-0.954694	-0.954694	-2.14801	-1.30792	-1.11755
11	0.224471	0.291919	0.291919	-0.502428	0.0982744	0.103919	1.21314	1.21314	-0.629542	0.334198	0.295642
11	1.11098	0.192969	0.192969	-0.934262	-0.128632	-0.0721091	0.801928	0.801928	-1.17063	-0.32387	-0.161408
11	1.96795	0.25356	0.037962	-2.36455	-1.09314	-0.900025	1.05373	0.150418	-2.96278	-1.21546	-0.980879
11	0.962501	-0.00603295	-0.00603295	-1.20502	-0.257307	-0.238081	-0.0250713	-0.0250713	-1.50989	-0.722618	-0.549471
11	1.48372	0.291796	0.291796	-1.07939	-0.121588	-0.168217	1.21263	1.21263	-1.35248	-0.234502	-0.261098
11	1.03624	0.0683643	0.0683643	-1.3656	-0.164572	-0.188551	0.284104	0.284104	-1.7111	-0.486371	-0.40086
11	0.671991	-0.256873	-0.256873	-2.03794	-0.44324	-0.480218	-1.06749	-1.06749	-2.55353	-1.49992	-1.09547
11	0.579713	0.0363866	0.0363866	-0.95119	-0.196344	-0.173161	0.151213	0.151213	-1.19184	-0.545715	-0.444551
11	0.569172	-0.370369	-0.370369	-1.83972	-0.57761	-0.583013	-1.53915	-1.53915	-2.30518	-1.85913	-1.4064
11	0.568834	-0.112641	-0.112641	-1.42671	-0.362408	-0.331319	-0.468104	-0.468104	-1.78767	-1.05569	-0.826648
11	0.568346	-0.479919	-0.479919	-1.7281	-0.699732	-0.681975	-1.99441	-1.99441	-2.16531	-2.09508	-1.81822
11	1.06262	-0.12737	-0.12737	-2.22588	-0.418749	-0.375067	-0.529316	-0.529316	-2.78902	-1.00807	-0.827731
11	1.56877	0.0172703	0.0172703	-2.18428	-0.568128	-0.542969	0.0717708	0.0717708	-2.73691	-0.858835	-0.737602
11	1.37848	-0.0830382	-0.0830382	-2.10897	-0.649265	-0.508497	-0.345084	-0.345084	-2.64254	-0.910619	-0.742515
11	0.37746	-0.083801	-0.083801	-1.00263	-0.310132	-0.28152	-0.348254	-0.348254	-1.2563	-0.865615	-0.819314
11	0.531884	-0.112113	-0.112113	-1.13575	-0.294437	-0.323796	-0.465912	-0.465912	-1.42309	-0.939643	-0.840781
11	0.747017	-0.0580235	-0.0580235	-1.53205	-0.290071	-0.27217	-0.24113	-0.24113	-1.91966	-0.884564	-0.705408
11	1.02608	-0.194003	-0.194003	-2.28419	-0.443467	-0.484745	-0.806224	-0.806224	-2.86209	-1.30016	-0.978033
11	0.711688	0.141132	0.141132	-1.42638	-0.123523	-0.0956132	0.586507	0.586507	-1.78725	-0.334147	-0.227908
11	0.709119	-0.106279	-0.106279	-2.08667	-0.329391	-0.311727	-0.441665	-0.441665	-2.6146	-0.980027	-0.831599
11	0.464903	0.285688	0.285688	-0.385102	0.0862036	0.0649169	1.18724	1.18724	-0.482533	0.260184	0.162458
11	0.894656	-0.0114735	-0.0114735	-1.52298	-0.268221	-0.240402	-0.0476809	-0.0476809	-1.9083	-0.729919	-0.579738
11	1.14222	-0.241846	-0.241846	-2.01193	-0.505873	-0.503872	-1.00505	-1.00505	-2.52095	-1.38177	-1.09051
11	1.1333	0.508241	0.508241	-1.09692	0.140721	0.194425	2.11211	2.11211	-1.37444	0.293561	0.392757
11	0.984812	-0.699875	-0.699875	-2.4622	-0.940225	-0.909644	-2.90849	-2.90849	-3.08514	-2.77303	-2.02574
11	1.2523	-0.0470377	-0.0470377	-1.4724	-0.53936	-0.495158	-0.195476	-0.195476	-1.84492	-0.915179	-0.756156
11	0.926945	0.25311	0.25311	-1.14201	-0.000710861	-0.0146153	1.05186	1.05186	-1.43093	-0.00201433	-0.0290211
11	1.38216	0.190441	0.190441	-1.09396	-0.354194	-0.295351	0.791422	0.791422	-1.37073	-0.532086	-0.404229
11	0.449483	-0.620411	-0.620411	-1.62663	-0.853289	-0.826886	-2.57826	-2.57826	-2.03817	-2.49104	-2.07715
11	0.673751	0.230613	0.230613	-0.910572	-0.0145741	0.0347411	0.958366	0.958366	-1.14095	-0.0423347	0.0895289
11	0.89469	-0.311254	-0.311254	-1.85693	-0.551307	-0.527255	-1.29349	-1.29349	-2.32674	-1.58608	-1.3149
11	1.29058	0.327704	0.327704	-1.2067	-0.0452179	-0.00980199	1.36185	1.36185	-1.512	-0.0874725	-0.0157517
11	1.34309	-0.474765	-0.474765	-2.36433	-0.878281	-0.860018	-1.973	-1.973	-2.96251	-1.64519	-1.38596
11	0.850753	0.487705	0.487705	-1.44249	0.237984	0.283235	2.02677	2.02677	-1.80744	0.641709	0.736059
11	0.60598	-0.68462	-0.68462	-2.08547	-0.942672	-0.896828	-2.84509	-2.84509	-2.61309	-2.43272	-2.40737
11	0.627058	0.224442	0.224442	-1.21667	-0.00745597	0.00102949	0.932722	0.932722	-1.52449	-0.0233531	0.00250334
11	1.01225	-0.564695	-0.564695	-2.11297	-0.799319	-0.769424	-2.34672	-2.34672	-2.64755	-2.3217	-2.05478
11	0.577292	0.5711	0.5711	-1.00492	0.331372	0.382426	2.37334	2.37334	-1.25916	0.989336	1.04531
11	2.22863	0.000202695	-0.250112	-2.03316	-1.20585	-1.13751	0.000842345	-0.991026	-2.54755	-1.24488	-1.08812
11	0.97238	0.0536777	0.0536777	-1.65495	-0.194332	-0.170874	0.22307	0.22307	-2.07365	-0.515465	-0.383157
11	1.51141	0.915479	0.915479	-0.433632	0.17253	0.187588	3.80449	3.80449	-0.543341	0.291095	0.239822
11	0.628992	0.459183	0.459183	-0.725699	0.245499	0.234071	1.90824	1.90824	-0.909301	0.754568	0.563654
11	1.1647	0.320592	0.320592	-1.06123	0.00186967	0.0425463	1.33229	1.33229	-1.32973	0.00397001	0.0820852
11	1.73108	0.39639	0.39639	-1.34422	-0.483329	-0.407448	1.64729	1.64729	-1.68431	-0.732321	-0.557447
11	1.13167	0.351088	0.351088	-1.48617	0.0739187	0.093071	1.45903	1.45903	-1.86217	0.192294	0.202538
11	1.09437	0.0169355	0.0169355	-1.68242	-0.258672	-0.272652	0.0703794	0.0703794	-2.10807	-0.65182	-0.553275
11	0.622978	-0.181389	-0.181389	-1.31996	-0.431598	-0.393199	-0.753803	-0.753803	-1.65391	-1.13544	-1.03396
11	1.34048	0.0680766	0.0680766	-1.13601	-0.303611	-0.324827	0.282908	0.282908	-1.42343	-0.681995	-0.603842
11	1.17885	0.0172192	0.0172192	-2.21055	-0.356264	-0.27829	0.0715583	0.0715583	-2.76981	-0.69742	-0.483411
11	0.751647	0.241133	0.241133	-0.930937	-0.00104372	0.0206579	1.00208	1.00208	-1.16646	-0.00288379	0.0527413
11	0.844493	-0.151745	-0.151745	-1.60227	-0.412705	-0.444983	-0.630613	-0.630613	-2.00765	-1.18011	-0.90768
11	1.05144	-0.16002	-0.16002	-1.90304	-0.445285	-0.40404	-0.665001	-0.665001	-2.38451	-1.19625	-0.925456
11	0.772576	0.392957	0.392957	-0.645929	0.175167	0.186383	1.63302	1.63302	-0.809349	0.559585	0.515947
11	1.52098	0.160818	0.160818	-2.24622	-0.837113	-0.633533	0.668317	0.668317	-2.81451	-0.928075	-0.69033
11	0.304302	-0.219842	-0.219842	-0.834512	-0.439903	-0.419134	-0.913606	-0.913606	-1.04564	-1.39043	-1.11397
11	1.17415	-0.201529	-0.201529	-1.72732	-0.51306	-0.523922	-0.837501	-0.837501	-2.16433	-1.11495	-0.958363
11	0.600062	0.163572	0.163572	-0.854451	-0.0435963	-0.0364637	0.679762	0.679762	-1.07063	-0.128295	-0.0972855
11	0.996251	-0.150527	-0.150527	-2.22224	-0.406669	-0.363918	-0.625551	-0.625551	-2.78447	-1.10159	-0.877802
11	0.270065	0.0753937	0.0753937	-0.851606	-0.141287	-0.116651	0.313316	0.313316	-1.06706	-0.431082	-0.329188
11	1.94022	-0.124399	-0.400162	-1.75492	-0.944588	-0.941564	-0.51697	-1.58558	-2.19891	-1.23544	-1.14181
11	1.34404	0.252136	0.252136	-1.06485	-0.32563	-0.261614	1.04781	1.04781	-1.33426	-0.541809	-0.412105
11	0.891236	-0.0203848	-0.0203848	-2.15394	-0.292742	-0.2026	-0.0847136	-0.0847136	-2.69889	-0.692419	-0.576978
11	0.587134	0.0627549	0.0627549	-0.837663	-0.15797	-0.127771	0.260793	0.260793	-1.04959	-0.482519	-0.368928
11	1.19993	-0.361578	-0.361578	-2.24203	-0.687536	-0.634978	-1.50262	-1.50262	-2.80926	-1.45805	-1.26848
11	1.08726	-0.374293	-0.374293	-2.68255	-0.696711	-0.622072	-1.55546	-1.55546	-3.36123	-1.29568	-1.28536
11	0.630983	-0.140793	-0.140793	-1.00307	-0.377414	-0.325032	-0.585097	-0.585097	-1.25684	-1.10261	-0.905678
11	0.673341	0.00150962	0.00150962	-1.38415	-0.232413	-0.202504	0.00627357	0.00627357	-1.73434	-0.675425	-0.561028
11	2.205	-0.181196	-0.427278	-2.55271	-1.3553	-1.43763	-0.753001	-1.69302	-3.19854	-1.37452	-1.29675
11	0.600132	0.111265	0.111265	-0.982185	-0.0971502	-0.08431	0.462386	0.462386	-1.23068	-0.298885	-0.222043
11	1.0672	0.260997	0.260997	-1.48979	-0.0455026	0.00719492	1.08463	1.08463	-1.8667	-0.109319	0.0167623
11	0.296112	0.288787	0.288787	-0.633637	0.0604776	0.102151	1.20012	1.20012	-0.793947	0.179659	0.278382
11	0.662776	0.0527895	0.0527895	-1.11494	-0.191199	-0.17009	0.219379	0.219379	-1.39702	-0.552499	-0.43001
11	1.62609	0.368949	0.368949	-1.96644	-0.404354	-0.376044	1.53325	1.53325	-2.46395	-0.566911	-0.464384
11	1.5964	0.688829	0.688829	-0.935924	0.157009	0.287518	2.86259	2.86259	-1.17271	0.245248	0.427498
11	1.26762	0.406416	0.406416	-1.25458	0.059714	0.0626009	1.68896	1.68896	-1.57199	0.124499	0.105623
11	0.513999	0.0458016	0.0458016	-1.1533	-0.200523	-0.130769	0.190339	0.190339	-1.44508	-0.592486	-0.356574
11	1.21821	0.17733	0.17733	-1.33875	-0.303243	-0.216335	0.736936	0.736936	-1.67745	-0.534676	-0.326182
11	0.987266	0.270262	0.270262	-1.16134	0.0265786	0.019049	1.12314	1.12314	-1.45516	0.0772137	0.0394915
11	0.87953	0.423196	0.423196	-0.966922	0.197364	0.203352	1.75869	1.75869	-1.21155	0.597541	0.48403
11	0.849744	0.176254	0.176254	-1.14618	-0.0868207	-0.0751828	0.732463	0.732463	-1.43616	-0.225578	-0.165072
11	0.428292	-0.483274	-0.483274	-1.63643	-0.700966	-0.675343	-2.00836	-2.00836	-2.05045	-1.97707	-1.88495
11	1.48785	-0.438857	-0.438857	-2.0732	-1.01647	-0.934105	-1.82377	-1.82377	-2.59773	-1.51108	-1.26694
11	1.26941	0.0775923	0.0775923	-1.80265	-0.489372	-0.326431	0.322453	0.322453	-2.25872	-0.779235	-0.559775
11	0.982623	-0.495693	-0.495693	-2.34877	-0.740254	-0.731883	-2.05997	-2.05997	-2.94301	-2.15193	-1.84651
11	1.31815	-0.139717	-0.139717	-1.66992	-0.604377	-0.507477	-0.580627	-0.580627	-2.09242	-1.15553	-0.971291
11	1.79029	0.227193	0.227193	-1.37278	-0.494941	-0.533922	0.944153	0.944153	-1.7201	-0.631849	-0.571345
11	1.24755	0.0277142	0.0277142	-2.12824	-0.272348	-0.269102	0.115173	0.115173	-2.66668	-0.647054	-0.483225
11	1.51941	-0.17574	-0.17574	-2.02298	-0.730323	-0.667738	-0.730328	-0.730328	-2.5348	-1.29052	-0.976347
11	0.723487	0.850873	0.850873	-0.403096	0.624237	0.633568	3.536	3.536	-0.50508	1.94437	1.51722
11	1.03743	-0.0667792	-0.0667792	-1.77831	-0.339026	-0.299289	-0.277516	-0.277516	-2.22822	-0.929855	-0.714197
11	0.755457	0.490679	0.490679	-0.901286	0.245251	0.304839	2.03913	2.03913	-1.12931	0.656223	0.807638
11	1.33519	0.0169647	0.0169647	-2.31652	-0.4051	-0.361266	0.0705009	0.0705009	-2.9026	-0.763318	-0.535424
11	0.768294	0.310724	0.310724	-1.54301	0.0387572	0.114773	1.29128	1.29128	-1.93339	0.0961321	0.308567
11	1.67086	-0.103924	-0.103924	-2.76758	-0.745432	-0.624473	-0.431882	-0.431882	-3.46778	-1.04244	-0.853458
11	1.26079	0.288498	0.288498	-1.6109	-0.0332888	-0.017069	1.19892	1.19892	-2.01846	-0.0716554	-0.0288494
11	0.582513	0.307545	0.307545	-1.07189	0.0714824	0.0955413	1.27807	1.27807	-1.34308	0.226075	0.261588
11	1.51615	0.113278	0.113278	-2.49218	-0.64762	-0.542765	0.470751	0.470751	-3.1227	-0.807826	-0.628854
11	0.312868	0.147965	0.147965	-0.690682	-0.0482476	-0.0439512	0.614902	0.614902	-0.865424	-0.150808	-0.122881
11	1.3212	0.0109891	0.0109891	-2.35088	-0.342018	-0.369666	0.0456675	0.0456675	-2.94565	-0.75665	-0.59931
11	1.01245	0.636756	0.636756	-0.755061	0.39765	0.39652	2.64619	2.64619	-0.946091	1.08196	0.89349
11	0.537702	-0.299727	-0.299727	-1.7856	-0.54123	-0.517498	-1.24559	-1.24559	-2.23736	-1.55322	-1.29354
11	0.724013	0.136023	0.136023	-1.13115	-0.056566	-0.0475503	0.565275	0.565275	-1.41734	-0.184326	-0.123725
11	1.02994	-0.240316	-0.240316	-1.67715	-0.497069	-0.45593	-0.998687	-0.998687	-2.10146	-1.29286	-1.04287
11	1.25319	0.0954284	0.0954284	-1.19942	-0.33856	-0.342781	0.396575	0.396575	-1.50288	-0.657399	-0.559564
11	0.927189	-0.0253719	-0.0253719	-1.58791	-0.286251	-0.234927	-0.105439	-0.105439	-1.98965	-0.713091	-0.618337
11	0.655298	-0.29547	-0.29547	-1.88252	-0.500493	-0.504642	-1.22789	-1.22789	-2.35879	-1.47042	-1.34026
11	1.26938	0.189375	0.189375	-1.56811	-0.228447	-0.186523	0.786991	0.786991	-1.96484	-0.414084	-0.279699
11	1.60867	0.290534	0.290534	-1.46607	-0.860582	-0.68111	1.20738	1.20738	-1.83698	-1.03474	-0.725032
11	1.80819	0.0552766	0.0552766	-1.63902	-0.885936	-0.769138	0.229715	0.229715	-2.05369	-1.21597	-0.974071
11	0.592946	0.0329754	0.0329754	-1.11993	-0.175	-0.157014	0.137037	0.137037	-1.40327	-0.549466	-0.402043
11	0.531484	0.111024	0.111024	-0.88445	-0.117358	-0.0909617	0.461387	0.461387	-1.10822	-0.319244	-0.249799
11	1.22161	0.3828	0.3828	-1.21826	-0.0380815	-0.0656072	1.59081	1.59081	-1.52648	-0.0730625	-0.104896
11	0.696973	-0.0926488	-0.0926488	-1.72129	-0.313296	-0.289439	-0.385024	-0.385024	-2.15678	-0.916006	-0.759177
11	1.12238	0.280814	0.280814	-1.76077	0.00565188	0.000398047	1.16699	1.16699	-2.20625	0.0132112	0.000780058
11	1.26855	0.229304	0.229304	-1.0998	-0.196477	-0.162225	0.952924	0.952924	-1.37805	-0.382176	-0.282615
11	0.29015	-0.565812	-0.565812	-1.5457	-0.788715	-0.75522	-2.35136	-2.35136	-1.93676	-2.49811	-2.06684
11	2.04048	0.31296	0.0813333	-2.1044	-0.869055	-0.805937	1.30058	0.32227	-2.63681	-0.827687	-0.754125
11	1.0772	0.132857	0.132857	-2.33656	-0.12287	-0.117404	0.552118	0.552118	-2.92771	-0.291343	-0.247975
11	0.6771	0.532749	0.532749	-0.927196	0.294259	0.280404	2.21396	2.21396	-1.16178	0.817733	0.662182
11	1.25088	-0.0219244	-0.0219244	-1.94691	-0.361066	-0.339707	-0.0911121	-0.0911121	-2.43948	-0.773901	-0.624292
11	1.4192	0.296242	0.296242	-2.15026	-0.175844	-0.188718	1.2311	1.2311	-2.69427	-0.28743	-0.243218
11	0.473032	-0.345759	-0.345759	-1.53338	-0.555781	-0.554474	-1.43688	-1.43688	-1.92133	-1.74785	-1.421
11	0.732793	0.0466706	0.0466706	-1.93256	-0.242314	-0.164941	0.19395	0.19395	-2.42149	-0.646317	-0.421926
11	0.738382	-0.625586	-0.625586	-2.41268	-0.876083	-0.839168	-2.59977	-2.59977	-3.02309	-2.3216	-2.07642
11	1.09383	0.0556607	0.0556607	-1.99039	-0.218562	-0.188093	0.231311	0.231311	-2.49396	-0.552924	-0.447573
11	1.07124	-0.248979	-0.248979	-1.77352	-0.56079	-0.515675	-1.03469	-1.03469	-2.22223	-1.47876	-1.17717
11	1.20605	-0.0850489	-0.0850489	-1.55366	-0.465535	-0.362385	-0.353441	-0.353441	-1.94674	-0.798136	-0.739954
11	1.24586	0.251733	0.251733	-1.47528	-0.224678	-0.153292	1.04614	1.04614	-1.84852	-0.378192	-0.241327
11	0.87664	-0.147533	-0.147533	-1.62535	-0.3723	-0.343905	-0.613106	-0.613106	-2.03657	-1.03786	-0.921688
11	1.18116	-0.426343	-0.426343	-2.43868	-0.764984	-0.679292	-1.77177	-1.77177	-3.05567	-1.2629	-1.41817
11	1.12568	-0.213677	-0.213677	-1.78753	-0.471285	-0.532915	-0.887983	-0.887983	-2.23978	-1.23036	-0.960445
11	1.61029	0.102154	0.102154	-1.27774	-0.433127	-0.404608	0.424526	0.424526	-1.601	-0.768652	-0.619493
11	1.73705	0.152081	0.152081	-2.34933	-0.585861	-0.423849	0.63201	0.63201	-2.94371	-0.750038	-0.525555
11	1.13773	0.0658332	0.0658332	-1.47647	-0.214402	-0.266631	0.273585	0.273585	-1.85002	-0.528393	-0.497536
11	0.73004	-0.08035	-0.08035	-1.8758	-0.321478	-0.28658	-0.333913	-0.333913	-2.35038	-0.970422	-0.760465
11	1.3938	-0.424517	-0.424517	-3.1725	-0.977274	-0.799767	-1.76418	-1.76418	-3.97515	-1.28567	-1.311
11	1.09095	0.199127	0.199127	-1.50901	-0.0740724	-0.0500989	0.82752	0.82752	-1.89079	-0.183189	-0.11583
11	0.593655	0.389276	0.389276	-0.439844	0.176699	0.188887	1.61773	1.61773	-0.551125	0.562922	0.48353
11	1.1548	0.546112	0.546112	-0.865208	0.29589	0.288056	2.2695	2.2695	-1.08411	0.78861	0.650039
11	2.17551	0.134704	-0.0642797	-3.14163	-1.52124	-1.04499	0.559794	-0.254698	-3.93647	-1.27428	-0.771532
11	1.03257	0.344825	0.344825	-1.68407	0.100446	0.11256	1.433	1.433	-2.11015	0.293931	0.248428
11	0.325761	-0.410957	-0.410957	-1.3071	-0.623889	-0.618163	-1.70783	-1.70783	-1.6378	-1.95616	-1.64937
11	1.70986	-0.33478	-0.33478	-2.78711	-1.50403	-1.3188	-1.39126	-1.39126	-3.49225	-1.63492	-1.49801
11	1.03212	-0.0832664	-0.0832664	-1.65939	-0.345595	-0.354456	-0.346033	-0.346033	-2.07921	-0.819091	-0.777647
11	1.68056	-0.235438	-0.235438	-1.6092	-0.784995	-0.824873	-0.978418	-0.978418	-2.01632	-1.27604	-0.960646
11	1.37222	0.467766	0.467766	-2.28119	-0.13475	-0.0396081	1.94391	1.94391	-2.85834	-0.227583	-0.0584215
11	0.713076	0.300992	0.300992	-0.709616	0.0546744	0.075067	1.25084	1.25084	-0.889149	0.165655	0.193072
11	1.30366	0.0102458	0.0102458	-2.22595	-0.369446	-0.352974	0.0425787	0.0425787	-2.78912	-0.792287	-0.566138
11	0.764099	0.0379446	0.0379446	-1.65986	-0.187234	-0.151819	0.157687	0.157687	-2.07981	-0.57972	-0.433598
11	1.12078	0.300727	0.300727	-1.22062	0.00364844	0.0277578	1.24974	1.24974	-1.52944	0.00841247	0.0647046
11	1.30489	-0.119867	-0.119867	-1.35854	-0.602785	-0.593153	-0.498133	-0.498133	-1.70225	-0.995944	-0.912415
11	1.02133	0.0915283	0.0915283	-1.25155	-0.183395	-0.18257	0.380367	0.380367	-1.56819	-0.451277	-0.332471
11	1.90348	0.319952	0.0540569	-1.47043	-0.839066	-0.773854	1.32964	0.214192	-1.84245	-0.845716	-0.752527
11	0.399827	0.574423	0.574423	-0.614699	0.338583	0.373734	2.38715	2.38715	-0.770218	1.01901	1.03253
11	0.960454	-0.145216	-0.145216	-1.26686	-0.380959	-0.369681	-0.603478	-0.603478	-1.58738	-1.03103	-0.88835
11	1.1731	0.508149	0.508149	-0.866963	0.14518	0.214178	2.11173	2.11173	-1.0863	0.307409	0.426599
11	0.824249	0.196608	0.196608	-0.895051	-0.0313063	-0.0249193	0.817049	0.817049	-1.1215	-0.0929982	-0.0642049
11	2.41388	0.388779	-0.229988	-2.01282	-1.77582	-1.36471	1.61566	-0.815082	-2.52207	-1.61555	-1.16666
11	0.888842	0.324283	0.324283	-1.30204	0.0824699	0.137968	1.34763	1.34763	-1.63145	0.220772	0.36408
11	0.709315	0.00488755	0.00488755	-1.23564	-0.219026	-0.227936	0.0203114	0.0203114	-1.54825	-0.722441	-0.546223
11	0.335486	0.466994	0.466994	-0.259439	0.254709	0.268458	1.9407	1.9407	-0.325077	0.816415	0.765018
11	1.08503	0.238193	0.238193	-1.60727	-0.0501516	-0.0464944	0.989864	0.989864	-2.01391	-0.120655	-0.0855371
11	0.707575	0.12291	0.12291	-0.994338	-0.112091	-0.0757676	0.510781	0.510781	-1.24591	-0.343989	-0.216085
11	0.747668	0.393326	0.393326	-0.856916	0.127712	0.183426	1.63456	1.63456	-1.07372	0.346963	0.463133
11	0.516177	-0.443342	-0.443342	-1.43616	-0.66068	-0.641093	-1.84241	-1.84241	-1.79951	-1.99547	-1.66968
11	0.715225	0.147543	0.147543	-1.33612	-0.0875396	-0.0506804	0.613151	0.613151	-1.67416	-0.253706	-0.12868
11	1.57038	-0.0994271	-0.0994271	-2.72156	-0.811244	-0.68221	-0.413192	-0.413192	-3.41012	-1.13869	-0.936626
11	0.510855	0.0497792	0.0497792	-0.863554	-0.184176	-0.149803	0.206869	0.206869	-1.08203	-0.598724	-0.381984
11	0.903766	0.255999	0.255999	-1.36023	0.00545417	0.0682916	1.06386	1.06386	-1.70437	0.0160384	0.190767
11	1.95282	-0.278316	-0.543951	-2.29851	-1.4385	-1.28609	-1.15661	-2.15532	-2.88003	-1.38242	-1.20333
11	0.76621	0.675515	0.675515	-0.761069	0.433931	0.479663	2.80726	2.80726	-0.95362	1.29494	1.24219
11	1.07966	0.232568	0.232568	-1.68899	-0.0367581	-0.0305545	0.966491	0.966491	-2.1163	-0.0923122	-0.0662129
11	0.675334	0.146815	0.146815	-1.15535	-0.0700606	-0.0234745	0.610122	0.610122	-1.44766	-0.205641	-0.0698067
11	0.420915	0.0639598	0.0639598	-1.10458	-0.162329	-0.168184	0.2658	0.2658	-1.38403	-0.495817	-0.413629
11	0.996379	-0.113961	-0.113961	-1.45764	-0.346196	-0.353791	-0.473592	-0.473592	-1.82643	-1.04986	-0.822558
11	1.82632	0.264909	0.264909	-2.13083	-1.12684	-0.802883	1.10089	1.10089	-2.66993	-1.10904	-0.81497
11	1.3827	-0.334491	-0.334491	-2.27738	-0.68106	-0.744364	-1.39005	-1.39005	-2.85355	-1.38274	-1.20418
11	1.28517	0.217408	0.217408	-1.18098	-0.260317	-0.22994	0.903491	0.903491	-1.47976	-0.45347	-0.393079
11	1.06548	0.446947	0.446947	-1.40747	0.180775	0.177549	1.85739	1.85739	-1.76356	0.455197	0.330536
11	0.662946	-0.395422	-0.395422	-2.15209	-0.611532	-0.627459	-1.64327	-1.64327	-2.69657	-1.93355	-1.49541
11	0.421308	0.312403	0.312403	-0.817313	0.0819645	0.125229	1.29826	1.29826	-1.02409	0.23327	0.348541
11	0.868431	-0.243904	-0.243904	-1.67882	-0.506472	-0.470454	-1.0136	-1.0136	-2.10356	-1.31239	-1.30653
11	0.943314	-0.0759942	-0.0759942	-1.43471	-0.364506	-0.281557	-0.315811	-0.315811	-1.79769	-0.881936	-0.710242
11	1.22069	0.197453	0.197453	-1.912	-0.194898	-0.161792	0.820564	0.820564	-2.39573	-0.422653	-0.289929
11	0.841171	0.607383	0.607383	-0.647866	0.372094	0.417299	2.52412	2.52412	-0.811776	1.0298	1.10298
11	1.3994	-0.296809	-0.296809	-2.4883	-0.69068	-0.753377	-1.23346	-1.23346	-3.11783	-1.21162	-1.01321
11	0.911967	0.00617247	0.00617247	-1.31736	-0.274171	-0.199756	0.0256511	0.0256511	-1.65065	-0.693752	-0.515606
11	0.570611	0.18755	0.18755	-0.741851	-0.0116922	-0.0202727	0.779408	0.779408	-0.929539	-0.038867	-0.0547425
11	0.922838	0.401187	0.401187	-1.66452	0.117251	0.179186	1.66723	1.66723	-2.08564	0.283107	0.449889
11	1.09637	-0.256492	-0.256492	-2.16174	-0.582709	-0.567127	-1.06591	-1.06591	-2.70866	-1.27424	-1.03902
11	1.15063	0.405606	0.405606	-1.81576	0.110761	0.166696	1.68559	1.68559	-2.27515	0.24485	0.379005
11	1.43138	0.205599	0.205599	-1.64075	-0.537366	-0.494961	0.854414	0.854414	-2.05586	-0.712577	-0.617061
11	1.77609	0.123969	0.123969	-2.64139	-1.23605	-0.999648	0.515183	0.515183	-3.30966	-1.14122	-0.834229
11	0.555772	0.110727	0.110727	-1.67928	-0.102651	-0.100777	0.460151	0.460151	-2.10414	-0.320461	-0.257903
11	1.40567	0.294291	0.294291	-1.8495	-0.696246	-0.47191	1.223	1.223	-2.31742	-0.794873	-0.505608
11	0.969612	-0.628616	-0.628616	-2.40628	-0.876187	-0.867983	-2.61236	-2.61236	-3.01506	-2.31357	-1.94624
11	0.885178	-0.211254	-0.211254	-1.68823	-0.481939	-0.43566	-0.877916	-0.877916	-2.11535	-1.22746	-0.996889
11	1.76851	-0.294763	-0.294763	-2.15375	-1.23227	-1.12613	-1.22496	-1.22496	-2.69865	-1.5671	-1.29034
11	1.71048	0.174075	0.174075	-1.69148	-0.775372	-0.689155	0.72341	0.72341	-2.11943	-1.1746	-0.929445
11	2.03225	0.271306	0.0273894	-2.22876	-1.57658	-1.33471	1.12747	0.108526	-2.79264	-1.88992	-1.36605
11	0.736558	-0.131733	-0.131733	-2.25598	-0.367067	-0.351053	-0.547445	-0.547445	-2.82674	-1.07633	-0.833022
11	0.776922	-0.16128	-0.16128	-1.30569	-0.400542	-0.36898	-0.670235	-0.670235	-1.63602	-1.20949	-0.9387
11	0.266594	0.264122	0.264122	-0.613994	0.0619201	0.0700625	1.09762	1.09762	-0.769335	0.197799	0.185284
11	0.661885	0.0627209	0.0627209	-0.904166	-0.146576	-0.16679	0.260651	0.260651	-1.13292	-0.475807	-0.395635
11	0.893413	-0.108001	-0.108001	-1.43871	-0.362803	-0.372201	-0.448823	-0.448823	-1.8027	-1.00031	-0.804525
11	0.566145	-0.352733	-0.352733	-1.55586	-0.572432	-0.565737	-1.46586	-1.46586	-1.94949	-1.69594	-1.56192
11	0.667849	-0.313438	-0.313438	-1.72444	-0.522238	-0.513755	-1.30256	-1.30256	-2.16072	-1.63979	-1.33543
11	1.35983	0.417761	0.417761	-1.82078	-0.0706755	0.0144874	1.7361	1.7361	-2.28144	-0.112062	0.0221349
11	2.03049	0.339139	0.114166	-2.54089	-1.16396	-0.84719	1.40937	0.452362	-3.18374	-0.991404	-0.726461
11	1.03407	0.267992	0.267992	-1.70842	-0.0403626	0.0272471	1.1137	1.1137	-2.14065	-0.0998937	0.0662891
11	1.10039	0.139011	0.139011	-1.91411	-0.160607	-0.10997	0.577692	0.577692	-2.39838	-0.356319	-0.242745
11	1.27939	0.272007	0.272007	-1.39808	-0.157879	-0.114891	1.13039	1.13039	-1.75179	-0.285621	-0.172688
11	0.673196	0.162801	0.162801	-0.887162	-0.0813937	-0.0701622	0.676558	0.676558	-1.11161	-0.232208	-0.175415
11	1.1121	0.517808	0.517808	-1.07015	0.214414	0.215558	2.15187	2.15187	-1.3409	0.541528	0.405505
11	0.440715	0.171405	0.171405	-0.629392	-0.0567338	-0.0245884	0.712312	0.712312	-0.788629	-0.177432	-0.069122
11	0.74677	-0.122233	-0.122233	-1.27313	-0.352022	-0.319808	-0.507969	-0.507969	-1.59523	-0.98483	-0.862825
11	1.08613	0.0624349	0.0624349	-1.64529	-0.245827	-0.214522	0.259462	0.259462	-2.06154	-0.562651	-0.443887
11	1.3442	-0.0232773	-0.0232773	-2.02637	-0.453085	-0.464002	-0.0967341	-0.0967341	-2.53904	-0.938461	-0.734307
11	0.880555	0.0153329	0.0153329	-1.25265	-0.2541	-0.207971	0.0637196	0.0637196	-1.56957	-0.654187	-0.538425
11	0.926208	0.47329	0.47329	-1.29038	0.206754	0.277273	1.96686	1.96686	-1.61685	0.559716	0.718852
11	1.14239	0.895162	0.895162	-0.959525	0.552099	0.64392	3.72005	3.72005	-1.20229	1.09902	1.39052
11	0.417201	-0.265354	-0.265354	-1.36611	-0.500031	-0.447417	-1.10274	-1.10274	-1.71174	-1.52311	-1.16092
11	0.722003	-0.189566	-0.189566	-1.82687	-0.428531	-0.376235	-0.787785	-0.787785	-2.28906	-1.20457	-1.03697
11	0.96787	0.168254	0.168254	-1.14612	-0.0610542	-0.0637483	0.69922	0.69922	-1.43608	-0.176208	-0.14542
11	1.13777	-0.128584	-0.128584	-2.11364	-0.427937	-0.39479	-0.53436	-0.53436	-2.64839	-1.02084	-0.833569
11	1.00513	0.0784416	0.0784416	-1.41886	-0.157246	-0.160164	0.325982	0.325982	-1.77783	-0.471362	-0.355863
11	1.28331	-0.221464	-0.221464	-1.77396	-0.637669	-0.575368	-0.920347	-0.920347	-2.22278	-1.20859	-1.0324
11	0.410632	-0.444616	-0.444616	-1.15858	-0.689288	-0.616292	-1.84771	-1.84771	-1.45169	-1.94591	-1.90419
11	0.255845	0.647647	0.647647	-0.255908	0.441215	0.469509	2.69145	2.69145	-0.320653	1.34625	1.24663
11	0.877876	-0.438709	-0.438709	-1.88501	-0.65926	-0.664079	-1.82316	-1.82316	-2.36191	-1.99254	-1.68638
11	1.25653	-0.535799	-0.535799	-2.17451	-0.983787	-0.988725	-2.22664	-2.22664	-2.72466	-1.83831	-1.4768
11	0.705223	-0.280005	-0.280005	-1.60426	-0.509372	-0.487316	-1.16362	-1.16362	-2.01014	-1.52459	-1.31566
11	0.910422	-0.426096	-0.426096	-2.60225	-0.686763	-0.63411	-1.77074	-1.77074	-3.26062	-1.7483	-1.75637
11	0.770078	-0.279538	-0.279538	-1.76941	-0.485688	-0.493382	-1.16169	-1.16169	-2.21707	-1.53618	-1.14132
11	0.728943	0.0960183	0.0960183	-1.16319	-0.148891	-0.106771	0.399026	0.399026	-1.45748	-0.365121	-0.270533
11	1.6434	0.0990772	0.0990772	-1.99452	-0.566143	-0.468414	0.411738	0.411738	-2.49914	-0.758647	-0.576733
11	0.791666	-0.140084	-0.140084	-1.33857	-0.387956	-0.341293	-0.582151	-0.582151	-1.67723	-1.0877	-0.84611
11	0.834035	0.513581	0.513581	-0.903628	0.258775	0.308995	2.13431	2.13431	-1.13225	0.721748	0.842834
11	0.248231	-0.0158043	-0.0158043	-0.950135	-0.215492	-0.210618	-0.0656782	-0.0656782	-1.19052	-0.705999	-0.587881
11	0.860404	0.0331393	0.0331393	-1.63601	-0.227192	-0.205047	0.137718	0.137718	-2.04992	-0.492928	-0.487489
11	0.769142	0.0792127	0.0792127	-0.974706	-0.15616	-0.127936	0.329187	0.329187	-1.22131	-0.442061	-0.320783
11	1.44053	0.0833968	0.0833968	-1.02226	-0.414159	-0.38614	0.346575	0.346575	-1.28089	-0.656848	-0.561994
11	1.87331	0.183286	0.183286	-2.85874	-0.885418	-0.670077	0.761685	0.761685	-3.582	-0.917817	-0.676022
11	0.559923	0.519049	0.519049	-1.12573	0.286718	0.318615	2.15703	2.15703	-1.41054	0.908403	0.843863
11	0.966517	0.393735	0.393735	-1.25549	0.146297	0.186087	1.63626	1.63626	-1.57313	0.385335	0.44742
11	0.588296	0.0182243	0.0182243	-1.1018	-0.199476	-0.19348	0.0757353	0.0757353	-1.38056	-0.560513	-0.473388
11	0.694667	-0.251811	-0.251811	-1.46547	-0.475922	-0.475232	-1.04646	-1.04646	-1.83623	-1.3138	-1.22642
11	1.40773	0.163123	0.163123	-1.33892	-0.660556	-0.511577	0.677895	0.677895	-1.67767	-0.849605	-0.657664
11	0.845281	-0.318985	-0.318985	-1.81488	-0.53658	-0.531944	-1.32562	-1.32562	-2.27405	-1.64629	-1.2529
11	0.971702	-0.104343	-0.104343	-1.27171	-0.36036	-0.336773	-0.433621	-0.433621	-1.59345	-0.976548	-0.759459
11	1.068	0.210436	0.210436	-1.20739	-0.0488026	-0.0227438	0.874517	0.874517	-1.51286	-0.127388	-0.0532701
11	0.420839	0.0824294	0.0824294	-1.6836	-0.159634	-0.0958207	0.342554	0.342554	-2.10955	-0.495241	-0.281247
11	0.303959	-0.225558	-0.225558	-1.25565	-0.452429	-0.40309	-0.937358	-0.937358	-1.57332	-1.29179	-1.2541
11	1.59643	-0.30274	-0.30274	-2.67152	-0.863148	-0.753688	-1.25811	-1.25811	-3.34741	-1.22629	-1.06844
11	0.830679	0.359319	0.359319	-1.11105	0.126526	0.0857317	1.49323	1.49323	-1.39214	0.38703	0.170107
11	0.626892	0.219946	0.219946	-0.746101	-0.00535078	0.0398601	0.914035	0.914035	-0.934865	-0.0151286	0.116928
11	1.27572	0.487971	0.487971	-2.34982	0.0482804	0.191152	2.02787	2.02787	-2.94433	0.0809287	0.357098
11	0.900094	-0.0875707	-0.0875707	-1.40979	-0.327879	-0.279192	-0.36392	-0.36392	-1.76646	-0.917828	-0.744129
11	0.7026	-0.368848	-0.368848	-2.1563	-0.604747	-0.558664	-1.53283	-1.53283	-2.70184	-1.75864	-1.52115
11	1.19846	0.201611	0.201611	-1.67765	-0.112486	-0.115484	0.837841	0.837841	-2.10209	-0.263095	-0.208577
11	0.714033	0.0887808	0.0887808	-1.21179	-0.184282	-0.108065	0.368949	0.368949	-1.51837	-0.507169	-0.29168
11	1.97937	-0.160757	-0.449021	-1.67269	-1.41738	-1.28233	-0.668063	-1.77917	-2.09588	-1.76498	-1.53642
11	0.762429	-0.00643349	-0.00643349	-1.7975	-0.2382	-0.200688	-0.0267359	-0.0267359	-2.25226	-0.679732	-0.550141
11	1.17389	-0.300239	-0.300239	-2.13947	-0.693299	-0.60822	-1.24771	-1.24771	-2.68075	-1.55653	-1.27746
11	1.25034	-0.00788343	-0.00788343	-2.40496	-0.455507	-0.409501	-0.0327614	-0.0327614	-3.01341	-0.695829	-0.656639
11	1.32861	-0.0981114	-0.0981114	-1.92395	-0.463148	-0.399822	-0.407724	-0.407724	-2.4107	-0.968374	-0.791679
11	1.05119	0.143162	0.143162	-1.30511	-0.173257	-0.105851	0.594944	0.594944	-1.63531	-0.415914	-0.23844
11	1.5483	0.708253	0.708253	-1.81164	-0.506079	-0.181301	2.94331	2.94331	-2.26998	-0.525204	-0.179753
11	1.33021	-0.278165	-0.278165	-1.77142	-0.88716	-0.746704	-1.15598	-1.15598	-2.21959	-1.38764	-1.20788
11	0.151029	0.379121	0.379121	-0.140219	0.175353	0.202298	1.57553	1.57553	-0.175694	0.575628	0.542114
11	1.36221	-0.081512	-0.081512	-1.99829	-0.535998	-0.42828	-0.338742	-0.338742	-2.50386	-0.860408	-0.696449
11	0.583317	-0.0457716	-0.0457716	-1.56029	-0.259574	-0.276074	-0.190214	-0.190214	-1.95505	-0.816599	-0.684648
11	0.596451	0.0130806	0.0130806	-1.58417	-0.227038	-0.173891	0.0543594	0.0543594	-1.98496	-0.696005	-0.497309
11	1.2163	0.237076	0.237076	-1.38482	-0.251761	-0.218234	0.985226	0.985226	-1.73518	-0.461104	-0.303957
11	0.889037	0.289785	0.289785	-1.37442	-0.01666	0.0871797	1.20427	1.20427	-1.72215	-0.0360069	0.216
11	0.639898	0.335272	0.335272	-1.31606	0.108314	0.141014	1.3933	1.3933	-1.64903	0.328226	0.39007
11	0.900665	0.284971	0.284971	-1.71058	0.0214906	0.0789594	1.18426	1.18426	-2.14335	0.0594571	0.203401
11	0.77332	-0.201761	-0.201761	-1.83269	-0.458503	-0.406096	-0.838465	-0.838465	-2.29636	-1.22691	-1.02952
11	1.28207	-0.0122811	-0.0122811	-1.51178	-0.537753	-0.455115	-0.0510371	-0.0510371	-1.89426	-0.888168	-0.722664
11	1.37734	-0.306635	-0.306635	-2.63473	-0.83465	-0.815668	-1.27429	-1.27429	-3.30131	-1.48758	-1.21413
11	1.13007	-0.0842437	-0.0842437	-1.48396	-0.449148	-0.335218	-0.350094	-0.350094	-1.8594	-0.963965	-0.705145
11	0.932349	0.0910232	0.0910232	-1.68455	-0.189871	-0.182579	0.378268	0.378268	-2.11074	-0.462718	-0.384684
11	0.75118	-0.433779	-0.433779	-1.78301	-0.686107	-0.69708	-1.80267	-1.80267	-2.23411	-1.90174	-1.49075
11	1.38907	0.125337	0.125337	-1.57091	-0.366483	-0.262847	0.520865	0.520865	-1.96836	-0.598914	-0.413218
11	1.12127	0.326568	0.326568	-1.36901	0.0333673	0.0410543	1.35713	1.35713	-1.71537	0.0826356	0.087819
11	1.02769	-0.296898	-0.296898	-2.402	-0.598903	-0.528739	-1.23383	-1.23383	-3.00971	-1.32393	-1.15152
11	0.88153	0.475513	0.475513	-1.20678	0.23589	0.262409	1.9761	1.9761	-1.51209	0.579379	0.689169
11	0.940407	-0.12179	-0.12179	-1.76709	-0.336435	-0.357186	-0.506128	-0.506128	-2.21417	-0.993989	-0.848907
11	1.39103	0.133399	0.133399	-1.79616	-0.400141	-0.351827	0.554371	0.554371	-2.25058	-0.606837	-0.465831
11	0.439259	0.400916	0.400916	-0.798929	0.157589	0.20488	1.6661	1.6661	-1.00106	0.438891	0.551273
11	1.23059	-0.208541	-0.208541	-2.80388	-0.623434	-0.560163	-0.86664	-0.86664	-3.51326	-1.08511	-0.943732
11	1.3409	-0.0765222	-0.0765222	-1.85119	-0.53093	-0.499436	-0.318006	-0.318006	-2.31954	-0.845571	-0.743042
11	0.951493	0.229674	0.229674	-0.867959	0.00660042	0.0230226	0.954463	0.954463	-1.08755	0.0187504	0.0621928
11	1.37143	0.211103	0.211103	-1.86492	-0.31321	-0.190921	0.877289	0.877289	-2.33675	-0.513015	-0.28957
11	0.677615	0.557438	0.557438	-0.799638	0.286883	0.351386	2.31656	2.31656	-1.00195	0.747867	0.902598
11	0.686129	-0.25936	-0.25936	-1.43668	-0.509809	-0.450174	-1.07783	-1.07783	-1.80016	-1.39017	-1.23566
11	1.26971	-0.396563	-0.396563	-1.83897	-0.777129	-0.704833	-1.64801	-1.64801	-2.30423	-1.38131	-1.33679
11	0.263974	0.175493	0.175493	-0.383652	-0.0449384	0.0016503	0.729301	0.729301	-0.480716	-0.135912	0.00488038
11	0.808922	0.189127	0.189127	-1.06418	-0.0214576	-0.0273137	0.785961	0.785961	-1.33341	-0.0680866	-0.0714057
11	1.00338	-0.405365	-0.405365	-1.87276	-0.644595	-0.650561	-1.68459	-1.68459	-2.34657	-1.7687	-1.45501
11	0.827782	0.22674	0.22674	-1.02153	0.011715	0.0382672	0.942271	0.942271	-1.27998	0.0346693	0.109373
11	1.05217	-0.102361	-0.102361	-1.85485	-0.375633	-0.345124	-0.425384	-0.425384	-2.32413	-0.948738	-0.78554
11	1.33338	0.155783	0.155783	-1.38975	-0.357558	-0.29938	0.647393	0.647393	-1.74135	-0.609577	-0.453401
11	1.02296	0.29458	0.29458	-1.57066	0.0294584	0.0298619	1.2242	1.2242	-1.96803	0.0709427	0.0606463
11	0.897066	-0.273832	-0.273832	-1.59575	-0.520847	-0.476393	-1.13797	-1.13797	-1.99948	-1.50506	-1.22462
11	0.665748	0.677171	0.677171	-0.749177	0.45259	0.471384	2.81414	2.81414	-0.938718	1.37057	1.29224
11	1.50773	-0.255669	-0.255669	-1.91035	-0.733001	-0.703971	-1.06249	-1.06249	-2.39367	-1.29461	-0.978465
11	0.961085	0.184139	0.184139	-1.59133	-0.0454261	-0.0315643	0.765231	0.765231	-1.99394	-0.130543	-0.0810667
11	0.741285	-0.388687	-0.388687	-2.27741	-0.646505	-0.611486	-1.61528	-1.61528	-2.85359	-1.53439	-1.45728
11	1.49304	-0.00562904	-0.00562904	-2.17845	-0.584215	-0.566655	-0.0233928	-0.0233928	-2.7296	-0.849907	-0.66067
11	0.660194	0.63478	0.63478	-0.859686	0.403434	0.424251	2.63797	2.63797	-1.07719	1.23628	1.06647
11	1.34339	-0.096643	-0.096643	-1.79729	-0.622251	-0.550921	-0.401622	-0.401622	-2.252	-1.0496	-0.888158
11	0.619364	-0.420028	-0.420028	-1.38904	-0.682846	-0.653664	-1.74552	-1.74552	-1.74046	-1.96039	-1.55332
11	1.74299	0.148251	0.148251	-2.3772	-0.530087	-0.448554	0.616091	0.616091	-2.97863	-0.700983	-0.511717
11	1.23034	0.129049	0.129049	-1.14897	-0.22464	-0.177129	0.536293	0.536293	-1.43966	-0.446501	-0.328017
11	1.41749	-0.0545215	-0.0545215	-2.42499	-0.49038	-0.489322	-0.226577	-0.226577	-3.03851	-0.9008	-0.752331
11	0.956982	0.238701	0.238701	-1.5781	-0.00762791	0.0213257	0.991979	0.991979	-1.97736	-0.0210067	0.0524185
11	0.564481	0.11857	0.11857	-1.28316	-0.104324	-0.0675411	0.492744	0.492744	-1.6078	-0.333191	-0.179191
11	1.18852	-0.368895	-0.368895	-2.54728	-0.707481	-0.68525	-1.53303	-1.53303	-3.19174	-1.50363	-1.08289
11	0.566946	0.386082	0.386082	-1.54045	0.16229	0.181927	1.60445	1.60445	-1.93018	0.453533	0.478218
11	1.24998	0.0624185	0.0624185	-2.64183	-0.326785	-0.181586	0.259394	0.259394	-3.31021	-0.578831	-0.346711
11	1.24814	0.291062	0.291062	-1.40004	-0.252056	-0.172688	1.20957	1.20957	-1.75425	-0.395309	-0.2726
11	0.730098	0.511736	0.511736	-0.736018	0.288603	0.296718	2.12664	2.12664	-0.92223	0.887027	0.739982
11	0.399296	0.257023	0.257023	-0.985141	0.0555734	0.069678	1.06812	1.06812	-1.23438	0.196825	0.195671
11	1.10488	-0.0538554	-0.0538554	-1.59179	-0.336154	-0.284579	-0.223809	-0.223809	-1.99451	-0.851395	-0.652394
11	1.18335	-0.346677	-0.346677	-2.05816	-0.700685	-0.632026	-1.4407	-1.4407	-2.57887	-1.39967	-1.32695
11	1.39973	0.024896	0.024896	-1.68328	-0.632048	-0.464305	0.103461	0.103461	-2.10915	-0.856624	-0.626434
11	2.0606	0.266413	-0.00139847	-1.71172	-1.41878	-1.22159	1.10714	-0.00554119	-2.14479	-1.77218	-1.42331
11	0.466125	-0.269798	-0.269798	-1.29409	-0.480667	-0.475245	-1.12121	-1.12121	-1.6215	-1.41079	-1.33056
11	0.351428	0.138244	0.138244	-1.01441	-0.110103	-0.0615044	0.574505	0.574505	-1.27106	-0.342313	-0.17995
11	1.18784	0.0157863	0.0157863	-1.74105	-0.349163	-0.347691	0.0656034	0.0656034	-2.18154	-0.771351	-0.592177
11	2.18682	0.109977	-0.123465	-2.35401	-1.49024	-1.16952	0.457036	-0.48921	-2.94957	-1.23573	-1.02021
11	0.845506	0.129712	0.129712	-1.08927	-0.103744	-0.0792948	0.539049	0.539049	-1.36486	-0.308278	-0.189574
11	0.48097	-0.0104331	-0.0104331	-0.824561	-0.232603	-0.203239	-0.0433574	-0.0433574	-1.03317	-0.730132	-0.571856
11	0.718938	0.0401528	0.0401528	-1.45182	-0.213493	-0.140126	0.166864	0.166864	-1.81913	-0.666745	-0.381179
11	0.145255	0.243215	0.243215	-0.508076	0.0506871	0.0534885	1.01074	1.01074	-0.636619	0.17164	0.157262
11	0.636299	-0.108132	-0.108132	-1.33246	-0.327452	-0.303296	-0.449365	-0.449365	-1.66958	-1.04518	-0.810879
11	2.10761	-0.191766	-0.393914	-2.9244	-1.69954	-1.42503	-0.796926	-1.56082	-3.66428	-1.50094	-1.37044
11	0.521767	-0.0799779	-0.0799779	-0.847925	-0.297178	-0.28422	-0.332366	-0.332366	-1.06245	-0.917579	-0.7611
11	1.91523	-0.112518	-0.35517	-2.06365	-1.20689	-1.10116	-0.467595	-1.4073	-2.58576	-1.29901	-1.04438
11	1.38094	0.476061	0.476061	-0.969436	-0.190587	-0.140473	1.97838	1.97838	-1.2147	-0.28229	-0.185586
11	0.698755	0.0130528	0.0130528	-1.40931	-0.249204	-0.211396	0.0542439	0.0542439	-1.76587	-0.660148	-0.536765
11	0.791173	-0.108628	-0.108628	-1.09307	-0.331536	-0.337016	-0.451429	-0.451429	-1.36962	-1.01562	-0.848519
11	1.0106	0.409915	0.409915	-1.74409	0.148205	0.214038	1.7035	1.7035	-2.18534	0.375547	0.561499
11	0.347707	0.158352	0.158352	-1.06354	-0.044972	-0.0380534	0.658067	0.658067	-1.33261	-0.132428	-0.108318
11	0.467045	-0.418092	-0.418092	-1.19873	-0.657167	-0.611297	-1.73748	-1.73748	-1.50201	-2.08076	-1.64928
11	1.41531	-0.26214	-0.26214	-2.32526	-0.737512	-0.670711	-1.08938	-1.08938	-2.91356	-1.19564	-1.03133
11	0.574496	-0.0415766	-0.0415766	-1.24096	-0.252217	-0.258179	-0.172781	-0.172781	-1.55492	-0.819215	-0.687389
11	0.997532	-0.0639509	-0.0639509	-1.64858	-0.338853	-0.295018	-0.265763	-0.265763	-2.06568	-0.852075	-0.66063
11	0.791027	0.204047	0.204047	-1.34644	-0.0500092	-0.00663515	0.847965	0.847965	-1.68709	-0.135094	-0.0172215
11	0.365912	0.187524	0.187524	-0.491025	-0.0274049	0.00325288	0.779298	0.779298	-0.615254	-0.0850055	0.00873107
11	1.37946	0.122874	0.122874	-1.67521	-0.500644	-0.349215	0.510631	0.510631	-2.09904	-0.709109	-0.521309
11	0.407414	-0.307643	-0.307643	-1.29623	-0.536742	-0.503917	-1.27848	-1.27848	-1.62418	-1.55608	-1.42496
11	0.881365	0.196564	0.196564	-1.43723	-0.0557431	-0.0133132	0.816865	0.816865	-1.80085	-0.155015	-0.0315586
11	0.600666	0.272046	0.272046	-0.564658	0.00551649	0.067977	1.13055	1.13055	-0.707517	0.0155468	0.179232
11	0.411433	0.11243	0.11243	-1.20697	-0.134847	-0.0813448	0.46723	0.46723	-1.51233	-0.378794	-0.222162
11	0.620351	0.0869998	0.0869998	-1.32065	-0.140984	-0.0981807	0.361548	0.361548	-1.65478	-0.412477	-0.278878
11	0.582841	-0.0149553	-0.0149553	-0.842299	-0.213475	-0.204479	-0.0621503	-0.0621503	-1.0554	-0.674905	-0.563486
11	0.405206	-0.0599229	-0.0599229	-1.07662	-0.307345	-0.235838	-0.249024	-0.249024	-1.34901	-0.808484	-0.668984
11	0.93544	-0.899267	-0.899267	-2.55256	-1.1491	-1.12283	-3.73711	-3.73711	-3.19836	-3.01958	-2.78642
11	0.737301	-0.0289628	-0.0289628	-1.8158	-0.269996	-0.251205	-0.120362	-0.120362	-2.2752	-0.764063	-0.637431
11	1.34046	-0.377769	-0.377769	-2.43409	-0.756674	-0.750792	-1.56991	-1.56991	-3.04991	-1.36209	-1.21452
11	0.900546	0.0922886	0.0922886	-1.66667	-0.178029	-0.14186	0.383527	0.383527	-2.08833	-0.455503	-0.316888
11	0.974416	0.454463	0.454463	-1.04358	0.21466	0.231122	1.88863	1.88863	-1.3076	0.56483	0.581342
11	1.01066	0.164097	0.164097	-1.71801	-0.15836	-0.0627968	0.681944	0.681944	-2.15267	-0.35662	-0.140234
11	1.03593	0.479542	0.479542	-1.67845	0.198944	0.195709	1.99285	1.99285	-2.10309	0.499796	0.407171
11	1.74003	0.0888079	0.0888079	-1.61567	-1.26983	-1.07602	0.369062	0.369062	-2.02443	-1.30839	-1.12114
11	0.621889	-0.0605978	-0.0605978	-0.85323	-0.282885	-0.295438	-0.251828	-0.251828	-1.0691	-0.914904	-0.663162
11	0.363597	0.167881	0.167881	-1.08957	-0.0399776	-0.00745504	0.697669	0.697669	-1.36523	-0.125461	-0.0195401
11	0.671783	0.015824	0.015824	-0.792247	-0.239857	-0.199869	0.0657601	0.0657601	-0.992686	-0.676655	-0.52738
11	1.23598	0.52169	0.52169	-1.23236	0.196699	0.215865	2.168	2.168	-1.54415	0.446427	0.395246
11	1.54797	-0.113759	-0.113759	-1.96286	-0.782304	-0.685077	-0.472754	-0.472754	-2.45946	-1.01961	-0.852697
11	1.05825	0.0472862	0.0472862	-1.55622	-0.200489	-0.20883	0.196509	0.196509	-1.94994	-0.577594	-0.460562
11	0.325287	-0.0903624	-0.0903624	-1.17913	-0.31945	-0.259237	-0.375522	-0.375522	-1.47745	-0.934836	-0.776217
11	1.62489	0.235393	0.235393	-1.66277	-0.397609	-0.418366	0.978229	0.978229	-2.08345	-0.520178	-0.468181
11	0.727048	-0.105688	-0.105688	-1.50299	-0.341805	-0.269878	-0.439211	-0.439211	-1.88325	-1.07488	-0.781595
11	0.854497	-0.178206	-0.178206	-1.32661	-0.406059	-0.414087	-0.740578	-0.740578	-1.66224	-1.17326	-1.0088
11	0.989898	0.362978	0.362978	-1.15932	0.107781	0.137804	1.50844	1.50844	-1.45262	0.276155	0.3313
11	0.730948	0.00750813	0.00750813	-1.63149	-0.252856	-0.228646	0.0312018	0.0312018	-2.04425	-0.660733	-0.522421
11	1.20697	0.365994	0.365994	-1.46732	0.028982	0.0650168	1.52097	1.52097	-1.83856	0.0565363	0.127608
11	0.998219	-0.297728	-0.297728	-2.16137	-0.583542	-0.555563	-1.23728	-1.23728	-2.70819	-1.32944	-1.16009
11	1.34199	-0.0522981	-0.0522981	-1.8219	-0.470333	-0.461926	-0.217337	-0.217337	-2.28285	-0.866203	-0.71276
11	1.41065	0.348961	0.348961	-1.71868	-0.113465	-0.0625364	1.45019	1.45019	-2.1535	-0.212856	-0.106388
11	1.68211	0.156761	0.156761	-1.74724	-0.41901	-0.33957	0.651455	0.651455	-2.1893	-0.634583	-0.461857
11	0.629162	-0.161679	-0.161679	-1.71117	-0.419048	-0.361351	-0.671895	-0.671895	-2.1441	-1.11371	-0.945404
11	1.50007	-0.0704242	-0.0704242	-2.14951	-0.905893	-0.760379	-0.292664	-0.292664	-2.69334	-1.33921	-1.09165
11	0.94602	-0.683745	-0.683745	-2.78326	-0.9813	-0.931664	-2.84146	-2.84146	-3.48743	-2.24777	-2.15532
11	1.00491	0.0379499	0.0379499	-1.42038	-0.173498	-0.183367	0.15771	0.15771	-1.77974	-0.519194	-0.475224
11	0.712381	-0.0429831	-0.0429831	-1.67564	-0.264902	-0.268626	-0.178626	-0.178626	-2.09958	-0.716554	-0.639988
11	1.5727	0.00323498	0.00323498	-2.59407	-0.940363	-0.678593	0.0134437	0.0134437	-3.25037	-0.980487	-0.747996
11	1.06257	0.387491	0.387491	-1.40981	0.132266	0.120927	1.61031	1.61031	-1.76649	0.357138	0.243217
11	0.473078	0.226655	0.226655	-0.684883	-0.00344994	0.0126056	0.941918	0.941918	-0.858158	-0.0104984	0.031698
11	0.427441	0.161673	0.161673	-0.992259	-0.079427	-0.0154634	0.671871	0.671871	-1.2433	-0.239587	-0.0428537
11	1.01501	0.338591	0.338591	-1.58702	0.0962591	0.115342	1.40709	1.40709	-1.98853	0.261267	0.270735
11	0.489549	0.0284873	0.0284873	-1.60983	-0.197562	-0.193272	0.118385	0.118385	-2.01712	-0.584601	-0.519964
11	1.01201	0.30998	0.30998	-1.73271	0.0580782	0.0757812	1.28819	1.28819	-2.17108	0.157415	0.193782
11	0.761066	0.598242	0.598242	-0.915754	0.382763	0.381959	2.48613	2.48613	-1.14744	1.1222	0.910485
11	1.24291	0.288509	0.288509	-1.9618	-0.151042	-0.0569971	1.19897	1.19897	-2.45814	-0.286586	-0.0974903
11	0.848699	-0.49549	-0.49549	-1.8041	-0.737943	-0.722437	-2.05912	-2.05912	-2.26054	-2.00212	-1.6358
11	2.05639	0.233347	-0.0194425	-3.01798	-1.15038	-1.0014	0.969729	-0.0770375	-3.78153	-1.18287	-0.992401
11	0.436577	-0.233878	-0.233878	-1.07953	-0.461572	-0.452802	-0.971933	-0.971933	-1.35265	-1.20038	-1.14883
11	0.996796	0.572553	0.572553	-0.622153	0.274434	0.346634	2.37937	2.37937	-0.779558	0.633708	0.855386
11	0.791849	0.312181	0.312181	-0.863245	0.0873153	0.106411	1.29734	1.29734	-1.08165	0.267239	0.26602
11	1.06753	-0.311744	-0.311744	-2.05017	-0.601959	-0.576121	-1.29552	-1.29552	-2.56886	-1.52581	-1.19023
11	1.31467	-0.118787	-0.118787	-1.54349	-0.586721	-0.54975	-0.493646	-0.493646	-1.93399	-1.17178	-0.890433
11	2.5144	0.21942	-0.251111	-2.16329	-1.51763	-1.27106	0.911852	-0.943928	-2.7106	-1.63879	-1.25621
11	0.849733	0.0593198	0.0593198	-1.53496	-0.209978	-0.141959	0.246517	0.246517	-1.92331	-0.507266	-0.39887
11	0.77841	-0.287322	-0.287322	-1.88259	-0.515962	-0.497717	-1.19403	-1.19403	-2.35888	-1.69497	-1.22649
11	0.704597	0.164619	0.164619	-1.49855	-0.0790109	-0.0568788	0.684113	0.684113	-1.87769	-0.22308	-0.142705
11	0.678131	-0.565385	-0.565385	-1.97776	-0.819308	-0.771134	-2.34959	-2.34959	-2.47814	-2.09685	-2.05695
11	0.446715	-0.432815	-0.432815	-1.70905	-0.637912	-0.63303	-1.79866	-1.79866	-2.14144	-2.00498	-1.64176
11	0.602253	-0.2549	-0.2549	-1.57483	-0.450347	-0.424138	-1.05929	-1.05929	-1.97326	-1.55267	-1.25254
11	1.16221	0.133233	0.133233	-1.91385	-0.197476	-0.141069	0.553682	0.553682	-2.39806	-0.396265	-0.280964
11	0.77808	-0.347317	-0.347317	-1.58043	-0.585269	-0.559931	-1.44336	-1.44336	-1.98027	-1.65156	-1.3243
11	0.400705	0.113293	0.113293	-0.666365	-0.110972	-0.0635945	0.470813	0.470813	-0.834956	-0.352195	-0.176476
11	1.61572	-0.236533	-0.236533	-2.11464	-1.04807	-0.897578	-0.982969	-0.982969	-2.64965	-1.29942	-1.12458
11	0.842537	0.0654264	0.0654264	-1.22097	-0.129798	-0.117833	0.271895	0.271895	-1.52987	-0.433027	-0.312309
11	0.388996	-0.244932	-0.244932	-1.12154	-0.431172	-0.448511	-1.01787	-1.01787	-1.40529	-1.36253	-1.20834
11	1.73354	-0.245628	-0.245628	-2.59336	-1.22989	-1.05917	-1.02076	-1.02076	-3.24948	-1.32408	-1.0161
11	1.32148	0.0422977	0.0422977	-1.80673	-0.40969	-0.311261	0.175778	0.175778	-2.26383	-0.6297	-0.508124
11	0.28577	0.416895	0.416895	-0.873615	0.183932	0.224326	1.7325	1.7325	-1.09464	0.551987	0.644092
11	0.977515	-0.0161462	-0.0161462	-1.44366	-0.256025	-0.242911	-0.0670992	-0.0670992	-1.80891	-0.739272	-0.58171
11	0.640356	0.0656996	0.0656996	-1.1021	-0.200906	-0.161718	0.27303	0.27303	-1.38094	-0.52359	-0.381423
11	0.93487	0.221051	0.221051	-1.41907	-0.0162451	0.0161857	0.91863	0.91863	-1.77809	-0.0456516	0.0419344
11	1.75103	0.5493	0.5493	-0.841924	-0.735247	-0.62996	2.28274	2.28274	-1.05493	-0.891589	-0.744775
11	0.280174	-0.300783	-0.300783	-1.51193	-0.506736	-0.479722	-1.24997	-1.24997	-1.89444	-1.72377	-1.44231
11	1.42272	-0.2564	-0.2564	-2.06096	-0.830377	-0.849265	-1.06553	-1.06553	-2.58239	-1.41908	-1.14096
11	0.440612	-0.0355796	-0.0355796	-0.972242	-0.236009	-0.225379	-0.147859	-0.147859	-1.21822	-0.715054	-0.660434
11	0.534362	-0.225738	-0.225738	-1.75296	-0.445738	-0.420992	-0.938106	-0.938106	-2.19646	-1.40822	-1.15387
11	0.904002	0.0842018	0.0842018	-1.36936	-0.120093	-0.14743	0.34992	0.34992	-1.71581	-0.373717	-0.35154
11	1.41594	0.220974	0.220974	-1.92038	-0.444117	-0.26521	0.918309	0.918309	-2.40623	-0.705857	-0.407758
11	2.33464	0.0849999	-0.147979	-2.6244	-1.39073	-1.21703	0.353237	-0.586341	-3.28837	-1.46179	-1.28142
11	0.713206	0.113449	0.113449	-0.865212	-0.125853	-0.0926668	0.471463	0.471463	-1.08411	-0.401229	-0.262995
11	0.958609	0.153081	0.153081	-1.63449	-0.114306	-0.0784447	0.636163	0.636163	-2.04801	-0.27948	-0.179927
11	0.592205	0.674456	0.674456	-0.390913	0.468499	0.470371	2.80286	2.80286	-0.489814	1.33233	1.23176
11	0.884409	0.390132	0.390132	-1.88171	0.154101	0.134549	1.62128	1.62128	-2.35779	0.43083	0.289936
11	1.10196	0.561991	0.561991	-1.63847	0.272878	0.279056	2.33548	2.33548	-2.05301	0.685105	0.562528
11	1.15036	-0.155965	-0.155965	-1.94531	-0.464581	-0.473626	-0.64815	-0.64815	-2.43748	-1.02337	-0.82759
11	1.54019	0.498248	0.498248	-1.5711	-0.677435	-0.463437	2.07059	2.07059	-1.96859	-0.752613	-0.485986
11	1.21839	-0.290688	-0.290688	-1.53255	-0.585011	-0.574575	-1.20802	-1.20802	-1.92028	-1.43451	-1.09786
11	0.785994	0.249462	0.249462	-1.66739	-0.000827862	0.0161623	1.0367	1.0367	-2.08924	-0.00227057	0.0311199
11	0.621433	-0.0565781	-0.0565781	-1.30153	-0.291143	-0.3098	-0.235123	-0.235123	-1.63082	-0.855799	-0.68069
11	0.899845	0.14283	0.14283	-1.39573	-0.100551	-0.0796267	0.593564	0.593564	-1.74885	-0.282222	-0.204946
11	0.537478	0.261272	0.261272	-0.801237	0.0501111	0.0859845	1.08577	1.08577	-1.00395	0.155648	0.236252
11	0.913391	0.277008	0.277008	-0.832804	0.068271	0.0562049	1.15117	1.15117	-1.0435	0.198738	0.126089
11	0.654933	-0.266433	-0.266433	-1.60926	-0.468793	-0.479927	-1.10722	-1.10722	-2.0164	-1.34365	-1.24397
11	1.02726	-0.00507576	-0.00507576	-1.54015	-0.237518	-0.262809	-0.0210935	-0.0210935	-1.92981	-0.650566	-0.579849
11	0.64088	0.202812	0.202812	-1.12069	-0.0146367	-0.0218316	0.842831	0.842831	-1.40422	-0.0425738	-0.0541703
11	0.926139	-0.192963	-0.192963	-1.93764	-0.434973	-0.433501	-0.8019	-0.8019	-2.42786	-1.22077	-0.965275
11	1.47169	0.201102	0.201102	-1.17281	-0.295807	-0.308084	0.835726	0.835726	-1.46952	-0.487181	-0.394451
11	1.03479	0.587667	0.587667	-1.20232	0.315486	0.321418	2.44218	2.44218	-1.50651	0.787634	0.720253
11	1.12482	0.382867	0.382867	-1.28504	0.0742458	0.0960048	1.59109	1.59109	-1.61015	0.192698	0.204935
11	1.06199	0.104641	0.104641	-1.96598	-0.180548	-0.125982	0.434861	0.434861	-2.46338	-0.418302	-0.316931
11	0.521282	0.351326	0.351326	-0.798626	0.126208	0.119131	1.46002	1.46002	-1.00068	0.382176	0.317596
11	0.944821	0.0116091	0.0116091	-1.5592	-0.23642	-0.190672	0.0482444	0.0482444	-1.95368	-0.659554	-0.466058
11	0.511908	-0.147723	-0.147723	-1.90817	-0.375328	-0.33957	-0.613898	-0.613898	-2.39093	-1.08847	-0.854287
11	0.731653	0.00976266	0.00976266	-1.38421	-0.219372	-0.192936	0.040571	0.040571	-1.73442	-0.633271	-0.489139
11	0.453639	0.319767	0.319767	-0.936096	0.0762676	0.126067	1.32887	1.32887	-1.17293	0.229679	0.335359
11	0.772332	0.0660825	0.0660825	-1.318	-0.180985	-0.128813	0.274621	0.274621	-1.65145	-0.562916	-0.328086
11	0.606461	-0.773843	-0.773843	-1.90886	-0.97776	-0.974552	-3.21588	-3.21588	-2.3918	-3.29055	-2.4724
11	0.443233	-0.183222	-0.183222	-1.3644	-0.397981	-0.357877	-0.761421	-0.761421	-1.7096	-1.31634	-0.975162
11	0.98758	-0.134941	-0.134941	-2.48843	-0.451472	-0.385895	-0.560779	-0.560779	-3.118	-0.978763	-0.873172
11	0.585073	0.164633	0.164633	-0.962884	-0.0472886	-0.0750993	0.684171	0.684171	-1.20649	-0.148304	-0.181386
11	0.609551	0.660166	0.660166	-0.549435	0.410285	0.440409	2.74347	2.74347	-0.688442	1.10837	1.1562
11	0.760933	0.267584	0.267584	-1.3414	0.00990786	0.0484082	1.11201	1.11201	-1.68077	0.0265016	0.114246
11	1.7929	-0.191473	-0.191473	-2.41642	-1.11337	-0.96783	-0.795712	-0.795712	-3.02777	-1.41475	-1.22978
11	0.686498	0.0939011	0.0939011	-1.04887	-0.118711	-0.100152	0.390228	0.390228	-1.31424	-0.369432	-0.270518
11	1.8988	-0.0846103	-0.278731	-2.40086	-1.26711	-1.15454	-0.351618	-1.10443	-3.00827	-1.27806	-1.03886
11	0.776949	0.367482	0.367482	-0.853927	0.146083	0.18444	1.52716	1.52716	-1.06997	0.420628	0.478333
11	0.736611	0.424969	0.424969	-0.461918	0.218725	0.200811	1.76606	1.76606	-0.578783	0.693133	0.481611
11	1.25502	0.141561	0.141561	-1.41036	-0.228805	-0.215098	0.588289	0.588289	-1.76718	-0.472999	-0.387891
11	0.714399	-0.235624	-0.235624	-1.51927	-0.475918	-0.439001	-0.979189	-0.979189	-1.90365	-1.34989	-1.19573
11	1.33892	0.00710976	0.00710976	-1.63992	-0.501972	-0.453549	0.0295462	0.0295462	-2.05481	-0.751675	-0.694745
11	1.01048	0.0971503	0.0971503	-1.29855	-0.177566	-0.116054	0.40373	0.40373	-1.62708	-0.438131	-0.284208
11	0.761582	-0.0587296	-0.0587296	-1.48948	-0.278086	-0.275173	-0.244065	-0.244065	-1.86632	-0.852619	-0.688837
11	0.924495	-0.280615	-0.280615	-1.63648	-0.569239	-0.493839	-1.16616	-1.16616	-2.05052	-1.35526	-1.2703
11	0.829738	-0.157087	-0.157087	-1.66089	-0.414033	-0.372817	-0.652809	-0.652809	-2.0811	-1.1113	-0.912512
11	0.712241	-0.0554198	-0.0554198	-1.59114	-0.264732	-0.268016	-0.23031	-0.23031	-1.9937	-0.794265	-0.655467
11	1.66693	0.0687844	0.0687844	-2.09308	-1.27233	-1.1574	0.28585	0.28585	-2.62262	-1.58661	-1.33482
11	1.35753	-0.40225	-0.40225	-2.38864	-0.965509	-0.835304	-1.67164	-1.67164	-2.99296	-1.63097	-1.49186
11	0.882548	0.453603	0.453603	-1.33922	0.198542	0.213758	1.88505	1.88505	-1.67804	0.555228	0.513915
11	0.526222	-0.112394	-0.112394	-1.56779	-0.343264	-0.329456	-0.46708	-0.46708	-1.96444	-0.99058	-0.906063
11	1.44662	0.10399	0.10399	-1.94906	-0.554678	-0.477043	0.432153	0.432153	-2.44217	-0.744111	-0.593994
11	0.693542	-0.0240591	-0.0240591	-1.51061	-0.267796	-0.231286	-0.0999832	-0.0999832	-1.89279	-0.75946	-0.615203
11	0.183857	-0.314323	-0.314323	-1.00011	-0.517417	-0.529435	-1.30624	-1.30624	-1.25314	-1.60518	-1.39395
11	0.853932	-0.0549618	-0.0549618	-1.63519	-0.317179	-0.257837	-0.228406	-0.228406	-2.04889	-0.865485	-0.617987
11	0.530635	-0.481085	-0.481085	-1.80296	-0.727638	-0.707352	-1.99926	-1.99926	-2.25911	-1.90061	-1.59497
11	0.923654	0.0120914	0.0120914	-1.41838	-0.226638	-0.194244	0.0502488	0.0502488	-1.77723	-0.680926	-0.514593
11	0.870949	-0.0585068	-0.0585068	-1.28785	-0.310903	-0.245966	-0.243138	-0.243138	-1.61367	-0.939618	-0.632064
11	0.568809	0.057358	0.057358	-1.3116	-0.202904	-0.131995	0.238364	0.238364	-1.64344	-0.525068	-0.359251
11	0.874153	-0.0114063	-0.0114063	-1.23073	-0.261381	-0.228445	-0.0474015	-0.0474015	-1.5421	-0.637974	-0.553258
11	0.904086	0.258958	0.258958	-1.63658	0.0229856	0.0244967	1.07616	1.07616	-2.05064	0.0626366	0.0586563
11	0.592513	0.0562894	0.0562894	-0.75916	-0.200661	-0.159587	0.233924	0.233924	-0.951228	-0.481983	-0.398915
11	0.520958	-0.340686	-0.340686	-1.05616	-0.548181	-0.545818	-1.4158	-1.4158	-1.32337	-1.71631	-1.45364
11	0.937548	-0.197683	-0.197683	-1.26286	-0.47781	-0.392666	-0.821518	-0.821518	-1.58236	-1.13908	-1.15203
11	0.340273	0.260948	0.260948	-0.462186	0.0242618	0.0473761	1.08443	1.08443	-0.579119	0.0703298	0.121569
11	1.60803	-0.493037	-0.493037	-2.8898	-1.06464	-1.0085	-2.04893	-2.04893	-3.62091	-1.47669	-1.27887
11	0.520878	0.167035	0.167035	-0.767807	-0.0443119	-0.0353243	0.694154	0.694154	-0.962062	-0.137659	-0.0878758
11	0.841898	0.185092	0.185092	-1.68901	-0.0814229	-0.0254013	0.769193	0.769193	-2.11634	-0.217249	-0.0668005
11	0.920677	-0.340114	-0.340114	-2.73561	-0.625638	-0.546909	-1.41342	-1.41342	-3.42772	-1.40214	-1.33655
11	0.560943	-0.0590042	-0.0590042	-1.71724	-0.279773	-0.277786	-0.245205	-0.245205	-2.1517	-0.860929	-0.714145
11	0.58503	0.144736	0.144736	-0.781711	-0.0624933	-0.033994	0.601483	0.601483	-0.979483	-0.194069	-0.0957687
11	0.912496	0.489166	0.489166	-1.46468	0.237001	0.275471	2.03284	2.03284	-1.83525	0.658804	0.715062
11	1.41185	0.0315074	0.0315074	-2.00709	-0.536096	-0.499102	0.130936	0.130936	-2.51489	-1.0137	-0.756677
11	1.01723	-0.389048	-0.389048	-1.79246	-0.6624	-0.628992	-1.61678	-1.61678	-2.24595	-1.67103	-1.46152
11	0.951178	-0.00983994	-0.00983994	-1.50644	-0.262304	-0.252004	-0.0408921	-0.0408921	-1.88757	-0.650774	-0.555322
11	0.292781	-0.0764706	-0.0764706	-0.79678	-0.27272	-0.257592	-0.317791	-0.317791	-0.998366	-0.932451	-0.746506
11	0.813157	0.0660281	0.0660281	-1.54771	-0.166046	-0.149867	0.274395	0.274395	-1.93929	-0.469526	-0.382168
11	0.818593	-0.0485563	-0.0485563	-2.16783	-0.293138	-0.273163	-0.201787	-0.201787	-2.71629	-0.864255	-0.652425
11	0.955265	-0.217475	-0.217475	-1.47553	-0.471956	-0.454781	-0.903767	-0.903767	-1.84884	-1.23011	-1.2064
11	0.229601	0.116075	0.116075	-0.700601	-0.109144	-0.0591424	0.482376	0.482376	-0.877854	-0.342717	-0.158795
11	1.18348	0.261246	0.261246	-1.09711	-0.0795051	-0.0511235	1.08567	1.08567	-1.37468	-0.17969	-0.103557
11	0.779533	0.366875	0.366875	-1.04776	0.158874	0.133789	1.52463	1.52463	-1.31284	0.486586	0.296962
11	0.64205	0.194403	0.194403	-0.865987	-0.00859419	0.000605164	0.807887	0.807887	-1.08508	-0.0271541	0.00164552
11	0.335845	0.136253	0.136253	-0.880933	-0.0657143	-0.0439535	0.566231	0.566231	-1.10381	-0.218626	-0.12469
11	1.35148	-0.117293	-0.117293	-1.76444	-0.551658	-0.440888	-0.487437	-0.487437	-2.21084	-0.950275	-0.823712
11	1.52664	-0.0446031	-0.0446031	-2.55698	-0.637131	-0.537303	-0.185358	-0.185358	-3.2039	-0.908869	-0.658442
11	1.06314	-0.0836293	-0.0836293	-1.22312	-0.370307	-0.341647	-0.347541	-0.347541	-1.53257	-0.891963	-0.740174
11	1.03545	-0.0895953	-0.0895953	-1.81257	-0.366996	-0.320903	-0.372334	-0.372334	-2.27115	-0.914746	-0.811552
11	1.20353	0.898709	0.898709	-0.860658	0.467745	0.578284	3.73479	3.73479	-1.0784	0.93906	1.11303
11	1.69243	0.718977	0.718977	-0.732563	-0.363076	-0.229013	2.98787	2.98787	-0.917902	-0.372269	-0.212414
11	1.43329	0.19706	0.19706	-1.67598	-0.393377	-0.293907	0.81893	0.81893	-2.1	-0.557094	-0.373291
11	0.316293	-0.0736147	-0.0736147	-1.07436	-0.294032	-0.254969	-0.305923	-0.305923	-1.34617	-0.927126	-0.738376
11	1.32215	0.261133	0.261133	-1.3511	-0.107437	-0.100232	1.0852	1.0852	-1.69292	-0.20862	-0.16817
11	1.61304	-0.0612803	-0.0612803	-1.73212	-0.894756	-0.827214	-0.254664	-0.254664	-2.17034	-1.22199	-1.12298
11	1.0597	-0.0542962	-0.0542962	-1.70741	-0.335494	-0.33683	-0.22564	-0.22564	-2.13938	-0.845213	-0.697947
11	0.895916	-0.131529	-0.131529	-1.88721	-0.368345	-0.360112	-0.5466	-0.5466	-2.36468	-1.01832	-0.88596
11	0.948931	0.169746	0.169746	-1.26786	-0.0646704	-0.0651071	0.705418	0.705418	-1.58863	-0.172684	-0.149887
11	0.584021	-0.122129	-0.122129	-0.996648	-0.329495	-0.347305	-0.507535	-0.507535	-1.2488	-1.16773	-0.815109
11	1.97611	0.0141802	-0.135499	-2.26722	-1.49982	-0.974228	0.0589291	-0.536893	-2.84082	-1.26397	-0.867206
11	1.25526	-0.0368696	-0.0368696	-1.50409	-0.492836	-0.343398	-0.15322	-0.15322	-1.88462	-0.805066	-0.599902
11	1.14489	0.108597	0.108597	-0.979035	-0.19279	-0.173088	0.451298	0.451298	-1.22673	-0.450279	-0.348133
11	2.25888	-0.38809	-0.631675	-1.97926	-1.92668	-1.77223	-1.6128	-2.50291	-2.48001	-2.27566	-2.15672
11	0.931913	0.117838	0.117838	-1.90424	-0.145896	-0.0818553	0.489702	0.489702	-2.38602	-0.377413	-0.210469
11	1.01309	-0.033974	-0.033974	-1.34039	-0.30712	-0.246338	-0.141187	-0.141187	-1.67951	-0.762246	-0.61329
11	0.97234	0.214746	0.214746	-1.68495	-0.0202197	-0.00822139	0.892427	0.892427	-2.11124	-0.0604223	-0.018155
11	1.43977	-0.162021	-0.162021	-1.79835	-0.758904	-0.697432	-0.673315	-0.673315	-2.25334	-1.24749	-1.06015
11	0.644036	-0.10046	-0.10046	-1.51345	-0.30122	-0.294758	-0.417483	-0.417483	-1.89636	-0.965359	-0.804321
11	1.0045	-0.483955	-0.483955	-2.1717	-0.728147	-0.690819	-2.01119	-2.01119	-2.72114	-2.09142	-1.79402
11	0.552457	0.528483	0.528483	-0.710447	0.317777	0.328584	2.19623	2.19623	-0.89019	1.08425	0.940569
11	1.36498	0.492888	0.492888	-1.58355	-0.0100405	0.0205222	2.04831	2.04831	-1.98419	-0.0176806	0.0311
11	1.45138	-0.00464716	-0.00464716	-1.37448	-0.417393	-0.381877	-0.0193123	-0.0193123	-1.72223	-0.76085	-0.608635
11	0.513113	0.36931	0.36931	-0.847133	0.135806	0.203295	1.53475	1.53475	-1.06146	0.387598	0.631443
11	0.452354	0.0893268	0.0893268	-0.819342	-0.148803	-0.090783	0.371218	0.371218	-1.02664	-0.409001	-0.252895
11	0.760247	-0.987939	-0.987939	-2.70238	-1.23245	-1.18784	-4.10561	-4.10561	-3.38608	-3.75802	-3.25723
11	1.13013	0.0887328	0.0887328	-1.74291	-0.281401	-0.179251	0.36875	0.36875	-2.18386	-0.532648	-0.386543
11	0.989363	0.0062539	0.0062539	-1.87441	-0.256121	-0.217709	0.0259895	0.0259895	-2.34864	-0.677489	-0.560723
11	0.543257	-0.475924	-0.475924	-1.34619	-0.685913	-0.679642	-1.97781	-1.97781	-1.68677	-2.29866	-1.85083
11	0.576219	0.0874187	0.0874187	-0.802978	-0.154622	-0.115202	0.363289	0.363289	-1.00613	-0.421251	-0.317627
11	0.937084	-0.136952	-0.136952	-1.69535	-0.365228	-0.402043	-0.569136	-0.569136	-2.12428	-1.04918	-0.832869
11	1.55165	-0.0986409	-0.0986409	-1.25658	-0.681292	-0.711232	-0.409925	-0.409925	-1.57449	-1.23154	-0.982736
11	1.00871	0.0611834	0.0611834	-1.16674	-0.137744	-0.180786	0.254262	0.254262	-1.46193	-0.398317	-0.410247
11	1.20262	0.207586	0.207586	-1.50049	-0.107124	-0.094933	0.862671	0.862671	-1.88011	-0.24567	-0.182488
11	1.23838	0.237388	0.237388	-1.42537	-0.125347	-0.0936519	0.986519	0.986519	-1.78599	-0.262903	-0.157365
11	0.337722	0.105489	0.105489	-0.622251	-0.149646	-0.09701	0.438385	0.438385	-0.77968	-0.453325	-0.2538
11	0.946557	0.556285	0.556285	-1.13389	0.295621	0.349256	2.31177	2.31177	-1.42076	0.749059	0.903743
11	1.93112	0.579485	0.367965	-1.68557	-0.85287	-0.664655	2.40818	1.458	-2.11202	-0.952641	-0.813256
11	1.29546	-0.109387	-0.109387	-2.47412	-0.600735	-0.505153	-0.454582	-0.454582	-3.10007	-1.14467	-0.911758
11	0.847987	0.150566	0.150566	-1.86019	-0.102195	-0.0720435	0.625711	0.625711	-2.33082	-0.288802	-0.171711
11	1.87149	0.112681	0.112681	-2.04224	-1.06972	-0.855989	0.468273	0.468273	-2.55892	-1.33704	-1.08371
11	0.725876	-0.208348	-0.208348	-1.51093	-0.453525	-0.410507	-0.865837	-0.865837	-1.8932	-1.23774	-1.14512
11	0.659495	0.0722201	0.0722201	-1.29659	-0.159201	-0.145408	0.300127	0.300127	-1.62463	-0.447369	-0.360714
11	0.590741	0.0646087	0.0646087	-1.36448	-0.181579	-0.132412	0.268497	0.268497	-1.70969	-0.521194	-0.361334
11	1.00888	0.0389408	0.0389408	-1.55501	-0.198666	-0.200049	0.161827	0.161827	-1.94843	-0.574442	-0.458546
11	1.1203	-0.109784	-0.109784	-1.16585	-0.408225	-0.38714	-0.456231	-0.456231	-1.46081	-0.936373	-0.725204
11	0.593487	-0.138128	-0.138128	-1.32995	-0.377237	-0.343866	-0.574023	-0.574023	-1.66643	-0.996435	-0.910137
11	1.00135	-0.232074	-0.232074	-2.20883	-0.468396	-0.466297	-0.964437	-0.964437	-2.76767	-1.33724	-1.02676
11	1.03508	0.0204381	0.0204381	-1.79466	-0.24425	-0.188181	0.0849353	0.0849353	-2.2487	-0.659914	-0.486894
11	1.50679	-0.510014	-0.510014	-1.65293	-1.17009	-1.19287	-2.11948	-2.11948	-2.07112	-1.83138	-1.63656
11	0.617768	0.136271	0.136271	-0.742333	-0.0923253	-0.0927469	0.566304	0.566304	-0.930144	-0.263972	-0.225223
11	1.45404	0.418994	0.418994	-1.60686	-0.488474	-0.335348	1.74123	1.74123	-2.0134	-0.602666	-0.368721
11	0.489143	0.304813	0.304813	-0.568517	0.0872377	0.0917479	1.26672	1.26672	-0.712352	0.286975	0.221606
11	1.08524	-0.218186	-0.218186	-2.14286	-0.511815	-0.431026	-0.906722	-0.906722	-2.685	-1.19643	-1.05596
11	0.728272	-0.365838	-0.365838	-1.88461	-0.602523	-0.591956	-1.52032	-1.52032	-2.36141	-1.72955	-1.48349
11	0.967851	0.173633	0.173633	-1.89382	-0.0861743	-0.100673	0.72157	0.72157	-2.37296	-0.225189	-0.195531
11	0.460959	0.261428	0.261428	-0.577297	0.0596119	0.0486936	1.08642	1.08642	-0.723353	0.20855	0.132187
11	1.33189	0.294158	0.294158	-1.47602	-0.163569	-0.0414138	1.22244	1.22244	-1.84946	-0.254636	-0.0722013
11	0.792082	0.344541	0.344541	-0.679826	0.120834	0.138698	1.43182	1.43182	-0.851822	0.350676	0.392737
11	0.703382	0.526737	0.526737	-1.09093	0.283379	0.322107	2.18898	2.18898	-1.36693	0.715183	0.785919
11	0.713974	0.155108	0.155108	-1.39306	-0.0661111	-0.0557233	0.644586	0.644586	-1.7455	-0.180557	-0.134644
11	0.611424	-0.327615	-0.327615	-1.46655	-0.536141	-0.547362	-1.36148	-1.36148	-1.83759	-1.65878	-1.40166
11	0.199143	-0.0332077	-0.0332077	-0.727528	-0.277786	-0.247906	-0.138002	-0.138002	-0.911593	-0.745534	-0.695358
11	0.676598	-0.000757315	-0.000757315	-1.11584	-0.272169	-0.219306	-0.0031472	-0.0031472	-1.39815	-0.773478	-0.550513
11	0.651617	-0.237603	-0.237603	-1.38977	-0.473704	-0.457151	-0.987414	-0.987414	-1.74138	-1.3992	-1.0797
11	0.694989	0.168417	0.168417	-1.52906	-0.084342	-0.0422525	0.699894	0.699894	-1.91592	-0.253229	-0.114285
11	1.92301	0.117106	-0.100712	-2.53738	-0.988432	-0.799551	0.486659	-0.399054	-3.17934	-0.893133	-0.794671
11	1.27503	-0.18199	-0.18199	-2.3025	-0.73241	-0.641655	-0.756302	-0.756302	-2.88503	-1.13574	-0.957753
11	0.754971	0.208886	0.208886	-1.08225	-0.0165053	-0.0167767	0.868074	0.868074	-1.35606	-0.0499023	-0.0369307
11	0.676111	0.629475	0.629475	-0.66509	0.397342	0.417636	2.61593	2.61593	-0.833358	1.14549	1.05456
11	0.92075	-0.376656	-0.376656	-2.13374	-0.65308	-0.607006	-1.56528	-1.56528	-2.67357	-1.65498	-1.51268
11	0.88315	0.663189	0.663189	-1.27402	0.43236	0.457436	2.75603	2.75603	-1.59635	1.30056	1.14123
11	0.794264	0.0242203	0.0242203	-1.33429	-0.213535	-0.193911	0.100653	0.100653	-1.67186	-0.599031	-0.509063
11	1.74097	0.260071	0.260071	-2.22833	-1.50947	-1.14963	1.08079	1.08079	-2.7921	-1.6024	-1.04834
11	0.926	0.230457	0.230457	-1.81743	-0.0332172	0.00119921	0.957719	0.957719	-2.27724	-0.07086	0.00270303
11	1.78808	-0.170447	-0.170447	-2.21045	-1.70001	-1.42885	-0.708331	-0.708331	-2.7697	-1.93312	-1.84121
11	0.579539	-0.399807	-0.399807	-1.66061	-0.620316	-0.599253	-1.66149	-1.66149	-2.08074	-1.89406	-1.66504
11	0.498048	0.344385	0.344385	-1.09773	0.135467	0.149724	1.43117	1.43117	-1.37546	0.466863	0.397703
11	0.479339	0.202389	0.202389	-0.700855	-0.0194545	-0.000189176	0.841075	0.841075	-0.878171	-0.0552162	-0.00038679
16	1.63525	-0.0502162	-0.0502162	-2.62492	-1.08836	-0.82678	-0.251684	-0.251684	-3.28903	-1.22441	-0.976556
16	0.641313	-0.0473934	-0.0473934	-1.42811	-0.29384	-0.241322	-0.237536	-0.237536	-1.78942	-0.815127	-0.685868
16	1.16577	-0.00279621	-0.00279621	-1.89348	-0.341743	-0.33189	-0.0140146	-0.0140146	-2.37253	-0.923345	-0.691457
16	0.849845	0.427919	0.427919	-1.06457	0.209278	0.196784	2.14473	2.14473	-1.3339	0.618162	0.495943
16	1.12214	0.509801	0.509801	-1.59221	0.131214	0.239122	2.55512	2.55512	-1.99504	0.267625	0.543469
16	0.419097	0.187603	0.187603	-1.2761	-0.0203581	0.0226711	0.940266	0.940266	-1.59895	-0.074802	0.0748562
16	1.00113	0.419983	0.419983	-1.49017	0.156259	0.191227	2.10496	2.10496	-1.86719	0.407226	0.536721
16	0.928821	0.482112	0.482112	-1.08846	0.22013	0.248664	2.41634	2.41634	-1.36384	0.558606	0.715781
16	0.409318	0.147313	0.147313	-0.627589	-0.0643447	-0.0229348	0.738332	0.738332	-0.786369	-0.193969	-0.0718399
16	1.13801	0.153374	0.153374	-1.45561	-0.156236	-0.121886	0.768711	0.768711	-1.82387	-0.409719	-0.260144
16	1.00625	-0.101451	-0.101451	-1.3715	-0.313043	-0.301038	-0.508471	-0.508471	-1.71849	-1.00897	-0.835864
16	1.07327	0.385317	0.385317	-1.89715	0.0971774	0.144937	1.93121	1.93121	-2.37713	0.243691	0.350693
16	1.20895	0.0253408	0.0253408	-1.72812	-0.324078	-0.281542	0.127008	0.127008	-2.16533	-0.725769	-0.539961
16	0.533376	0.0682108	0.0682108	-1.66132	-0.176326	-0.105643	0.341873	0.341873	-2.08163	-0.529242	-0.329902
16	0.91586	0.094097	0.094097	-1.3576	-0.149739	-0.0921191	0.471614	0.471614	-1.70107	-0.420974	-0.274856
16	1.12895	-0.0866282	-0.0866282	-2.14637	-0.379391	-0.34518	-0.434181	-0.434181	-2.68941	-0.897517	-0.770699
16	1.25394	-0.0460769	-0.0460769	-2.06832	-0.423064	-0.387077	-0.230937	-0.230937	-2.5916	-0.950184	-0.799353
16	1.78092	-0.182105	-0.37185	-2.28065	-1.30476	-1.1723	-0.91271	-1.80453	-2.85766	-1.56219	-1.41521
16	1.57937	0.0567741	0.0567741	-2.4324	-1.02497	-0.770092	0.284552	0.284552	-3.04779	-1.20094	-0.906036
16	0.510999	0.191203	0.191203	-1.42343	-0.00837113	0.0193333	0.958309	0.958309	-1.78356	-0.0309944	0.0665112
16	0.991958	0.00886183	0.00886183	-1.63965	-0.248871	-0.21808	0.0444155	0.0444155	-2.05448	-0.67681	-0.526264
16	1.31474	0.206302	0.206302	-2.02776	-0.505933	-0.238367	1.03398	1.03398	-2.54078	-0.782977	-0.423738
16	0.548984	0.0724243	0.0724243	-1.53251	-0.141328	-0.117106	0.362991	0.362991	-1.92024	-0.427446	-0.350357
16	0.86122	0.177296	0.177296	-1.27751	-0.0582135	-0.0687835	0.888609	0.888609	-1.60072	-0.179529	-0.170655
16	1.02765	0.434806	0.434806	-2.00554	0.172639	0.201984	2.17925	2.17925	-2.51294	0.451132	0.49746
16	1.38135	-0.131455	-0.131455	-1.86288	-0.721006	-0.574639	-0.658852	-0.658852	-2.33419	-1.18035	-1.01742
16	0.881913	0.0535672	0.0535672	-1.31907	-0.200526	-0.157196	0.268479	0.268479	-1.65279	-0.577369	-0.410272
16	0.205023	0.243238	0.243238	-0.417616	0.0497183	0.0568069	1.21911	1.21911	-0.523273	0.187647	0.170144
16	0.66898	0.358695	0.358695	-0.93495	0.134515	0.171051	1.79778	1.79778	-1.17149	0.430571	0.446573
16	0.992843	0.283879	0.283879	-2.27814	-0.012857	0.0635917	1.4228	1.4228	-2.85451	-0.0306899	0.156055
16	1.67801	0.0107748	0.0107748	-2.6427	-0.933356	-0.679115	0.0540033	0.0540033	-3.31131	-1.16577	-0.840064
16	0.599278	-0.257968	-0.257968	-1.44137	-0.469402	-0.464356	-1.29293	-1.29293	-1.80604	-1.4525	-1.3704
16	0.706152	-0.082116	-0.082116	-1.50429	-0.296157	-0.287575	-0.411565	-0.411565	-1.88488	-0.980399	-0.786381
16	0.769475	0.521804	0.521804	-1.53884	0.300679	0.333891	2.61528	2.61528	-1.92816	0.943989	0.968432
16	1.8923	0.439977	0.283145	-1.75374	-1.23363	-1.05633	2.20517	1.37406	-2.19744	-1.57158	-1.31092
16	1.04398	0.137631	0.137631	-1.32767	-0.1346	-0.104513	0.689809	0.689809	-1.66357	-0.37717	-0.252878
16	0.545486	0.230079	0.230079	-1.11108	0.00581137	0.0207358	1.15316	1.15316	-1.39218	0.0193854	0.0609802
16	0.429557	0.222838	0.222838	-0.836266	0.0383351	0.040936	1.11687	1.11687	-1.04784	0.144626	0.137175
16	0.774215	0.0130043	0.0130043	-1.69523	-0.230357	-0.182644	0.0651775	0.0651775	-2.12412	-0.68521	-0.501286
16	0.735779	-0.240855	-0.240855	-1.61596	-0.469603	-0.438559	-1.20717	-1.20717	-2.0248	-1.38372	-1.30609
16	0.817211	-0.133456	-0.133456	-1.7363	-0.365635	-0.341001	-0.668882	-0.668882	-2.17559	-1.10337	-0.929475
16	0.889987	-0.0239027	-0.0239027	-1.51355	-0.275999	-0.210765	-0.119801	-0.119801	-1.89648	-0.78373	-0.59134
16	0.857734	-0.288951	-0.288951	-2.07904	-0.507082	-0.496582	-1.44822	-1.44822	-2.60504	-1.77345	-1.33555
16	0.846	-0.155695	-0.155695	-2.04408	-0.39374	-0.340711	-0.780342	-0.780342	-2.56124	-1.17243	-1.01176
16	1.16303	0.114003	0.114003	-1.2871	-0.212269	-0.186722	0.571384	0.571384	-1.61274	-0.462098	-0.352233
16	0.723896	-0.103381	-0.103381	-1.47357	-0.336038	-0.300113	-0.518146	-0.518146	-1.84638	-1.13517	-0.868988
16	1.17745	0.110411	0.110411	-1.90093	-0.280314	-0.233342	0.553378	0.553378	-2.38186	-0.585527	-0.449031
16	1.15898	0.162499	0.162499	-1.92852	-0.167504	-0.128957	0.814444	0.814444	-2.41643	-0.345195	-0.25553
16	1.70898	0.242622	0.242622	-1.82043	-1.37942	-0.839834	1.21602	1.21602	-2.28099	-1.43349	-0.870623
16	1.47787	-0.295159	-0.295159	-2.19502	-1.40802	-1.24364	-1.47934	-1.47934	-2.75036	-1.94126	-1.57568
16	0.776591	-0.117895	-0.117895	-1.70579	-0.384098	-0.29131	-0.59089	-0.59089	-2.13735	-1.01438	-0.864645
16	1.82216	-0.0900946	-0.200252	-3.19051	-1.64145	-1.43964	-0.451554	-0.971792	-3.99771	-2.12671	-1.87623
16	1.18087	-0.120816	-0.120816	-1.88155	-0.475277	-0.397066	-0.605528	-0.605528	-2.35758	-1.05924	-0.912309
16	0.664826	-0.376189	-0.376189	-1.89701	-0.588203	-0.5604	-1.88546	-1.88546	-2.37696	-1.82712	-1.64498
16	0.392273	0.101965	0.101965	-1.0788	-0.113105	-0.0706641	0.511048	0.511048	-1.35174	-0.39029	-0.225889
16	0.773823	0.252222	0.252222	-1.08472	0.0349209	0.0631258	1.26414	1.26414	-1.35915	0.112578	0.183211
16	0.623792	0.293186	0.293186	-1.34499	0.0832405	0.0970029	1.46945	1.46945	-1.68527	0.285914	0.28695
16	0.743484	0.551582	0.551582	-0.585704	0.334183	0.350196	2.76453	2.76453	-0.733887	1.02139	1.01897
16	0.642588	-0.198332	-0.198332	-1.87418	-0.437349	-0.405274	-0.994041	-0.994041	-2.34834	-1.29411	-1.17157
16	1.02935	-0.0902511	-0.0902511	-1.92602	-0.354742	-0.360998	-0.452338	-0.452338	-2.4133	-1.00405	-0.762695
16	0.799991	0.245625	0.245625	-1.48584	-0.00452551	0.0173555	1.23107	1.23107	-1.86176	-0.0143019	0.042929
16	1.27589	0.0691256	0.0691256	-2.32598	-0.377859	-0.317389	0.346457	0.346457	-2.91445	-0.680273	-0.515957
16	0.278193	-0.338583	-0.338583	-1.25509	-0.57807	-0.530892	-1.69698	-1.69698	-1.57263	-1.87112	-1.65292
16	0.367905	-0.237588	-0.237588	-1.16004	-0.445337	-0.410986	-1.19079	-1.19079	-1.45353	-1.46537	-1.30944
16	0.566132	0.416324	0.416324	-1.03394	0.185104	0.247684	2.08661	2.08661	-1.29552	0.603452	0.747678
16	0.643766	0.472841	0.472841	-0.84206	0.239112	0.281229	2.36988	2.36988	-1.0551	0.763427	0.7905
16	1.21863	0.0578179	0.0578179	-1.42868	-0.335667	-0.311525	0.289783	0.289783	-1.79014	-0.756761	-0.579425
16	0.568072	0.0909226	0.0909226	-0.836676	-0.139254	-0.0841734	0.455704	0.455704	-1.04835	-0.428074	-0.260984
16	0.567693	-0.341543	-0.341543	-1.63465	-0.560439	-0.535464	-1.71181	-1.71181	-2.04821	-1.75551	-1.44152
16	0.583781	0.166977	0.166977	-0.979413	-0.0554803	-0.0134175	0.836888	0.836888	-1.2272	-0.176734	-0.0408588
16	0.871932	0.175287	0.175287	-1.48331	-0.0665221	-0.051277	0.878538	0.878538	-1.85859	-0.207803	-0.137586
16	1.25505	-0.175621	-0.175621	-2.06046	-0.625904	-0.52883	-0.88021	-0.88021	-2.58175	-1.1881	-0.964994
16	1.1267	-0.084937	-0.084937	-1.86642	-0.379401	-0.356096	-0.425704	-0.425704	-2.33862	-1.00577	-0.775413
16	1.206	-0.175561	-0.175561	-2.22444	-0.571499	-0.518002	-0.879914	-0.879914	-2.78722	-1.18836	-1.01015
16	0.54234	0.467419	0.467419	-0.483148	0.249614	0.286271	2.3427	2.3427	-0.605385	0.856323	0.787659
16	1.35441	-0.346498	-0.346498	-2.08243	-0.951439	-0.92532	-1.73665	-1.73665	-2.60928	-1.68051	-1.39124
16	0.5865	-0.0224724	-0.0224724	-1.06728	-0.256962	-0.210955	-0.112632	-0.112632	-1.3373	-0.773987	-0.653233
16	0.983053	-0.270685	-0.270685	-1.68907	-0.529391	-0.486386	-1.35667	-1.35667	-2.1164	-1.47357	-1.34343
16	1.02325	-0.0514215	-0.0514215	-1.83553	-0.342363	-0.273786	-0.257724	-0.257724	-2.29992	-0.774654	-0.684447
16	0.841425	-0.00482067	-0.00482067	-1.64367	-0.223096	-0.241882	-0.0241612	-0.0241612	-2.05952	-0.719063	-0.60597
16	1.15866	0.393328	0.393328	-1.32536	0.0112283	0.0906719	1.97136	1.97136	-1.66067	0.0239259	0.192591
16	1.08261	0.628862	0.628862	-1.65622	0.346664	0.405639	3.15186	3.15186	-2.07525	0.92006	0.973415
16	0.710063	0.0122589	0.0122589	-1.92798	-0.206834	-0.188474	0.0614418	0.0614418	-2.41576	-0.692861	-0.536171
16	0.807998	0.335156	0.335156	-1.5717	0.0420731	0.144954	1.6798	1.6798	-1.96934	0.106672	0.421884
16	1.48206	-0.026854	-0.026854	-2.40362	-0.903356	-0.813806	-0.134592	-0.134592	-3.01173	-1.25747	-1.05561
16	0.835887	0.263878	0.263878	-1.0959	0.0334914	0.0845608	1.32256	1.32256	-1.37316	0.102945	0.254783
16	0.864264	0.421826	0.421826	-1.34769	0.214814	0.219088	2.11419	2.11419	-1.68866	0.724048	0.627491
16	0.682772	-0.0612663	-0.0612663	-2.12067	-0.266711	-0.25349	-0.307067	-0.307067	-2.6572	-0.911493	-0.71672
16	0.76477	-0.123008	-0.123008	-1.38044	-0.350604	-0.325824	-0.616515	-0.616515	-1.72969	-1.11561	-0.961776
16	1.54508	-0.00373427	-0.00373427	-2.09886	-0.589157	-0.600471	-0.0187161	-0.0187161	-2.62988	-0.898445	-0.819814
16	1.51508	0.062296	0.062296	-2.14285	-1.05219	-0.687404	0.312227	0.312227	-2.68499	-1.20898	-0.858983
16	0.701508	0.555723	0.555723	-0.778389	0.36825	0.37032	2.78528	2.78528	-0.975322	1.34835	1.15319
16	0.475212	0.243958	0.243958	-1.16267	0.0590204	0.0387751	1.22272	1.22272	-1.45682	0.218063	0.105884
16	0.985058	-0.286873	-0.286873	-2.3293	-0.500489	-0.529981	-1.43781	-1.43781	-2.91861	-1.54573	-1.23985
16	0.826852	-0.150846	-0.150846	-1.62095	-0.386072	-0.3501	-0.756039	-0.756039	-2.03105	-1.19169	-0.879116
16	1.41317	0.0173897	0.0173897	-2.50403	-0.67305	-0.546749	0.0871571	0.0871571	-3.13755	-1.11409	-0.887208
16	0.691513	-0.0301315	-0.0301315	-1.60285	-0.264907	-0.211351	-0.151019	-0.151019	-2.00838	-0.830245	-0.624551
16	0.73032	-0.141331	-0.141331	-2.39085	-0.371658	-0.352769	-0.708352	-0.708352	-2.99574	-1.17939	-0.996298
16	0.604803	-0.127232	-0.127232	-1.29558	-0.36146	-0.301799	-0.637685	-0.637685	-1.62336	-1.1193	-0.868827
16	1.58059	-0.233795	-0.233795	-2.69268	-1.16114	-0.969139	-1.17178	-1.17178	-3.37392	-1.36242	-1.19385
16	1.75116	0.233117	0.051476	-2.45443	-0.781101	-0.497961	1.16838	0.249805	-3.0754	-0.859804	-0.600812
16	1.01054	0.289919	0.289919	-1.77329	0.0344689	0.0508515	1.45307	1.45307	-2.22194	0.096821	0.1228
16	1.24027	-0.241592	-0.241592	-1.58747	-0.668875	-0.559937	-1.21086	-1.21086	-1.9891	-1.27925	-1.14878
16	0.864765	0.209101	0.209101	-1.60737	-0.0408654	0.0191412	1.04801	1.04801	-2.01403	-0.120937	0.0534465
16	0.681483	-0.371525	-0.371525	-2.06659	-0.629123	-0.563044	-1.86208	-1.86208	-2.58943	-1.73165	-1.66017
16	1.48849	0.0456763	0.0456763	-2.33957	-0.909848	-0.75822	0.22893	0.22893	-2.93149	-1.26218	-1.03302
16	1.08092	0.489345	0.489345	-1.4163	0.183611	0.196994	2.4526	2.4526	-1.77463	0.429595	0.406101
16	1.05118	0.77137	0.77137	-1.14272	0.539245	0.539387	3.8661	3.8661	-1.43183	1.6136	1.40043
16	1.19652	-0.119071	-0.119071	-2.82088	-0.551953	-0.450593	-0.596783	-0.596783	-3.53456	-1.01193	-0.816012
16	0.912324	0.216168	0.216168	-1.9732	-0.0133122	-0.0316135	1.08343	1.08343	-2.47242	-0.0396223	-0.0728524
16	1.06014	0.0635313	0.0635313	-1.57179	-0.184387	-0.181795	0.318419	0.318419	-1.96945	-0.551269	-0.430555
16	0.911483	0.429742	0.429742	-0.78317	0.164847	0.223294	2.15387	2.15387	-0.981312	0.438729	0.619136
16	1.51877	0.0496193	0.0496193	-1.8949	-0.878838	-0.763878	0.248692	0.248692	-2.37431	-1.19901	-0.983033
16	1.14645	-0.0874931	-0.0874931	-2.42583	-0.461383	-0.368008	-0.438515	-0.438515	-3.03957	-0.987865	-0.748668
16	0.893191	-0.20146	-0.20146	-1.77102	-0.443422	-0.405612	-1.00972	-1.00972	-2.21909	-1.47296	-1.11253
16	1.00034	-0.158093	-0.158093	-1.98485	-0.445198	-0.365952	-0.792364	-0.792364	-2.48702	-1.11989	-0.987193
16	0.86175	0.00650135	0.00650135	-1.346	-0.24006	-0.194311	0.0325848	0.0325848	-1.68654	-0.671616	-0.542929
16	0.624732	0.0957	0.0957	-1.63693	-0.141388	-0.0972793	0.479648	0.479648	-2.05107	-0.434162	-0.274482
16	1.30544	0.0192155	0.0192155	-2.85823	-0.536506	-0.382836	0.096308	0.096308	-3.58137	-0.82644	-0.618477
16	1.00855	0.0521044	0.0521044	-1.73562	-0.170299	-0.172441	0.261147	0.261147	-2.17473	-0.560813	-0.449785
16	1.43986	-0.0210322	-0.0210322	-2.19533	-0.839454	-0.712944	-0.105414	-0.105414	-2.75075	-1.06989	-0.925158
16	0.501866	-0.10908	-0.10908	-0.888298	-0.340997	-0.310447	-0.54671	-0.54671	-1.11304	-1.04855	-0.846381
16	1.03376	-0.0906089	-0.0906089	-1.85969	-0.357383	-0.313444	-0.454132	-0.454132	-2.33019	-0.948611	-0.865572
16	1.08578	0.600856	0.600856	-1.10205	0.297704	0.281616	3.01149	3.01149	-1.38086	0.766682	0.517421
16	1.32275	0.0525645	0.0525645	-2.6738	-0.395917	-0.369441	0.263453	0.263453	-3.35027	-0.727246	-0.595036
16	1.60952	0.359333	0.359333	-3.26429	-0.462293	-0.221758	1.80098	1.80098	-4.09016	-0.57744	-0.298356
16	0.89032	0.122806	0.122806	-1.48803	-0.102437	-0.0697183	0.615505	0.615505	-1.8645	-0.294192	-0.193559
16	0.748882	0.259465	0.259465	-1.05178	-0.00654514	0.0580672	1.30044	1.30044	-1.31788	-0.0185898	0.163643
16	0.848478	0.0245632	0.0245632	-2.24844	-0.22932	-0.211966	0.123111	0.123111	-2.81729	-0.66255	-0.57155
16	0.714109	0.275218	0.275218	-1.08961	0.0266782	0.0868882	1.37939	1.37939	-1.36528	0.0819038	0.24606
16	1.26853	0.179849	0.179849	-1.73413	-0.217151	-0.18618	0.901401	0.901401	-2.17287	-0.447967	-0.34336
16	1.06689	0.247859	0.247859	-1.20763	-0.0594893	-0.0198352	1.24227	1.24227	-1.51316	-0.151254	-0.0464561
16	0.587008	-0.0828145	-0.0828145	-1.63149	-0.288349	-0.299078	-0.415066	-0.415066	-2.04426	-0.905803	-0.792594
16	1.39531	-0.271269	-0.271269	-1.99003	-0.757004	-0.761459	-1.3596	-1.3596	-2.4935	-1.29612	-1.13019
16	0.458312	0.094916	0.094916	-0.886351	-0.0867161	-0.0827444	0.475719	0.475719	-1.1106	-0.359929	-0.276263
16	0.382418	0.141279	0.141279	-1.30201	-0.102837	-0.0468746	0.70809	0.70809	-1.63142	-0.292694	-0.134697
16	0.717131	-0.238483	-0.238483	-1.46061	-0.437598	-0.419627	-1.19527	-1.19527	-1.83015	-1.56457	-1.13397
16	2.35871	-0.122209	-0.616542	-3.32957	-2.89006	-2.52289	-0.612511	-2.78539	-4.17195	-3.60466	-2.56382
16	0.766847	0.216145	0.216145	-1.19988	-0.047207	-0.0076314	1.08332	1.08332	-1.50345	-0.144302	-0.0192244
16	1.48767	0.198867	0.198867	-1.72356	-0.456497	-0.375823	0.996722	0.996722	-2.15962	-0.701265	-0.507344
16	1.01267	0.123028	0.123028	-1.47918	-0.150935	-0.0858988	0.616615	0.616615	-1.85341	-0.442562	-0.236052
16	0.82081	0.0769597	0.0769597	-1.79883	-0.13466	-0.124257	0.385722	0.385722	-2.25394	-0.420468	-0.304958
16	0.766964	0.0879142	0.0879142	-1.77334	-0.140384	-0.0940763	0.440626	0.440626	-2.22199	-0.471811	-0.283358
16	1.63439	0.0186872	0.0186872	-1.94229	-1.15155	-1.05793	0.0936604	0.0936604	-2.43369	-1.59332	-1.35194
16	0.64414	0.165208	0.165208	-0.962503	-0.0575893	-0.0202762	0.828024	0.828024	-1.20602	-0.182074	-0.0611039
16	0.755345	0.449744	0.449744	-1.24012	0.246246	0.260163	2.25411	2.25411	-1.55387	0.779012	0.754563
16	0.928995	-0.0553288	-0.0553288	-2.90487	-0.306193	-0.259594	-0.277308	-0.277308	-3.6398	-0.915843	-0.732381
16	0.758602	0.445812	0.445812	-1.6769	0.226531	0.250818	2.23441	2.23441	-2.10115	0.743875	0.69847
16	1.09805	0.352009	0.352009	-1.3152	0.044758	0.125133	1.76427	1.76427	-1.64794	0.105857	0.298652
16	0.44825	-0.0574912	-0.0574912	-0.934357	-0.273796	-0.235379	-0.288146	-0.288146	-1.17075	-0.930218	-0.692711
16	0.678841	-0.173385	-0.173385	-1.36875	-0.384422	-0.37311	-0.869004	-0.869004	-1.71505	-1.24221	-1.05404
16	0.782611	0.3216	0.3216	-1.38168	0.0903387	0.119632	1.61186	1.61186	-1.73124	0.275445	0.340293
16	1.29035	0.47718	0.47718	-2.39073	0.111206	0.103498	2.39162	2.39162	-2.99558	0.234849	0.186144
16	1.37228	0.223264	0.223264	-1.71431	-0.491227	-0.467076	1.119	1.119	-2.14803	-0.733913	-0.660186
16	0.924416	-0.0707354	-0.0707354	-1.40411	-0.279428	-0.311837	-0.354526	-0.354526	-1.75935	-0.939821	-0.729874
16	1.15954	0.12399	0.12399	-1.2752	-0.189975	-0.189336	0.621436	0.621436	-1.59782	-0.44835	-0.382381
16	1.95704	0.457247	0.212987	-1.87132	-1.33155	-1.11576	2.29172	0.998546	-2.34476	-1.81392	-1.53568
16	0.917834	0.316732	0.316732	-1.52509	0.0780735	0.0786496	1.58746	1.58746	-1.91094	0.239036	0.193603
16	0.500971	-0.225932	-0.225932	-2.05074	-0.48806	-0.438974	-1.13237	-1.13237	-2.56958	-1.27462	-1.13158
16	0.966162	0.0102466	0.0102466	-1.6261	-0.23937	-0.193179	0.0513559	0.0513559	-2.03751	-0.73109	-0.509677
16	0.53382	-0.581775	-0.581775	-1.75439	-0.775098	-0.780456	-2.91586	-2.91586	-2.19825	-2.83916	-2.19021
16	0.831581	0.242198	0.242198	-1.8643	0.00770806	0.0466	1.21389	1.21389	-2.33596	0.0237948	0.135363
16	0.672899	-0.293714	-0.293714	-2.01581	-0.491401	-0.47463	-1.47209	-1.47209	-2.52581	-1.74602	-1.4531
16	0.806399	0.0342911	0.0342911	-1.68127	-0.2071	-0.158647	0.171867	0.171867	-2.10663	-0.657338	-0.438477
16	0.704628	0.138533	0.138533	-1.97552	-0.0920991	-0.0519842	0.694328	0.694328	-2.47533	-0.282731	-0.153448
16	1.03446	0.335865	0.335865	-1.76308	0.0958222	0.0977864	1.68336	1.68336	-2.20914	0.278747	0.227298
16	1.13171	0.00252262	0.00252262	-2.07691	-0.366614	-0.281856	0.0126434	0.0126434	-2.60237	-0.810382	-0.622413
16	1.11378	0.0842755	0.0842755	-1.61116	-0.257058	-0.2126	0.422389	0.422389	-2.01878	-0.582547	-0.450501
16	1.35249	-0.181743	-0.181743	-2.33592	-0.704047	-0.641481	-0.910898	-0.910898	-2.9269	-1.31095	-1.13357
16	1.77561	0.0602592	-0.0516326	-2.85273	-1.4437	-1.14404	0.302019	-0.250565	-3.57447	-1.65946	-1.1778
16	0.662061	0.400166	0.400166	-1.11216	0.15371	0.198429	2.00563	2.00563	-1.39354	0.448239	0.582046
16	0.686329	0.10741	0.10741	-1.50962	-0.0964638	-0.105547	0.538337	0.538337	-1.89156	-0.32858	-0.273077
16	1.2324	0.457207	0.457207	-2.26836	0.0313735	0.0730116	2.29152	2.29152	-2.84226	0.06175	0.122781
16	0.599074	0.19161	0.19161	-1.4972	-0.0248502	0.0222599	0.960352	0.960352	-1.87599	-0.0850577	0.0719421
16	1.12865	-0.0670866	-0.0670866	-2.11088	-0.38402	-0.41202	-0.336238	-0.336238	-2.64493	-0.903015	-0.757089
16	0.857992	0.310995	0.310995	-2.05333	0.0508314	0.132706	1.55871	1.55871	-2.57283	0.143435	0.42286
16	0.665583	-0.0777755	-0.0777755	-1.1938	-0.291784	-0.29105	-0.389811	-0.389811	-1.49583	-0.929387	-0.775369
16	0.54747	-0.0263476	-0.0263476	-1.34826	-0.228186	-0.220749	-0.132054	-0.132054	-1.68937	-0.791556	-0.576817
16	0.759044	-0.245653	-0.245653	-1.78213	-0.469182	-0.418497	-1.23121	-1.23121	-2.23301	-1.47693	-1.18449
16	0.494194	-0.0954148	-0.0954148	-1.40417	-0.320523	-0.314651	-0.478219	-0.478219	-1.75942	-0.953454	-0.831911
16	1.09294	0.200034	0.200034	-1.73316	-0.0543115	-0.0787365	1.00257	1.00257	-2.17165	-0.157663	-0.171928
16	0.523905	0.355409	0.355409	-0.903917	0.141111	0.175336	1.78131	1.78131	-1.13261	0.456633	0.503925
16	0.79526	-0.289517	-0.289517	-2.06529	-0.57337	-0.501856	-1.45106	-1.45106	-2.58781	-1.52457	-1.40411
16	0.509203	-0.0339591	-0.0339591	-1.55392	-0.249447	-0.218459	-0.170203	-0.170203	-1.94707	-0.87752	-0.689743
16	1.05369	0.158826	0.158826	-1.06634	-0.103689	-0.0771928	0.796038	0.796038	-1.33612	-0.292207	-0.185874
16	1.05293	0.0762816	0.0762816	-1.55461	-0.195849	-0.159661	0.382323	0.382323	-1.94792	-0.522272	-0.395349
16	0.946111	0.0515769	0.0515769	-2.05722	-0.191516	-0.147386	0.258504	0.258504	-2.5777	-0.502763	-0.394345
16	1.09675	0.219766	0.219766	-2.1176	-0.124445	-0.0394486	1.10147	1.10147	-2.65335	-0.255083	-0.0892953
16	0.71026	-0.0761438	-0.0761438	-1.50765	-0.299981	-0.278566	-0.381633	-0.381633	-1.88908	-1.01432	-0.833533
16	0.959323	0.0670187	0.0670187	-1.74726	-0.198315	-0.139867	0.335898	0.335898	-2.18932	-0.51009	-0.390746
16	1.14803	-0.165238	-0.165238	-1.70738	-0.541179	-0.485326	-0.828171	-0.828171	-2.13935	-1.14779	-1.0208
16	1.01372	-0.0400034	-0.0400034	-1.78101	-0.326036	-0.277795	-0.200497	-0.200497	-2.2316	-0.816548	-0.704734
16	1.08208	-0.109053	-0.109053	-1.66584	-0.334524	-0.379327	-0.546575	-0.546575	-2.0873	-1.01259	-0.84851
16	1.00385	-0.141811	-0.141811	-1.66316	-0.393277	-0.399473	-0.710759	-0.710759	-2.08394	-1.07333	-0.92074
16	0.45301	0.140065	0.140065	-1.36685	-0.100193	-0.0374172	0.702007	0.702007	-1.71266	-0.313564	-0.118299
16	0.7215	0.00768193	0.00768193	-1.68339	-0.24861	-0.201309	0.0385018	0.0385018	-2.10929	-0.741543	-0.550222
16	1.04527	0.450369	0.450369	-1.6913	0.13441	0.170209	2.25725	2.25725	-2.1192	0.29031	0.380429
16	0.831704	0.0606146	0.0606146	-1.06528	-0.168756	-0.159286	0.303801	0.303801	-1.33479	-0.504108	-0.430114
16	0.890197	0.0563615	0.0563615	-2.27612	-0.155651	-0.171326	0.282484	0.282484	-2.85198	-0.503452	-0.472437
16	0.543031	-0.052186	-0.052186	-1.23478	-0.276263	-0.253901	-0.261556	-0.261556	-1.54718	-0.940899	-0.730704
16	1.08839	0.264881	0.264881	-1.21373	-0.0358729	0.00345322	1.32758	1.32758	-1.5208	-0.0812693	0.00737534
16	1.2654	0.0887408	0.0887408	-1.85982	-0.407139	-0.410391	0.444769	0.444769	-2.33035	-0.786518	-0.667335
16	0.481813	0.252404	0.252404	-1.06692	0.0502135	0.0546923	1.26505	1.26505	-1.33685	0.182847	0.167838
16	1.48719	0.429759	0.429759	-1.37391	-0.332157	-0.198442	2.15395	2.15395	-1.72151	-0.480809	-0.269694
16	1.05234	-0.0149684	-0.0149684	-1.48052	-0.280063	-0.276266	-0.0750218	-0.0750218	-1.85509	-0.786857	-0.639261
16	1.70069	0.388895	0.388895	-2.07326	-1.06055	-0.671699	1.94914	1.94914	-2.59779	-1.10059	-0.71018
16	0.851105	0.100346	0.100346	-1.73527	-0.14145	-0.144651	0.502934	0.502934	-2.1743	-0.402285	-0.354821
16	0.900447	-0.359148	-0.359148	-1.93054	-0.602179	-0.566122	-1.80005	-1.80005	-2.41897	-1.73636	-1.63255
16	0.529682	0.00307358	0.00307358	-0.909311	-0.237635	-0.183733	0.0154048	0.0154048	-1.13937	-0.747745	-0.495383
16	0.884427	-0.0477943	-0.0477943	-1.17567	-0.287742	-0.266041	-0.239545	-0.239545	-1.47311	-0.834934	-0.739013
16	0.686152	-0.277248	-0.277248	-1.82491	-0.509258	-0.470015	-1.38957	-1.38957	-2.28661	-1.57632	-1.33842
16	1.26253	0.0504471	0.0504471	-2.83863	-0.457438	-0.289335	0.252841	0.252841	-3.5568	-0.71355	-0.542666
16	1.32133	-0.375042	-0.375042	-2.31134	-1.05019	-0.93568	-1.87971	-1.87971	-2.8961	-1.62227	-1.43049
16	0.793506	-0.138157	-0.138157	-1.94396	-0.376063	-0.330557	-0.692441	-0.692441	-2.43578	-1.1476	-0.92703
16	0.537285	0.013365	0.013365	-1.03947	-0.205065	-0.188231	0.0669853	0.0669853	-1.30245	-0.663684	-0.535753
16	0.7523	-0.117527	-0.117527	-1.54946	-0.323571	-0.321531	-0.589044	-0.589044	-1.94147	-1.14212	-0.892196
16	0.543538	0.065354	0.065354	-1.47038	-0.178737	-0.123334	0.327554	0.327554	-1.84239	-0.52942	-0.359422
16	0.663959	0.137751	0.137751	-1.3587	-0.083672	-0.0384263	0.690407	0.690407	-1.70245	-0.283547	-0.11961
16	1.06018	0.400658	0.400658	-1.68876	0.113659	0.154021	2.0081	2.0081	-2.11601	0.292019	0.379104
16	0.765219	0.42289	0.42289	-0.93313	0.187581	0.194114	2.11953	2.11953	-1.16921	0.597492	0.491786
16	0.541732	0.114889	0.114889	-1.18112	-0.106429	-0.076523	0.575824	0.575824	-1.47995	-0.351137	-0.207998
16	1.46387	-0.296225	-0.296225	-3.10281	-1.69035	-1.21677	-1.48468	-1.48468	-3.88782	-2.00029	-1.32551
16	1.23003	-0.208436	-0.208436	-2.64147	-0.693885	-0.592975	-1.04468	-1.04468	-3.30976	-1.3237	-1.08417
16	2.1408	-0.226608	-0.534562	-2.54471	-2.0241	-1.70069	-1.13576	-2.50619	-3.18852	-2.1483	-1.76832
16	0.538426	0.372561	0.372561	-0.703816	0.175025	0.169527	1.86728	1.86728	-0.881881	0.59573	0.446094
16	0.986933	0.221532	0.221532	-1.42127	-0.0287885	-0.0209904	1.11032	1.11032	-1.78085	-0.0850739	-0.0489735
16	0.831778	0.041452	0.041452	-2.47357	-0.195334	-0.132824	0.207757	0.207757	-3.09939	-0.582193	-0.380698
16	0.985883	0.245703	0.245703	-1.6661	-0.0127981	0.0629828	1.23146	1.23146	-2.08763	-0.0368722	0.192738
16	0.79467	0.145751	0.145751	-1.68024	-0.0831453	-0.0359476	0.730506	0.730506	-2.10535	-0.258835	-0.104244
16	1.35143	0.156603	0.156603	-1.86082	-0.369402	-0.237133	0.784896	0.784896	-2.3316	-0.575339	-0.376415
16	0.759997	-0.217962	-0.217962	-1.58167	-0.421881	-0.402855	-1.09243	-1.09243	-1.98183	-1.42494	-1.17011
16	0.677957	-0.0876478	-0.0876478	-1.10354	-0.327144	-0.271763	-0.439291	-0.439291	-1.38274	-0.993352	-0.823327
16	0.768069	-0.132606	-0.132606	-1.38318	-0.385841	-0.370601	-0.664622	-0.664622	-1.73313	-1.18641	-0.933554
16	0.825503	0.280917	0.280917	-1.40416	0.0584209	0.0997873	1.40796	1.40796	-1.75941	0.1929	0.303605
16	1.11568	-0.0882664	-0.0882664	-2.10807	-0.442008	-0.357605	-0.442391	-0.442391	-2.64142	-0.977856	-0.808993
16	0.709553	-0.0175187	-0.0175187	-2.02706	-0.239282	-0.201477	-0.0878035	-0.0878035	-2.5399	-0.794921	-0.651863
16	0.686853	-0.0417042	-0.0417042	-1.89872	-0.251093	-0.217167	-0.209021	-0.209021	-2.3791	-0.791276	-0.671419
16	0.890363	0.310187	0.310187	-1.35714	0.0743394	0.101465	1.55466	1.55466	-1.7005	0.22202	0.259126
16	0.689176	-0.0632747	-0.0632747	-1.94796	-0.27711	-0.256463	-0.317133	-0.317133	-2.44079	-0.896424	-0.746073
16	0.526962	0.279693	0.279693	-1.12339	0.0872614	0.0964449	1.40182	1.40182	-1.40761	0.323983	0.295766
16	0.759365	0.335834	0.335834	-1.09585	0.0964111	0.140008	1.6832	1.6832	-1.3731	0.287971	0.398497
16	1.13458	0.357936	0.357936	-1.60931	0.0175545	0.0929098	1.79398	1.79398	-2.01646	0.0357884	0.213913
16	0.467953	0.100173	0.100173	-1.15923	-0.0987496	-0.0994276	0.502066	0.502066	-1.45252	-0.345497	-0.288877
16	0.421387	0.23404	0.23404	-1.01662	0.0146593	0.0532579	1.17301	1.17301	-1.27382	0.0495223	0.153811
16	0.993257	0.269846	0.269846	-1.34131	0.0266376	0.0442962	1.35247	1.35247	-1.68066	0.0741418	0.117333
16	0.757823	0.0866985	0.0866985	-1.89737	-0.155492	-0.104477	0.434533	0.434533	-2.37741	-0.476063	-0.312806
16	1.13001	-0.210585	-0.210585	-1.98928	-0.59248	-0.47245	-1.05545	-1.05545	-2.49256	-1.1305	-1.11266
16	0.611171	0.254368	0.254368	-0.882668	0.042156	0.0617438	1.27489	1.27489	-1.10598	0.139132	0.174386
16	2.17783	0.0401912	-0.152046	-1.77158	-1.77121	-1.68529	0.201438	-0.737857	-2.21979	-2.31031	-2.07862
16	1.10033	0.359084	0.359084	-1.50891	0.065846	0.0858268	1.79973	1.79973	-1.89067	0.15831	0.172192
16	1.05267	-0.102899	-0.102899	-1.97494	-0.336409	-0.341775	-0.515729	-0.515729	-2.4746	-1.05359	-0.855813
16	1.50148	0.268762	0.268762	-2.0597	-0.47477	-0.383717	1.34704	1.34704	-2.5808	-0.571756	-0.493997
16	1.08105	0.0285804	0.0285804	-1.77781	-0.292141	-0.233538	0.143245	0.143245	-2.2276	-0.682384	-0.510686
16	0.85519	0.160087	0.160087	-1.32991	-0.0777058	-0.0631397	0.802356	0.802356	-1.66638	-0.229061	-0.156712
16	0.262492	0.299743	0.299743	-0.745031	0.0840884	0.125929	1.50231	1.50231	-0.933524	0.29665	0.3942
16	0.588174	0.281357	0.281357	-1.43684	0.0449366	0.093448	1.41016	1.41016	-1.80035	0.132127	0.289858
16	0.550827	-0.129139	-0.129139	-1.18223	-0.339854	-0.332158	-0.647246	-0.647246	-1.48133	-1.22967	-0.96296
16	1.13294	-0.0347393	-0.0347393	-2.18328	-0.329767	-0.298298	-0.174114	-0.174114	-2.73565	-0.775025	-0.643932
16	0.302628	0.251115	0.251115	-0.715338	0.0491337	0.0927316	1.25859	1.25859	-0.896318	0.179868	0.321251
16	0.701596	0.088895	0.088895	-1.23483	-0.138221	-0.0862431	0.445542	0.445542	-1.54724	-0.436534	-0.249059
16	0.985053	-0.101522	-0.101522	-2.34508	-0.346456	-0.326798	-0.508829	-0.508829	-2.93839	-1.01367	-0.826358
16	0.960948	0.402568	0.402568	-1.4139	0.180238	0.201995	2.01767	2.01767	-1.77161	0.606975	0.560712
16	0.800104	-0.0291996	-0.0291996	-2.0752	-0.271895	-0.232242	-0.146348	-0.146348	-2.60023	-0.837323	-0.709964
16	1.7364	-0.336693	-0.46997	-2.0079	-1.62047	-1.47965	-1.68751	-2.28069	-2.5159	-2.26033	-1.80718
16	1.1112	0.582578	0.582578	-1.40427	0.269926	0.314848	2.91988	2.91988	-1.75955	0.62065	0.719601
16	1.24241	0.122368	0.122368	-2.067	-0.473551	-0.343173	0.613308	0.613308	-2.58995	-0.77331	-0.522396
16	0.734261	-0.104092	-0.104092	-2.09727	-0.321223	-0.297518	-0.52171	-0.52171	-2.62788	-1.0667	-0.920752
16	0.603028	0.25439	0.25439	-1.02266	0.0323116	0.0628682	1.27501	1.27501	-1.28139	0.111873	0.168954
16	0.924351	-0.264666	-0.264666	-1.44172	-0.528534	-0.452928	-1.3265	-1.3265	-1.80647	-1.33952	-1.25397
16	0.694627	0.0614197	0.0614197	-1.28395	-0.136276	-0.138845	0.307836	0.307836	-1.60879	-0.47778	-0.406373
16	1.79239	-0.109442	-0.296299	-1.85693	-1.65627	-1.43402	-0.548522	-1.43789	-2.32674	-2.22482	-1.61917
16	0.944665	-0.187972	-0.187972	-1.68263	-0.484881	-0.384095	-0.942116	-0.942116	-2.10833	-1.28283	-1.03065
16	0.915941	0.114893	0.114893	-1.70244	-0.135613	-0.109597	0.575846	0.575846	-2.13316	-0.387907	-0.303719
16	1.24075	-0.0363679	-0.0363679	-2.17256	-0.500761	-0.516888	-0.182276	-0.182276	-2.72222	-0.859447	-0.752794
16	0.66635	0.292841	0.292841	-0.869293	0.073752	0.0794699	1.46772	1.46772	-1.08922	0.240466	0.207963
16	0.795947	0.0970732	0.0970732	-1.49391	-0.144176	-0.0867954	0.486531	0.486531	-1.87186	-0.461824	-0.238851
16	1.21582	-0.210574	-0.210574	-1.88395	-0.644037	-0.574946	-1.0554	-1.0554	-2.3606	-1.27086	-0.997985
16	1.20371	-0.17736	-0.17736	-1.68593	-0.618993	-0.527572	-0.888928	-0.888928	-2.11247	-1.25086	-0.981029
16	1.318	0.0827438	0.0827438	-1.7551	-0.582065	-0.445344	0.414712	0.414712	-2.19914	-0.934403	-0.670312
16	0.618973	-0.118267	-0.118267	-2.14114	-0.362299	-0.321173	-0.592756	-0.592756	-2.68285	-1.0768	-0.88099
16	0.84994	0.337291	0.337291	-0.86543	0.126172	0.158654	1.6905	1.6905	-1.08438	0.412771	0.484808
16	0.803688	-0.0059249	-0.0059249	-1.40164	-0.251925	-0.238143	-0.0296956	-0.0296956	-1.75625	-0.690341	-0.604523
16	0.562201	-0.234501	-0.234501	-1.54072	-0.432175	-0.436638	-1.17532	-1.17532	-1.93052	-1.41177	-1.17411
16	1.56509	-0.450578	-0.450578	-3.3633	-1.55337	-1.3525	-2.2583	-2.2583	-4.21421	-1.98758	-1.85239
16	0.924826	-0.638242	-0.638242	-2.00947	-0.890706	-0.857053	-3.19887	-3.19887	-2.51787	-2.50987	-2.18144
16	1.1065	0.112744	0.112744	-1.63781	-0.178546	-0.14494	0.565071	0.565071	-2.05218	-0.441018	-0.300567
16	0.556638	-0.0286577	-0.0286577	-1.39541	-0.259117	-0.214796	-0.143632	-0.143632	-1.74845	-0.781246	-0.628015
16	0.960218	-0.163607	-0.163607	-1.80066	-0.43689	-0.382415	-0.819998	-0.819998	-2.25623	-1.21105	-0.970206
16	1.53904	0.316004	0.316004	-2.01306	-0.388617	-0.307635	1.58381	1.58381	-2.52237	-0.551552	-0.412252
16	1.38159	0.226614	0.226614	-1.46878	-0.284129	-0.242627	1.13579	1.13579	-1.84038	-0.476797	-0.375923
16	0.838404	0.348473	0.348473	-1.57455	0.129907	0.115464	1.74655	1.74655	-1.97291	0.438046	0.313684
16	1.24926	0.256895	0.256895	-1.71474	-0.159723	-0.101637	1.28756	1.28756	-2.14857	-0.318814	-0.182057
16	0.765357	-0.0354618	-0.0354618	-1.1444	-0.256795	-0.241344	-0.177734	-0.177734	-1.43394	-0.756485	-0.635323
16	1.18656	-0.173421	-0.173421	-1.4904	-0.569713	-0.527627	-0.869187	-0.869187	-1.86748	-1.21583	-0.97046
16	0.87897	-0.179532	-0.179532	-1.98732	-0.411535	-0.397095	-0.899814	-0.899814	-2.49012	-1.25917	-1.05862
16	1.40274	0.10027	0.10027	-2.08255	-0.509923	-0.388864	0.502555	0.502555	-2.60943	-0.765759	-0.584196
16	1.78717	0.597334	0.480484	-2.43939	-0.473011	-0.246236	2.99384	2.33172	-3.05656	-0.551823	-0.310246
16	1.45801	-0.0795565	-0.0795565	-3.00376	-1.03848	-0.775605	-0.398737	-0.398737	-3.76371	-1.36462	-0.998392
16	0.583045	0.453041	0.453041	-1.27283	0.212088	0.28621	2.27064	2.27064	-1.59485	0.686523	0.941738
16	1.29548	-0.0889185	-0.0889185	-2.44288	-0.575778	-0.486019	-0.445659	-0.445659	-3.06093	-1.03087	-0.862926
16	1.34468	-0.335287	-0.335287	-2.76017	-1.01519	-0.936358	-1.68046	-1.68046	-3.45849	-1.53274	-1.38283
16	0.885806	0.342896	0.342896	-1.24167	0.104299	0.116024	1.71859	1.71859	-1.55581	0.303745	0.294679
16	0.708584	0.0693314	0.0693314	-1.53447	-0.133055	-0.147021	0.347489	0.347489	-1.92269	-0.472952	-0.426669
16	1.29883	0.181715	0.181715	-2.32868	-0.468308	-0.255066	0.910757	0.910757	-2.91783	-0.773089	-0.440377
16	1.38447	-0.172637	-0.172637	-2.8602	-1.39661	-1.00682	-0.865256	-0.865256	-3.58383	-1.58431	-1.10948
16	1.03822	-0.0553367	-0.0553367	-2.16186	-0.325758	-0.238162	-0.277348	-0.277348	-2.70881	-0.893947	-0.718559
16	0.887646	0.147563	0.147563	-1.09573	-0.0736185	-0.0880633	0.739586	0.739586	-1.37295	-0.241329	-0.221936
16	1.13718	-0.257358	-0.257358	-2.69946	-0.636414	-0.611282	-1.28988	-1.28988	-3.38242	-1.26339	-1.09414
16	1.60041	0.0968038	0.0968038	-3.28106	-1.1373	-0.726577	0.485181	0.485181	-4.11116	-1.17644	-0.824893
16	1.61987	0.268456	0.268456	-2.41913	-0.897636	-0.842934	1.3455	1.3455	-3.03117	-1.07381	-0.856383
16	0.659358	-0.0102407	-0.0102407	-1.70513	-0.221253	-0.20078	-0.0513264	-0.0513264	-2.13653	-0.76926	-0.584303
16	0.515724	-0.0645447	-0.0645447	-1.50195	-0.28905	-0.245221	-0.323498	-0.323498	-1.88194	-0.831559	-0.713567
16	0.859566	0.178187	0.178187	-1.43299	-0.0760608	-0.0464663	0.893073	0.893073	-1.79554	-0.225455	-0.111779
16	0.914224	-0.275586	-0.275586	-2.14144	-0.534521	-0.520678	-1.38124	-1.38124	-2.68322	-1.44541	-1.22687
16	0.359802	-0.360647	-0.360647	-1.35867	-0.562738	-0.555187	-1.80756	-1.80756	-1.70241	-1.94312	-1.68043
16	0.536309	0.385819	0.385819	-0.935788	0.184115	0.197433	1.93373	1.93373	-1.17254	0.59311	0.582496
16	1.48776	0.0379477	0.0379477	-1.95075	-0.635699	-0.590889	0.190194	0.190194	-2.44429	-0.923059	-0.765955
16	0.913626	-0.076655	-0.076655	-1.4241	-0.287875	-0.274861	-0.384195	-0.384195	-1.7844	-1.0665	-0.723299
16	1.04954	-0.0559601	-0.0559601	-2.24896	-0.331587	-0.265757	-0.280472	-0.280472	-2.81795	-0.828858	-0.692932
16	0.835295	-0.108983	-0.108983	-1.55818	-0.33593	-0.362846	-0.546223	-0.546223	-1.9524	-1.13418	-0.836439
16	0.494447	0.3373	0.3373	-0.943914	0.145313	0.18416	1.69055	1.69055	-1.18272	0.525611	0.628753
16	0.797994	0.11	0.11	-1.20263	-0.149229	-0.0793071	0.551321	0.551321	-1.5069	-0.413772	-0.235464
16	1.01564	-0.218749	-0.218749	-1.86053	-0.468347	-0.435985	-1.09637	-1.09637	-2.33124	-1.34421	-1.19221
16	2.00486	0.66435	0.317691	-2.06162	-0.873352	-0.537094	3.32972	1.43525	-2.58321	-0.879516	-0.514782
16	0.653883	-0.25868	-0.25868	-1.28228	-0.474079	-0.455757	-1.2965	-1.2965	-1.6067	-1.59188	-1.27317
16	1.37835	-0.16543	-0.16543	-2.27525	-0.911981	-0.856283	-0.829137	-0.829137	-2.85089	-1.35587	-1.16127
16	0.959608	-0.259365	-0.259365	-2.15783	-0.525138	-0.481413	-1.29994	-1.29994	-2.70376	-1.46399	-1.23499
16	0.860427	-0.161357	-0.161357	-1.53494	-0.389548	-0.361742	-0.808723	-0.808723	-1.92328	-1.18407	-1.05075
16	0.747996	0.0700236	0.0700236	-1.4733	-0.125403	-0.118428	0.350958	0.350958	-1.84604	-0.432824	-0.343583
16	0.423981	-0.122445	-0.122445	-1.29128	-0.361958	-0.300638	-0.613694	-0.613694	-1.61797	-1.08359	-0.916996
16	1.18422	-0.298779	-0.298779	-2.65552	-0.667971	-0.614739	-1.49748	-1.49748	-3.32736	-1.36277	-1.22578
16	0.921623	0.0866657	0.0866657	-1.40284	-0.134517	-0.153231	0.434368	0.434368	-1.75776	-0.428846	-0.376351
16	0.663	0.503102	0.503102	-0.902946	0.288441	0.330916	2.52155	2.52155	-1.13139	0.977006	1.00584
16	0.964215	-0.219398	-0.219398	-1.40149	-0.462777	-0.426571	-1.09962	-1.09962	-1.75607	-1.43256	-1.17133
16	1.20706	-0.0769045	-0.0769045	-2.20855	-0.443771	-0.418451	-0.385445	-0.385445	-2.76732	-0.985936	-0.778059
16	0.907158	-0.223189	-0.223189	-1.65403	-0.452456	-0.436246	-1.11862	-1.11862	-2.07249	-1.42324	-1.18514
16	0.956382	0.241086	0.241086	-1.31499	-0.0211544	0.0078457	1.20832	1.20832	-1.64769	-0.0564588	0.0195787
16	0.924479	-0.374237	-0.374237	-2.28702	-0.602039	-0.579252	-1.87567	-1.87567	-2.86564	-1.9668	-1.53938
16	0.684988	-0.266645	-0.266645	-2.02094	-0.492021	-0.456671	-1.33643	-1.33643	-2.53224	-1.54915	-1.2726
16	0.553199	-0.0864573	-0.0864573	-1.3397	-0.312762	-0.278604	-0.433324	-0.433324	-1.67865	-1.04672	-0.825994
16	1.17281	0.196337	0.196337	-1.4089	-0.101982	-0.0818019	0.984042	0.984042	-1.76535	-0.267863	-0.17294
16	1.5529	-0.195908	-0.195908	-2.26167	-0.902116	-0.904977	-0.981892	-0.981892	-2.83387	-1.25219	-1.12276
16	0.968653	0.416206	0.416206	-1.61898	0.20331	0.204452	2.08602	2.08602	-2.02858	0.639125	0.560639
16	1.22946	-0.323769	-0.323769	-3.1476	-0.740562	-0.65665	-1.62273	-1.62273	-3.94394	-1.48579	-1.40418
16	0.74443	-0.0236496	-0.0236496	-1.45931	-0.222024	-0.226594	-0.118532	-0.118532	-1.82852	-0.75703	-0.581927
16	0.804284	0.388248	0.388248	-1.53713	0.154922	0.191482	1.9459	1.9459	-1.92603	0.542123	0.537017
16	1.12015	-0.184774	-0.184774	-2.06921	-0.473825	-0.466229	-0.926089	-0.926089	-2.59272	-1.39013	-1.04272
16	0.902807	-0.205078	-0.205078	-2.53903	-0.443069	-0.414471	-1.02785	-1.02785	-3.1814	-1.34506	-1.10944
16	1.09996	-0.267029	-0.267029	-2.06923	-0.561682	-0.531487	-1.33835	-1.33835	-2.59275	-1.47988	-1.24491
16	0.965026	0.249619	0.249619	-1.13089	-0.00261547	-0.00828085	1.25109	1.25109	-1.41701	-0.00766314	-0.0188093
16	1.10735	-0.188169	-0.188169	-1.46856	-0.473109	-0.458847	-0.943104	-0.943104	-1.8401	-1.34413	-1.04473
16	0.251669	0.200306	0.200306	-0.617279	0.00842857	0.0381076	1.00394	1.00394	-0.773451	0.0256084	0.123551
16	1.01256	0.00980137	0.00980137	-2.31615	-0.238602	-0.226872	0.0491244	0.0491244	-2.90214	-0.642126	-0.554287
16	0.400784	0.145135	0.145135	-0.79715	-0.072648	-0.028484	0.727416	0.727416	-0.998829	-0.231714	-0.0842937
16	0.700024	0.423483	0.423483	-0.850436	0.179082	0.230169	2.1225	2.1225	-1.0656	0.538486	0.665753
16	1.32038	-0.0169215	-0.0169215	-1.89971	-0.596921	-0.488236	-0.0848104	-0.0848104	-2.38033	-0.858769	-0.733087
16	0.617532	0.0300617	0.0300617	-1.56156	-0.20329	-0.152467	0.150669	0.150669	-1.95663	-0.64402	-0.471855
16	0.762525	-0.308481	-0.308481	-2.39862	-0.547037	-0.474627	-1.54611	-1.54611	-3.00547	-1.67173	-1.5402
16	1.4501	-0.0553537	-0.0553537	-2.12928	-0.657095	-0.574523	-0.277433	-0.277433	-2.66799	-0.955256	-0.857613
16	0.798564	-0.351827	-0.351827	-2.23178	-0.570226	-0.582291	-1.76336	-1.76336	-2.79642	-1.88562	-1.55829
16	1.39266	0.0547304	0.0547304	-1.94649	-0.697203	-0.667312	0.274309	0.274309	-2.43895	-1.00936	-0.882355
16	1.4081	0.310325	0.310325	-1.98094	-0.233316	-0.225729	1.55535	1.55535	-2.48212	-0.376589	-0.307431
16	0.803345	-0.0757675	-0.0757675	-1.3797	-0.323895	-0.291055	-0.379747	-0.379747	-1.72877	-0.963109	-0.740114
16	0.526997	0.019804	0.019804	-0.955078	-0.198461	-0.188638	0.0992577	0.0992577	-1.19671	-0.655809	-0.543435
16	0.978706	0.185982	0.185982	-1.30806	-0.0528872	-0.0492822	0.932142	0.932142	-1.639	-0.18067	-0.119945
16	0.666574	0.385011	0.385011	-1.29352	0.144001	0.205136	1.92968	1.92968	-1.62078	0.46042	0.657004
16	0.488829	-0.0374378	-0.0374378	-1.29502	-0.258884	-0.232279	-0.187638	-0.187638	-1.62265	-0.783838	-0.670993
16	1.40783	0.238758	0.238758	-1.50004	-0.463844	-0.396788	1.19665	1.19665	-1.87956	-0.728371	-0.57746
16	0.277991	0.203459	0.203459	-0.832104	0.00186824	0.0442003	1.01974	1.01974	-1.04263	0.00683866	0.149521
16	1.09645	0.333425	0.333425	-1.42464	0.0172633	0.0673219	1.67113	1.67113	-1.78507	0.0427307	0.150365
16	1.18125	-0.276674	-0.276674	-2.23177	-0.578455	-0.582802	-1.38669	-1.38669	-2.79641	-1.36049	-1.23446
16	1.02218	-0.0525033	-0.0525033	-1.72656	-0.298282	-0.259162	-0.263147	-0.263147	-2.16337	-0.852393	-0.687737
16	0.946067	0.0397842	0.0397842	-2.24301	-0.210204	-0.154308	0.199398	0.199398	-2.81049	-0.578797	-0.412385
16	1.39093	-0.396377	-0.396377	-2.43709	-1.18374	-1.04763	-1.98664	-1.98664	-3.05368	-1.71521	-1.41063
16	0.663021	-0.0695881	-0.0695881	-1.63091	-0.289609	-0.272121	-0.348776	-0.348776	-2.04352	-0.91763	-0.73014
16	1.36047	0.0170604	0.0170604	-2.56241	-0.537155	-0.35839	0.0855067	0.0855067	-3.2107	-0.884697	-0.6026
16	0.745533	0.0524463	0.0524463	-1.58021	-0.184936	-0.12668	0.262861	0.262861	-1.98	-0.572049	-0.380303
16	1.1973	-0.108045	-0.108045	-2.24787	-0.469797	-0.399829	-0.541523	-0.541523	-2.81658	-0.989483	-0.839918
16	0.850539	-0.051911	-0.051911	-1.48386	-0.242872	-0.252506	-0.260178	-0.260178	-1.85927	-0.782917	-0.683329
16	0.349789	-0.0252379	-0.0252379	-1.2137	-0.24345	-0.208988	-0.126492	-0.126492	-1.52077	-0.835157	-0.626192
16	0.952884	0.233209	0.233209	-1.31919	-0.00322374	0.0440665	1.16885	1.16885	-1.65294	-0.00914833	0.129805
16	0.549854	-0.277582	-0.277582	-1.48914	-0.491697	-0.462349	-1.39124	-1.39124	-1.86589	-1.59827	-1.4227
16	1.22534	0.341192	0.341192	-2.40888	-0.091358	0.00487441	1.71005	1.71005	-3.01833	-0.179989	0.00950136
16	1.77409	-0.246156	-0.437737	-2.37123	-1.20487	-1.19812	-1.23373	-2.12427	-2.97115	-1.44093	-1.29365
16	0.889412	0.430277	0.430277	-1.01339	0.203243	0.220193	2.15655	2.15655	-1.26978	0.601096	0.559178
16	0.856016	-0.542972	-0.542972	-2.84648	-0.808321	-0.75808	-2.72138	-2.72138	-3.56664	-2.16916	-2.0344
16	1.54618	0.153697	0.153697	-2.33478	-1.12151	-0.919918	0.770328	0.770328	-2.92548	-1.35553	-1.14196
16	0.783585	0.267185	0.267185	-1.78977	0.0053828	0.0740268	1.33913	1.33913	-2.24258	0.015463	0.217262
16	1.25297	0.290427	0.290427	-2.30075	-0.17115	-0.0629873	1.45562	1.45562	-2.88284	-0.317523	-0.120972
16	0.96705	-0.215436	-0.215436	-1.97111	-0.469641	-0.438717	-1.07976	-1.07976	-2.46981	-1.3981	-1.05723
16	1.23341	0.00160013	0.00160013	-1.94464	-0.415584	-0.443206	0.00801984	0.00801984	-2.43664	-0.876995	-0.755237
16	1.37723	0.215975	0.215975	-1.53873	-0.293991	-0.175569	1.08247	1.08247	-1.92803	-0.494232	-0.296075
16	0.680939	0.16573	0.16573	-1.35021	-0.0484143	-0.0316466	0.830636	0.830636	-1.69181	-0.168221	-0.0859884
16	1.16996	-0.24428	-0.24428	-2.10414	-0.586029	-0.529909	-1.22433	-1.22433	-2.63648	-1.43408	-1.06955
16	1.33872	0.122684	0.122684	-1.83049	-0.377635	-0.343608	0.61489	0.61489	-2.2936	-0.656699	-0.500859
16	1.10013	0.089855	0.089855	-1.6604	-0.195405	-0.181934	0.450353	0.450353	-2.08048	-0.499425	-0.399784
16	0.929236	-0.154898	-0.154898	-1.72771	-0.368606	-0.370581	-0.776347	-0.776347	-2.16482	-1.20081	-1.01255
16	1.26434	-0.304432	-0.304432	-2.55524	-0.775834	-0.69649	-1.52581	-1.52581	-3.20172	-1.54095	-1.26212
16	1.40354	0.320389	0.320389	-1.35468	-0.24258	-0.27791	1.60579	1.60579	-1.69741	-0.395025	-0.385992
16	0.616783	-0.135664	-0.135664	-1.23307	-0.353872	-0.342673	-0.67995	-0.67995	-1.54504	-1.06558	-0.950176
16	0.569152	0.223116	0.223116	-0.752729	0.0110855	0.0213221	1.11826	1.11826	-0.943169	0.0366831	0.0639105
16	0.633231	0.0826626	0.0826626	-1.70067	-0.104451	-0.12412	0.414305	0.414305	-2.13094	-0.379863	-0.344432
16	1.15745	0.239308	0.239308	-1.85455	-0.180526	-0.0291345	1.19941	1.19941	-2.32375	-0.356726	-0.0648952
16	2.32396	0.0453983	-0.446891	-3.06399	-2.33106	-1.70698	0.227536	-2.01894	-3.83917	-2.47051	-1.77766
16	0.750633	-0.231541	-0.231541	-1.63335	-0.445919	-0.448395	-1.16048	-1.16048	-2.04658	-1.50564	-1.26434
16	1.14976	-0.0704386	-0.0704386	-1.82567	-0.40634	-0.37391	-0.353038	-0.353038	-2.28757	-0.908888	-0.753805
16	1.12259	-0.242512	-0.242512	-1.89083	-0.563727	-0.528146	-1.21547	-1.21547	-2.36921	-1.33548	-1.07716
16	0.71834	-0.0425877	-0.0425877	-1.83123	-0.244962	-0.258513	-0.213449	-0.213449	-2.29453	-0.839882	-0.701977
16	1.03413	0.0542066	0.0542066	-1.72516	-0.182421	-0.187568	0.271684	0.271684	-2.16163	-0.534536	-0.448458
16	0.558861	0.115321	0.115321	-0.957144	-0.0457697	-0.0804037	0.57799	0.57799	-1.1993	-0.190513	-0.236086
16	0.484738	-0.306659	-0.306659	-1.91688	-0.505438	-0.470661	-1.53697	-1.53697	-2.40185	-1.74725	-1.42576
16	1.22405	0.329317	0.329317	-1.59716	-0.0491753	-0.0448566	1.65054	1.65054	-2.00124	-0.100787	-0.0858186
16	0.758012	0.106263	0.106263	-2.00956	-0.113544	-0.0927433	0.532588	0.532588	-2.51798	-0.346197	-0.246255
16	0.399003	0.0853488	0.0853488	-1.26397	-0.119897	-0.0779473	0.427768	0.427768	-1.58376	-0.41242	-0.249698
16	1.36179	0.0511344	0.0511344	-2.71549	-0.59985	-0.433989	0.256285	0.256285	-3.40251	-0.825337	-0.651138
16	0.338537	-0.552579	-0.552579	-1.63783	-0.754933	-0.724944	-2.76952	-2.76952	-2.0522	-2.60378	-2.27393
16	0.45147	-0.0551338	-0.0551338	-1.61798	-0.255147	-0.265184	-0.27633	-0.27633	-2.02733	-0.844881	-0.759816
16	0.86616	0.319264	0.319264	-0.771029	0.0502275	0.0733275	1.60015	1.60015	-0.9661	0.136611	0.178409
16	0.913458	-0.0803814	-0.0803814	-1.68095	-0.283344	-0.301663	-0.402872	-0.402872	-2.10623	-0.936601	-0.76348
16	1.03376	-0.0131526	-0.0131526	-2.22206	-0.280244	-0.262898	-0.0659209	-0.0659209	-2.78424	-0.797465	-0.63687
16	0.909675	0.132758	0.132758	-2.19619	-0.10011	-0.0994799	0.665384	0.665384	-2.75183	-0.306202	-0.247659
16	1.11916	0.161316	0.161316	-1.55383	-0.117807	-0.123295	0.808515	0.808515	-1.94695	-0.295049	-0.246296
16	1.44363	0.176336	0.176336	-2.4201	-1.31633	-0.889169	0.883796	0.883796	-3.03239	-1.48381	-0.870616
16	1.35881	-0.0573926	-0.0573926	-2.13208	-0.485592	-0.441744	-0.287652	-0.287652	-2.67149	-1.04322	-0.829879
16	0.90268	0.226309	0.226309	-1.16992	-0.0564685	0.0362655	1.13426	1.13426	-1.46591	-0.133401	0.109714
16	0.742104	-0.0172329	-0.0172329	-1.72152	-0.273672	-0.174848	-0.0863714	-0.0863714	-2.15707	-0.793634	-0.563481
16	0.335598	0.192053	0.192053	-0.983878	-0.0287448	0.0140465	0.962568	0.962568	-1.2328	-0.0930383	0.0453448
16	0.337251	-0.264797	-0.264797	-1.50159	-0.447297	-0.480509	-1.32716	-1.32716	-1.88149	-1.66322	-1.33437
16	1.01953	-0.198088	-0.198088	-2.58067	-0.442958	-0.427104	-0.992818	-0.992818	-3.23358	-1.3011	-1.00386
16	0.745364	-0.27618	-0.27618	-1.4105	-0.512201	-0.45293	-1.38421	-1.38421	-1.76736	-1.53233	-1.44983
16	1.68159	0.153272	0.153272	-2.30092	-1.14363	-0.905152	0.7682	0.7682	-2.88305	-1.38046	-1.05414
16	0.566712	0.0856259	0.0856259	-1.21256	-0.138709	-0.0996499	0.429157	0.429157	-1.51934	-0.441453	-0.32429
16	0.889861	-0.078368	-0.078368	-1.48452	-0.378892	-0.277373	-0.39278	-0.39278	-1.8601	-0.959678	-0.725712
16	0.829915	-0.0120388	-0.0120388	-2.00447	-0.264945	-0.221601	-0.0603387	-0.0603387	-2.5116	-0.753353	-0.585915
16	1.10259	-0.0085904	-0.0085904	-1.88214	-0.356482	-0.289253	-0.0430551	-0.0430551	-2.35832	-0.805165	-0.61083
16	0.9546	-0.188302	-0.188302	-1.99621	-0.424751	-0.370557	-0.943768	-0.943768	-2.50125	-1.33356	-1.1089
16	0.962458	0.207903	0.207903	-1.00249	-0.0610476	-0.00783961	1.04201	1.04201	-1.25612	-0.175285	-0.0206731
16	0.918112	0.181067	0.181067	-1.73942	-0.0670677	-0.0399816	0.907506	0.907506	-2.17949	-0.190361	-0.0996496
16	0.881529	0.0150253	0.0150253	-1.61015	-0.201219	-0.18799	0.075307	0.075307	-2.01752	-0.615426	-0.504479
16	0.841246	0.107342	0.107342	-1.56193	-0.139895	-0.0862353	0.538	0.538	-1.9571	-0.382314	-0.237328
16	0.742597	0.590921	0.590921	-0.499511	0.343922	0.409155	2.9617	2.9617	-0.625888	1.00896	1.32047
16	0.742867	-0.0759348	-0.0759348	-2.11116	-0.32627	-0.262725	-0.380585	-0.380585	-2.64528	-0.921349	-0.773827
16	0.874226	0.415578	0.415578	-1.54835	0.122403	0.208924	2.08288	2.08288	-1.94008	0.29864	0.571654
16	0.870765	-0.0979862	-0.0979862	-2.36102	-0.337108	-0.296044	-0.491107	-0.491107	-2.95836	-0.972049	-0.841787
16	0.466304	-0.251092	-0.251092	-1.1954	-0.465792	-0.444311	-1.25847	-1.25847	-1.49784	-1.55572	-1.24236
16	0.6397	0.304419	0.304419	-1.04236	0.0320138	0.14218	1.52575	1.52575	-1.30608	0.0882677	0.45384
16	1.1031	-0.0223101	-0.0223101	-1.85743	-0.359587	-0.272814	-0.111818	-0.111818	-2.32736	-0.899271	-0.661087
16	0.71267	0.294799	0.294799	-1.22948	0.0548597	0.0991095	1.47753	1.47753	-1.54054	0.163631	0.288854
16	0.973691	0.0850462	0.0850462	-1.41729	-0.133936	-0.136332	0.426251	0.426251	-1.77586	-0.447344	-0.353132
16	0.854966	0.226621	0.226621	-1.01024	-0.0216786	0.0289992	1.13583	1.13583	-1.26583	-0.0622017	0.0826491
16	1.13419	0.289005	0.289005	-1.86788	-0.0314488	0.0152528	1.44849	1.44849	-2.34045	-0.0667823	0.029677
16	0.645229	0.305585	0.305585	-1.33657	0.069123	0.0810792	1.53159	1.53159	-1.67473	0.20354	0.215269
16	1.09799	0.039509	0.039509	-1.79722	-0.308888	-0.262131	0.198019	0.198019	-2.25192	-0.746396	-0.55316
16	1.32504	0.10712	0.10712	-2.69376	-0.395154	-0.281081	0.536884	0.536884	-3.37528	-0.652112	-0.436313
16	1.27422	-0.0739424	-0.0739424	-1.51638	-0.607772	-0.590042	-0.370599	-0.370599	-1.90002	-1.12251	-0.880067
16	0.805319	0.0461598	0.0461598	-1.40754	-0.180309	-0.171762	0.231353	0.231353	-1.76365	-0.555419	-0.456255
16	0.726742	-0.339739	-0.339739	-1.72482	-0.555922	-0.513915	-1.70277	-1.70277	-2.1612	-1.84062	-1.5723
16	1.18545	0.117187	0.117187	-2.46808	-0.264774	-0.295951	0.58734	0.58734	-3.0925	-0.572338	-0.510377
16	0.83771	0.153377	0.153377	-1.83856	-0.0999131	-0.0426524	0.768726	0.768726	-2.30371	-0.29889	-0.126861
16	0.924841	-0.39329	-0.39329	-1.72065	-0.654055	-0.608361	-1.97117	-1.97117	-2.15597	-1.93354	-1.54035
16	1.19172	0.0127975	0.0127975	-2.06291	-0.284303	-0.278502	0.0641409	0.0641409	-2.58482	-0.706053	-0.542061
16	1.95404	0.380137	0.195267	-2.07219	-1.31421	-1.22913	1.90525	0.9476	-2.59646	-1.72295	-1.65076
16	0.99702	-0.147261	-0.147261	-2.50294	-0.429607	-0.361745	-0.738072	-0.738072	-3.13618	-1.02746	-1.02161
16	1.32716	-0.150635	-0.150635	-2.67356	-0.586772	-0.500397	-0.754982	-0.754982	-3.34997	-1.05358	-0.849355
16	0.968302	0.117	0.117	-1.74445	-0.122144	-0.112807	0.586404	0.586404	-2.1858	-0.375204	-0.293213
16	1.02588	-0.121741	-0.121741	-1.8906	-0.42677	-0.319854	-0.610167	-0.610167	-2.36892	-0.973587	-0.926913
16	1.08185	0.159368	0.159368	-1.72401	-0.120406	-0.0696826	0.798754	0.798754	-2.16019	-0.322302	-0.167474
16	0.874108	0.00798707	0.00798707	-1.75418	-0.262694	-0.193345	0.0400312	0.0400312	-2.19798	-0.736519	-0.539586
16	0.92317	-0.0969724	-0.0969724	-1.41731	-0.344172	-0.276378	-0.486026	-0.486026	-1.77588	-0.959454	-0.763062
16	1.19672	0.129426	0.129426	-1.1244	-0.294338	-0.197749	0.648684	0.648684	-1.40887	-0.580315	-0.382574
16	0.919171	0.0848304	0.0848304	-1.8116	-0.17597	-0.109827	0.42517	0.42517	-2.26993	-0.467325	-0.308673
16	0.458379	-0.0734947	-0.0734947	-1.39971	-0.287792	-0.260563	-0.368355	-0.368355	-1.75383	-0.970333	-0.804027
16	0.876912	-0.0503351	-0.0503351	-1.30724	-0.269788	-0.239348	-0.25228	-0.25228	-1.63797	-0.920714	-0.680318
16	0.712218	0.00527826	0.00527826	-1.61645	-0.216944	-0.184661	0.0264546	0.0264546	-2.02541	-0.698322	-0.526032
16	0.57428	0.0571471	0.0571471	-1.56312	-0.157313	-0.121774	0.286421	0.286421	-1.95859	-0.53339	-0.363996
16	2.29925	0.237455	-0.119189	-2.75596	-1.57632	-1.32952	1.19013	-0.558794	-3.45321	-1.59658	-1.19619
16	0.680646	-0.00569267	-0.00569267	-1.04052	-0.215656	-0.20754	-0.0285317	-0.0285317	-1.30377	-0.749211	-0.608327
16	0.851049	-0.200284	-0.200284	-1.76532	-0.423109	-0.394468	-1.00383	-1.00383	-2.21194	-1.32559	-1.15212
16	0.923626	-0.171583	-0.171583	-1.62456	-0.441267	-0.396962	-0.859973	-0.859973	-2.03557	-1.18355	-1.11659
16	1.41176	0.239755	0.239755	-1.61699	-0.204987	-0.213806	1.20165	1.20165	-2.02609	-0.413712	-0.346605
16	1.30387	-0.112729	-0.112729	-2.09735	-0.608553	-0.50601	-0.565	-0.565	-2.62798	-0.995869	-0.870959
16	0.445948	0.181358	0.181358	-1.04033	-0.0560056	0.0209285	0.908965	0.908965	-1.30353	-0.176052	0.0660441
16	0.782556	-0.0048945	-0.0048945	-1.85826	-0.220433	-0.21665	-0.0245312	-0.0245312	-2.3284	-0.660908	-0.575186
16	0.989425	0.41342	0.41342	-0.983004	0.120233	0.208361	2.07206	2.07206	-1.2317	0.336492	0.564614
16	1.35401	-0.174228	-0.174228	-2.43375	-0.815498	-0.734169	-0.873229	-0.873229	-3.04948	-1.39503	-1.05932
16	0.64268	0.198836	0.198836	-0.912375	-0.0287348	0.00900868	0.996568	0.996568	-1.14321	-0.0896284	0.0278246
16	0.619667	-0.027531	-0.027531	-1.52758	-0.236473	-0.197603	-0.137985	-0.137985	-1.91406	-0.797622	-0.619311
16	1.29408	-0.0673925	-0.0673925	-2.17671	-0.593027	-0.505834	-0.337771	-0.337771	-2.72742	-1.12353	-0.875965
16	0.888873	0.3671	0.3671	-0.951083	0.0666038	0.166702	1.83991	1.83991	-1.19171	0.167082	0.478109
16	2.12447	-0.0165502	-0.199708	-2.82303	-1.89517	-1.44537	-0.0829498	-0.969154	-3.53726	-1.84814	-1.3847
16	0.68164	-0.109729	-0.109729	-1.451	-0.316343	-0.313694	-0.549962	-0.549962	-1.81811	-1.03055	-0.891307
16	1.04542	0.314356	0.314356	-1.0952	0.0732859	0.0562151	1.57555	1.57555	-1.37229	0.203485	0.13393
16	1.36668	0.161263	0.161263	-1.50357	-0.376263	-0.258804	0.808252	0.808252	-1.88398	-0.648564	-0.433036
16	0.547811	-0.120465	-0.120465	-2.13511	-0.334756	-0.295861	-0.603772	-0.603772	-2.67529	-1.09186	-0.918621
16	1.10399	-0.26998	-0.26998	-1.99688	-0.578664	-0.520591	-1.35314	-1.35314	-2.50209	-1.38595	-1.27993
16	0.627727	0.294862	0.294862	-1.05378	0.0804387	0.0895475	1.47785	1.47785	-1.32039	0.265464	0.249278
16	1.10426	0.0728494	0.0728494	-2.3847	-0.285658	-0.240311	0.365121	0.365121	-2.98803	-0.644652	-0.454608
16	1.13485	0.34477	0.34477	-1.53716	0.0445829	0.109095	1.72799	1.72799	-1.92606	0.120202	0.236008
16	1.00622	0.263216	0.263216	-2.25473	0.0102325	0.0264333	1.31924	1.31924	-2.82518	0.0282106	0.0627178
16	0.823899	-0.0288128	-0.0288128	-2.06308	-0.273759	-0.250893	-0.14441	-0.14441	-2.58504	-0.819926	-0.645066
16	0.38744	0.526968	0.526968	-0.586472	0.31809	0.353043	2.64116	2.64116	-0.73485	1.10633	1.1002
16	0.80422	0.506091	0.506091	-1.34473	0.280662	0.303175	2.53653	2.53653	-1.68495	0.889273	0.80602
16	0.680387	0.181129	0.181129	-0.918943	-0.0380323	-0.0265166	0.907819	0.907819	-1.15144	-0.128451	-0.0772438
16	0.720297	-0.267327	-0.267327	-2.42449	-0.486345	-0.447734	-1.33984	-1.33984	-3.03789	-1.66536	-1.39446
16	1.05297	0.532025	0.532025	-0.685906	0.284766	0.278322	2.66651	2.66651	-0.859441	0.844653	0.6706
16	0.69975	-0.383546	-0.383546	-1.94745	-0.586052	-0.590019	-1.92233	-1.92233	-2.44015	-2.06854	-1.4594
16	1.02962	-0.591764	-0.591764	-2.30344	-0.85891	-0.861904	-2.96592	-2.96592	-2.88621	-2.53441	-1.63518
16	0.614237	0.27229	0.27229	-0.81748	0.0781912	0.0778529	1.36472	1.36472	-1.0243	0.271739	0.235859
16	0.338737	0.0822761	0.0822761	-0.918065	-0.129983	-0.113471	0.412368	0.412368	-1.15034	-0.470024	-0.330885
16	0.9505	0.0878501	0.0878501	-2.56161	-0.216641	-0.133653	0.440305	0.440305	-3.2097	-0.515659	-0.34058
16	0.727678	0.0918253	0.0918253	-1.50109	-0.160471	-0.138125	0.460228	0.460228	-1.88086	-0.449086	-0.370023
16	0.580105	0.0438284	0.0438284	-1.63399	-0.148933	-0.158276	0.219668	0.219668	-2.04739	-0.520091	-0.461996
16	0.941132	0.259098	0.259098	-0.999915	0.0306861	0.0421797	1.2986	1.2986	-1.25289	0.0989745	0.107816
16	0.833607	0.281004	0.281004	-1.35302	0.00938325	0.0766063	1.40839	1.40839	-1.69534	0.02109	0.196757
16	1.07046	-0.0884913	-0.0884913	-1.60441	-0.326816	-0.338239	-0.443519	-0.443519	-2.01032	-0.9946	-0.711967
16	0.798741	-0.290872	-0.290872	-1.87951	-0.519837	-0.508622	-1.45785	-1.45785	-2.35503	-1.68181	-1.22597
16	0.497257	-0.0438993	-0.0438993	-1.19623	-0.242164	-0.213365	-0.220024	-0.220024	-1.49887	-0.788824	-0.715187
16	0.845568	0.0949989	0.0949989	-1.94335	-0.131826	-0.0948511	0.476134	0.476134	-2.43502	-0.41512	-0.277973
16	1.02215	-0.073008	-0.073008	-2.04856	-0.347344	-0.314928	-0.365916	-0.365916	-2.56684	-0.974669	-0.720743
16	0.749573	0.0355084	0.0355084	-1.5495	-0.170727	-0.158434	0.177968	0.177968	-1.94153	-0.599109	-0.44833
16	0.945584	-0.338068	-0.338068	-1.93034	-0.576087	-0.544913	-1.6944	-1.6944	-2.41872	-1.7123	-1.42373
16	1.30526	0.395018	0.395018	-1.87444	-0.0761418	-0.0480651	1.97983	1.97983	-2.34867	-0.153576	-0.0834409
16	1.00647	-0.172032	-0.172032	-2.31937	-0.430186	-0.382847	-0.862226	-0.862226	-2.90617	-1.2479	-0.966879
16	1.48431	0.26375	0.26375	-1.4877	-0.737389	-0.641558	1.32191	1.32191	-1.86408	-1.10186	-0.887007
16	0.933316	0.00325619	0.00325619	-1.52008	-0.227888	-0.242653	0.01632	0.01632	-1.90465	-0.760664	-0.521034
16	1.01388	0.394273	0.394273	-1.07048	0.141442	0.198497	1.97609	1.97609	-1.34131	0.427799	0.546039
16	0.627079	0.0732071	0.0732071	-1.40643	-0.120537	-0.124768	0.366914	0.366914	-1.76225	-0.441444	-0.390032
16	0.806145	-0.182437	-0.182437	-2.34445	-0.391776	-0.367059	-0.914373	-0.914373	-2.9376	-1.30549	-1.12543
16	0.941918	0.0312641	0.0312641	-1.50985	-0.239875	-0.190761	0.156696	0.156696	-1.89184	-0.643605	-0.483016
16	0.933688	-0.106939	-0.106939	-1.89321	-0.389714	-0.300339	-0.535976	-0.535976	-2.37219	-0.993182	-0.963769
16	0.888537	0.0851789	0.0851789	-1.61181	-0.130373	-0.120901	0.426916	0.426916	-2.0196	-0.415326	-0.320232
16	0.43068	0.0889623	0.0889623	-1.15282	-0.128672	-0.0780422	0.445879	0.445879	-1.44448	-0.42136	-0.246655
16	1.07303	-0.228464	-0.228464	-1.87874	-0.510385	-0.484163	-1.14506	-1.14506	-2.35406	-1.31787	-1.14218
16	0.482679	-0.562937	-0.562937	-1.85935	-0.77956	-0.759193	-2.82144	-2.82144	-2.32977	-2.65734	-2.0609
16	1.36795	0.0680736	0.0680736	-1.90627	-0.520976	-0.547856	0.341185	0.341185	-2.38856	-0.847467	-0.718844
16	0.501092	0.0948512	0.0948512	-1.39381	-0.101455	-0.0739961	0.475394	0.475394	-1.74644	-0.360563	-0.237417
16	0.976762	-0.0269046	-0.0269046	-1.53817	-0.287008	-0.228749	-0.134846	-0.134846	-1.92732	-0.808828	-0.664715
16	0.865993	-0.0668311	-0.0668311	-1.66752	-0.333724	-0.279434	-0.334957	-0.334957	-2.0894	-0.814158	-0.746121
16	0.648212	-0.523223	-0.523223	-1.83339	-0.740461	-0.750432	-2.6224	-2.6224	-2.29723	-2.40561	-1.95195
16	1.25011	0.102277	0.102277	-1.55184	-0.375821	-0.34356	0.512614	0.512614	-1.94446	-0.650853	-0.59036
16	1.61779	-0.0748205	-0.0748205	-2.03774	-1.49524	-1.45498	-0.375	-0.375	-2.55329	-1.86347	-1.66044
16	1.02601	0.0498461	0.0498461	-1.29852	-0.211256	-0.19053	0.249829	0.249829	-1.62705	-0.577688	-0.483682
16	1.6659	-0.0118044	-0.0118044	-2.80256	-1.15186	-0.79687	-0.0591637	-0.0591637	-3.51161	-1.20578	-0.902578
16	0.848145	0.330404	0.330404	-1.60279	0.0875759	0.135777	1.65598	1.65598	-2.0083	0.256836	0.362978
16	1.04808	-0.363635	-0.363635	-2.04862	-0.630235	-0.613683	-1.82254	-1.82254	-2.56692	-1.65823	-1.44669
16	0.836922	0.598253	0.598253	-1.11376	0.359452	0.405849	2.99844	2.99844	-1.39554	1.08913	1.13792
16	1.15765	0.565147	0.565147	-1.11908	0.253144	0.232915	2.83252	2.83252	-1.4022	0.593325	0.444158
16	1.46224	0.303401	0.303401	-2.20683	-0.49468	-0.234257	1.52065	1.52065	-2.76516	-0.609547	-0.329059
16	1.03249	0.132307	0.132307	-1.27199	-0.128489	-0.0924916	0.663124	0.663124	-1.5938	-0.356382	-0.255859
16	1.72983	0.00689769	0.00689769	-2.01902	-1.25555	-0.987275	0.0345712	0.0345712	-2.52983	-1.26171	-1.11797
16	0.683698	0.32695	0.32695	-2.0819	0.113606	0.146788	1.63867	1.63867	-2.60863	0.385303	0.468898
16	1.42275	0.0624415	0.0624415	-1.56818	-0.661214	-0.66366	0.312957	0.312957	-1.96493	-0.974651	-0.820709
16	1.69247	-0.0555254	-0.0555254	-2.04946	-1.53244	-1.39767	-0.278293	-0.278293	-2.56798	-2.08335	-1.90841
16	0.639882	-0.274227	-0.274227	-1.26	-0.524398	-0.47601	-1.37443	-1.37443	-1.57878	-1.481	-1.33826
16	1.15104	-0.00757987	-0.00757987	-2.45579	-0.328848	-0.331411	-0.0379903	-0.0379903	-3.07711	-0.801274	-0.624165
16	0.715684	0.668942	0.668942	-0.888034	0.439437	0.455994	3.35274	3.35274	-1.11271	1.29444	1.22277
16	1.81655	0.262814	0.0808478	-1.53864	-0.901893	-0.63596	1.31722	0.392342	-1.92791	-1.03747	-0.697382
16	1.14374	0.237036	0.237036	-1.89784	-0.0577623	-0.0664931	1.18802	1.18802	-2.37799	-0.151214	-0.122499
16	1.20407	-0.0988154	-0.0988154	-1.82178	-0.652485	-0.512686	-0.495263	-0.495263	-2.28269	-1.08746	-0.821663
16	0.971863	0.0120158	0.0120158	-1.5138	-0.218294	-0.21042	0.0602232	0.0602232	-1.89679	-0.596154	-0.552791
16	0.693664	0.0248853	0.0248853	-1.75107	-0.193462	-0.152495	0.124725	0.124725	-2.19409	-0.626745	-0.461849
16	0.67591	0.321625	0.321625	-1.14137	0.11442	0.109751	1.61199	1.61199	-1.43013	0.385589	0.299825
16	1.02089	-0.23941	-0.23941	-1.55078	-0.500277	-0.461934	-1.19992	-1.19992	-1.94313	-1.24285	-1.16436
16	1.13859	-0.600319	-0.600319	-2.32669	-0.909705	-0.860851	-3.0088	-3.0088	-2.91535	-2.33717	-1.91802
16	1.06269	0.247521	0.247521	-1.51156	-0.0427092	-0.0168393	1.24057	1.24057	-1.89398	-0.102554	-0.0372445
16	0.647256	0.200425	0.200425	-1.18431	-0.0218745	0.0033446	1.00453	1.00453	-1.48394	-0.0700104	0.00997841
16	1.48482	0.323222	0.323222	-2.77861	-0.3977	-0.191473	1.61999	1.61999	-3.4816	-0.55047	-0.29819
16	0.910688	-0.192125	-0.192125	-1.65536	-0.437635	-0.394768	-0.962928	-0.962928	-2.07417	-1.35119	-1.02615
16	0.662642	-0.06728	-0.06728	-1.52304	-0.281072	-0.277553	-0.337207	-0.337207	-1.90836	-0.912596	-0.732602
16	0.794445	-0.180598	-0.180598	-1.40903	-0.408276	-0.407009	-0.90516	-0.90516	-1.76551	-1.27674	-1.09242
16	1.08788	-0.10765	-0.10765	-2.01088	-0.445645	-0.368576	-0.53954	-0.53954	-2.51964	-1.00672	-0.807507
16	0.993475	-0.188719	-0.188719	-2.43268	-0.4728	-0.402527	-0.945857	-0.945857	-3.04815	-1.22515	-1.13156
16	1.32556	0.430307	0.430307	-1.04623	-0.043733	-0.0513483	2.1567	2.1567	-1.31092	-0.0907383	-0.0802592
16	0.545479	-0.288545	-0.288545	-1.35068	-0.492975	-0.452637	-1.44619	-1.44619	-1.6924	-1.87765	-1.45437
16	1.01144	-0.11645	-0.11645	-1.94194	-0.353688	-0.325552	-0.583647	-0.583647	-2.43325	-1.09435	-0.885797
16	1.74685	0.0442985	-0.0806022	-2.39278	-1.26531	-1.00224	0.222024	-0.39115	-2.99816	-1.52658	-1.29077
16	0.567731	-0.171684	-0.171684	-1.27325	-0.379049	-0.371663	-0.86048	-0.86048	-1.59538	-1.32045	-0.96202
16	0.737171	0.186679	0.186679	-1.22174	-0.0473207	0.0010483	0.935635	0.935635	-1.53083	-0.132476	0.00296271
16	0.839514	-0.0307268	-0.0307268	-1.33978	-0.240608	-0.234313	-0.154003	-0.154003	-1.67874	-0.818265	-0.631507
16	0.73249	0.246084	0.246084	-1.07255	0.0195825	0.0174305	1.23337	1.23337	-1.34391	0.0646286	0.0437773
16	0.83529	0.334673	0.334673	-1.04284	0.113516	0.122735	1.67738	1.67738	-1.30668	0.342832	0.33985
16	1.13791	0.347393	0.347393	-0.769388	-0.0105624	0.0735763	1.74114	1.74114	-0.964043	-0.0244024	0.164736
16	0.427668	0.138166	0.138166	-1.13759	-0.0512815	-0.0225363	0.692489	0.692489	-1.4254	-0.196506	-0.0730926
16	0.905333	0.357381	0.357381	-1.76316	0.129829	0.159074	1.79119	1.79119	-2.20924	0.404589	0.416986
16	1.24883	0.16124	0.16124	-1.54419	-0.194543	-0.179444	0.808137	0.808137	-1.93487	-0.433698	-0.340231
16	1.28237	-0.167086	-0.167086	-1.76957	-0.692437	-0.597372	-0.837436	-0.837436	-2.21727	-1.33374	-1.07931
16	0.711891	0.293232	0.293232	-1.76002	0.0700981	0.100363	1.46968	1.46968	-2.20531	0.221426	0.281336
16	1.04887	0.388628	0.388628	-1.26712	0.127461	0.107647	1.94781	1.94781	-1.5877	0.312038	0.220584
16	1.10059	0.288077	0.288077	-1.23393	-0.0351184	0.0350801	1.44384	1.44384	-1.54611	-0.080213	0.0802997
16	0.972044	0.0654834	0.0654834	-1.67528	-0.157944	-0.123906	0.328203	0.328203	-2.09912	-0.499285	-0.364874
16	1.43182	0.145922	0.145922	-1.90349	-0.405255	-0.289475	0.73136	0.73136	-2.38507	-0.687631	-0.487476
16	1.11082	0.249491	0.249491	-1.96964	-0.0535832	-0.0540688	1.25045	1.25045	-2.46796	-0.125397	-0.109844
16	0.985658	0.455596	0.455596	-1.22908	0.207285	0.227736	2.28345	2.28345	-1.54004	0.56788	0.566461
16	0.395164	-0.0114176	-0.0114176	-1.02057	-0.233316	-0.199421	-0.0572248	-0.0572248	-1.27878	-0.757281	-0.594297
16	0.819495	-0.0762251	-0.0762251	-1.64931	-0.313256	-0.270773	-0.38204	-0.38204	-2.06659	-0.913551	-0.768155
16	1.32876	-0.295408	-0.295408	-2.05774	-0.853303	-0.781073	-1.48058	-1.48058	-2.57835	-1.49409	-1.23868
16	1.05036	0.617297	0.617297	-1.20581	0.325448	0.389358	3.09389	3.09389	-1.51088	0.806103	1.04
16	0.904345	0.269424	0.269424	-1.21929	0.0159756	0.0594254	1.35035	1.35035	-1.52777	0.0465666	0.15502
16	0.895044	0.281128	0.281128	-1.58735	0.0712232	0.0745517	1.40901	1.40901	-1.98895	0.239562	0.190603
16	1.05606	-0.119477	-0.119477	-1.71602	-0.363446	-0.349212	-0.59882	-0.59882	-2.15018	-1.05305	-0.934205
16	0.648061	-0.0433512	-0.0433512	-1.229	-0.284724	-0.229982	-0.217276	-0.217276	-1.53994	-0.835241	-0.659511
16	0.516358	0.311717	0.311717	-1.36925	0.098045	0.100492	1.56233	1.56233	-1.71567	0.293456	0.279488
16	0.806449	0.24925	0.24925	-0.968665	0.00517342	0.0498753	1.24924	1.24924	-1.21374	0.0152069	0.133298
16	1.11959	0.30524	0.30524	-1.16593	-0.0193364	0.0193735	1.52986	1.52986	-1.46091	-0.0465808	0.0400935
16	0.946119	0.0464277	0.0464277	-2.21169	-0.17288	-0.177456	0.232696	0.232696	-2.77124	-0.547242	-0.442305
16	1.38103	-0.0483332	-0.0483332	-1.84775	-0.56213	-0.571226	-0.242246	-0.242246	-2.31523	-1.03737	-0.849192
16	0.926517	0.179237	0.179237	-1.57566	-0.0317978	-0.0404356	0.898335	0.898335	-1.9743	-0.111086	-0.0987432
16	0.821085	-0.104532	-0.104532	-1.2966	-0.310263	-0.310031	-0.523915	-0.523915	-1.62463	-1.01704	-0.856955
16	0.899794	0.281599	0.281599	-1.062	0.0570922	0.0194799	1.41138	1.41138	-1.33068	0.175307	0.0438315
16	1.44315	0.210371	0.210371	-1.70002	-0.42824	-0.386833	1.05438	1.05438	-2.13012	-0.631514	-0.490859
16	1.94967	0.260564	0.0973541	-1.7855	-1.32426	-1.16181	1.30594	0.472445	-2.23723	-1.70317	-1.40981
16	1.29508	0.200294	0.200294	-1.7535	-0.309132	-0.309595	1.00388	1.00388	-2.19714	-0.579019	-0.499221
16	0.706302	0.498562	0.498562	-0.79964	0.262657	0.295414	2.49879	2.49879	-1.00195	0.871978	0.802087
16	1.45306	0.0684383	0.0684383	-2.10813	-0.580245	-0.513502	0.343013	0.343013	-2.64149	-0.789797	-0.714314
16	1.54609	-0.232904	-0.232904	-2.04698	-1.31158	-1.18757	-1.16731	-1.16731	-2.56487	-1.75569	-1.38568
16	1.97627	0.19967	0.0242294	-2.03628	-1.16866	-1.05227	1.00075	0.117582	-2.55146	-1.26553	-1.02755
16	0.975648	-0.182226	-0.182226	-1.56497	-0.458867	-0.413557	-0.913319	-0.913319	-1.96091	-1.11005	-1.01836
16	1.09615	0.299272	0.299272	-1.71514	0.0167809	0.0816425	1.49995	1.49995	-2.14907	0.0372164	0.204512
16	1.21718	-0.267783	-0.267783	-2.89278	-0.684625	-0.576788	-1.34213	-1.34213	-3.62466	-1.23898	-1.13202
16	1.01629	-0.157478	-0.157478	-1.83841	-0.443715	-0.40738	-0.78928	-0.78928	-2.30353	-1.1016	-0.991542
16	0.471146	0.256772	0.256772	-0.945712	0.0503021	0.0720954	1.28694	1.28694	-1.18498	0.174167	0.216953
16	1.05773	-0.497264	-0.497264	-2.38021	-0.820501	-0.76955	-2.49229	-2.49229	-2.9824	-1.9549	-1.75191
16	1.59203	0.390197	0.390197	-1.39501	-0.78654	-0.548763	1.95567	1.95567	-1.74795	-1.0752	-0.711968
16	0.661817	-0.0458326	-0.0458326	-1.16638	-0.27056	-0.229263	-0.229713	-0.229713	-1.46148	-0.792335	-0.667627
16	0.680643	0.16399	0.16399	-1.38112	-0.0588874	-0.0174699	0.82192	0.82192	-1.73055	-0.197326	-0.0501463
16	0.548837	0.200488	0.200488	-0.814103	-0.0398588	0.0121804	1.00485	1.00485	-1.02007	-0.125445	0.036277
16	0.468113	0.253647	0.253647	-0.916741	0.0422368	0.0434383	1.27128	1.27128	-1.14868	0.141221	0.13084
16	0.756865	0.115664	0.115664	-1.36889	-0.108054	-0.0870764	0.579707	0.579707	-1.71522	-0.362892	-0.233291
16	0.710465	-0.527416	-0.527416	-1.85803	-0.771024	-0.745346	-2.64341	-2.64341	-2.32811	-2.52408	-1.94393
16	0.979681	0.259838	0.259838	-1.2511	0.0384246	0.0189147	1.30231	1.30231	-1.56762	0.121362	0.0440731
16	1.80571	0.977209	0.836557	-0.980429	-0.347624	-0.131931	4.89777	4.05968	-1.22848	-0.385255	-0.153765
16	1.23267	0.12644	0.12644	-2.14934	-0.346731	-0.230977	0.63372	0.63372	-2.69313	-0.614746	-0.414672
16	1.49288	-0.464509	-0.464509	-2.08187	-1.30111	-1.1841	-2.32812	-2.32812	-2.60858	-1.70197	-1.48999
16	1.72247	0.142211	0.142211	-1.49638	-0.676922	-0.631131	0.712761	0.712761	-1.87496	-0.943967	-0.772316
16	0.608493	-0.304175	-0.304175	-2.19105	-0.515531	-0.517735	-1.52453	-1.52453	-2.74538	-1.53338	-1.37398
16	0.94593	0.118905	0.118905	-1.18173	-0.128236	-0.120846	0.595951	0.595951	-1.48071	-0.384848	-0.281614
16	1.02557	-0.278441	-0.278441	-2.32133	-0.567041	-0.494311	-1.39555	-1.39555	-2.90862	-1.37032	-1.29747
16	1.30263	0.26124	0.26124	-1.48588	-0.221089	-0.192725	1.30934	1.30934	-1.8618	-0.436098	-0.347217
16	1.76044	0.109125	-0.0325485	-3.22011	-0.879321	-0.746577	0.546937	-0.157953	-4.0348	-0.987612	-0.830679
16	0.445996	-0.137989	-0.137989	-1.24106	-0.296558	-0.321266	-0.691602	-0.691602	-1.55505	-1.15977	-0.986358
16	0.955015	0.322955	0.322955	-1.26776	0.0799908	0.126657	1.61865	1.61865	-1.58851	0.234946	0.348529
16	0.96181	0.336139	0.336139	-1.71615	0.088541	0.117229	1.68473	1.68473	-2.15034	0.239568	0.275219
16	0.88053	0.37823	0.37823	-1.36524	0.13677	0.151718	1.89569	1.89569	-1.71065	0.35009	0.383947
16	1.51498	0.276081	0.276081	-1.88499	-0.806317	-0.638693	1.38372	1.38372	-2.3619	-1.07476	-0.709285
16	1.20177	-0.129661	-0.129661	-1.93831	-0.478585	-0.517571	-0.649861	-0.649861	-2.4287	-1.06612	-0.900614
16	0.418804	-0.0740807	-0.0740807	-0.991756	-0.298188	-0.270327	-0.371293	-0.371293	-1.24267	-0.964077	-0.777885
16	0.733051	-0.208966	-0.208966	-1.37154	-0.462179	-0.426562	-1.04734	-1.04734	-1.71854	-1.36183	-1.15796
16	1.14114	0.0653479	0.0653479	-1.77651	-0.216478	-0.189406	0.327524	0.327524	-2.22597	-0.568891	-0.451687
16	1.4852	0.0757793	0.0757793	-2.33362	-0.634016	-0.482694	0.379806	0.379806	-2.92403	-0.866828	-0.619313
16	1.23999	0.0380263	0.0380263	-1.73357	-0.508342	-0.403412	0.190588	0.190588	-2.17217	-0.863112	-0.660057
16	1.23314	-0.103929	-0.103929	-2.19078	-0.627187	-0.595116	-0.520894	-0.520894	-2.74505	-1.14944	-0.807366
16	0.828522	0.0931141	0.0931141	-1.62474	-0.132081	-0.10643	0.466688	0.466688	-2.0358	-0.412977	-0.319927
16	1.95806	0.499453	0.328489	-1.91077	-1.10862	-1.03171	2.50326	1.59411	-2.3942	-1.66389	-1.20424
16	1.42884	-0.346302	-0.346302	-2.66944	-0.920784	-0.778098	-1.73567	-1.73567	-3.3448	-1.59136	-1.21666
16	1.41026	0.285336	0.285336	-1.65142	-0.584433	-0.456943	1.43011	1.43011	-2.06923	-0.791218	-0.577951
16	1.39616	0.463413	0.463413	-1.77995	0.00586512	-0.0392613	2.32263	2.32263	-2.23028	0.0103761	-0.0558227
16	1.13832	0.196776	0.196776	-2.85997	-0.136962	-0.0496198	0.986239	0.986239	-3.58355	-0.312797	-0.112499
16	0.766208	0.265839	0.265839	-1.5135	0.0278605	0.0817946	1.33239	1.33239	-1.89641	0.0863061	0.234965
16	0.620988	0.392323	0.392323	-0.758758	0.200073	0.211595	1.96632	1.96632	-0.950724	0.746157	0.649078
16	0.655325	-0.206649	-0.206649	-1.2622	-0.418931	-0.404069	-1.03572	-1.03572	-1.58153	-1.50106	-1.13428
16	0.583909	0.123302	0.123302	-1.87761	-0.0826744	-0.0910817	0.617992	0.617992	-2.35265	-0.257395	-0.257931
16	0.656689	-0.106831	-0.106831	-1.05052	-0.345182	-0.298051	-0.535439	-0.535439	-1.31631	-1.06376	-0.911392
16	0.621008	-0.193724	-0.193724	-1.63737	-0.414877	-0.40812	-0.970946	-0.970946	-2.05163	-1.36628	-1.14904
16	1.42668	0.251775	0.251775	-2.91455	-0.424215	-0.174522	1.2619	1.2619	-3.65193	-0.540428	-0.28346
16	0.679184	-0.175114	-0.175114	-1.29636	-0.414849	-0.376725	-0.87767	-0.87767	-1.62434	-1.2157	-1.11464
16	1.18767	-0.167945	-0.167945	-1.91404	-0.572122	-0.492878	-0.84174	-0.84174	-2.39829	-1.10519	-1.00684
16	0.903066	0.152527	0.152527	-2.13807	-0.10286	-0.0566491	0.764463	0.764463	-2.67901	-0.306295	-0.158501
16	0.453959	0.030821	0.030821	-1.07732	-0.177524	-0.185754	0.154475	0.154475	-1.34988	-0.630777	-0.499821
16	0.743799	-0.559206	-0.559206	-2.0863	-0.773846	-0.728289	-2.80274	-2.80274	-2.61414	-2.55007	-2.30691
16	1.159	0.259102	0.259102	-1.92464	-0.0456666	-0.0219465	1.29862	1.29862	-2.41157	-0.109534	-0.0433322
16	0.986703	-0.129933	-0.129933	-1.47564	-0.394521	-0.345365	-0.651224	-0.651224	-1.84897	-0.907088	-0.90961
16	1.03509	0.0716163	0.0716163	-2.85213	-0.203094	-0.141115	0.358941	0.358941	-3.57371	-0.566859	-0.347663
16	0.811862	-0.0426357	-0.0426357	-2.07295	-0.254112	-0.224974	-0.21369	-0.21369	-2.59741	-0.827563	-0.649429
16	0.575277	-0.026438	-0.026438	-1.31506	-0.235765	-0.231681	-0.132507	-0.132507	-1.64777	-0.72188	-0.644374
16	1.94908	0.0669966	-0.130636	-2.59245	-1.4722	-1.30555	0.335787	-0.633957	-3.24834	-2.06194	-1.69876
16	0.694614	-0.223792	-0.223792	-1.56817	-0.458865	-0.424159	-1.12165	-1.12165	-1.96492	-1.39129	-1.20994
16	0.517386	-0.404081	-0.404081	-1.73932	-0.634523	-0.572516	-2.02526	-2.02526	-2.17937	-1.98338	-1.59377
16	0.540934	0.282633	0.282633	-1.43926	0.0566925	0.100279	1.41656	1.41656	-1.80339	0.191902	0.332827
16	1.21058	-0.0113789	-0.0113789	-2.15005	-0.505673	-0.382211	-0.0570309	-0.0570309	-2.69401	-0.848735	-0.667262
16	1.39227	0.10388	0.10388	-2.6347	-0.417713	-0.341982	0.520646	0.520646	-3.30128	-0.717674	-0.588231
16	1.01726	0.064007	0.064007	-1.22791	-0.177011	-0.156576	0.320803	0.320803	-1.53857	-0.518704	-0.400718
16	0.427713	-0.217806	-0.217806	-1.0989	-0.424394	-0.386067	-1.09164	-1.09164	-1.37692	-1.48708	-1.19859
16	0.95246	0.214938	0.214938	-2.25794	-0.0304736	-0.0278595	1.07727	1.07727	-2.8292	-0.0853646	-0.0679477
16	1.26215	-0.0449171	-0.0449171	-2.46792	-0.450357	-0.453555	-0.225124	-0.225124	-3.0923	-0.840976	-0.724512
16	0.6167	0.135025	0.135025	-1.45164	-0.0841545	-0.0597082	0.676744	0.676744	-1.8189	-0.27292	-0.173843
16	0.684833	0.237489	0.237489	-0.83175	0.0173988	0.0501701	1.19029	1.19029	-1.04218	0.058884	0.139434
16	0.633234	-0.232177	-0.232177	-1.27432	-0.432257	-0.433388	-1.16367	-1.16367	-1.59673	-1.46326	-1.25981
16	1.30013	0.559957	0.559957	-1.10726	0.0805812	0.126858	2.8065	2.8065	-1.3874	0.151577	0.199688
16	1.79553	0.19152	0.0734951	-3.15979	-1.44387	-0.990611	0.959897	0.35666	-3.95921	-1.68104	-1.25193
16	0.809582	0.0443589	0.0443589	-1.77098	-0.189807	-0.165025	0.222327	0.222327	-2.21903	-0.547902	-0.45529
16	0.434232	-0.05897	-0.05897	-1.44049	-0.271916	-0.243774	-0.295558	-0.295558	-1.80494	-0.906617	-0.776572
16	0.338417	0.419284	0.419284	-0.451166	0.223834	0.258037	2.10145	2.10145	-0.565311	0.814631	0.832632
16	1.20591	0.159322	0.159322	-1.43306	-0.175811	-0.173448	0.798524	0.798524	-1.79562	-0.400886	-0.328354
16	0.499396	-0.0556414	-0.0556414	-1.90782	-0.256851	-0.220269	-0.278875	-0.278875	-2.3905	-0.872504	-0.670299
16	1.43795	0.177116	0.177116	-1.74193	-0.5669	-0.43776	0.887706	0.887706	-2.18264	-0.712876	-0.559826
16	1.06068	-0.351335	-0.351335	-2.97368	-0.61993	-0.593609	-1.76089	-1.76089	-3.72602	-1.65792	-1.49528
16	0.730453	0.139412	0.139412	-1.94887	-0.0993087	-0.0385396	0.698733	0.698733	-2.44194	-0.277058	-0.106461
16	0.89928	0.624358	0.624358	-1.19919	0.392107	0.431197	3.12928	3.12928	-1.50258	1.1467	1.2061
16	1.31414	0.0100708	0.0100708	-2.16806	-0.451945	-0.435423	0.0504749	0.0504749	-2.71658	-0.92623	-0.785222
16	0.692445	0.0549812	0.0549812	-1.27351	-0.210749	-0.160566	0.275566	0.275566	-1.5957	-0.580686	-0.410193
16	0.926692	0.330106	0.330106	-2.08523	0.0760322	0.111508	1.65449	1.65449	-2.6128	0.218611	0.297301
16	1.31488	0.105011	0.105011	-1.8187	-0.322948	-0.317051	0.526316	0.526316	-2.27883	-0.608609	-0.52401
16	0.418779	0.310079	0.310079	-0.956341	0.0654345	0.111737	1.55411	1.55411	-1.19829	0.203038	0.332808
16	1.80715	0.0534363	-0.0848768	-2.68605	-1.04443	-0.754571	0.267823	-0.411894	-3.36563	-1.29557	-0.89731
16	1.15899	0.145377	0.145377	-1.64949	-0.128817	-0.140921	0.728631	0.728631	-2.06681	-0.328075	-0.270294
16	1.21257	-0.0498871	-0.0498871	-2.2535	-0.401627	-0.364388	-0.250034	-0.250034	-2.82364	-0.841983	-0.697374
16	1.1471	0.236955	0.236955	-1.65258	-0.148007	-0.0415667	1.18762	1.18762	-2.07068	-0.305359	-0.0874542
16	0.844876	0.230892	0.230892	-1.42127	-0.0062024	0.0253968	1.15723	1.15723	-1.78085	-0.0188849	0.0650434
16	0.649854	-0.215928	-0.215928	-1.25575	-0.414932	-0.398799	-1.08223	-1.08223	-1.57345	-1.45618	-1.18839
16	1.14449	-0.012214	-0.012214	-2.10137	-0.38915	-0.2689	-0.0612168	-0.0612168	-2.63302	-0.725639	-0.563973
16	1.59612	0.0729514	0.0729514	-1.75865	-0.532995	-0.559439	0.365632	0.365632	-2.20359	-0.862123	-0.715234
16	0.628664	0.197736	0.197736	-1.26519	-0.0327022	0.0116766	0.991054	0.991054	-1.58529	-0.0958623	0.0346095
16	0.731329	-0.140371	-0.140371	-1.13002	-0.378821	-0.337142	-0.70354	-0.70354	-1.41592	-1.06817	-0.940727
16	1.93153	0.151622	-0.0244319	-2.17476	-1.2611	-1.0076	0.75993	-0.118564	-2.72498	-1.35472	-1.0815
16	1.20279	-0.155949	-0.155949	-2.57673	-0.610226	-0.497124	-0.781614	-0.781614	-3.22865	-1.18678	-0.970885
16	1.46171	0.0965224	0.0965224	-1.86685	-0.88882	-0.898062	0.48377	0.48377	-2.33916	-1.14162	-0.947386
16	0.691793	0.459829	0.459829	-0.746157	0.266042	0.256971	2.30466	2.30466	-0.934935	0.946039	0.75867
16	1.64032	0.211813	0.211813	-1.41436	-0.72532	-0.637725	1.06161	1.06161	-1.7722	-1.12586	-0.940719
16	0.908686	-0.00813053	-0.00813053	-1.70473	-0.240027	-0.250803	-0.0407502	-0.0407502	-2.13602	-0.718249	-0.545566
16	1.68187	-0.471766	-0.471766	-2.70898	-2.03216	-1.84443	-2.36449	-2.36449	-3.39435	-2.5325	-1.99719
16	0.514479	-0.121629	-0.121629	-1.5194	-0.331043	-0.318729	-0.609607	-0.609607	-1.90381	-1.17956	-0.909876
16	0.43687	-0.263428	-0.263428	-1.42545	-0.449363	-0.448577	-1.3203	-1.3203	-1.78609	-1.60624	-1.41731
16	0.853001	0.0486116	0.0486116	-1.52904	-0.199493	-0.163509	0.243641	0.243641	-1.91589	-0.601057	-0.458856
16	1.0085	-0.412146	-0.412146	-1.61188	-0.640291	-0.644082	-2.06568	-2.06568	-2.01968	-1.98348	-1.78351
16	0.906496	-0.399473	-0.399473	-2.4448	-0.649368	-0.622017	-2.00216	-2.00216	-3.06334	-1.97294	-1.48624
16	1.053	0.0288281	0.0288281	-1.53068	-0.276381	-0.245967	0.144487	0.144487	-1.91794	-0.668292	-0.542223
16	0.981706	-0.263897	-0.263897	-2.55269	-0.501308	-0.494089	-1.32265	-1.32265	-3.19852	-1.45515	-1.09745
16	1.05255	-0.175877	-0.175877	-2.10944	-0.462108	-0.40272	-0.881493	-0.881493	-2.64313	-1.2308	-1.0835
16	0.436439	0.12704	0.12704	-1.27262	-0.0668231	-0.0482098	0.636723	0.636723	-1.59459	-0.241457	-0.155481
16	1.10303	-0.0691736	-0.0691736	-1.50979	-0.413308	-0.323395	-0.346698	-0.346698	-1.89176	-0.9138	-0.766981
16	1.15144	0.0561982	0.0561982	-2.25401	-0.29459	-0.238928	0.281665	0.281665	-2.82427	-0.64367	-0.537232
16	1.20741	-0.0190104	-0.0190104	-1.55743	-0.320306	-0.361633	-0.0952799	-0.0952799	-1.95146	-0.83597	-0.679842
16	0.773862	0.381016	0.381016	-1.6741	0.168455	0.178229	1.90965	1.90965	-2.09765	0.550893	0.463771
16	0.992511	0.207514	0.207514	-1.33431	-0.0593192	-0.00128126	1.04006	1.04006	-1.67188	-0.162446	-0.00335699
16	0.686494	0.309244	0.309244	-0.625758	0.0717086	0.0900204	1.54993	1.54993	-0.784074	0.213247	0.243406
16	1.29665	0.165099	0.165099	-1.83877	-0.223034	-0.227396	0.827477	0.827477	-2.30397	-0.467897	-0.386401
16	0.664581	0.448206	0.448206	-1.28452	0.21945	0.24996	2.24641	2.24641	-1.60951	0.663626	0.717133
16	0.529973	0.101239	0.101239	-1.27359	-0.106441	-0.0870126	0.50741	0.50741	-1.59581	-0.342853	-0.257433
16	0.566555	-0.0391344	-0.0391344	-1.21247	-0.268887	-0.22747	-0.196142	-0.196142	-1.51922	-0.861162	-0.675106
16	0.823301	0.340045	0.340045	-0.864915	0.0848131	0.116091	1.70431	1.70431	-1.08374	0.234506	0.312157
16	0.722598	-0.0668452	-0.0668452	-1.20435	-0.288263	-0.257551	-0.335028	-0.335028	-1.50905	-0.923703	-0.749455
16	0.489013	0.244492	0.244492	-1.01085	0.0433242	0.0453862	1.2254	1.2254	-1.2666	0.148246	0.121686
16	1.23635	0.480132	0.480132	-1.03861	-0.045711	0.0140256	2.40642	2.40642	-1.30138	-0.0794075	0.0220008
16	0.316224	0.557902	0.557902	-0.690976	0.362301	0.401465	2.79621	2.79621	-0.865793	1.27221	1.33363
16	1.18051	0.096742	0.096742	-2.87823	-0.265303	-0.191527	0.484871	0.484871	-3.60642	-0.5712	-0.40915
16	0.807721	-0.342343	-0.342343	-1.6695	-0.576598	-0.542403	-1.71582	-1.71582	-2.09188	-1.62434	-1.36061
16	1.31695	-0.0981992	-0.0981992	-2.6889	-0.567028	-0.459188	-0.492174	-0.492174	-3.3692	-1.02032	-0.885227
16	0.61955	0.270107	0.270107	-0.91792	0.0257424	0.086336	1.35378	1.35378	-1.15015	0.0714543	0.253843
16	0.759373	-0.391161	-0.391161	-1.94219	-0.626339	-0.593728	-1.9605	-1.9605	-2.43356	-2.09912	-1.66972
16	1.31287	-0.1345	-0.1345	-2.23102	-0.557435	-0.503179	-0.674114	-0.674114	-2.79547	-1.08372	-0.946921
16	1.11536	0.232153	0.232153	-1.59214	-0.130486	-0.0131588	1.16355	1.16355	-1.99495	-0.265009	-0.0301754
16	0.895933	0.0753299	0.0753299	-1.72263	-0.14875	-0.128418	0.377553	0.377553	-2.15845	-0.449262	-0.334162
16	1.58569	0.0101778	0.0101778	-2.83634	-0.856073	-0.67661	0.0510111	0.0510111	-3.55394	-1.04327	-0.844239
16	1.16365	0.0331452	0.0331452	-1.65521	-0.2906	-0.28967	0.166124	0.166124	-2.07398	-0.699423	-0.511552
16	1.10012	0.0688785	0.0688785	-1.91257	-0.264208	-0.20278	0.345219	0.345219	-2.39644	-0.627519	-0.495709
16	0.846302	0.477971	0.477971	-0.779839	0.226121	0.304595	2.39559	2.39559	-0.977138	0.663396	0.909936
16	1.06595	-0.0304816	-0.0304816	-2.00218	-0.342784	-0.270884	-0.152774	-0.152774	-2.50873	-0.82711	-0.652816
16	0.827027	-0.0055063	-0.0055063	-1.3823	-0.237981	-0.182955	-0.0275976	-0.0275976	-1.73202	-0.690321	-0.501254
16	0.618488	-0.384416	-0.384416	-1.80871	-0.602381	-0.586503	-1.92669	-1.92669	-2.26631	-1.97855	-1.72632
16	0.792703	0.240419	0.240419	-1.00839	0.0432209	0.0409976	1.20498	1.20498	-1.26351	0.160337	0.114245
16	0.925344	0.299361	0.299361	-1.27825	0.0528195	0.0990997	1.5004	1.5004	-1.60165	0.154097	0.259444
16	0.834755	0.0960268	0.0960268	-2.06518	-0.116784	-0.154691	0.481286	0.481286	-2.58767	-0.380824	-0.382461
16	0.50096	-0.32351	-0.32351	-1.92359	-0.52309	-0.500751	-1.62143	-1.62143	-2.41026	-1.75912	-1.50626
16	1.01881	0.241181	0.241181	-1.46622	0.013286	0.0340184	1.2088	1.2088	-1.83718	0.0421058	0.0922806
16	0.476787	0.384122	0.384122	-0.734273	0.181451	0.204085	1.92522	1.92522	-0.920044	0.676217	0.689423
16	1.03075	0.331675	0.331675	-1.31665	0.0911239	0.128209	1.66235	1.66235	-1.64976	0.255993	0.345324
16	1.68439	0.0619715	0.0619715	-2.56719	-1.46982	-1.27902	0.310601	0.310601	-3.21669	-1.74852	-1.41099
16	1.27945	0.222382	0.222382	-1.91927	-0.0932733	-0.0790456	1.11458	1.11458	-2.40485	-0.216754	-0.155682
16	1.10666	0.163574	0.163574	-1.51905	-0.134825	-0.0768619	0.819832	0.819832	-1.90337	-0.342492	-0.202812
16	1.34126	0.0328786	0.0328786	-1.73796	-0.514674	-0.360638	0.164788	0.164788	-2.17766	-0.808745	-0.603186
16	0.656227	-0.0682872	-0.0682872	-1.56398	-0.295703	-0.259917	-0.342256	-0.342256	-1.95967	-0.935037	-0.704663
16	1.20041	-0.0422647	-0.0422647	-2.44348	-0.470719	-0.387061	-0.21183	-0.21183	-3.06168	-0.957602	-0.742564
16	1.09719	0.16655	0.16655	-1.55095	-0.117977	-0.0972223	0.834748	0.834748	-1.94334	-0.318459	-0.215067
16	0.428165	0.469656	0.469656	-0.429864	0.213397	0.284775	2.35391	2.35391	-0.53862	0.545728	0.859931
16	1.37607	0.131823	0.131823	-2.12665	-0.367228	-0.281349	0.660698	0.660698	-2.66469	-0.656422	-0.448266
16	1.17732	0.343634	0.343634	-1.68496	-0.0310299	0.0181093	1.72229	1.72229	-2.11125	-0.058903	0.0344481
16	0.810681	-0.316154	-0.316154	-2.30294	-0.536442	-0.53061	-1.58456	-1.58456	-2.88558	-1.71958	-1.20262
16	1.27929	0.314674	0.314674	-1.40862	-0.17972	-0.126923	1.57714	1.57714	-1.765	-0.360239	-0.238169
16	0.814951	-0.115731	-0.115731	-1.80677	-0.327821	-0.329865	-0.580042	-0.580042	-2.26389	-1.05489	-0.882124
16	1.11914	0.222629	0.222629	-1.27283	-0.0627962	-0.0543957	1.11582	1.11582	-1.59486	-0.157186	-0.122193
16	1.25153	0.334267	0.334267	-2.92955	-0.0515662	0.00823362	1.67535	1.67535	-3.67072	-0.104562	0.0145521
16	1.64034	0.394801	0.394801	-1.55618	-0.722777	-0.609594	1.97874	1.97874	-1.9499	-0.847635	-0.685912
16	1.15788	-0.066139	-0.066139	-1.96902	-0.40907	-0.389733	-0.331489	-0.331489	-2.46718	-0.848421	-0.761539
16	0.66169	0.11642	0.11642	-1.73348	-0.0825094	-0.0798413	0.583495	0.583495	-2.17206	-0.281359	-0.218347
16	1.61411	-0.198739	-0.198739	-2.62663	-1.05985	-0.920095	-0.99608	-0.99608	-3.29117	-1.49873	-1.23701
16	1.10727	0.338988	0.338988	-1.9632	0.000147316	0.0712533	1.69901	1.69901	-2.45988	0.000308894	0.150377
16	0.910999	-0.0490868	-0.0490868	-1.63592	-0.277613	-0.233838	-0.246023	-0.246023	-2.04981	-0.880253	-0.69544
16	0.648353	0.244051	0.244051	-1.61687	0.00527107	0.0617267	1.22319	1.22319	-2.02594	0.0170556	0.180699
16	0.630384	0.168127	0.168127	-1.41074	-0.0717648	-0.0201332	0.842653	0.842653	-1.76766	-0.196654	-0.0588157
16	0.844453	0.149774	0.149774	-1.1636	-0.082286	-0.0456284	0.750669	0.750669	-1.458	-0.249379	-0.133498
16	0.970323	0.10061	0.10061	-1.65538	-0.158325	-0.1149	0.504258	0.504258	-2.0742	-0.45105	-0.310437
16	0.655351	0.130597	0.130597	-1.10154	-0.126518	-0.0796865	0.65455	0.65455	-1.38023	-0.38988	-0.208089
16	1.58565	-0.15834	-0.15834	-1.76101	-1.14144	-1.01271	-0.793602	-0.793602	-2.20655	-1.73384	-1.41545
16	0.24068	-0.10722	-0.10722	-1.3788	-0.341964	-0.296117	-0.537389	-0.537389	-1.72764	-1.08018	-0.863328
16	0.870759	-0.168159	-0.168159	-1.77162	-0.432915	-0.389668	-0.842814	-0.842814	-2.21984	-1.13485	-1.00144
16	1.50956	-0.0194957	-0.0194957	-1.81547	-1.06976	-0.908844	-0.0977127	-0.0977127	-2.27479	-1.39016	-1.09048
16	0.813358	0.116161	0.116161	-1.07399	-0.144637	-0.078048	0.5822	0.5822	-1.3457	-0.423055	-0.221119
16	0.82342	-0.0437363	-0.0437363	-1.54345	-0.264079	-0.232314	-0.219206	-0.219206	-1.93394	-0.870523	-0.669288
16	0.980658	0.290648	0.290648	-1.32298	0.0525397	0.0900505	1.45673	1.45673	-1.6577	0.159272	0.2514
16	1.23001	-0.0470346	-0.0470346	-2.1927	-0.499057	-0.405477	-0.235737	-0.235737	-2.74745	-0.974812	-0.766997
16	0.774519	0.385078	0.385078	-0.731954	0.168905	0.187522	1.93001	1.93001	-0.917139	0.540211	0.549178
16	0.581336	0.0801268	0.0801268	-1.51542	-0.148959	-0.169342	0.401595	0.401595	-1.89883	-0.448087	-0.377281
16	0.71559	0.358031	0.358031	-1.25635	0.107789	0.156441	1.79445	1.79445	-1.57421	0.333224	0.47116
16	1.27128	0.228575	0.228575	-1.53847	-0.320775	-0.317815	1.14562	1.14562	-1.9277	-0.576751	-0.469455
16	1.25666	0.160797	0.160797	-1.44869	-0.262288	-0.25789	0.805914	0.805914	-1.81521	-0.512574	-0.43757
16	1.26421	-0.0504409	-0.0504409	-2.30287	-0.462213	-0.335041	-0.25281	-0.25281	-2.88549	-0.842588	-0.72246
16	0.70189	-0.0190459	-0.0190459	-1.15185	-0.260678	-0.234353	-0.0954583	-0.0954583	-1.44327	-0.735753	-0.616538
16	1.06711	-0.0436686	-0.0436686	-1.60842	-0.283606	-0.313304	-0.218867	-0.218867	-2.01535	-0.837476	-0.749941
16	0.506665	0.539757	0.539757	-0.913551	0.337994	0.369457	2.70526	2.70526	-1.14468	1.10024	1.19936
16	1.58389	0.0601872	0.0601872	-1.97213	-0.812422	-0.685408	0.301658	0.301658	-2.47108	-1.05164	-0.741153
16	0.917062	-0.316563	-0.316563	-2.02132	-0.552506	-0.540153	-1.58662	-1.58662	-2.53271	-1.72839	-1.37539
16	1.00955	-0.12571	-0.12571	-2.05493	-0.387713	-0.345976	-0.630059	-0.630059	-2.57483	-1.03796	-0.950185
16	0.842552	-0.14356	-0.14356	-2.17686	-0.398953	-0.351555	-0.719525	-0.719525	-2.7276	-1.13967	-0.967051
16	1.07002	-0.0216062	-0.0216062	-2.34844	-0.311181	-0.269344	-0.10829	-0.10829	-2.9426	-0.806047	-0.641035
16	1.92619	0.255796	0.102099	-2.72393	-1.09173	-0.821666	1.28205	0.495472	-3.41308	-1.33448	-1.05929
16	1.0648	-0.437729	-0.437729	-2.55772	-0.745483	-0.681855	-2.1939	-2.1939	-3.20483	-1.8209	-1.51711
16	1.52693	-0.253971	-0.253971	-2.00586	-1.08989	-1.03772	-1.2729	-1.2729	-2.51335	-1.62743	-1.32898
16	0.885943	0.257788	0.257788	-1.22851	0.0348582	0.0564942	1.29203	1.29203	-1.53932	0.10866	0.16323
16	0.988384	0.186938	0.186938	-1.47698	-0.0477239	-0.0250626	0.936931	0.936931	-1.85066	-0.13581	-0.0680496
16	0.96855	0.133417	0.133417	-1.61941	-0.135284	-0.075859	0.668687	0.668687	-2.02912	-0.372803	-0.213902
16	0.720051	0.0751891	0.0751891	-1.52597	-0.148667	-0.133062	0.376848	0.376848	-1.91205	-0.496896	-0.379673
16	0.97172	0.230854	0.230854	-1.3696	-0.0431436	-0.00459093	1.15704	1.15704	-1.71611	-0.109443	-0.0113469
16	1.5649	0.218719	0.218719	-2.1492	-0.774017	-0.646086	1.09622	1.09622	-2.69295	-1.07629	-0.82392
16	1.00575	-0.0605419	-0.0605419	-2.03149	-0.339849	-0.277975	-0.303436	-0.303436	-2.54546	-0.834351	-0.704399
16	0.545465	0.274986	0.274986	-1.25401	0.0773214	0.090114	1.37823	1.37823	-1.57128	0.259987	0.275663
16	0.96812	0.187792	0.187792	-1.48774	-0.0303463	-0.0269607	0.941212	0.941212	-1.86413	-0.0941258	-0.075577
16	1.72727	0.0593257	0.0593257	-2.35131	-1.62139	-1.06412	0.29734	0.29734	-2.9462	-1.73291	-1.15852
16	1.26497	0.322408	0.322408	-1.29236	-0.198699	-0.185027	1.61591	1.61591	-1.61933	-0.354141	-0.289983
16	0.679705	0.250695	0.250695	-0.845552	0.0316942	0.0491809	1.25649	1.25649	-1.05948	0.106614	0.138211
16	0.960791	0.16914	0.16914	-1.25475	-0.0848572	-0.0806854	0.847729	0.847729	-1.5722	-0.219811	-0.174136
16	1.23577	0.0239772	0.0239772	-1.64335	-0.470443	-0.325293	0.120174	0.120174	-2.05912	-0.731673	-0.542491
16	0.932149	-0.20893	-0.20893	-1.89201	-0.463233	-0.401595	-1.04716	-1.04716	-2.37069	-1.32061	-1.11992
16	0.517388	0.181823	0.181823	-0.652264	-0.0369274	0.0125867	0.911295	0.911295	-0.817286	-0.12094	0.038198
16	0.538426	-0.376552	-0.376552	-1.85821	-0.615444	-0.568739	-1.88728	-1.88728	-2.32834	-1.96152	-1.79425
16	0.969313	-0.42583	-0.42583	-2.36185	-0.686276	-0.607191	-2.13426	-2.13426	-2.9594	-2.0506	-1.763
16	0.697334	-0.126327	-0.126327	-1.44702	-0.336824	-0.301225	-0.633149	-0.633149	-1.81311	-1.19207	-0.888915
16	0.626624	0.119197	0.119197	-1.11836	-0.0921838	-0.069883	0.597415	0.597415	-1.4013	-0.318607	-0.212511
16	1.41678	-0.0451304	-0.0451304	-2.25396	-0.731315	-0.599306	-0.226193	-0.226193	-2.82421	-1.04004	-0.867641
16	1.84346	0.497041	0.274983	-2.07879	-0.785434	-0.685386	2.49117	1.2892	-2.60473	-0.830769	-0.687612
16	0.903994	0.151865	0.151865	-1.52203	-0.0908198	-0.0512199	0.761146	0.761146	-1.9071	-0.263719	-0.134194
16	1.16679	0.218485	0.218485	-1.52553	-0.0970496	-0.0452522	1.09505	1.09505	-1.91149	-0.245979	-0.0924182
16	1.13186	0.318295	0.318295	-1.17019	0.0245359	0.0226072	1.59529	1.59529	-1.46625	0.0695989	0.0487446
16	1.33285	-0.13772	-0.13772	-1.94747	-0.583956	-0.520312	-0.690254	-0.690254	-2.44017	-1.11481	-0.882725
16	1.15606	0.124544	0.124544	-1.91573	-0.166931	-0.167985	0.624216	0.624216	-2.40041	-0.43164	-0.3644
16	0.595094	-0.0497751	-0.0497751	-1.38031	-0.273507	-0.236115	-0.249473	-0.249473	-1.72952	-0.863316	-0.654569
16	0.777884	0.109589	0.109589	-1.38061	-0.124102	-0.088247	0.549262	0.549262	-1.7299	-0.354291	-0.271436
16	1.26249	-0.423249	-0.423249	-2.67373	-0.971695	-0.931231	-2.12133	-2.12133	-3.35018	-1.78084	-1.42691
16	0.886414	0.506415	0.506415	-1.1548	0.329308	0.297967	2.53815	2.53815	-1.44696	1.19916	0.831119
16	1.30233	-0.0613117	-0.0613117	-2.16576	-0.471453	-0.411131	-0.307294	-0.307294	-2.7137	-0.902024	-0.757505
16	0.992288	-0.210049	-0.210049	-1.69897	-0.477849	-0.429793	-1.05276	-1.05276	-2.1288	-1.31505	-1.06709
16	1.09442	0.198089	0.198089	-1.51667	-0.0985123	-0.0527475	0.99282	0.99282	-1.90038	-0.231193	-0.12566
16	1.22072	0.498799	0.498799	-1.09175	0.113031	0.121859	2.49998	2.49998	-1.36796	0.213037	0.223854
16	1.14615	0.450668	0.450668	-0.894363	0.160597	0.204671	2.25875	2.25875	-1.12064	0.353586	0.470167
16	2.12482	0.065019	-0.433957	-2.57176	-1.89636	-1.45371	0.325875	-1.8836	-3.22241	-1.9952	-1.46057
16	0.654464	0.173665	0.173665	-2.20629	-0.0521562	-0.0351987	0.870411	0.870411	-2.76449	-0.158934	-0.0936434
16	0.934336	0.314416	0.314416	-1.19769	0.0496267	0.0945195	1.57585	1.57585	-1.5007	0.129158	0.239151
16	0.34371	0.0340552	0.0340552	-1.19794	-0.135242	-0.130465	0.170685	0.170685	-1.50102	-0.495373	-0.433651
16	0.699605	0.199158	0.199158	-0.963858	-0.0214502	0.0165722	0.998179	0.998179	-1.20771	-0.0778363	0.0498161
16	1.28373	0.46577	0.46577	-1.65696	-0.0101105	0.0738492	2.33444	2.33444	-2.07618	-0.0170335	0.115925
16	1.67663	-0.077103	-0.077103	-2.14093	-1.23415	-1.20093	-0.38644	-0.38644	-2.68259	-1.77086	-1.52749
16	0.799379	0.0998026	0.0998026	-1.63969	-0.143717	-0.0746417	0.500211	0.500211	-2.05453	-0.446861	-0.225412
16	1.47688	0.199843	0.199843	-1.85077	-0.531634	-0.354222	1.00162	1.00162	-2.31902	-0.761983	-0.606201
16	1.87818	-0.238053	-0.417015	-2.09076	-1.44884	-1.3529	-1.19312	-2.02371	-2.61972	-1.6611	-1.35315
16	1.43614	-0.422899	-0.422899	-2.54452	-0.998232	-1.00969	-2.11957	-2.11957	-3.18829	-1.42128	-1.31275
16	0.917746	-0.198553	-0.198553	-1.49961	-0.405514	-0.416029	-0.995147	-0.995147	-1.87902	-1.38986	-1.17173
16	0.921055	0.189542	0.189542	-1.47603	-0.057202	-0.0192156	0.949985	0.949985	-1.84947	-0.166133	-0.0530122
16	0.520534	-0.180045	-0.180045	-1.60933	-0.389595	-0.377142	-0.902386	-0.902386	-2.01649	-1.30742	-1.0808
16	1.02454	0.214263	0.214263	-1.7654	-0.0389298	-0.0343746	1.07389	1.07389	-2.21205	-0.103465	-0.0793821
16	1.00809	-0.0440014	-0.0440014	-1.97368	-0.324245	-0.253141	-0.220535	-0.220535	-2.47303	-0.827845	-0.697162
16	1.29652	0.367414	0.367414	-1.54442	-0.112538	-0.0615397	1.84148	1.84148	-1.93516	-0.200047	-0.105756
16	1.02795	0.263298	0.263298	-1.87406	0.0263974	0.0280695	1.31965	1.31965	-2.3482	0.0790249	0.0696527
16	1.42989	0.455807	0.455807	-2.63035	-0.618256	-0.374737	2.2845	2.2845	-3.29582	-0.807855	-0.472151
16	1.26155	0.131295	0.131295	-2.29301	-0.371984	-0.265568	0.65805	0.65805	-2.87314	-0.625549	-0.457894
16	0.569658	-0.703765	-0.703765	-1.79779	-0.898013	-0.894211	-3.52727	-3.52727	-2.25263	-3.1455	-2.42695
16	0.950707	0.0516733	0.0516733	-1.86676	-0.190959	-0.160541	0.258987	0.258987	-2.33905	-0.562383	-0.415439
16	1.00338	0.610969	0.610969	-0.799689	0.3668	0.385783	3.06218	3.06218	-1.00201	1.18166	1.01057
16	0.692541	0.52638	0.52638	-0.720772	0.296895	0.320854	2.63822	2.63822	-0.903128	0.85937	0.881434
16	1.56487	0.0745786	0.0745786	-3.12591	-0.806131	-0.634538	0.373788	0.373788	-3.91677	-1.03159	-0.789701
16	1.62538	0.0606811	0.0606811	-3.01627	-0.956328	-0.654392	0.304133	0.304133	-3.77939	-1.00363	-0.752279
16	1.51254	0.41376	0.41376	-1.7191	-0.673993	-0.509057	2.07377	2.07377	-2.15403	-0.748923	-0.580046
16	0.636082	0.162403	0.162403	-1.45102	-0.0615935	-0.0365121	0.813964	0.813964	-1.81812	-0.18679	-0.0958486
16	1.51003	0.0920931	0.0920931	-2.69793	-1.22301	-0.867993	0.461571	0.461571	-3.38051	-1.36206	-0.89235
16	0.886722	0.08536	0.08536	-2.17239	-0.16342	-0.162835	0.427824	0.427824	-2.722	-0.468395	-0.367366
16	0.863787	-0.458813	-0.458813	-2.05902	-0.692654	-0.671927	-2.29957	-2.29957	-2.57995	-2.16606	-1.67867
16	0.627242	0.489974	0.489974	-1.07379	0.266409	0.279604	2.45575	2.45575	-1.34546	0.837472	0.72271
16	0.76974	-0.202679	-0.202679	-2.54343	-0.439898	-0.384744	-1.01583	-1.01583	-3.18691	-1.43657	-1.10008
16	0.908274	-0.00832817	-0.00832817	-1.90417	-0.240806	-0.224926	-0.0417408	-0.0417408	-2.38592	-0.768589	-0.566691
16	1.35395	0.0316641	0.0316641	-1.61981	-0.589929	-0.43569	0.158701	0.158701	-2.02962	-0.858587	-0.622945
16	0.915368	0.131864	0.131864	-1.75771	-0.155237	-0.0642317	0.660901	0.660901	-2.20242	-0.381905	-0.182226
16	1.4372	0.516903	0.516903	-2.16711	-0.102476	-0.00542637	2.59072	2.59072	-2.71539	-0.142832	-0.00758047
16	1.1674	0.156305	0.156305	-1.8134	-0.287182	-0.209465	0.783402	0.783402	-2.27219	-0.540493	-0.371814
16	0.945611	0.0315325	0.0315325	-1.39894	-0.220112	-0.184953	0.158041	0.158041	-1.75287	-0.645441	-0.461785
16	1.06728	0.0392332	0.0392332	-1.57046	-0.180318	-0.219787	0.196637	0.196637	-1.96778	-0.549698	-0.48348
16	1.1702	0.28438	0.28438	-2.05935	-0.0899062	-0.0178317	1.42531	1.42531	-2.58037	-0.180247	-0.0385427
16	0.796189	-0.191202	-0.191202	-2.51638	-0.403794	-0.395271	-0.958304	-0.958304	-3.15302	-1.24461	-1.11398
16	1.08158	-0.235348	-0.235348	-1.90675	-0.525392	-0.512324	-1.17957	-1.17957	-2.38916	-1.27458	-1.15435
16	1.07956	0.00659781	0.00659781	-1.72198	-0.295582	-0.25125	0.0330682	0.0330682	-2.15764	-0.758522	-0.58097
16	0.701509	-0.0107623	-0.0107623	-1.34154	-0.242148	-0.231124	-0.0539405	-0.0539405	-1.68094	-0.812752	-0.57584
16	0.521367	-0.311135	-0.311135	-1.29434	-0.532139	-0.507352	-1.55941	-1.55941	-1.6218	-1.84393	-1.50542
16	0.689231	0.29706	0.29706	-0.742667	0.0892424	0.0986325	1.48887	1.48887	-0.930561	0.284135	0.256403
16	0.810712	0.303155	0.303155	-1.1408	0.0987017	0.0884283	1.51941	1.51941	-1.42942	0.305419	0.254785
16	0.544167	-0.0620994	-0.0620994	-1.24073	-0.281049	-0.259826	-0.311242	-0.311242	-1.55464	-0.979007	-0.767735
16	0.950138	-0.0336913	-0.0336913	-1.38104	-0.281	-0.243448	-0.168861	-0.168861	-1.73044	-0.759348	-0.677254
16	0.778825	0.234098	0.234098	-1.71027	-0.00443187	0.0420871	1.1733	1.1733	-2.14297	-0.0136952	0.116727
16	1.06005	0.385283	0.385283	-1.51135	0.0638779	0.145563	1.93104	1.93104	-1.89372	0.155934	0.346885
16	1.12175	0.205919	0.205919	-1.44617	-0.104341	-0.0953728	1.03206	1.03206	-1.81205	-0.263793	-0.198532
16	1.39917	0.35021	0.35021	-1.51819	-0.155213	-0.170067	1.75525	1.75525	-1.90229	-0.290489	-0.252054
16	1.11417	0.0658836	0.0658836	-1.87476	-0.219128	-0.195193	0.330208	0.330208	-2.34908	-0.551376	-0.413282
16	1.22871	-0.284617	-0.284617	-2.82706	-0.716501	-0.627569	-1.4265	-1.4265	-3.54231	-1.27189	-1.10375
16	1.01329	0.39434	0.39434	-1.70583	0.150679	0.177378	1.97643	1.97643	-2.13741	0.448202	0.462797
16	1.25725	0.369656	0.369656	-1.22444	-0.0157885	0.0258617	1.85271	1.85271	-1.53422	-0.0320619	0.04862
16	0.511636	-0.222015	-0.222015	-1.20891	-0.432405	-0.405575	-1.11274	-1.11274	-1.51477	-1.47548	-1.24637
16	0.869047	-0.208264	-0.208264	-1.8183	-0.42801	-0.42178	-1.04382	-1.04382	-2.27833	-1.31614	-1.09655
16	0.568033	0.298743	0.298743	-1.05526	0.100248	0.104504	1.4973	1.4973	-1.32225	0.335144	0.294647
16	1.33739	0.215011	0.215011	-1.92673	-0.355473	-0.230568	1.07764	1.07764	-2.41419	-0.583776	-0.34797
16	0.640908	-0.0987257	-0.0987257	-1.61845	-0.303602	-0.28828	-0.494813	-0.494813	-2.02792	-0.963691	-0.824042
16	1.28068	0.0788218	0.0788218	-2.23628	-0.627926	-0.434329	0.395055	0.395055	-2.80206	-0.822277	-0.600108
16	1.13623	0.211109	0.211109	-1.23056	-0.121793	-0.0395795	1.05808	1.05808	-1.5419	-0.254801	-0.0921225
16	0.895504	-0.488005	-0.488005	-2.45539	-0.769394	-0.701627	-2.44588	-2.44588	-3.07661	-1.94436	-1.83191
16	0.861539	0.223894	0.223894	-1.05406	-0.0455922	0.0104828	1.12216	1.12216	-1.32074	-0.128928	0.0286285
16	1.01436	0.153097	0.153097	-1.28988	-0.104128	-0.0730038	0.767323	0.767323	-1.61622	-0.277653	-0.199965
16	0.716121	0.186643	0.186643	-0.893032	-0.00957187	0.00528399	0.935456	0.935456	-1.11897	-0.0338288	0.0160491
16	0.577393	-0.015785	-0.015785	-1.4521	-0.247021	-0.194932	-0.0791144	-0.0791144	-1.81948	-0.787219	-0.537089
16	0.397105	0.0793461	0.0793461	-0.647489	-0.141811	-0.0786706	0.397683	0.397683	-0.811304	-0.477633	-0.249124
16	0.721963	-0.192638	-0.192638	-1.62299	-0.404775	-0.39803	-0.965502	-0.965502	-2.03361	-1.2721	-1.1124
16	0.68615	0.450221	0.450221	-0.733595	0.212691	0.254305	2.25651	2.25651	-0.919194	0.698777	0.679152
16	0.476382	0.295985	0.295985	-0.984598	0.066882	0.114111	1.48348	1.48348	-1.2337	0.220801	0.319205
16	1.26209	0.458884	0.458884	-2.07341	0.0387205	0.116942	2.29992	2.29992	-2.59798	0.0734684	0.223666
16	1.10689	-0.0257501	-0.0257501	-1.84997	-0.328974	-0.286648	-0.12906	-0.12906	-2.31801	-0.810185	-0.650852
16	0.669078	-0.0203049	-0.0203049	-1.31381	-0.224441	-0.209773	-0.101768	-0.101768	-1.64621	-0.735649	-0.586052
16	0.675158	-0.0508853	-0.0508853	-1.70376	-0.26317	-0.265182	-0.255037	-0.255037	-2.13481	-0.808734	-0.697438
16	0.955758	-0.136203	-0.136203	-2.81014	-0.405538	-0.315638	-0.682647	-0.682647	-3.5211	-1.11774	-0.956342
16	1.35345	0.158401	0.158401	-1.82207	-0.422896	-0.326867	0.793904	0.793904	-2.28305	-0.627754	-0.485712
16	0.462455	0.257204	0.257204	-0.842287	0.0250142	0.0531221	1.28911	1.28911	-1.05539	0.0824198	0.15371
16	1.00869	-0.192991	-0.192991	-2.16804	-0.427277	-0.44572	-0.967271	-0.967271	-2.71655	-1.31731	-1.04648
16	0.706588	0.525087	0.525087	-0.664491	0.309164	0.349754	2.63174	2.63174	-0.832607	0.941622	1.06701
16	1.21823	0.0625141	0.0625141	-1.39458	-0.364678	-0.32231	0.313321	0.313321	-1.74741	-0.770172	-0.583487
16	0.968294	0.542794	0.542794	-0.87801	0.298768	0.312106	2.72048	2.72048	-1.10015	0.81341	0.822987
16	0.735642	-0.302108	-0.302108	-1.78901	-0.562126	-0.49074	-1.51416	-1.51416	-2.24164	-1.60397	-1.34632
16	1.60089	0.0433926	0.0433926	-2.46521	-1.28424	-1.06062	0.217484	0.217484	-3.08891	-1.75666	-1.31377
16	1.54052	0.173936	0.173936	-2.27079	-0.753654	-0.658743	0.87177	0.87177	-2.8453	-0.902365	-0.722204
16	0.896465	-0.356828	-0.356828	-2.62841	-0.584051	-0.555737	-1.78842	-1.78842	-3.2934	-1.76235	-1.59011
16	1.102	0.123162	0.123162	-1.48605	-0.163672	-0.128004	0.617287	0.617287	-1.86202	-0.393831	-0.281275
16	1.083	-0.179817	-0.179817	-2.39315	-0.436443	-0.452354	-0.90124	-0.90124	-2.99862	-1.22422	-0.984675
16	0.748119	0.333125	0.333125	-1.42571	0.121175	0.14169	1.66962	1.66962	-1.78641	0.395029	0.43745
16	1.30411	0.0137376	0.0137376	-1.75955	-0.531918	-0.391846	0.0688528	0.0688528	-2.20471	-0.783358	-0.619363
16	0.983673	0.171785	0.171785	-1.53804	-0.0740294	-0.073859	0.860987	0.860987	-1.92717	-0.212698	-0.183721
16	1.93326	-0.129003	-0.306484	-2.07929	-1.35651	-1.28547	-0.646561	-1.48732	-2.60535	-1.70807	-1.52829
16	1.18894	-0.0891602	-0.0891602	-2.25284	-0.538026	-0.4505	-0.446871	-0.446871	-2.82281	-1.04996	-0.883397
16	0.829642	0.50995	0.50995	-0.780807	0.247954	0.309605	2.55587	2.55587	-0.978351	0.721837	0.900677
16	0.920885	-0.00467865	-0.00467865	-1.94873	-0.258334	-0.213351	-0.0234494	-0.0234494	-2.44176	-0.727214	-0.577687
16	1.19154	0.43406	0.43406	-2.27914	-0.0118301	0.065248	2.17551	2.17551	-2.85576	-0.0225895	0.121106
16	1.04878	0.208623	0.208623	-1.80633	-0.050202	-0.0363896	1.04562	1.04562	-2.26333	-0.152515	-0.0888774
16	1.15089	0.0303876	0.0303876	-1.83368	-0.296507	-0.241345	0.152303	0.152303	-2.29761	-0.64377	-0.550817
16	0.991769	-0.217328	-0.217328	-2.49925	-0.455437	-0.429673	-1.08925	-1.08925	-3.13156	-1.21261	-1.17645
16	1.07312	-0.220161	-0.220161	-1.79873	-0.509118	-0.484161	-1.10345	-1.10345	-2.25381	-1.3696	-1.08742
16	1.2376	-0.234377	-0.234377	-2.16583	-0.765996	-0.636322	-1.1747	-1.1747	-2.71378	-1.32313	-1.14845
16	0.694029	-0.173123	-0.173123	-1.50647	-0.399583	-0.362823	-0.867693	-0.867693	-1.88761	-1.24976	-1.0798
16	1.25445	0.0375544	0.0375544	-2.16532	-0.360394	-0.302133	0.188223	0.188223	-2.71315	-0.678086	-0.568965
16	0.612614	-0.148987	-0.148987	-1.56811	-0.389487	-0.334799	-0.746723	-0.746723	-1.96485	-1.05993	-0.971295
16	1.20966	0.11787	0.11787	-1.70032	-0.373021	-0.296116	0.590765	0.590765	-2.1305	-0.693375	-0.518655
16	0.701862	0.371644	0.371644	-1.21158	0.151532	0.187052	1.86268	1.86268	-1.5181	0.484638	0.568386
16	0.75729	0.590784	0.590784	-0.786248	0.346091	0.390085	2.96101	2.96101	-0.985169	1.02167	1.14074
16	0.516514	-0.0861356	-0.0861356	-1.17057	-0.298686	-0.280406	-0.431712	-0.431712	-1.46673	-0.989092	-0.780804
16	0.633733	-0.0126502	-0.0126502	-1.40239	-0.211154	-0.196825	-0.0634029	-0.0634029	-1.75719	-0.730285	-0.583851
16	0.767684	-0.261342	-0.261342	-1.56989	-0.485061	-0.494476	-1.30985	-1.30985	-1.96707	-1.47373	-1.21285
16	1.66882	0.0496796	0.0496796	-1.90334	-0.798991	-0.707123	0.248994	0.248994	-2.38488	-0.951161	-0.837484
16	0.919588	-0.114433	-0.114433	-2.16606	-0.354653	-0.326928	-0.573536	-0.573536	-2.71408	-0.977325	-0.874265
16	0.893565	-0.080721	-0.080721	-1.95568	-0.349124	-0.278759	-0.404574	-0.404574	-2.45047	-0.957583	-0.775482
16	1.67264	0.280408	0.280408	-1.7059	-0.886522	-0.831536	1.4054	1.4054	-2.13749	-1.15526	-1.03577
16	0.491604	0.289349	0.289349	-1.112	0.102695	0.086482	1.45022	1.45022	-1.39333	0.388899	0.236034
16	0.919502	-0.0692699	-0.0692699	-1.76028	-0.346917	-0.29559	-0.347181	-0.347181	-2.20563	-0.895247	-0.748917
16	0.42215	-0.154908	-0.154908	-1.3672	-0.376193	-0.32357	-0.7764	-0.7764	-1.7131	-1.1804	-1.00449
16	0.385808	-0.426763	-0.426763	-1.40045	-0.605765	-0.610934	-2.13893	-2.13893	-1.75477	-2.3495	-1.8234
16	0.765759	0.0503259	0.0503259	-1.78709	-0.164332	-0.157968	0.252233	0.252233	-2.23922	-0.542376	-0.418124
16	1.21944	-0.153603	-0.153603	-2.23067	-0.509789	-0.498909	-0.769857	-0.769857	-2.79503	-1.07293	-0.856213
16	0.562526	-0.204261	-0.204261	-1.4851	-0.430223	-0.364774	-1.02376	-1.02376	-1.86084	-1.36755	-1.15055
16	1.01441	-0.0603864	-0.0603864	-1.67997	-0.294624	-0.278942	-0.302656	-0.302656	-2.105	-0.886341	-0.713485
16	1.56017	-0.251085	-0.251085	-2.16017	-0.978542	-0.863662	-1.25844	-1.25844	-2.7067	-1.29324	-1.10674
16	1.12069	0.0840003	0.0840003	-1.60841	-0.22999	-0.238213	0.42101	0.42101	-2.01534	-0.585939	-0.487098
16	0.707734	0.626648	0.626648	-0.809861	0.391654	0.421707	3.14076	3.14076	-1.01476	1.10012	1.24457
16	1.44221	0.116703	0.116703	-2.33329	-0.883928	-0.564526	0.584918	0.584918	-2.92361	-1.07009	-0.837826
16	1.37781	-0.132437	-0.132437	-1.54923	-0.591362	-0.561572	-0.663774	-0.663774	-1.94119	-1.19906	-0.876963
16	0.930358	0.351017	0.351017	-1.2521	0.135177	0.130265	1.7593	1.7593	-1.56888	0.42706	0.35819
16	0.959304	-0.295683	-0.295683	-1.85664	-0.536059	-0.50228	-1.48196	-1.48196	-2.32637	-1.64202	-1.37584
16	1.70963	-0.291075	-0.291075	-2.50824	-1.60605	-1.3479	-1.45887	-1.45887	-3.14282	-1.91452	-1.65647
16	1.0938	0.0674665	0.0674665	-1.44501	-0.21019	-0.197697	0.338142	0.338142	-1.8106	-0.533215	-0.455099
16	1.41856	-0.0853844	-0.0853844	-2.18614	-0.854531	-0.633832	-0.427946	-0.427946	-2.73923	-1.10219	-0.901423
16	0.798548	-0.060273	-0.060273	-1.58441	-0.299862	-0.236987	-0.302088	-0.302088	-1.98526	-0.838388	-0.722581
16	0.832116	0.1045	0.1045	-2.03758	-0.136544	-0.0721493	0.523753	0.523753	-2.55309	-0.402932	-0.22615
16	0.993931	0.0117033	0.0117033	-1.55868	-0.257628	-0.206818	0.0586571	0.0586571	-1.95302	-0.684503	-0.530045
16	1.34006	-0.459453	-0.459453	-2.18551	-1.17447	-1.00124	-2.30278	-2.30278	-2.73844	-1.6827	-1.54755
16	1.56638	0.832668	0.832668	-2.05756	-0.18129	-0.0563906	4.17333	4.17333	-2.57813	-0.212762	-0.0612607
16	1.46	0.347179	0.347179	-2.03611	-0.375315	-0.293769	1.74006	1.74006	-2.55125	-0.497712	-0.386174
16	1.28019	-0.0026713	-0.0026713	-2.21627	-0.470034	-0.368031	-0.0133885	-0.0133885	-2.77699	-0.8756	-0.705684
16	1.12508	0.1532	0.1532	-1.80607	-0.190945	-0.0791994	0.767839	0.767839	-2.26301	-0.408544	-0.195657
16	1.1271	0.031748	0.031748	-2.20293	-0.282094	-0.264606	0.159121	0.159121	-2.76028	-0.677183	-0.521376
16	1.23295	-0.250631	-0.250631	-2.02193	-0.683573	-0.630431	-1.25616	-1.25616	-2.53348	-1.33098	-1.13176
16	1.19716	0.123179	0.123179	-1.85714	-0.296043	-0.222239	0.617373	0.617373	-2.327	-0.612251	-0.46259
16	0.803948	-0.143211	-0.143211	-1.19373	-0.369908	-0.313564	-0.717774	-0.717774	-1.49575	-1.23778	-1.00219
16	0.915957	0.123916	0.123916	-1.97617	-0.143717	-0.0884508	0.621069	0.621069	-2.47614	-0.385362	-0.218026
16	1.00622	0.0683279	0.0683279	-1.78934	-0.133594	-0.149385	0.342459	0.342459	-2.24204	-0.422684	-0.407667
16	0.69586	-0.00654376	-0.00654376	-1.23938	-0.212148	-0.206102	-0.0327973	-0.0327973	-1.55294	-0.630992	-0.582528
16	0.729641	-0.262348	-0.262348	-2.06248	-0.500799	-0.468401	-1.31489	-1.31489	-2.58429	-1.55372	-1.29783
16	0.737142	-0.0706675	-0.0706675	-1.70066	-0.316769	-0.269949	-0.354186	-0.354186	-2.13093	-0.921276	-0.786578
16	0.755943	-0.0395871	-0.0395871	-2.09538	-0.287611	-0.244791	-0.198411	-0.198411	-2.62552	-0.855093	-0.647235
16	1.16205	0.447549	0.447549	-1.91362	0.0921368	0.116505	2.24312	2.24312	-2.39777	0.200064	0.220588
16	0.766448	-0.0735435	-0.0735435	-1.61452	-0.30529	-0.284412	-0.3686	-0.3686	-2.02299	-0.944231	-0.682401
16	0.543429	-0.11174	-0.11174	-1.12251	-0.307288	-0.335451	-0.560041	-0.560041	-1.40651	-1.03485	-0.913168
16	0.74045	0.435905	0.435905	-1.82706	0.188127	0.233983	2.18475	2.18475	-2.28931	0.572266	0.667608
16	1.07182	0.187334	0.187334	-1.69476	-0.0913848	-0.0520481	0.938918	0.938918	-2.12353	-0.2388	-0.126808
16	0.483674	0.224293	0.224293	-0.982869	0.0148165	0.0283953	1.12416	1.12416	-1.23153	0.0464864	0.0813052
16	0.833898	0.0621387	0.0621387	-1.70992	-0.216404	-0.126736	0.311439	0.311439	-2.14253	-0.581039	-0.371082
16	0.831737	0.320322	0.320322	-1.39511	0.0936793	0.0770998	1.60545	1.60545	-1.74808	0.313172	0.185547
16	0.550764	-0.230106	-0.230106	-1.66925	-0.445034	-0.416126	-1.15329	-1.15329	-2.09157	-1.39562	-1.31949
16	0.942405	-0.310324	-0.310324	-1.78383	-0.541096	-0.533878	-1.55534	-1.55534	-2.23514	-1.67352	-1.36034
16	1.0213	0.694883	0.694883	-1.93682	0.44626	0.46541	3.48275	3.48275	-2.42684	1.35351	1.22476
16	1.38953	0.226249	0.226249	-1.5248	-0.235432	-0.191607	1.13396	1.13396	-1.91057	-0.434723	-0.303803
16	1.03976	0.00794444	0.00794444	-2.18016	-0.270771	-0.248184	0.0398175	0.0398175	-2.73174	-0.659308	-0.585912
16	1.08607	-0.14571	-0.14571	-1.67593	-0.433374	-0.389804	-0.730297	-0.730297	-2.09994	-1.07916	-0.902924
16	1.0607	-0.11327	-0.11327	-1.58903	-0.383437	-0.358864	-0.56771	-0.56771	-1.99105	-1.0612	-0.826866
16	0.69439	-0.0297829	-0.0297829	-1.71027	-0.277374	-0.222479	-0.149272	-0.149272	-2.14296	-0.812297	-0.677412
16	1.09	0.0594778	0.0594778	-1.16167	-0.234461	-0.238487	0.298103	0.298103	-1.45557	-0.603383	-0.511896
16	1.05648	-0.436257	-0.436257	-2.76311	-0.728161	-0.641683	-2.18652	-2.18652	-3.46218	-1.48997	-1.71963
16	1.53103	0.334374	0.334374	-1.60933	-0.778834	-0.441665	1.67588	1.67588	-2.01649	-0.897732	-0.49946
16	0.569031	0.631369	0.631369	-1.07718	0.396864	0.4274	3.16442	3.16442	-1.3497	1.3131	1.27699
16	0.485437	0.0872272	0.0872272	-0.936841	-0.149561	-0.0876233	0.437183	0.437183	-1.17386	-0.470651	-0.277024
16	1.44808	0.62336	0.62336	-1.75205	-0.356712	-0.375062	3.12428	3.12428	-2.19532	-0.514662	-0.449092
16	0.83512	0.365353	0.365353	-1.82829	0.120688	0.126074	1.83115	1.83115	-2.29084	0.382372	0.309629
16	1.19733	0.339529	0.339529	-1.63229	-0.0677379	0.0204124	1.70172	1.70172	-2.04526	-0.123363	0.0377939
16	0.739923	0.222327	0.222327	-1.78812	-0.00169661	0.0119477	1.1143	1.1143	-2.24052	-0.00516672	0.0327699
16	0.815583	0.327715	0.327715	-1.13194	0.120857	0.115213	1.64251	1.64251	-1.41832	0.43592	0.284121
16	0.957246	0.165352	0.165352	-1.85426	-0.091763	-0.0576739	0.828743	0.828743	-2.32339	-0.275138	-0.142807
16	1.13267	-0.276974	-0.276974	-2.30431	-0.585518	-0.566796	-1.38819	-1.38819	-2.8873	-1.45858	-1.21934
16	0.397126	-0.402247	-0.402247	-1.57023	-0.642061	-0.597362	-2.01606	-2.01606	-1.96749	-2.02551	-1.74945
16	2.00178	-0.135954	-0.411633	-3.04947	-1.76432	-1.6043	-0.681402	-1.92986	-3.82099	-2.0761	-1.91361
16	0.952413	0.264544	0.264544	-1.34413	0.0299721	0.0377115	1.3259	1.3259	-1.6842	0.0953234	0.0889815
16	1.06948	0.277617	0.277617	-1.62246	-0.00217167	0.0436235	1.39142	1.39142	-2.03294	-0.00560294	0.103299
16	0.969671	0.0645301	0.0645301	-1.52743	-0.220246	-0.140515	0.323425	0.323425	-1.91387	-0.567238	-0.39926
16	0.731867	0.12566	0.12566	-1.12937	-0.09082	-0.0840105	0.629805	0.629805	-1.4151	-0.306559	-0.224827
16	0.554611	0.239925	0.239925	-1.13926	0.028764	0.0697481	1.2025	1.2025	-1.4275	0.0961027	0.210413
16	1.7001	0.161239	0.161239	-1.92143	-1.36368	-1.27998	0.80813	0.80813	-2.40755	-1.63397	-1.35674
16	1.26589	-0.0422807	-0.0422807	-2.00554	-0.500343	-0.412088	-0.211911	-0.211911	-2.51295	-0.910769	-0.763677
16	1.44459	0.15391	0.15391	-2.09175	-0.416293	-0.329043	0.771396	0.771396	-2.62097	-0.685113	-0.507608
16	1.02689	-0.00572668	-0.00572668	-1.16549	-0.222792	-0.250424	-0.0287021	-0.0287021	-1.46036	-0.701672	-0.598815
16	0.632997	0.332864	0.332864	-1.06654	0.0951634	0.156723	1.66832	1.66832	-1.33638	0.305502	0.470461
16	1.21086	0.504716	0.504716	-1.67324	0.0282016	0.109211	2.52964	2.52964	-2.09657	0.0499536	0.187468
16	1.22919	-0.149493	-0.149493	-2.72469	-0.587659	-0.483946	-0.749259	-0.749259	-3.41404	-1.08123	-0.926583
16	1.19096	-0.171489	-0.171489	-2.42079	-0.658162	-0.535924	-0.859502	-0.859502	-3.03324	-1.01888	-1.0771
16	0.989345	0.0915246	0.0915246	-2.20592	-0.143827	-0.125896	0.458721	0.458721	-2.76402	-0.435288	-0.324257
16	1.01554	0.0761832	0.0761832	-1.72481	-0.175606	-0.182966	0.38183	0.38183	-2.16119	-0.502654	-0.424303
16	0.665109	-0.00808206	-0.00808206	-1.32846	-0.224684	-0.202783	-0.0405073	-0.0405073	-1.66457	-0.750571	-0.582242
16	1.0144	-0.198017	-0.198017	-1.81348	-0.494627	-0.432745	-0.99246	-0.99246	-2.27229	-1.20989	-1.0279
16	0.969749	0.0391027	0.0391027	-1.77429	-0.205465	-0.180064	0.195983	0.195983	-2.22319	-0.555099	-0.519088
16	0.622769	-0.0713979	-0.0713979	-1.3391	-0.307557	-0.247241	-0.357846	-0.357846	-1.67789	-0.925758	-0.783095
16	0.938634	-0.0128234	-0.0128234	-1.54928	-0.260095	-0.240613	-0.0642709	-0.0642709	-1.94125	-0.747616	-0.566881
16	1.24515	-0.236238	-0.236238	-2.74513	-0.84856	-0.678439	-1.18403	-1.18403	-3.43965	-1.20504	-1.06572
16	0.54345	-0.22223	-0.22223	-1.31338	-0.442251	-0.42909	-1.11381	-1.11381	-1.64567	-1.48968	-1.26803
16	0.892296	-0.0819852	-0.0819852	-1.76868	-0.313757	-0.306563	-0.41091	-0.41091	-2.21615	-0.938872	-0.821451
16	1.2291	0.119438	0.119438	-1.79696	-0.289665	-0.212799	0.598625	0.598625	-2.25158	-0.589701	-0.395439
16	0.723354	0.145425	0.145425	-1.46772	-0.068036	-0.0523821	0.728871	0.728871	-1.83906	-0.210354	-0.152302
16	0.799555	0.0771291	0.0771291	-1.41585	-0.144824	-0.147722	0.386571	0.386571	-1.77406	-0.451754	-0.387735
16	0.981644	0.0115733	0.0115733	-2.00582	-0.262697	-0.184481	0.0580055	0.0580055	-2.51329	-0.667379	-0.517498
16	0.887523	0.649823	0.649823	-1.95733	0.423015	0.460691	3.25691	3.25691	-2.45254	1.29891	1.416
16	0.716179	0.0193773	0.0193773	-1.5999	-0.187895	-0.214285	0.0971192	0.0971192	-2.00468	-0.656945	-0.544257
16	0.963619	-0.277763	-0.277763	-1.88539	-0.533191	-0.494791	-1.39215	-1.39215	-2.3624	-1.5542	-1.30019
16	0.877052	-0.407272	-0.407272	-2.15998	-0.611285	-0.620707	-2.04125	-2.04125	-2.70646	-1.94987	-1.80324
16	0.817614	-0.104446	-0.104446	-1.74382	-0.336563	-0.344867	-0.523486	-0.523486	-2.18501	-0.974426	-0.954714
16	2.15458	0.163632	-0.138198	-2.50733	-1.54646	-1.40947	0.820124	-0.647915	-3.14169	-1.56486	-1.43065
16	0.798877	0.515037	0.515037	-0.922494	0.242935	0.299291	2.58137	2.58137	-1.15588	0.701846	0.6569
16	0.84132	-0.0178786	-0.0178786	-1.56902	-0.215713	-0.226877	-0.0896074	-0.0896074	-1.96598	-0.768748	-0.613072
16	1.4751	0.0338213	0.0338213	-1.41122	-0.743385	-0.658406	0.169512	0.169512	-1.76825	-1.12956	-0.985887
16	0.515979	0.0674947	0.0674947	-1.00949	-0.133695	-0.114007	0.338284	0.338284	-1.2649	-0.51342	-0.372673
16	0.943855	-0.202423	-0.202423	-1.61854	-0.447708	-0.415117	-1.01454	-1.01454	-2.02803	-1.2531	-1.09196
16	1.52527	0.544424	0.544424	-1.78707	-0.909701	-0.739442	2.72865	2.72865	-2.23919	-1.08293	-0.760025
16	0.527571	-0.0174013	-0.0174013	-1.5434	-0.222521	-0.199302	-0.0872156	-0.0872156	-1.93388	-0.775224	-0.624413
16	0.468735	0.269788	0.269788	-1.06218	0.0514422	0.100282	1.35218	1.35218	-1.33091	0.15955	0.333476
16	0.668085	0.1837	0.1837	-1.32017	-0.058081	0.000357181	0.920707	0.920707	-1.65417	-0.171328	0.00108516
16	0.733042	-0.208064	-0.208064	-1.34363	-0.399128	-0.455479	-1.04282	-1.04282	-1.68357	-1.28664	-0.996062
16	0.99459	0.125196	0.125196	-2.10568	-0.138661	-0.0897093	0.62748	0.62748	-2.63841	-0.400009	-0.236657
16	1.43525	0.117198	0.117198	-2.35207	-0.472202	-0.390713	0.587398	0.587398	-2.94715	-0.669206	-0.548821
16	1.76168	0.310346	0.133439	-1.28844	-0.796538	-0.864968	1.55545	0.647558	-1.61442	-1.2223	-1.18715
16	1.16136	0.610817	0.610817	-1.63686	0.266118	0.322617	3.06142	3.06142	-2.05099	0.513157	0.590187
16	0.855544	0.0161293	0.0161293	-1.40871	-0.198439	-0.176465	0.0808399	0.0808399	-1.76512	-0.638786	-0.466236
16	0.864763	-0.206906	-0.206906	-1.93177	-0.417834	-0.421085	-1.03701	-1.03701	-2.4205	-1.37456	-1.09307
16	0.957921	-0.303242	-0.303242	-2.41981	-0.54911	-0.51358	-1.51985	-1.51985	-3.03203	-1.66706	-1.37743
16	1.44942	-0.114272	-0.114272	-2.30429	-0.905697	-0.906494	-0.572729	-0.572729	-2.88728	-1.24312	-1.0607
16	0.715889	0.221312	0.221312	-0.942736	-0.00793068	0.0369199	1.10921	1.10921	-1.18125	-0.0244828	0.113021
16	0.908955	0.120985	0.120985	-1.66116	-0.120935	-0.107938	0.606379	0.606379	-2.08143	-0.386727	-0.27411
16	1.46208	-0.0651087	-0.0651087	-2.69643	-0.671613	-0.671457	-0.326325	-0.326325	-3.37862	-1.02885	-0.886517
16	0.889283	0.249636	0.249636	-1.1849	-0.0257041	0.0614611	1.25118	1.25118	-1.48468	-0.0670559	0.187924
16	1.22052	0.0370449	0.0370449	-1.72355	-0.29273	-0.336788	0.185669	0.185669	-2.1596	-0.686616	-0.594625
16	1.36637	-0.123351	-0.123351	-2.29663	-0.983458	-0.844107	-0.618237	-0.618237	-2.87768	-1.48175	-1.14429
16	0.324734	0.078535	0.078535	-0.980912	-0.136984	-0.0973566	0.393617	0.393617	-1.22908	-0.475912	-0.287048
16	0.595294	0.219599	0.219599	-1.4212	-0.00306735	0.0421421	1.10063	1.10063	-1.78077	-0.00978316	0.126473
16	0.891168	0.0363551	0.0363551	-1.45009	-0.198355	-0.180222	0.182212	0.182212	-1.81697	-0.634189	-0.431804
16	1.15257	0.179106	0.179106	-1.67258	-0.20948	-0.179623	0.89768	0.89768	-2.09575	-0.438645	-0.343225
16	0.733744	-0.229561	-0.229561	-1.9278	-0.447835	-0.442454	-1.15056	-1.15056	-2.41554	-1.40012	-1.23684
16	1.1626	0.0998274	0.0998274	-1.63028	-0.282044	-0.180933	0.500335	0.500335	-2.04275	-0.60852	-0.388605
16	0.891684	0.071375	0.071375	-1.4463	-0.177434	-0.151585	0.357732	0.357732	-1.81221	-0.565557	-0.372363
16	0.854978	0.535379	0.535379	-0.94252	0.291527	0.324803	2.68332	2.68332	-1.18098	0.789606	0.893564
16	0.460827	0.335502	0.335502	-0.559306	0.122495	0.157135	1.68154	1.68154	-0.70081	0.421578	0.467281
16	1.53269	0.260805	0.260805	-2.6737	-0.548339	-0.483415	1.30715	1.30715	-3.35015	-0.782331	-0.638519
16	0.896235	0.156412	0.156412	-1.467	-0.0855009	-0.0654574	0.783936	0.783936	-1.83815	-0.259463	-0.173907
16	1.80764	0.246072	0.0815444	-1.7368	-0.92892	-0.75245	1.23331	0.395722	-2.17621	-1.02115	-0.831916
16	0.605529	0.278399	0.278399	-1.27031	0.0742969	0.0762275	1.39533	1.39533	-1.5917	0.253562	0.217965
16	1.0808	0.122164	0.122164	-2.02158	-0.214671	-0.116152	0.612288	0.612288	-2.53304	-0.458794	-0.283172
16	0.563162	-0.024439	-0.024439	-1.4854	-0.246156	-0.210778	-0.122488	-0.122488	-1.86121	-0.775948	-0.647713
16	1.01355	0.331265	0.331265	-1.32317	0.0769575	0.0984514	1.6603	1.6603	-1.65793	0.22865	0.250024
16	1.00249	0.3444	0.3444	-1.28558	0.119656	0.153572	1.72613	1.72613	-1.61083	0.369016	0.419785
16	1.06294	0.275997	0.275997	-1.57258	-0.0350216	0.0351251	1.3833	1.3833	-1.97045	-0.0829344	0.0831735
16	0.904267	-0.12517	-0.12517	-1.81362	-0.342487	-0.332497	-0.62735	-0.62735	-2.27247	-1.07295	-0.856444
16	1.00483	0.179037	0.179037	-2.34264	-0.0863371	-0.0366821	0.897335	0.897335	-2.93532	-0.239349	-0.095429
16	1.74163	0.216623	0.00467507	-2.17862	-0.694013	-0.58773	1.08571	0.0226874	-2.72981	-1.00419	-0.829485
16	0.602452	0.00571168	0.00571168	-1.37558	-0.200643	-0.163081	0.0286269	0.0286269	-1.7236	-0.658883	-0.498025
16	1.03758	0.11473	0.11473	-1.668	-0.177112	-0.133301	0.575028	0.575028	-2.09001	-0.436834	-0.322186
16	1.18643	-0.0635883	-0.0635883	-1.88768	-0.473073	-0.411126	-0.318705	-0.318705	-2.36526	-1.05914	-0.750123
16	0.805812	0.38533	0.38533	-1.35156	0.168532	0.158536	1.93127	1.93127	-1.69351	0.54752	0.414256
16	1.752	0.022612	-0.127726	-2.35694	-1.25774	-0.786771	0.113332	-0.619833	-2.95325	-1.19163	-0.879277
16	1.78846	-0.290741	-0.443194	-2.17937	-1.46049	-1.40643	-1.45719	-2.15075	-2.73076	-2.09009	-1.7035
16	1.78473	0.156085	0.0206054	-1.80534	-0.989347	-0.828721	0.782299	0.0999948	-2.26209	-1.14869	-0.900988
16	0.922121	0.318676	0.318676	-1.27243	0.0636823	0.098152	1.5972	1.5972	-1.59436	0.170509	0.267156
16	0.824845	-0.0615056	-0.0615056	-1.80352	-0.271429	-0.255367	-0.308266	-0.308266	-2.25981	-0.894453	-0.760408
16	1.40848	0.0647873	0.0647873	-2.23742	-0.436215	-0.432488	0.324714	0.324714	-2.80348	-0.734773	-0.654907
16	0.943843	0.05574	0.05574	-1.30915	-0.175478	-0.151296	0.279369	0.279369	-1.64036	-0.524718	-0.403435
16	1.24658	0.428205	0.428205	-1.3643	-0.0659426	0.00581916	2.14616	2.14616	-1.70947	-0.114755	0.0091298
16	1.2506	-0.307237	-0.307237	-1.86401	-0.876522	-0.75025	-1.53987	-1.53987	-2.33561	-1.56445	-1.32351
16	1.62155	0.360907	0.360907	-1.50837	-0.604414	-0.437869	1.80887	1.80887	-1.88999	-0.824559	-0.617595
16	1.30463	0.227096	0.227096	-2.1336	-0.226465	-0.191394	1.1382	1.1382	-2.6734	-0.411691	-0.295672
16	0.458684	0.234146	0.234146	-1.27857	0.023376	0.052562	1.17354	1.17354	-1.60205	0.0794958	0.164198
16	0.820354	-0.459597	-0.459597	-1.81584	-0.670532	-0.666146	-2.3035	-2.3035	-2.27524	-2.21397	-1.87343
16	0.547247	-0.460221	-0.460221	-1.55459	-0.691899	-0.669212	-2.30663	-2.30663	-1.9479	-2.04106	-1.5818
16	1.15108	0.209651	0.209651	-2.03012	-0.179108	-0.0725297	1.05077	1.05077	-2.54375	-0.371287	-0.164543
16	1.33047	0.422258	0.422258	-1.75213	-0.11526	-0.066703	2.11636	2.11636	-2.19542	-0.215309	-0.101102
16	1.00592	0.0825467	0.0825467	-1.37865	-0.140275	-0.121729	0.413724	0.413724	-1.72745	-0.43722	-0.342409
16	1.17446	0.0416963	0.0416963	-1.56297	-0.304023	-0.261417	0.208982	0.208982	-1.9584	-0.706383	-0.569446
16	1.03323	-0.524378	-0.524378	-2.79764	-0.812678	-0.73962	-2.62818	-2.62818	-3.50544	-2.08794	-1.91707
16	0.718698	0.201003	0.201003	-1.19906	-0.0481732	0.00409871	1.00743	1.00743	-1.50243	-0.133154	0.0112826
16	1.05442	0.404317	0.404317	-1.23114	0.165152	0.177633	2.02643	2.02643	-1.54261	0.491979	0.440311
16	0.572372	-0.172778	-0.172778	-1.37636	-0.396832	-0.366983	-0.865961	-0.865961	-1.72458	-1.2042	-1.05615
16	1.70825	-0.167653	-0.167653	-1.86386	-1.41639	-1.13834	-0.840276	-0.840276	-2.33541	-1.60127	-1.28323
16	1.40415	0.0306919	0.0306919	-2.31176	-0.556421	-0.384533	0.153828	0.153828	-2.89664	-0.850142	-0.635264
16	0.724708	0.281827	0.281827	-1.18772	0.0238592	0.0843751	1.41252	1.41252	-1.48821	0.0600681	0.238998
16	0.622843	0.103003	0.103003	-1.04813	-0.113818	-0.0940722	0.516252	0.516252	-1.31331	-0.391459	-0.247703
16	0.437062	0.175321	0.175321	-0.941105	-0.0425286	-0.00213708	0.878709	0.878709	-1.1792	-0.126526	-0.00703916
16	1.36106	0.112378	0.112378	-2.2253	-0.392159	-0.401357	0.563241	0.563241	-2.7883	-0.695003	-0.53617
16	0.458277	-0.026263	-0.026263	-1.05334	-0.234394	-0.227462	-0.13163	-0.13163	-1.31983	-0.783559	-0.600872
16	1.57172	-0.189669	-0.189669	-2.37986	-1.18981	-1.00807	-0.950623	-0.950623	-2.98197	-1.4196	-1.14335
16	1.11537	-0.100511	-0.100511	-2.33363	-0.379284	-0.365679	-0.503761	-0.503761	-2.92404	-1.0227	-0.800005
16	1.00306	-0.143408	-0.143408	-2.38034	-0.393309	-0.350788	-0.718762	-0.718762	-2.98257	-0.982812	-0.944026
16	0.902209	0.142238	0.142238	-1.38451	-0.103456	-0.0627193	0.712898	0.712898	-1.73479	-0.312546	-0.161678
23	0.43171	0.240559	0.240559	-1.10214	0.0455026	0.101804	1.44556	1.44556	-1.38099	0.167823	0.384824
23	1.13066	-0.195671	-0.195671	-1.46827	-0.563476	-0.50238	-1.17582	-1.17582	-1.83974	-1.25127	-1.0285
23	1.31655	-0.277842	-0.277842	-2.01058	-0.823388	-0.730836	-1.6696	-1.6696	-2.51925	-1.51479	-1.37842
23	0.85442	0.019225	0.019225	-1.39535	-0.16757	-0.179353	0.115527	0.115527	-1.74837	-0.613269	-0.525399
23	1.2635	-0.108689	-0.108689	-1.91795	-0.567736	-0.496846	-0.653134	-0.653134	-2.40319	-1.161	-0.853674
23	0.512786	-0.0106367	-0.0106367	-1.44215	-0.213999	-0.174353	-0.0639178	-0.0639178	-1.80701	-0.737391	-0.61229
23	1.48988	0.0655256	0.0655256	-2.78677	-0.923406	-0.723934	0.393755	0.393755	-3.49182	-1.29766	-0.96602
23	1.1464	-0.16423	-0.16423	-2.74891	-0.571348	-0.472419	-0.986886	-0.986886	-3.44438	-1.14683	-0.959461
23	0.784692	0.328457	0.328457	-1.34423	0.134682	0.172402	1.97375	1.97375	-1.68432	0.509001	0.579144
23	1.01257	0.145084	0.145084	-1.99005	-0.134085	-0.0747396	0.871837	0.871837	-2.49353	-0.393744	-0.219966
23	1.04574	0.148107	0.148107	-1.77692	-0.128039	-0.0862455	0.89	0.89	-2.22648	-0.343373	-0.206224
23	0.795366	0.295888	0.295888	-1.92618	0.0770302	0.0864588	1.77804	1.77804	-2.4135	0.259911	0.237342
23	0.844391	0.137217	0.137217	-1.45908	-0.0716883	-0.0686728	0.82456	0.82456	-1.82822	-0.258293	-0.202023
23	1.40718	-0.225623	-0.225623	-2.8555	-1.27885	-0.984585	-1.35581	-1.35581	-3.57794	-1.62159	-1.27654
23	0.888332	0.195443	0.195443	-1.81673	-0.0406771	-0.00837815	1.17445	1.17445	-2.27636	-0.127271	-0.0240708
23	0.716572	-0.0714541	-0.0714541	-2.01011	-0.277079	-0.25904	-0.42938	-0.42938	-2.51867	-1.01594	-0.805523
23	0.903795	0.230133	0.230133	-1.94879	0.00179513	0.0485512	1.38291	1.38291	-2.44183	0.00596696	0.143414
23	0.79289	0.0549711	0.0549711	-1.20443	-0.136666	-0.124402	0.330331	0.330331	-1.50916	-0.509954	-0.413234
23	0.661581	-0.0826655	-0.0826655	-1.84334	-0.278109	-0.260735	-0.496752	-0.496752	-2.3097	-1.07228	-0.820913
23	0.860444	-0.226021	-0.226021	-1.80869	-0.493284	-0.447056	-1.3582	-1.3582	-2.26629	-1.43013	-1.2917
23	1.20505	0.193158	0.193158	-2.10607	-0.249177	-0.211016	1.16072	1.16072	-2.6389	-0.54737	-0.393741
23	0.603782	0.338843	0.338843	-1.30762	0.124613	0.163317	2.03617	2.03617	-1.63844	0.445134	0.543196
23	1.03084	0.0913323	0.0913323	-1.77004	-0.166888	-0.149546	0.548832	0.548832	-2.21786	-0.503673	-0.385121
23	0.938368	0.352062	0.352062	-1.21515	0.0968087	0.146761	2.1156	2.1156	-1.52259	0.29614	0.388388
23	0.448513	-0.0344691	-0.0344691	-1.1121	-0.222122	-0.182943	-0.207131	-0.207131	-1.39346	-0.86094	-0.665334
23	0.712152	0.299671	0.299671	-1.35648	0.0838379	0.112307	1.80078	1.80078	-1.69967	0.313622	0.359767
23	0.796032	-0.059551	-0.059551	-1.95032	-0.276545	-0.244701	-0.357852	-0.357852	-2.44376	-0.930597	-0.791157
23	0.853865	-0.0161396	-0.0161396	-2.76061	-0.259631	-0.213898	-0.0969857	-0.0969857	-3.45904	-0.780752	-0.642512
23	1.09506	0.334742	0.334742	-1.03232	0.0409615	0.115385	2.01152	2.01152	-1.29349	0.116838	0.321035
23	1.26851	0.0737785	0.0737785	-2.10552	-0.64084	-0.431443	0.443348	0.443348	-2.63822	-1.00092	-0.702089
23	0.980482	-0.375844	-0.375844	-1.8607	-0.591423	-0.574926	-2.25851	-2.25851	-2.33145	-2.11113	-1.69988
23	0.659355	-0.0103493	-0.0103493	-1.61663	-0.234146	-0.174327	-0.0621907	-0.0621907	-2.02564	-0.801725	-0.577676
23	1.31715	-0.0690316	-0.0690316	-2.70189	-0.740867	-0.560068	-0.414823	-0.414823	-3.38546	-1.23032	-1.00533
23	0.874131	0.256598	0.256598	-1.40254	0.033392	0.0551415	1.54194	1.54194	-1.75739	0.100113	0.161203
23	1.50327	0.0373771	0.0373771	-1.9915	-0.995686	-0.900824	0.224605	0.224605	-2.49535	-1.28374	-1.17175
23	1.05865	0.382202	0.382202	-1.10982	0.110761	0.17913	2.29672	2.29672	-1.39061	0.324759	0.50615
23	1.09271	0.0652135	0.0652135	-2.369	-0.207952	-0.181582	0.391879	0.391879	-2.96835	-0.584214	-0.46453
23	0.395983	-0.0566512	-0.0566512	-1.66547	-0.246759	-0.219247	-0.340427	-0.340427	-2.08684	-0.972387	-0.718454
23	0.839295	0.201757	0.201757	-1.11648	-0.00904337	0.00521812	1.21239	1.21239	-1.39895	-0.0323699	0.0161131
23	0.97957	-0.203098	-0.203098	-2.60608	-0.458765	-0.402525	-1.22045	-1.22045	-3.26541	-1.25628	-1.17884
23	0.961605	0.0102878	0.0102878	-1.52194	-0.250836	-0.187632	0.0618213	0.0618213	-1.907	-0.707433	-0.571921
23	1.07516	0.217397	0.217397	-1.49565	-0.0755129	-0.0210753	1.30638	1.30638	-1.87405	-0.208479	-0.0555486
23	0.521688	0.409302	0.409302	-1.02955	0.207697	0.242515	2.45957	2.45957	-1.29002	0.753337	0.84952
23	0.795001	0.171342	0.171342	-1.45453	-0.0363215	-0.0231255	1.02962	1.02962	-1.82253	-0.128305	-0.0738223
23	0.864022	0.0252382	0.0252382	-2.05167	-0.194454	-0.189931	0.151661	0.151661	-2.57074	-0.681797	-0.547315
23	1.19316	0.0664186	0.0664186	-1.73847	-0.303948	-0.264256	0.399121	0.399121	-2.1783	-0.677604	-0.531102
23	0.866292	-0.0888566	-0.0888566	-1.57636	-0.304085	-0.306157	-0.533955	-0.533955	-1.97518	-0.990644	-0.83174
23	0.832656	0.378213	0.378213	-0.992196	0.116672	0.188484	2.27275	2.27275	-1.24322	0.331595	0.534869
23	0.914422	-0.0809578	-0.0809578	-1.9361	-0.28634	-0.285144	-0.48649	-0.48649	-2.42593	-0.963963	-0.851752
23	1.17509	0.112285	0.112285	-2.28784	-0.233569	-0.235538	0.674738	0.674738	-2.86666	-0.576152	-0.484282
23	0.513008	0.287784	0.287784	-0.865301	0.0986574	0.125416	1.72935	1.72935	-1.08422	0.401813	0.418775
23	0.972179	-0.0609223	-0.0609223	-2.17518	-0.321087	-0.291647	-0.366093	-0.366093	-2.7255	-0.899696	-0.727306
23	1.02543	0.119538	0.119538	-2.19021	-0.133329	-0.125629	0.718325	0.718325	-2.74434	-0.344255	-0.295937
23	1.34612	0.152689	0.152689	-1.66964	-0.710131	-0.464279	0.917533	0.917533	-2.09205	-0.951134	-0.665329
23	0.97564	0.480513	0.480513	-1.03051	0.256079	0.27798	2.88749	2.88749	-1.29123	0.790605	0.781053
23	0.730622	0.122382	0.122382	-1.59742	-0.0673213	-0.0651933	0.735417	0.735417	-2.00156	-0.258275	-0.202235
23	1.11795	-0.0776943	-0.0776943	-2.18301	-0.36773	-0.324233	-0.466879	-0.466879	-2.73532	-0.972246	-0.838785
23	0.904802	-0.0861251	-0.0861251	-2.33656	-0.337815	-0.250636	-0.517541	-0.517541	-2.92771	-1.01634	-0.822617
23	1.3491	-0.204588	-0.204588	-2.8952	-0.848089	-0.706653	-1.2294	-1.2294	-3.62769	-1.22527	-1.0739
23	1.44594	-0.223272	-0.223272	-2.45485	-1.16216	-1.04895	-1.34168	-1.34168	-3.07593	-1.95924	-1.46252
23	0.943179	0.499465	0.499465	-1.17038	0.251792	0.308057	3.00137	3.00137	-1.46648	0.784566	0.923198
23	0.742031	-0.279224	-0.279224	-1.71256	-0.486006	-0.445745	-1.67791	-1.67791	-2.14583	-1.70745	-1.54014
23	1.59955	0.650302	0.650302	-1.71005	-0.679828	-0.518249	3.90778	3.90778	-2.14269	-0.990523	-0.714562
23	1.41742	0.250194	0.250194	-2.04097	-0.50298	-0.458613	1.50346	1.50346	-2.55733	-0.76109	-0.622154
23	1.1165	0.0754815	0.0754815	-1.75063	-0.256034	-0.197286	0.453582	0.453582	-2.19353	-0.652181	-0.456366
23	0.964823	0.294058	0.294058	-1.53691	0.0446801	0.0742327	1.76704	1.76704	-1.92575	0.129861	0.201764
23	0.563925	0.07224	0.07224	-1.66858	-0.122681	-0.105601	0.434103	0.434103	-2.09073	-0.472166	-0.341179
23	0.860272	0.0982215	0.0982215	-1.8898	-0.138213	-0.110795	0.59023	0.59023	-2.36792	-0.414255	-0.308584
23	0.704283	-0.0122787	-0.0122787	-1.61343	-0.191354	-0.199705	-0.073785	-0.073785	-2.02163	-0.747988	-0.615773
23	1.0619	0.169667	0.169667	-2.12622	-0.12755	-0.0396416	1.01956	1.01956	-2.66415	-0.305267	-0.0994953
23	0.825821	-0.0977726	-0.0977726	-1.93012	-0.330283	-0.309775	-0.587533	-0.587533	-2.41844	-1.02943	-0.911588
23	1.05303	0.214427	0.214427	-2.15975	-0.0452706	-0.0271729	1.28853	1.28853	-2.70617	-0.141258	-0.0688202
23	0.784761	0.0920464	0.0920464	-1.80258	-0.129834	-0.0977314	0.553123	0.553123	-2.25864	-0.397908	-0.316171
23	0.647163	0.115619	0.115619	-1.84609	-0.087017	-0.0458092	0.694774	0.694774	-2.31315	-0.318902	-0.160248
23	0.829157	-0.0624502	-0.0624502	-2.43551	-0.279943	-0.270964	-0.375275	-0.375275	-3.05169	-0.938961	-0.8269
23	1.13785	0.0599708	0.0599708	-2.37934	-0.237218	-0.211485	0.360375	0.360375	-2.98132	-0.631973	-0.527258
23	0.943217	0.127436	0.127436	-1.73958	-0.111132	-0.0780113	0.765784	0.765784	-2.1797	-0.348437	-0.220798
23	1.14706	-0.432181	-0.432181	-2.45378	-0.720031	-0.766095	-2.59705	-2.59705	-3.07459	-1.9805	-1.4975
23	1.02556	0.190721	0.190721	-1.35092	-0.0884318	-0.0273725	1.14608	1.14608	-1.6927	-0.246266	-0.0729663
23	0.440465	-0.138708	-0.138708	-1.32964	-0.329229	-0.279837	-0.833523	-0.833523	-1.66603	-1.20294	-1.05249
23	0.675702	0.102746	0.102746	-1.55757	-0.141764	-0.0784965	0.617419	0.617419	-1.95163	-0.435886	-0.244058
23	1.26184	0.176745	0.176745	-2.38955	-0.348598	-0.329721	1.06209	1.06209	-2.99411	-0.692608	-0.520876
23	1.03514	-0.0399491	-0.0399491	-2.13364	-0.298933	-0.265136	-0.240061	-0.240061	-2.67345	-0.870508	-0.73188
23	0.895139	0.299294	0.299294	-1.12225	0.0677892	0.103842	1.79851	1.79851	-1.40618	0.217919	0.316862
23	1.32055	0.265266	0.265266	-1.24023	-0.248207	-0.236621	1.59403	1.59403	-1.554	-0.428393	-0.361198
23	2.22966	-0.0318845	-0.306207	-2.06307	-2.06259	-1.74985	-0.1916	-1.75823	-2.58502	-3.01377	-2.36064
23	1.3518	-0.0528941	-0.0528941	-2.67791	-0.565337	-0.538313	-0.31785	-0.31785	-3.35542	-1.05231	-0.880467
23	0.831247	0.374822	0.374822	-1.63106	0.140298	0.167224	2.25237	2.25237	-2.04372	0.474314	0.489004
23	0.741832	0.182571	0.182571	-1.18421	-0.0282767	-0.0242352	1.0971	1.0971	-1.48382	-0.1089	-0.0736072
23	0.953795	0.326588	0.326588	-1.79946	0.110976	0.144093	1.96252	1.96252	-2.25473	0.374009	0.417923
23	1.20292	0.126641	0.126641	-2.06051	-0.234529	-0.246428	0.761009	0.761009	-2.58182	-0.507204	-0.448371
23	0.982083	0.286653	0.286653	-1.16264	0.036194	0.0770143	1.72255	1.72255	-1.45679	0.107277	0.204072
23	0.71724	0.0234598	0.0234598	-2.22853	-0.184328	-0.152369	0.140974	0.140974	-2.79235	-0.624361	-0.464245
23	0.993192	0.345183	0.345183	-1.92594	0.120121	0.144724	2.07426	2.07426	-2.41321	0.370719	0.433002
23	0.841799	0.212827	0.212827	-2.56743	0.000839568	0.0101222	1.27892	1.27892	-3.217	0.00282275	0.0294549
23	1.11436	-0.0243403	-0.0243403	-2.06107	-0.314923	-0.282978	-0.146265	-0.146265	-2.58253	-0.802664	-0.69584
23	1.09218	0.356174	0.356174	-1.42272	0.0814999	0.0717558	2.14031	2.14031	-1.78267	0.226545	0.150819
23	1.273	0.104957	0.104957	-1.94075	-0.482755	-0.356918	0.630703	0.630703	-2.43176	-0.8749	-0.634083
23	0.638375	0.162231	0.162231	-1.69122	-0.0246951	-0.0210968	0.974874	0.974874	-2.1191	-0.0884738	-0.0702097
23	1.142	-0.206401	-0.206401	-2.32075	-0.502651	-0.470971	-1.2403	-1.2403	-2.9079	-1.31208	-1.13333
23	1.20714	0.209648	0.209648	-1.68452	-0.194105	-0.169221	1.25981	1.25981	-2.11071	-0.421954	-0.326379
23	1.41926	0.224354	0.224354	-1.95298	-0.528305	-0.355742	1.34818	1.34818	-2.44708	-0.771639	-0.509567
23	1.04854	0.15647	0.15647	-1.51249	-0.0822903	-0.056711	0.940258	0.940258	-1.89515	-0.267336	-0.168445
23	1.30767	-0.122218	-0.122218	-2.30392	-0.661124	-0.568057	-0.734431	-0.734431	-2.88681	-1.15129	-0.978973
23	0.885837	0.0909124	0.0909124	-2.21349	-0.132348	-0.0868767	0.546308	0.546308	-2.77351	-0.446222	-0.270684
23	1.09215	-0.431669	-0.431669	-3.27365	-0.713422	-0.657576	-2.59398	-2.59398	-4.10188	-2.09015	-1.71705
23	1.05555	0.36806	0.36806	-1.43155	0.0727901	0.150909	2.21174	2.21174	-1.79373	0.187344	0.411616
23	1.61395	-0.0387624	-0.136349	-2.17581	-1.07141	-0.942782	-0.23293	-0.801337	-2.7263	-1.58552	-1.27333
23	1.25696	0.387576	0.387576	-1.48589	-0.18229	-0.0739583	2.32901	2.32901	-1.86182	-0.333745	-0.132249
23	0.782126	0.597893	0.597893	-1.21587	0.362284	0.419441	3.59285	3.59285	-1.52349	1.08653	1.25628
23	1.10413	0.0193477	0.0193477	-1.64769	-0.256693	-0.230158	0.116264	0.116264	-2.06455	-0.698681	-0.601596
23	0.406258	-0.150001	-0.150001	-1.19533	-0.342855	-0.30908	-0.901381	-0.901381	-1.49775	-1.15148	-1.16205
23	1.26001	-0.103998	-0.103998	-2.58452	-0.67939	-0.520821	-0.624942	-0.624942	-3.2384	-1.1981	-0.937882
23	1.10819	-0.078876	-0.078876	-2.39479	-0.371449	-0.324131	-0.47398	-0.47398	-3.00067	-1.00486	-0.747445
23	0.584903	0.17098	0.17098	-1.46712	-0.029142	-0.0166356	1.02745	1.02745	-1.83831	-0.105604	-0.0599995
23	1.29021	-0.0921304	-0.0921304	-1.68659	-0.580261	-0.574731	-0.553628	-0.553628	-2.11329	-1.1898	-0.98136
23	1.41873	0.269991	0.269991	-2.38507	-0.705256	-0.554546	1.62242	1.62242	-2.98849	-1.02384	-0.797066
23	0.947897	-0.00511295	-0.00511295	-2.22169	-0.234379	-0.200456	-0.0307246	-0.0307246	-2.78378	-0.783373	-0.564363
23	0.657398	0.318147	0.318147	-1.09312	0.0987559	0.135318	1.9118	1.9118	-1.36968	0.337839	0.437093
23	1.0846	-0.097108	-0.097108	-2.23635	-0.373447	-0.367262	-0.583539	-0.583539	-2.80214	-1.01857	-0.839731
23	0.487374	-0.1342	-0.1342	-1.66646	-0.324891	-0.305236	-0.806432	-0.806432	-2.08807	-1.24011	-1.02136
23	1.51192	0.139024	0.139024	-2.65403	-1.05636	-0.745295	0.835418	0.835418	-3.3255	-1.51327	-1.06942
23	1.13333	0.245157	0.245157	-1.86864	-0.0696579	-0.0429297	1.47319	1.47319	-2.34141	-0.167167	-0.0938967
23	1.04927	-0.201718	-0.201718	-2.33414	-0.471754	-0.424584	-1.21216	-1.21216	-2.92467	-1.24784	-1.07458
23	0.963196	0.0176689	0.0176689	-1.57991	-0.219145	-0.209353	0.106176	0.106176	-1.97962	-0.75404	-0.543901
23	0.860249	0.00626086	0.00626086	-1.78862	-0.198997	-0.199478	0.0376226	0.0376226	-2.24114	-0.730027	-0.609949
23	0.818643	-0.166121	-0.166121	-2.17673	-0.372387	-0.351963	-0.99825	-0.99825	-2.72744	-1.40771	-1.08875
23	0.844464	0.0880473	0.0880473	-1.78969	-0.150055	-0.114107	0.529092	0.529092	-2.24248	-0.463151	-0.336868
23	0.56142	0.0700272	0.0700272	-1.13935	-0.10613	-0.114062	0.420806	0.420806	-1.42761	-0.37512	-0.348251
23	0.909397	0.0464237	0.0464237	-1.82778	-0.172753	-0.164179	0.278968	0.278968	-2.2902	-0.583105	-0.471706
23	1.24346	-0.0428026	-0.0428026	-2.21805	-0.525924	-0.441327	-0.257208	-0.257208	-2.77921	-1.02258	-0.767008
23	0.822668	0.0394233	0.0394233	-1.32523	-0.19106	-0.154544	0.236902	0.236902	-1.66051	-0.649242	-0.441546
23	1.12244	0.416754	0.416754	-1.89955	0.0869501	0.130825	2.50435	2.50435	-2.38014	0.213151	0.299867
23	0.972326	0.0930325	0.0930325	-2.14948	-0.160646	-0.117813	0.559049	0.559049	-2.69329	-0.508988	-0.34458
23	1.13519	0.00445129	0.00445129	-2.80989	-0.37453	-0.308491	0.0267486	0.0267486	-3.5208	-0.817574	-0.66575
23	0.936276	0.0421189	0.0421189	-1.91107	-0.238073	-0.152274	0.2531	0.2531	-2.39458	-0.630226	-0.456474
23	1.22675	-0.124896	-0.124896	-1.83141	-0.523864	-0.481263	-0.750522	-0.750522	-2.29475	-1.19079	-0.958695
23	0.992575	0.478722	0.478722	-1.32029	0.251058	0.271882	2.87673	2.87673	-1.65432	0.81857	0.74279
23	0.699134	-0.112206	-0.112206	-1.84228	-0.351848	-0.273967	-0.674264	-0.674264	-2.30838	-1.15634	-0.883654
23	0.744234	0.359759	0.359759	-1.37733	0.121636	0.174379	2.16185	2.16185	-1.72579	0.388357	0.568039
23	0.97129	-0.0901953	-0.0901953	-1.90466	-0.312472	-0.291582	-0.542	-0.542	-2.38655	-1.03721	-0.838693
23	1.44333	-0.0830107	-0.0830107	-2.56929	-0.97186	-0.786599	-0.498826	-0.498826	-3.21932	-1.30064	-1.05815
23	1.18445	-0.176925	-0.176925	-2.04966	-0.652706	-0.592314	-1.06317	-1.06317	-2.56823	-1.25104	-1.07826
23	1.11498	-0.130241	-0.130241	-1.64026	-0.454558	-0.392986	-0.782641	-0.782641	-2.05525	-1.10165	-1.01562
23	1.94603	-0.0636086	-0.208417	-2.74794	-1.90103	-1.48523	-0.382235	-1.22489	-3.44317	-2.19797	-1.88506
23	0.978962	-0.26372	-0.26372	-1.40613	-0.518982	-0.478575	-1.58474	-1.58474	-1.76188	-1.73952	-1.24957
23	1.43349	0.138094	0.138094	-1.75826	-0.420431	-0.436072	0.829833	0.829833	-2.2031	-0.698315	-0.607625
23	0.816169	0.23127	0.23127	-1.67908	0.0113994	0.0586864	1.38974	1.38974	-2.10388	0.0369451	0.189257
23	0.491773	0.0833549	0.0833549	-1.26818	-0.101937	-0.102656	0.500894	0.500894	-1.58903	-0.412202	-0.330997
23	1.0774	-0.0243063	-0.0243063	-2.03816	-0.287682	-0.281077	-0.146061	-0.146061	-2.55382	-0.873122	-0.673341
23	0.952926	0.123837	0.123837	-1.373	-0.113801	-0.0969281	0.744161	0.744161	-1.72037	-0.379645	-0.291375
23	0.902172	0.0945454	0.0945454	-1.09892	-0.135433	-0.128528	0.56814	0.56814	-1.37695	-0.476226	-0.367708
23	0.898765	-0.122191	-0.122191	-1.81316	-0.338429	-0.320897	-0.734266	-0.734266	-2.2719	-1.16495	-0.925304
23	0.848989	0.457709	0.457709	-1.00917	0.241479	0.296481	2.75045	2.75045	-1.2645	0.746885	0.980922
23	0.918286	-0.471314	-0.471314	-2.04273	-0.682863	-0.674256	-2.83221	-2.83221	-2.55954	-2.24309	-1.70531
23	0.732549	-0.170863	-0.170863	-1.66153	-0.383522	-0.366705	-1.02675	-1.02675	-2.08189	-1.39023	-1.11903
23	0.515385	-0.54092	-0.54092	-2.34934	-0.742517	-0.716959	-3.25048	-3.25048	-2.94372	-2.63215	-2.3369
23	1.51031	0.34025	0.34025	-2.46398	-0.471093	-0.286941	2.04462	2.04462	-3.08736	-0.678736	-0.433108
23	1.18047	-0.0994088	-0.0994088	-3.035	-0.477631	-0.43178	-0.597365	-0.597365	-3.80286	-1.02928	-0.850052
23	0.759876	-0.255608	-0.255608	-2.06887	-0.464718	-0.460329	-1.53599	-1.53599	-2.59229	-1.65939	-1.29707
23	0.764547	-0.424187	-0.424187	-2.15897	-0.637801	-0.594337	-2.54901	-2.54901	-2.70519	-2.17113	-1.98783
23	1.23801	0.0828167	0.0828167	-1.94768	-0.361254	-0.275347	0.49766	0.49766	-2.44045	-0.715577	-0.524474
23	0.610439	-0.034575	-0.034575	-2.37043	-0.265226	-0.25783	-0.207768	-0.207768	-2.97015	-0.893526	-0.731158
23	0.873606	0.368016	0.368016	-0.954934	0.142165	0.171253	2.21147	2.21147	-1.19653	0.501989	0.544493
23	1.08236	0.351706	0.351706	-1.35156	0.0638057	0.113112	2.11347	2.11347	-1.6935	0.157259	0.27807
23	0.706335	-0.423748	-0.423748	-1.92939	-0.671492	-0.620405	-2.54638	-2.54638	-2.41753	-2.14513	-1.96877
23	1.14322	-0.620163	-0.620163	-2.85108	-1.02363	-0.91553	-3.72667	-3.72667	-3.5724	-2.17574	-2.01919
23	0.960731	0.108219	0.108219	-1.90711	-0.115802	-0.0950518	0.650309	0.650309	-2.38961	-0.374163	-0.268292
23	1.21114	-0.135503	-0.135503	-2.58174	-0.561109	-0.527145	-0.814262	-0.814262	-3.23492	-1.24153	-1.07506
23	1.17061	0.388594	0.388594	-2.15295	-0.0528869	0.119308	2.33513	2.33513	-2.69765	-0.101378	0.288145
23	0.843575	-0.0987108	-0.0987108	-2.13576	-0.305198	-0.318808	-0.593171	-0.593171	-2.67611	-1.01757	-0.916048
23	0.98185	0.302482	0.302482	-1.25016	0.0276798	0.114585	1.81767	1.81767	-1.56646	0.0752196	0.332533
23	1.15	-0.0935749	-0.0935749	-1.69579	-0.407252	-0.407348	-0.562308	-0.562308	-2.12483	-1.07282	-0.81844
23	0.735044	0.184982	0.184982	-1.22368	-0.0344484	0.0120215	1.11159	1.11159	-1.53327	-0.113262	0.0399416
23	0.817029	0.243693	0.243693	-1.58972	0.0332557	0.0489364	1.46439	1.46439	-1.99192	0.120398	0.145642
23	0.983551	-0.102792	-0.102792	-2.61623	-0.350061	-0.32205	-0.617693	-0.617693	-3.27814	-0.979257	-0.899998
23	1.29927	0.0985056	0.0985056	-2.659	-0.648185	-0.611575	0.591938	0.591938	-3.33173	-1.03518	-0.832327
23	0.445453	-0.0361978	-0.0361978	-1.12977	-0.228011	-0.201877	-0.217519	-0.217519	-1.4156	-0.912288	-0.701736
23	0.372057	0.236511	0.236511	-1.42702	0.0417447	0.073108	1.42124	1.42124	-1.78806	0.152784	0.246104
23	0.59528	-0.712703	-0.712703	-2.08824	-0.947272	-0.873216	-4.28276	-4.28276	-2.61657	-3.18554	-3.04346
23	1.0137	0.0850811	0.0850811	-2.45958	-0.163773	-0.127488	0.511267	0.511267	-3.08186	-0.506066	-0.346023
23	1.36819	0.0209335	0.0209335	-2.14636	-1.0571	-0.731084	0.125793	0.125793	-2.68939	-1.47902	-1.00051
23	1.09331	-0.0407045	-0.0407045	-2.82334	-0.339882	-0.305028	-0.244601	-0.244601	-3.53764	-0.836079	-0.76424
23	1.05085	-0.0925161	-0.0925161	-2.80544	-0.355093	-0.318802	-0.555946	-0.555946	-3.51521	-1.06074	-0.894973
23	1.05948	-0.0887849	-0.0887849	-2.26636	-0.381542	-0.334308	-0.533524	-0.533524	-2.83974	-0.974268	-0.783587
23	0.839812	0.0781784	0.0781784	-1.82312	-0.137224	-0.110423	0.469788	0.469788	-2.28438	-0.473246	-0.357587
23	1.25151	-0.261726	-0.261726	-2.36781	-0.69994	-0.610506	-1.57276	-1.57276	-2.96686	-1.3639	-1.1772
23	0.864954	0.258121	0.258121	-1.59291	0.0211305	0.0874035	1.55109	1.55109	-1.99592	0.0693711	0.295238
23	0.863882	-0.0184057	-0.0184057	-1.31957	-0.246039	-0.237655	-0.110603	-0.110603	-1.65343	-0.863413	-0.638555
23	0.870812	0.0456153	0.0456153	-2.17007	-0.144308	-0.13905	0.27411	0.27411	-2.71909	-0.49002	-0.41558
23	0.90281	0.282413	0.282413	-1.4991	0.0711543	0.0733942	1.69707	1.69707	-1.87837	0.252455	0.201682
23	1.55288	-0.0787035	-0.0787035	-2.09103	-1.12844	-0.902003	-0.472943	-0.472943	-2.62006	-1.52834	-1.2042
23	1.26423	0.183912	0.183912	-2.05332	-0.278006	-0.234155	1.10516	1.10516	-2.57281	-0.607291	-0.444513
23	1.16126	-0.11481	-0.11481	-2.01812	-0.400344	-0.398322	-0.689912	-0.689912	-2.52871	-1.0825	-0.918656
23	1.11067	0.126441	0.126441	-2.91169	-0.184758	-0.117525	0.759806	0.759806	-3.64834	-0.44494	-0.307825
23	0.754474	0.0987655	0.0987655	-1.45479	-0.0898482	-0.110095	0.5935	0.5935	-1.82285	-0.308947	-0.33067
23	0.764995	-0.0519356	-0.0519356	-1.58063	-0.2904	-0.237199	-0.31209	-0.31209	-1.98053	-0.891402	-0.712293
23	1.04525	0.0731304	0.0731304	-1.87003	-0.217633	-0.144502	0.439453	0.439453	-2.34314	-0.593023	-0.394012
23	0.832485	0.155768	0.155768	-1.48272	-0.0985485	-0.0431667	0.93604	0.93604	-1.85784	-0.302149	-0.131506
23	1.44761	-0.175507	-0.175507	-1.95507	-0.900111	-0.79712	-1.05465	-1.05465	-2.44971	-1.38919	-1.09648
23	0.576423	0.0809837	0.0809837	-1.27932	-0.103648	-0.0969023	0.486646	0.486646	-1.60299	-0.394254	-0.337336
23	0.593996	-0.208609	-0.208609	-1.79511	-0.407167	-0.375308	-1.25357	-1.25357	-2.24928	-1.523	-1.39314
23	1.83049	0.179055	0.0332687	-1.8866	-1.09696	-0.92723	1.07597	0.195523	-2.36391	-1.39243	-1.13179
23	1.1746	0.105536	0.105536	-1.84872	-0.214372	-0.184	0.634185	0.634185	-2.31644	-0.540725	-0.366253
23	0.967614	0.310598	0.310598	-2.00036	0.078461	0.0810964	1.86644	1.86644	-2.50645	0.239232	0.19955
23	1.12732	0.0522204	0.0522204	-2.03275	-0.316803	-0.243245	0.313802	0.313802	-2.54704	-0.662841	-0.56967
23	0.525332	0.490628	0.490628	-0.946039	0.292052	0.320247	2.94827	2.94827	-1.18539	1.12017	1.07393
23	0.733302	0.16151	0.16151	-1.25505	-0.0205107	-0.0157314	0.970545	0.970545	-1.57258	-0.0785407	-0.0504423
23	0.76903	0.337939	0.337939	-1.54065	0.113331	0.158539	2.03074	2.03074	-1.93043	0.350124	0.507471
23	1.1685	0.00846004	0.00846004	-2.39768	-0.396598	-0.342367	0.0508379	0.0508379	-3.00429	-0.816571	-0.685073
23	0.94489	0.241305	0.241305	-1.95954	-0.00985599	0.0237849	1.45004	1.45004	-2.45531	-0.0313769	0.066449
23	0.761001	0.21718	0.21718	-1.56619	0.0323126	0.00384907	1.30507	1.30507	-1.96243	0.12162	0.0112393
23	1.00191	0.111709	0.111709	-2.31505	-0.10295	-0.104093	0.671282	0.671282	-2.90075	-0.333986	-0.311097
23	0.738707	0.0276411	0.0276411	-2.06891	-0.185901	-0.180784	0.1661	0.1661	-2.59234	-0.603208	-0.484691
23	0.955508	0.42193	0.42193	-0.779794	0.220943	0.185816	2.53545	2.53545	-0.977082	0.7352	0.475893
23	0.980509	0.0135248	0.0135248	-1.33978	-0.237663	-0.182163	0.0812731	0.0812731	-1.67875	-0.721123	-0.576944
23	1.77105	0.390935	0.212111	-2.81788	-1.13793	-0.752963	2.3492	1.21793	-3.53081	-1.30016	-0.85355
23	1.33267	-0.106339	-0.106339	-2.67608	-0.580204	-0.568464	-0.639009	-0.639009	-3.35312	-1.11476	-0.971443
23	1.15439	0.168958	0.168958	-1.5562	-0.167549	-0.11869	1.0153	1.0153	-1.94992	-0.418586	-0.291605
23	1.3171	-0.187353	-0.187353	-2.54279	-0.803298	-0.681452	-1.12584	-1.12584	-3.18611	-1.3006	-1.13325
23	1.39747	0.0771435	0.0771435	-1.91043	-0.524798	-0.487673	0.463569	0.463569	-2.39376	-0.901324	-0.758999
23	0.444607	0.00469494	0.00469494	-1.05741	-0.195906	-0.164975	0.0282127	0.0282127	-1.32493	-0.63198	-0.558131
23	0.844386	-0.0375099	-0.0375099	-1.4025	-0.24548	-0.210168	-0.225404	-0.225404	-1.75733	-0.915298	-0.670026
23	0.625621	0.0905967	0.0905967	-1.52625	-0.118442	-0.114756	0.544412	0.544412	-1.91239	-0.434776	-0.320804
23	0.500742	0.183083	0.183083	-0.96008	-0.0214822	0.00621678	1.10018	1.10018	-1.20298	-0.0763156	0.0209094
23	1.03597	0.00221995	0.00221995	-2.10201	-0.313117	-0.241865	0.0133401	0.0133401	-2.63382	-0.819419	-0.624055
23	1.11748	-0.0307981	-0.0307981	-1.94098	-0.30973	-0.275082	-0.185071	-0.185071	-2.43205	-0.854059	-0.679876
23	0.910625	0.249063	0.249063	-1.59632	0.0246445	0.0308056	1.49666	1.49666	-2.00019	0.0751574	0.0797656
23	0.942863	0.319255	0.319255	-2.80518	0.0926747	0.100154	1.91846	1.91846	-3.51489	0.287893	0.282818
23	1.43212	-0.0230462	-0.0230462	-1.9852	-0.737212	-0.721106	-0.138489	-0.138489	-2.48745	-1.35601	-1.17799
23	1.70108	-0.265291	-0.387858	-2.33327	-1.49319	-1.43297	-1.59418	-2.27948	-2.92358	-1.84518	-1.72063
23	0.861644	0.196017	0.196017	-1.49518	-0.0611933	-0.0117693	1.1779	1.1779	-1.87346	-0.183108	-0.0344686
23	0.743149	-0.000564464	-0.000564464	-1.51179	-0.212972	-0.201048	-0.00339197	-0.00339197	-1.89427	-0.791744	-0.632272
23	1.136	0.0417376	0.0417376	-1.98741	-0.323582	-0.253881	0.250808	0.250808	-2.49023	-0.692476	-0.566759
23	0.82173	0.146901	0.146901	-1.75419	-0.0606487	-0.0453999	0.882753	0.882753	-2.198	-0.196203	-0.143675
23	0.691321	0.362711	0.362711	-1.45603	0.142893	0.189793	2.1796	2.1796	-1.8244	0.519929	0.647766
23	1.06531	-0.0705458	-0.0705458	-2.23782	-0.369742	-0.29508	-0.423922	-0.423922	-2.80399	-0.993044	-0.76715
23	0.918951	-0.0128985	-0.0128985	-1.77413	-0.259876	-0.223882	-0.0775091	-0.0775091	-2.22299	-0.711515	-0.699065
23	0.877345	0.0986117	0.0986117	-1.26913	-0.119414	-0.121556	0.592575	0.592575	-1.59022	-0.380285	-0.34422
23	0.664847	0.0410201	0.0410201	-1.29449	-0.155898	-0.138648	0.246497	0.246497	-1.622	-0.577804	-0.428652
23	0.936795	0.0931924	0.0931924	-1.47239	-0.159737	-0.118444	0.56001	0.56001	-1.84491	-0.489634	-0.355109
23	0.830671	-0.028089	-0.028089	-1.6039	-0.26256	-0.217319	-0.168792	-0.168792	-2.00969	-0.779256	-0.650214
23	0.957289	0.091282	0.091282	-1.76518	-0.1415	-0.108868	0.54853	0.54853	-2.21177	-0.465452	-0.330421
23	1.09065	0.358991	0.358991	-2.01407	0.122184	0.126648	2.15724	2.15724	-2.52363	0.370784	0.310843
23	1.1532	0.0103498	0.0103498	-1.80092	-0.341328	-0.294437	0.0621939	0.0621939	-2.25655	-0.790537	-0.595484
23	0.820439	0.285202	0.285202	-1.71291	0.0572721	0.0606189	1.71383	1.71383	-2.14627	0.192161	0.16543
23	1.13909	-0.0451839	-0.0451839	-2.23181	-0.378094	-0.337434	-0.271518	-0.271518	-2.79645	-0.905629	-0.758525
23	1.0992	0.0980449	0.0980449	-2.10533	-0.175149	-0.13578	0.589169	0.589169	-2.63798	-0.441614	-0.331059
23	1.0816	0.0159593	0.0159593	-2.39888	-0.269178	-0.283145	0.095902	0.095902	-3.0058	-0.708765	-0.602488
23	1.1459	0.14791	0.14791	-2.18748	-0.215406	-0.141706	0.88882	0.88882	-2.74091	-0.517523	-0.34266
23	1.10511	0.121327	0.121327	-1.697	-0.185731	-0.142772	0.729075	0.729075	-2.12634	-0.415937	-0.331856
23	0.781541	0.243603	0.243603	-1.25619	0.019952	0.0380225	1.46385	1.46385	-1.574	0.0633597	0.11343
23	0.474519	0.0479844	0.0479844	-1.28695	-0.142977	-0.117661	0.288347	0.288347	-1.61255	-0.548873	-0.399126
23	1.22029	-0.143965	-0.143965	-1.95166	-0.532915	-0.524595	-0.86511	-0.86511	-2.44544	-1.20445	-1.0198
23	0.652974	0.212067	0.212067	-1.74392	0.000828652	0.026951	1.27435	1.27435	-2.18513	0.0026654	0.0890467
23	1.06784	0.257314	0.257314	-1.59002	0.0296531	0.0125972	1.54624	1.54624	-1.99229	0.0965581	0.0304209
23	1.0499	0.190773	0.190773	-1.2717	-0.0619821	-0.0468401	1.14639	1.14639	-1.59343	-0.173335	-0.120637
23	1.23416	0.275122	0.275122	-1.63896	-0.0830311	-0.091498	1.65326	1.65326	-2.05361	-0.195956	-0.170355
23	0.811224	0.256272	0.256272	-1.60611	0.0484253	0.0351619	1.53999	1.53999	-2.01246	0.153182	0.0961428
23	0.798334	-0.0118923	-0.0118923	-1.57718	-0.234144	-0.20488	-0.071463	-0.071463	-1.97621	-0.786792	-0.620024
23	0.802655	0.250058	0.250058	-1.67082	0.0333456	0.0687766	1.50264	1.50264	-2.09353	0.0946636	0.219142
23	0.949565	-0.0613579	-0.0613579	-1.95789	-0.338193	-0.25312	-0.36871	-0.36871	-2.45323	-0.903442	-0.789529
23	0.703729	0.403748	0.403748	-1.34957	0.211761	0.24376	2.4262	2.4262	-1.69101	0.799007	0.837773
23	1.02319	0.153399	0.153399	-1.85277	-0.0684958	-0.072927	0.921802	0.921802	-2.32152	-0.248887	-0.203124
23	0.813522	0.47147	0.47147	-1.00438	0.247205	0.25314	2.83315	2.83315	-1.25849	0.833004	0.718535
23	0.600439	0.132902	0.132902	-1.96816	-0.074046	-0.026916	0.798631	0.798631	-2.4661	-0.244763	-0.0927673
23	1.33867	0.344515	0.344515	-2.43967	-0.41178	-0.310911	2.07025	2.07025	-3.05691	-0.575902	-0.408885
23	0.834798	0.189626	0.189626	-1.1365	-0.021261	-0.0109853	1.13949	1.13949	-1.42404	-0.073031	-0.0314178
23	0.770641	-0.458219	-0.458219	-2.28471	-0.640185	-0.652265	-2.75352	-2.75352	-2.86274	-2.4701	-2.02617
23	0.758814	0.0689119	0.0689119	-1.90088	-0.115087	-0.107301	0.414104	0.414104	-2.3818	-0.445242	-0.339413
23	0.88864	0.378693	0.378693	-0.934048	0.159693	0.222849	2.27563	2.27563	-1.17036	0.539551	0.824124
23	0.642144	-0.063327	-0.063327	-1.78659	-0.289965	-0.229894	-0.380543	-0.380543	-2.2386	-0.922663	-0.755005
23	1.0868	0.0405573	0.0405573	-2.5669	-0.28885	-0.222664	0.243716	0.243716	-3.21633	-0.685525	-0.530788
23	1.01188	0.0536274	0.0536274	-1.28709	-0.18328	-0.181723	0.322256	0.322256	-1.61272	-0.600651	-0.43149
23	1.29249	0.204334	0.204334	-1.80611	-0.414764	-0.424678	1.22788	1.22788	-2.26306	-0.738509	-0.626217
23	1.00336	-0.21042	-0.21042	-1.811	-0.453234	-0.437879	-1.26445	-1.26445	-2.26919	-1.37673	-1.1364
23	0.996382	0.0218981	0.0218981	-2.13394	-0.20039	-0.179086	0.131589	0.131589	-2.67383	-0.685096	-0.559183
23	0.624949	0.288337	0.288337	-1.47507	0.101287	0.117685	1.73267	1.73267	-1.84827	0.381706	0.388073
23	0.788191	-0.357608	-0.357608	-1.79	-0.569413	-0.550892	-2.14893	-2.14893	-2.24287	-2.04805	-1.73892
23	0.68854	-0.489304	-0.489304	-2.13565	-0.688712	-0.681099	-2.94031	-2.94031	-2.67596	-2.44544	-2.08177
23	1.06272	0.0459754	0.0459754	-2.24628	-0.213641	-0.212611	0.276274	0.276274	-2.81459	-0.611755	-0.542933
23	0.777299	0.0735882	0.0735882	-1.56403	-0.1538	-0.108757	0.442204	0.442204	-1.95973	-0.495386	-0.316911
23	0.743771	-0.173244	-0.173244	-2.2589	-0.416464	-0.351324	-1.04105	-1.04105	-2.8304	-1.29257	-1.10464
23	1.21264	0.1849	0.1849	-1.64017	-0.356164	-0.279345	1.1111	1.1111	-2.05513	-0.56482	-0.490002
23	1.29543	0.194467	0.194467	-2.37843	-0.324044	-0.209893	1.16859	1.16859	-2.98017	-0.576169	-0.373205
23	1.13222	-0.0348516	-0.0348516	-2.03105	-0.329516	-0.318092	-0.209429	-0.209429	-2.54491	-0.79833	-0.712801
23	0.938607	0.305788	0.305788	-1.7567	0.045593	0.0809235	1.83754	1.83754	-2.20114	0.135458	0.22365
23	1.25956	0.052374	0.052374	-1.78735	-0.649623	-0.42272	0.314725	0.314725	-2.23955	-1.05526	-0.684583
23	0.925081	0.0534072	0.0534072	-1.31016	-0.196691	-0.12197	0.320933	0.320933	-1.64163	-0.550382	-0.400039
23	0.882231	0.194652	0.194652	-1.56551	-0.0511577	-0.0347632	1.1697	1.1697	-1.96159	-0.1505	-0.0966728
23	0.47491	-0.240597	-0.240597	-1.70428	-0.433755	-0.407985	-1.44579	-1.44579	-2.13546	-1.65437	-1.38478
23	1.20945	0.165646	0.165646	-1.40386	-0.259545	-0.241488	0.995394	0.995394	-1.75904	-0.547471	-0.493546
23	1.02684	0.296434	0.296434	-1.70599	0.0794463	0.0698912	1.78133	1.78133	-2.13761	0.286365	0.184036
23	0.729697	-0.00723539	-0.00723539	-1.56495	-0.228295	-0.188541	-0.0434787	-0.0434787	-1.96088	-0.719885	-0.645304
23	0.622609	0.129888	0.129888	-1.29033	-0.082039	-0.0405263	0.78052	0.78052	-1.61679	-0.269338	-0.1484
23	0.727389	0.174858	0.174858	-1.51516	-0.0313655	-0.00468416	1.05075	1.05075	-1.89849	-0.12063	-0.0152677
23	1.04872	0.0394442	0.0394442	-2.04514	-0.214339	-0.1852	0.237027	0.237027	-2.56255	-0.661951	-0.493001
23	0.532977	-0.102843	-0.102843	-1.19446	-0.315768	-0.296099	-0.618	-0.618	-1.49665	-1.05167	-0.974802
23	1.01419	-0.213084	-0.213084	-2.18538	-0.441626	-0.435264	-1.28046	-1.28046	-2.73828	-1.5086	-1.14829
23	1.96073	-0.148783	-0.376692	-3.11415	-1.82724	-1.54307	-0.894065	-2.16295	-3.90203	-2.56688	-2.21495
23	0.936854	-0.20131	-0.20131	-1.72884	-0.411779	-0.42691	-1.20971	-1.20971	-2.16624	-1.32421	-1.21592
23	1.07155	0.08659	0.08659	-1.80276	-0.181739	-0.19247	0.520335	0.520335	-2.25886	-0.525002	-0.448691
23	0.936804	0.0411717	0.0411717	-1.88476	-0.192855	-0.178811	0.247408	0.247408	-2.3616	-0.562775	-0.514846
23	0.788762	0.0709113	0.0709113	-1.49958	-0.141158	-0.103821	0.426119	0.426119	-1.87898	-0.447798	-0.347706
23	0.612317	0.305808	0.305808	-1.22151	0.0968925	0.127114	1.83765	1.83765	-1.53055	0.345345	0.401961
23	1.14898	-0.306525	-0.306525	-2.02264	-0.656856	-0.595349	-1.84196	-1.84196	-2.53437	-1.54011	-1.19672
23	0.942077	-0.0485689	-0.0485689	-1.73892	-0.278932	-0.239326	-0.291859	-0.291859	-2.17887	-0.887371	-0.709012
23	1.21831	0.0506698	0.0506698	-2.07545	-0.379696	-0.273186	0.304484	0.304484	-2.60054	-0.745224	-0.496842
23	0.983751	0.0228896	0.0228896	-2.09938	-0.248021	-0.206587	0.137547	0.137547	-2.63052	-0.705198	-0.568812
23	1.14363	-0.132556	-0.132556	-2.28519	-0.566965	-0.441294	-0.796553	-0.796553	-2.86334	-1.17854	-0.903368
23	0.926526	0.300372	0.300372	-2.06973	0.0616596	0.0874649	1.80499	1.80499	-2.59337	0.188509	0.255442
23	1.10673	-0.0180784	-0.0180784	-2.48332	-0.334415	-0.278423	-0.108636	-0.108636	-3.1116	-0.828323	-0.703999
23	1.10758	-0.0679051	-0.0679051	-1.95752	-0.345102	-0.313644	-0.408054	-0.408054	-2.45277	-0.898835	-0.851211
23	0.970051	-0.0073417	-0.0073417	-1.8425	-0.267143	-0.217606	-0.0441176	-0.0441176	-2.30865	-0.750419	-0.650819
23	0.752414	0.377992	0.377992	-0.97748	0.161977	0.190211	2.27142	2.27142	-1.22478	0.543315	0.563874
23	1.00957	0.0395785	0.0395785	-1.65635	-0.201542	-0.160127	0.237834	0.237834	-2.0754	-0.650585	-0.457717
23	1.40117	0.0873592	0.0873592	-1.63723	-0.742996	-0.654757	0.524957	0.524957	-2.05145	-1.08627	-0.892724
23	1.53108	0.418686	0.418686	-1.85162	-0.699912	-0.379577	2.51596	2.51596	-2.32008	-0.89278	-0.482814
23	0.932703	-0.162628	-0.162628	-2.24839	-0.404957	-0.376268	-0.977263	-0.977263	-2.81723	-1.26331	-1.05462
23	0.611588	0.153925	0.153925	-1.44367	-0.0599303	-0.0266052	0.924964	0.924964	-1.80892	-0.201959	-0.0861235
23	1.49399	-0.257528	-0.257528	-2.40129	-1.21672	-0.908578	-1.54753	-1.54753	-3.00882	-1.58325	-1.22208
23	0.89077	0.0830954	0.0830954	-1.62267	-0.15575	-0.113836	0.499335	0.499335	-2.0332	-0.478664	-0.351784
23	1.03981	0.258541	0.258541	-1.70573	-0.0273012	0.0220276	1.55362	1.55362	-2.13728	-0.0741157	0.0568371
23	1.07202	0.0643977	0.0643977	-1.70301	-0.244762	-0.242597	0.386977	0.386977	-2.13388	-0.602053	-0.51064
23	0.982232	-0.0528531	-0.0528531	-2.09768	-0.290202	-0.266303	-0.317604	-0.317604	-2.62839	-0.889882	-0.759358
23	0.808709	0.0440042	0.0440042	-1.73335	-0.171128	-0.151279	0.264429	0.264429	-2.17189	-0.60286	-0.456135
23	0.798733	-0.0621696	-0.0621696	-2.05358	-0.25977	-0.236818	-0.373588	-0.373588	-2.57314	-0.931838	-0.791228
23	0.912527	0.5019	0.5019	-1.18325	0.302181	0.29138	3.016	3.016	-1.48261	1.01803	0.794479
23	0.542141	0.381165	0.381165	-1.44875	0.165845	0.228887	2.29049	2.29049	-1.81528	0.611458	0.822494
23	0.962063	0.0744067	0.0744067	-1.39159	-0.159982	-0.155034	0.447123	0.447123	-1.74366	-0.542526	-0.399471
23	1.08667	0.157897	0.157897	-2.40816	-0.145576	-0.0557332	0.948829	0.948829	-3.01742	-0.366473	-0.147235
23	0.839704	0.221111	0.221111	-1.49667	0.0118924	0.00938007	1.3287	1.3287	-1.87532	0.0425445	0.0281488
23	1.01222	-0.136579	-0.136579	-1.94772	-0.372297	-0.354879	-0.820725	-0.820725	-2.44049	-1.14552	-1.01957
23	1.12389	-0.279087	-0.279087	-1.99896	-0.589682	-0.519508	-1.67708	-1.67708	-2.50469	-1.47174	-1.35956
23	1.11536	0.193854	0.193854	-2.05001	-0.105148	-0.0906674	1.1649	1.1649	-2.56866	-0.272546	-0.201029
23	1.01044	0.334798	0.334798	-1.6106	0.0865699	0.101935	2.01186	2.01186	-2.01808	0.240817	0.267101
23	1.14066	-0.364426	-0.364426	-2.59478	-0.735465	-0.637007	-2.1899	-2.1899	-3.25126	-1.75773	-1.5967
23	0.69074	0.221922	0.221922	-1.13759	0.00359715	0.0593484	1.33357	1.33357	-1.4254	0.0127366	0.209106
23	1.02179	0.0180479	0.0180479	-1.90647	-0.243334	-0.236905	0.108453	0.108453	-2.3888	-0.73041	-0.596321
23	1.24931	0.211052	0.211052	-2.24038	-0.347522	-0.205499	1.26825	1.26825	-2.8072	-0.539611	-0.342796
23	0.54385	0.161902	0.161902	-1.63627	-0.0266893	0.00237655	0.972899	0.972899	-2.05024	-0.0969008	0.00819383
23	1.40829	-0.133017	-0.133017	-2.63714	-0.789286	-0.680536	-0.799322	-0.799322	-3.30434	-1.3474	-1.16809
23	0.589967	0.0887973	0.0887973	-1.19432	-0.116739	-0.0915073	0.533599	0.533599	-1.49648	-0.428807	-0.320098
23	0.941301	0.374746	0.374746	-1.43092	0.11663	0.156988	2.25192	2.25192	-1.79295	0.344702	0.439185
23	0.914888	0.222358	0.222358	-1.80822	-0.0300992	0.0228669	1.33619	1.33619	-2.2657	-0.0915466	0.0726871
23	2.05835	0.145029	-0.233909	-2.44363	-2.20139	-1.59958	0.871503	-1.27754	-3.06187	-2.7282	-2.04549
23	1.30262	-0.0078346	-0.0078346	-1.78439	-0.469131	-0.407822	-0.0470795	-0.0470795	-2.23584	-0.963367	-0.757487
23	1.47096	0.150294	0.150294	-2.21535	-0.661586	-0.465931	0.903143	0.903143	-2.77583	-1.08234	-0.759442
23	1.31511	-0.0811863	-0.0811863	-2.97449	-0.693621	-0.460974	-0.487863	-0.487863	-3.72704	-1.08387	-0.845779
23	0.41325	-0.157031	-0.157031	-1.31853	-0.346875	-0.315422	-0.943627	-0.943627	-1.65212	-1.40605	-1.14461
23	0.781219	-0.0741071	-0.0741071	-1.38724	-0.280645	-0.272713	-0.445322	-0.445322	-1.73822	-1.05041	-0.816368
23	1.18277	0.342036	0.342036	-1.41644	-0.0232855	0.042183	2.05536	2.05536	-1.7748	-0.0569871	0.0893943
23	1.55333	0.356886	0.356886	-2.23502	-0.628641	-0.49249	2.14459	2.14459	-2.80048	-0.836156	-0.613003
23	0.801944	0.0549836	0.0549836	-1.52123	-0.140654	-0.144543	0.330406	0.330406	-1.9061	-0.511565	-0.40085
23	1.30485	0.353936	0.353936	-1.65552	-0.197078	-0.0671354	2.12686	2.12686	-2.07436	-0.356272	-0.112792
23	1.35624	0.227115	0.227115	-1.34272	-0.368051	-0.31193	1.36477	1.36477	-1.68243	-0.682804	-0.520278
23	0.376923	0.24122	0.24122	-0.88263	0.0626781	0.0809444	1.44953	1.44953	-1.10593	0.259851	0.271957
23	0.834274	-0.191208	-0.191208	-1.80378	-0.420705	-0.370948	-1.149	-1.149	-2.26014	-1.38379	-1.12287
23	0.638067	0.272264	0.272264	-0.958865	0.0610631	0.0893264	1.63608	1.63608	-1.20146	0.223743	0.278209
23	1.45255	0.549297	0.549297	-1.75213	-0.477621	-0.317393	3.30082	3.30082	-2.19542	-0.709776	-0.425138
23	1.40442	0.0132503	0.0132503	-2.75581	-0.892146	-0.754636	0.0796234	0.0796234	-3.45303	-1.31778	-1.09776
23	0.655726	0.28437	0.28437	-1.06043	0.0799782	0.116974	1.70883	1.70883	-1.32872	0.288459	0.401955
23	1.50986	0.0954052	0.0954052	-1.75321	-0.973372	-0.851864	0.573307	0.573307	-2.19677	-1.44977	-1.18323
23	1.03618	0.118835	0.118835	-2.21088	-0.119858	-0.0954195	0.714098	0.714098	-2.77023	-0.405497	-0.262715
23	1.59871	-0.0677114	-0.0677114	-2.80817	-1.11359	-0.846354	-0.40689	-0.40689	-3.51864	-1.26804	-1.13348
23	1.44858	-0.332976	-0.332976	-3.15965	-1.05288	-0.862846	-2.00091	-2.00091	-3.95904	-1.56257	-1.31014
23	1.05425	0.209679	0.209679	-1.48937	-0.102984	-0.0404282	1.26	1.26	-1.86618	-0.271138	-0.0936071
23	1.60338	0.306852	0.191769	-2.29572	-0.965927	-0.764938	1.84393	1.12704	-2.87653	-1.42931	-1.05388
23	1.15042	-0.026894	-0.026894	-2.09796	-0.415043	-0.342005	-0.161611	-0.161611	-2.62874	-0.904769	-0.697531
23	0.308145	-0.0166663	-0.0166663	-0.944343	-0.224126	-0.170608	-0.100151	-0.100151	-1.18326	-0.828469	-0.633408
23	1.08821	0.253344	0.253344	-1.5224	-0.0320003	-0.0621841	1.52239	1.52239	-1.90757	-0.09317	-0.135701
23	0.955653	-0.00898235	-0.00898235	-1.20741	-0.275095	-0.222651	-0.0539765	-0.0539765	-1.51288	-0.782839	-0.629775
23	0.786953	0.258105	0.258105	-1.5982	0.0513405	0.0762913	1.551	1.551	-2.00255	0.182556	0.252355
23	0.596402	-0.121115	-0.121115	-1.40828	-0.325309	-0.28809	-0.727801	-0.727801	-1.76458	-1.13564	-0.995678
23	0.71403	-0.177008	-0.177008	-1.63767	-0.402396	-0.348511	-1.06367	-1.06367	-2.05201	-1.2761	-1.13368
23	0.756337	0.0944973	0.0944973	-1.65126	-0.110334	-0.106174	0.567851	0.567851	-2.06903	-0.397608	-0.322382
23	1.07023	0.0205812	0.0205812	-2.38971	-0.249081	-0.229983	0.123676	0.123676	-2.99431	-0.67578	-0.587007
23	0.925372	0.265412	0.265412	-1.27118	0.021724	0.0494499	1.59491	1.59491	-1.59279	0.0684439	0.142538
23	0.878144	-0.0629394	-0.0629394	-1.93479	-0.289873	-0.277296	-0.378214	-0.378214	-2.42429	-0.905827	-0.777703
23	0.833095	0.2299	0.2299	-1.35876	-0.00608216	0.07336	1.38151	1.38151	-1.70252	-0.0193317	0.249067
23	0.835832	0.22024	0.22024	-1.41725	0.0272484	0.0229685	1.32346	1.32346	-1.77581	0.113092	0.0724038
23	0.433409	-0.203751	-0.203751	-1.48647	-0.372067	-0.368837	-1.22438	-1.22438	-1.86255	-1.54947	-1.29918
23	1.10597	-0.126163	-0.126163	-2.12192	-0.460339	-0.383138	-0.758138	-0.758138	-2.65876	-1.12792	-0.92212
23	0.473371	0.245557	0.245557	-1.22156	0.0768513	0.0681708	1.4756	1.4756	-1.53061	0.29661	0.212188
23	0.998363	0.410008	0.410008	-1.19743	0.172427	0.20671	2.46381	2.46381	-1.50038	0.544639	0.629426
23	0.896247	0.259398	0.259398	-1.63541	0.025783	0.04684	1.55877	1.55877	-2.04917	0.0876692	0.134797
23	1.06834	0.00829508	0.00829508	-2.1502	-0.278041	-0.248818	0.0498466	0.0498466	-2.6942	-0.724761	-0.586697
23	0.879332	0.117712	0.117712	-1.97432	-0.121287	-0.093925	0.707352	0.707352	-2.47383	-0.3856	-0.288367
23	0.58566	0.531371	0.531371	-1.30129	0.342416	0.350905	3.1931	3.1931	-1.63052	1.42958	1.17247
23	0.874615	-0.417443	-0.417443	-1.89761	-0.638269	-0.625106	-2.50849	-2.50849	-2.3777	-2.10748	-1.71005
23	1.28434	-0.0866214	-0.0866214	-2.4004	-0.738466	-0.573055	-0.520523	-0.520523	-3.0077	-1.12568	-0.93475
23	0.946332	0.0325333	0.0325333	-1.37902	-0.188718	-0.156546	0.195499	0.195499	-1.72792	-0.621925	-0.475543
23	1.39381	-0.238169	-0.238169	-2.45687	-0.900618	-0.726914	-1.4312	-1.4312	-3.07845	-1.37736	-1.12289
23	1.57956	-0.0170361	-0.0170361	-2.94656	-1.18779	-0.874407	-0.102373	-0.102373	-3.69203	-1.41648	-1.0799
23	0.966472	-0.0663391	-0.0663391	-1.98186	-0.28726	-0.267708	-0.398643	-0.398643	-2.48328	-0.898478	-0.876593
23	1.19942	0.200583	0.200583	-2.01169	-0.22698	-0.105173	1.20534	1.20534	-2.52065	-0.452176	-0.203232
23	1.04061	-0.0867796	-0.0867796	-2.33766	-0.327805	-0.305521	-0.521474	-0.521474	-2.92909	-0.992379	-0.896983
23	0.59471	-0.0344693	-0.0344693	-1.58004	-0.225192	-0.223931	-0.207132	-0.207132	-1.97979	-0.825719	-0.72906
23	1.08577	0.400942	0.400942	-1.63932	0.139279	0.16518	2.40933	2.40933	-2.05407	0.389426	0.43008
23	0.840277	-0.048055	-0.048055	-2.05354	-0.260932	-0.225505	-0.288771	-0.288771	-2.57308	-0.920127	-0.711502
23	1.01133	0.1331	0.1331	-2.80443	-0.17466	-0.0799987	0.799819	0.799819	-3.51395	-0.470714	-0.222798
23	0.918053	-0.271721	-0.271721	-2.6558	-0.547881	-0.485235	-1.63282	-1.63282	-3.32772	-1.41237	-1.36614
23	1.01661	0.010193	0.010193	-1.58726	-0.242676	-0.198522	0.0612516	0.0612516	-1.98884	-0.639923	-0.565051
23	1.13255	-0.00895369	-0.00895369	-1.63761	-0.323266	-0.296584	-0.0538043	-0.0538043	-2.05193	-0.810888	-0.704356
23	1.22437	0.375637	0.375637	-2.24312	-0.188257	-0.051588	2.25727	2.25727	-2.81063	-0.33849	-0.0947527
23	0.737335	-0.235867	-0.235867	-1.69344	-0.451135	-0.428215	-1.41737	-1.41737	-2.12188	-1.5958	-1.33387
23	1.01873	-0.208807	-0.208807	-2.29403	-0.433528	-0.422333	-1.25476	-1.25476	-2.87442	-1.45733	-1.19618
23	1.10414	0.458231	0.458231	-1.30568	0.123134	0.218378	2.75359	2.75359	-1.63602	0.277527	0.534138
23	0.871634	0.369896	0.369896	-1.37464	0.149035	0.150727	2.22277	2.22277	-1.72242	0.514803	0.420711
23	0.902167	0.321539	0.321539	-1.37382	0.0871989	0.124351	1.93218	1.93218	-1.7214	0.273723	0.364879
23	1.21586	0.0495762	0.0495762	-2.35143	-0.402312	-0.305788	0.297912	0.297912	-2.94634	-0.753997	-0.595662
23	1.18595	0.23606	0.23606	-1.82191	-0.108877	-0.0584714	1.41852	1.41852	-2.28286	-0.253528	-0.127022
23	0.830978	-0.29977	-0.29977	-2.2936	-0.511424	-0.503996	-1.80137	-1.80137	-2.87388	-1.59512	-1.48726
23	1.14726	-0.106309	-0.106309	-1.97684	-0.469846	-0.434802	-0.638828	-0.638828	-2.47698	-1.11077	-0.862994
23	1.58736	0.238863	0.238863	-2.44883	-0.685117	-0.57379	1.43537	1.43537	-3.06838	-0.899249	-0.754718
23	1.17381	0.0280073	0.0280073	-2.17977	-0.355125	-0.233965	0.168301	0.168301	-2.73125	-0.743416	-0.517574
23	1.43143	-0.337255	-0.337255	-2.45527	-1.37256	-1.23232	-2.02663	-2.02663	-3.07645	-1.87998	-1.49765
23	1.26605	0.439814	0.439814	-1.83681	-0.0932297	0.00744349	2.64292	2.64292	-2.30152	-0.165314	0.0127213
23	0.827697	-0.205179	-0.205179	-1.9436	-0.420598	-0.39922	-1.23295	-1.23295	-2.43533	-1.44515	-1.1549
23	0.531093	0.675713	0.675713	-0.743627	0.496753	0.490425	4.06048	4.06048	-0.931765	2.00174	1.50051
23	1.1286	-0.475359	-0.475359	-1.80873	-0.757149	-0.767638	-2.85651	-2.85651	-2.26634	-2.20159	-1.74407
23	0.98355	0.138553	0.138553	-2.28049	-0.165459	-0.099723	0.832588	0.832588	-2.85745	-0.43478	-0.276407
23	1.28706	-0.0192078	-0.0192078	-2.13281	-0.638877	-0.458462	-0.115423	-0.115423	-2.67241	-1.04881	-0.808358
23	1.01868	-0.0090431	-0.0090431	-1.60614	-0.270655	-0.195916	-0.0543416	-0.0543416	-2.0125	-0.864886	-0.608945
23	0.713917	0.100306	0.100306	-1.38748	-0.145329	-0.0832318	0.602756	0.602756	-1.73851	-0.474713	-0.273237
23	0.480303	-0.163099	-0.163099	-1.31405	-0.365519	-0.314701	-0.980088	-0.980088	-1.64651	-1.28165	-1.16462
23	0.722937	-0.0917775	-0.0917775	-1.59851	-0.298186	-0.28695	-0.551507	-0.551507	-2.00293	-1.03309	-0.904352
23	1.07573	0.0462774	0.0462774	-2.15615	-0.229619	-0.209477	0.278089	0.278089	-2.70166	-0.704746	-0.476489
23	1.071	-0.0852535	-0.0852535	-1.79446	-0.369376	-0.300267	-0.512303	-0.512303	-2.24846	-1.06431	-0.827295
23	0.621809	-0.133297	-0.133297	-1.84635	-0.3534	-0.31234	-0.801008	-0.801008	-2.31348	-1.26246	-0.903963
23	0.987879	-0.00871103	-0.00871103	-2.2258	-0.301459	-0.223926	-0.0523461	-0.0523461	-2.78893	-0.744007	-0.636123
23	0.520255	0.060956	0.060956	-1.00054	-0.142368	-0.12694	0.366295	0.366295	-1.25368	-0.498915	-0.42281
23	0.693662	0.0465227	0.0465227	-1.58387	-0.145852	-0.156914	0.279563	0.279563	-1.98459	-0.523813	-0.46723
23	0.773337	-0.110428	-0.110428	-1.6153	-0.312688	-0.30622	-0.66358	-0.66358	-2.02397	-1.1753	-0.939958
23	0.689399	0.108302	0.108302	-1.19286	-0.108181	-0.0528864	0.650805	0.650805	-1.49465	-0.361862	-0.175446
23	0.825182	0.192202	0.192202	-1.54576	-0.0406214	0.0319262	1.15498	1.15498	-1.93684	-0.137526	0.11238
23	0.827641	-0.233485	-0.233485	-2.29675	-0.478205	-0.425712	-1.40305	-1.40305	-2.87783	-1.51677	-1.28568
23	1.08089	0.0508195	0.0508195	-2.94523	-0.209568	-0.165386	0.305383	0.305383	-3.69037	-0.609475	-0.431748
23	1.15482	0.350068	0.350068	-1.91071	0.0437045	0.0934586	2.10362	2.10362	-2.39412	0.108998	0.223344
23	1.0735	-0.046228	-0.046228	-1.94224	-0.399421	-0.303427	-0.277792	-0.277792	-2.43363	-0.920637	-0.780273
23	0.617518	-0.380089	-0.380089	-1.90143	-0.588041	-0.548469	-2.28402	-2.28402	-2.38249	-2.15512	-1.886
23	0.914632	0.242854	0.242854	-1.90036	0.0442994	0.0203175	1.45935	1.45935	-2.38115	0.169207	0.0514717
23	1.26356	-0.102328	-0.102328	-1.93752	-0.562935	-0.516348	-0.614909	-0.614909	-2.42771	-1.20938	-1.02735
23	1.01998	-0.505332	-0.505332	-2.84978	-0.773736	-0.689317	-3.03663	-3.03663	-3.57077	-2.20267	-2.07326
23	0.961535	0.0694071	0.0694071	-1.52604	-0.160303	-0.150782	0.417079	0.417079	-1.91212	-0.488037	-0.396304
23	1.14326	0.421313	0.421313	-2.0293	0.0504894	0.108891	2.53174	2.53174	-2.54271	0.110776	0.223944
23	0.493723	0.265487	0.265487	-0.986579	0.0501587	0.0830314	1.59536	1.59536	-1.23618	0.180946	0.280465
23	1.54992	0.0793507	0.0793507	-1.7253	-0.899868	-0.999302	0.476832	0.476832	-2.16181	-1.53922	-1.35758
23	0.748703	0.00716157	0.00716157	-1.35795	-0.192729	-0.178915	0.0430351	0.0430351	-1.70151	-0.709467	-0.572923
23	0.720908	-0.123066	-0.123066	-1.78734	-0.338853	-0.317941	-0.739528	-0.739528	-2.23954	-1.07454	-0.934896
23	0.818687	-0.00885421	-0.00885421	-1.86322	-0.208002	-0.202641	-0.0532065	-0.0532065	-2.33461	-0.7897	-0.587644
23	1.0357	0.140614	0.140614	-1.50839	-0.113761	-0.0607869	0.844974	0.844974	-1.89001	-0.352666	-0.179175
23	1.48216	0.142972	0.142972	-1.48518	-0.771749	-0.62982	0.859144	0.859144	-1.86093	-1.19433	-1.04914
23	0.602471	0.0731131	0.0731131	-1.44668	-0.146311	-0.0992761	0.43935	0.43935	-1.81268	-0.522079	-0.339876
23	0.672758	-0.357545	-0.357545	-1.96267	-0.577898	-0.54377	-2.14855	-2.14855	-2.45922	-2.01055	-1.63861
23	0.821102	-0.197479	-0.197479	-1.66283	-0.454667	-0.42601	-1.18669	-1.18669	-2.08353	-1.35796	-1.2086
23	1.05972	0.0247854	0.0247854	-2.08235	-0.226645	-0.233529	0.14894	0.14894	-2.60918	-0.684271	-0.548064
23	1.55646	0.227279	0.227279	-2.36621	-0.78785	-0.598944	1.36576	1.36576	-2.96486	-1.03084	-0.823902
23	0.943969	0.0662581	0.0662581	-1.90844	-0.121605	-0.132823	0.398157	0.398157	-2.39127	-0.416721	-0.375899
23	0.870325	0.246994	0.246994	-1.60465	0.0253249	0.0464717	1.48423	1.48423	-2.01063	0.084985	0.135882
23	0.905247	-0.176542	-0.176542	-1.69882	-0.370844	-0.357295	-1.06087	-1.06087	-2.12862	-1.41941	-1.09087
23	0.804034	0.0672322	0.0672322	-1.40829	-0.17099	-0.111476	0.40401	0.40401	-1.76458	-0.544298	-0.369014
23	0.874158	-0.0743796	-0.0743796	-1.62797	-0.299167	-0.260144	-0.44696	-0.44696	-2.03985	-1.01374	-0.810645
23	0.540163	0.144723	0.144723	-1.22064	-0.0687722	-0.022652	0.869665	0.869665	-1.52946	-0.237341	-0.0783416
23	1.28516	0.28231	0.28231	-1.5291	-0.285599	-0.241504	1.69645	1.69645	-1.91597	-0.517488	-0.384673
23	1.60895	-0.269853	-0.373413	-2.48468	-1.74785	-1.5692	-1.6216	-2.19458	-3.1133	-2.37182	-2.03827
23	0.830259	-0.116933	-0.116933	-1.73655	-0.331369	-0.28812	-0.702672	-0.702672	-2.17589	-1.1638	-0.933575
23	0.602954	0.109609	0.109609	-1.10161	-0.0899592	-0.0607918	0.658659	0.658659	-1.38032	-0.321512	-0.20115
23	1.44813	-0.157374	-0.157374	-3.0942	-0.956976	-0.862683	-0.945689	-0.945689	-3.87704	-1.37769	-1.1335
23	0.869803	0.325539	0.325539	-1.52327	0.107635	0.137479	1.95622	1.95622	-1.90865	0.369979	0.407586
23	1.35495	0.228025	0.228025	-1.30162	-0.295065	-0.2575	1.37024	1.37024	-1.63093	-0.523992	-0.43267
23	1.02436	0.572108	0.572108	-1.37506	0.341986	0.358986	3.4379	3.4379	-1.72294	1.09024	1.0083
23	1.11022	-0.257019	-0.257019	-2.79565	-0.56485	-0.549902	-1.54448	-1.54448	-3.50295	-1.41772	-1.25298
23	0.978865	0.0193003	0.0193003	-1.61493	-0.233651	-0.185014	0.115979	0.115979	-2.0235	-0.74741	-0.558975
23	1.13556	0.232114	0.232114	-1.93673	-0.0681623	-0.0312379	1.39481	1.39481	-2.42672	-0.18048	-0.0766719
23	0.81471	-0.195948	-0.195948	-2.07416	-0.420927	-0.381569	-1.17749	-1.17749	-2.59892	-1.42195	-1.23976
23	0.72431	-0.19734	-0.19734	-1.93977	-0.409268	-0.389978	-1.18585	-1.18585	-2.43053	-1.44222	-1.08421
23	0.509974	0.129852	0.129852	-1.06182	-0.0521746	-0.0438124	0.780304	0.780304	-1.33046	-0.199228	-0.153566
23	0.8357	-0.211785	-0.211785	-2.38278	-0.421822	-0.414856	-1.27265	-1.27265	-2.98562	-1.47251	-1.2808
23	0.895017	-0.0776306	-0.0776306	-1.82603	-0.292276	-0.255714	-0.466496	-0.466496	-2.28802	-0.952953	-0.834123
23	1.04027	-0.114664	-0.114664	-1.93994	-0.429333	-0.350215	-0.689036	-0.689036	-2.43075	-1.02818	-0.89115
23	1.39385	0.106089	0.106089	-1.92644	-0.545011	-0.412488	0.637505	0.637505	-2.41383	-0.883173	-0.629507
23	0.554523	0.112823	0.112823	-1.65667	-0.0737207	-0.0854153	0.677971	0.677971	-2.0758	-0.294316	-0.261572
23	0.987465	0.337428	0.337428	-1.59087	0.0809363	0.124421	2.02767	2.02767	-1.99336	0.228928	0.33587
23	1.17308	0.245918	0.245918	-2.11281	-0.133825	-0.0689164	1.47776	1.47776	-2.64735	-0.292616	-0.151042
23	0.833686	0.303791	0.303791	-1.82976	0.0783453	0.0961648	1.82554	1.82554	-2.29269	0.253009	0.28209
23	1.23292	-0.335205	-0.335205	-3.37526	-0.778348	-0.663346	-2.01431	-2.01431	-4.22919	-1.4691	-1.40622
23	0.920603	0.242692	0.242692	-1.24806	-0.0193839	0.0334953	1.45838	1.45838	-1.56382	-0.0566285	0.0952001
23	0.929773	-0.56559	-0.56559	-2.6172	-0.779075	-0.75611	-3.39873	-3.39873	-3.27936	-2.86321	-2.34609
23	1.44184	0.106	0.106	-1.80311	-0.696414	-0.618985	0.636972	0.636972	-2.2593	-1.05452	-0.926252
23	0.705239	0.0928345	0.0928345	-1.10021	-0.118932	-0.0787341	0.557859	0.557859	-1.37856	-0.408385	-0.254816
23	0.856741	-0.0979708	-0.0979708	-1.61658	-0.29706	-0.291977	-0.588724	-0.588724	-2.02557	-1.16504	-0.886513
23	1.04311	-0.0960016	-0.0960016	-1.37305	-0.380074	-0.326101	-0.576891	-0.576891	-1.72043	-1.05932	-0.898901
23	1.17463	0.0885975	0.0885975	-2.17768	-0.355963	-0.225625	0.532398	0.532398	-2.72863	-0.670305	-0.509607
23	1.15834	0.270121	0.270121	-2.10575	-0.0709538	-0.0790709	1.62321	1.62321	-2.6385	-0.179108	-0.152486
23	0.866791	0.342272	0.342272	-0.823637	0.117279	0.165847	2.05677	2.05677	-1.03202	0.399359	0.527268
23	1.39143	0.00730448	0.00730448	-3.027	-1.08195	-0.765278	0.0438939	0.0438939	-3.79283	-1.55977	-1.09718
23	0.932621	0.0859052	0.0859052	-2.32704	-0.16433	-0.108939	0.516219	0.516219	-2.91578	-0.431281	-0.330461
23	0.993752	-0.152808	-0.152808	-1.95463	-0.418509	-0.368871	-0.918251	-0.918251	-2.44915	-1.12493	-1.00679
23	0.720003	-0.114303	-0.114303	-2.44654	-0.314924	-0.290989	-0.686864	-0.686864	-3.06551	-1.15353	-0.959427
23	1.48795	0.262563	0.262563	-1.85371	-0.934178	-0.685481	1.57779	1.57779	-2.3227	-1.13034	-0.828556
23	1.22561	0.0934355	0.0934355	-1.87853	-0.299764	-0.32193	0.56147	0.56147	-2.3538	-0.616381	-0.574282
23	1.01377	0.144444	0.144444	-1.80583	-0.100409	-0.0618192	0.867992	0.867992	-2.2627	-0.308428	-0.191504
23	1.58074	0.114887	0.114887	-2.13184	-0.808933	-0.596877	0.690377	0.690377	-2.6712	-1.17614	-0.936666
23	0.696633	0.0293425	0.0293425	-1.90426	-0.16288	-0.154828	0.176324	0.176324	-2.38604	-0.651806	-0.51611
23	1.42333	-0.304669	-0.304669	-2.45694	-1.18142	-1.11717	-1.83081	-1.83081	-3.07854	-1.80731	-1.65296
23	0.913522	0.367076	0.367076	-1.3586	0.10885	0.169442	2.20582	2.20582	-1.70233	0.320624	0.477895
23	2.06461	0.458103	0.100768	-2.80096	-1.57583	-1.10232	2.75282	0.550365	-3.5096	-1.97191	-1.21927
23	0.766934	0.453428	0.453428	-1.00343	0.255072	0.24794	2.72473	2.72473	-1.2573	0.928579	0.75358
23	0.862996	0.142129	0.142129	-1.35129	-0.105939	-0.0846081	0.854081	0.854081	-1.69316	-0.316441	-0.232237
23	0.894112	-0.0353455	-0.0353455	-1.51491	-0.254143	-0.265385	-0.212397	-0.212397	-1.89819	-0.817591	-0.71733
23	1.14394	0.516036	0.516036	-1.32102	0.226152	0.247886	3.10095	3.10095	-1.65523	0.593826	0.574909
23	0.827912	0.323997	0.323997	-1.81343	0.0914389	0.141005	1.94695	1.94695	-2.27223	0.282161	0.417591
23	0.622066	0.000801155	0.000801155	-2.08008	-0.198597	-0.167248	0.00481428	0.00481428	-2.60634	-0.735618	-0.58779
23	0.721463	-0.0929697	-0.0929697	-1.95712	-0.280723	-0.272223	-0.558671	-0.558671	-2.45227	-1.09426	-0.842659
23	0.854874	-0.114033	-0.114033	-2.46134	-0.307224	-0.301358	-0.685244	-0.685244	-3.08406	-1.15766	-0.889492
23	0.835802	-0.247588	-0.247588	-1.42864	-0.492068	-0.420196	-1.4878	-1.4878	-1.79008	-1.56686	-1.36866
23	1.09338	-0.0442347	-0.0442347	-2.25524	-0.372101	-0.312667	-0.265814	-0.265814	-2.82582	-0.855365	-0.701173
23	0.772122	0.247717	0.247717	-1.43059	0.0506919	0.0498235	1.48858	1.48858	-1.79253	0.184116	0.158195
23	0.608761	0.137936	0.137936	-1.4987	-0.0827823	-0.0478603	0.828881	0.828881	-1.87788	-0.250279	-0.147853
23	0.940799	-0.0842953	-0.0842953	-1.75601	-0.309854	-0.29577	-0.506545	-0.506545	-2.20028	-1.00268	-0.820785
23	1.04033	0.0426802	0.0426802	-2.80299	-0.205672	-0.195422	0.256473	0.256473	-3.51214	-0.576377	-0.480515
23	0.79921	-0.021785	-0.021785	-1.76653	-0.244538	-0.1965	-0.13091	-0.13091	-2.21346	-0.810673	-0.630873
23	1.05997	-0.137453	-0.137453	-2.1842	-0.44279	-0.371539	-0.82598	-0.82598	-2.7368	-1.09534	-0.999823
23	1.54415	-0.149575	-0.149575	-2.87346	-1.51637	-1.35712	-0.898822	-0.898822	-3.60045	-2.23223	-1.89086
23	0.776573	-0.201037	-0.201037	-2.50076	-0.428323	-0.395769	-1.20807	-1.20807	-3.13345	-1.25822	-1.12886
23	0.840453	0.208192	0.208192	-1.57244	0.00501177	0.00429472	1.25106	1.25106	-1.97027	0.0180802	0.0129111
23	0.925851	-0.019123	-0.019123	-2.08967	-0.258959	-0.2065	-0.114914	-0.114914	-2.61836	-0.794414	-0.625111
23	1.06442	0.090256	0.090256	-2.01683	-0.170787	-0.166517	0.542364	0.542364	-2.52709	-0.486978	-0.387868
23	1.05292	0.12741	0.12741	-1.89055	-0.116319	-0.0646691	0.765627	0.765627	-2.36885	-0.375903	-0.199121
23	0.922729	0.161877	0.161877	-1.68332	-0.0455986	-0.0572258	0.972746	0.972746	-2.1092	-0.152793	-0.158874
23	1.17792	0.123977	0.123977	-1.68335	-0.181415	-0.164842	0.744999	0.744999	-2.10924	-0.479862	-0.363157
23	1.37302	-0.0804723	-0.0804723	-1.80872	-1.00985	-0.810765	-0.483572	-0.483572	-2.26632	-1.53915	-1.11508
23	1.66061	0.24836	0.153177	-2.32761	-1.00916	-0.699728	1.49244	0.900238	-2.9165	-1.22871	-0.897157
23	1.28438	0.0498302	0.0498302	-2.18741	-0.551219	-0.512793	0.299439	0.299439	-2.74082	-1.04227	-0.819919
23	1.32215	-0.300707	-0.300707	-2.25372	-0.834416	-0.7358	-1.807	-1.807	-2.82391	-1.44733	-1.30305
23	1.28502	0.092517	0.092517	-2.11444	-0.43828	-0.389896	0.555951	0.555951	-2.64939	-0.887202	-0.6828
23	1.65201	-0.0524421	-0.180119	-2.1094	-1.085	-1.00171	-0.315134	-1.05858	-2.64308	-1.38514	-1.23852
23	1.06332	0.0751426	0.0751426	-2.93435	-0.161595	-0.165416	0.451545	0.451545	-3.67675	-0.532677	-0.430818
23	1.22104	0.140304	0.140304	-1.99416	-0.265387	-0.237138	0.843113	0.843113	-2.49868	-0.514554	-0.441805
23	1.26073	-0.299826	-0.299826	-2.1568	-0.957175	-0.799123	-1.80171	-1.80171	-2.70247	-1.58027	-1.34545
23	1.02932	0.1292	0.1292	-1.85	-0.0996898	-0.0948758	0.776384	0.776384	-2.31804	-0.308514	-0.261355
23	0.976366	-0.0466641	-0.0466641	-2.22149	-0.259128	-0.222506	-0.280413	-0.280413	-2.78353	-0.885004	-0.680703
23	1.38913	0.291388	0.291388	-1.16527	-0.268036	-0.200592	1.751	1.751	-1.46008	-0.461564	-0.347514
23	0.914594	0.213834	0.213834	-1.82434	-0.0225057	0.0418315	1.28497	1.28497	-2.2859	-0.0729881	0.142352
23	0.623734	-0.418011	-0.418011	-1.50708	-0.597105	-0.58241	-2.51191	-2.51191	-1.88837	-2.39196	-2.01262
23	0.644713	-0.0750771	-0.0750771	-1.42901	-0.282849	-0.25048	-0.451152	-0.451152	-1.79055	-0.986088	-0.768527
23	1.30568	-0.215371	-0.215371	-1.80913	-0.829377	-0.754841	-1.2942	-1.2942	-2.26684	-1.49104	-1.26149
23	1.00438	-0.0602262	-0.0602262	-2.04354	-0.370596	-0.286925	-0.36191	-0.36191	-2.56056	-0.851071	-0.77194
23	0.945316	0.138599	0.138599	-1.86981	-0.0770261	-0.109855	0.832866	0.832866	-2.34287	-0.263351	-0.274708
23	1.44411	0.188958	0.188958	-2.06458	-0.747974	-0.639947	1.13548	1.13548	-2.58692	-1.18647	-0.915976
23	1.10318	0.681642	0.681642	-1.03675	0.354015	0.39408	4.0961	4.0961	-1.29905	0.838511	0.801384
23	1.23981	0.137355	0.137355	-1.87483	-0.477189	-0.211355	0.82539	0.82539	-2.34917	-0.731899	-0.406182
23	0.652675	0.127482	0.127482	-1.63872	-0.100941	-0.04568	0.766061	0.766061	-2.05332	-0.366853	-0.153935
23	1.05949	0.0207913	0.0207913	-2.97849	-0.273589	-0.245638	0.124938	0.124938	-3.73205	-0.720638	-0.574773
23	0.902847	0.22392	0.22392	-1.55021	-0.00479935	0.00972776	1.34558	1.34558	-1.94241	-0.0155886	0.0274463
23	0.728441	-0.0532501	-0.0532501	-2.38184	-0.281212	-0.241141	-0.319989	-0.319989	-2.98444	-1.0521	-0.786895
23	1.07671	-0.135306	-0.135306	-2.05878	-0.390527	-0.418564	-0.81308	-0.81308	-2.57965	-1.21913	-0.920852
23	0.99339	0.202324	0.202324	-1.78071	-0.037676	-0.0414333	1.2158	1.2158	-2.23123	-0.122829	-0.105891
23	1.03613	0.0923973	0.0923973	-1.63754	-0.155793	-0.151545	0.555232	0.555232	-2.05184	-0.47846	-0.386086
23	0.957675	-0.0205773	-0.0205773	-1.83496	-0.286419	-0.208209	-0.123653	-0.123653	-2.2992	-0.780334	-0.62914
23	0.45165	-0.081936	-0.081936	-2.13071	-0.315202	-0.239887	-0.492368	-0.492368	-2.66977	-1.05031	-0.849863
23	0.865906	0.211224	0.211224	-1.45282	0.000376205	0.0023921	1.26928	1.26928	-1.82038	0.00134134	0.00736229
23	1.34267	0.0170481	0.0170481	-2.50756	-0.909928	-0.726239	0.102445	0.102445	-3.14198	-1.39408	-1.02646
23	0.779356	-0.112369	-0.112369	-1.83476	-0.323232	-0.336205	-0.675246	-0.675246	-2.29895	-1.07905	-0.89842
23	1.95097	0.171062	-0.0499298	-2.2637	-1.77079	-1.33793	1.02794	-0.286695	-2.83642	-2.42085	-1.72524
23	1.39179	-0.105726	-0.105726	-2.81661	-1.21323	-0.746746	-0.635325	-0.635325	-3.52921	-1.42501	-1.04882
23	0.867987	-0.078953	-0.078953	-1.97482	-0.304676	-0.300877	-0.474443	-0.474443	-2.47445	-1.03542	-0.84286
23	0.531606	-0.0782006	-0.0782006	-1.24291	-0.289324	-0.240478	-0.469921	-0.469921	-1.55736	-1.07965	-0.733011
23	0.843082	-0.0652613	-0.0652613	-1.61384	-0.245734	-0.260283	-0.392167	-0.392167	-2.02214	-0.907749	-0.788681
23	1.28054	0.197704	0.197704	-2.71062	-0.485941	-0.413287	1.18804	1.18804	-3.39641	-0.817896	-0.604719
23	0.508788	-0.05423	-0.05423	-1.32837	-0.269413	-0.23423	-0.325878	-0.325878	-1.66445	-0.840646	-0.725955
23	0.86207	-0.191392	-0.191392	-2.25576	-0.419087	-0.392097	-1.15011	-1.15011	-2.82646	-1.50423	-1.17804
23	0.875743	0.247275	0.247275	-1.3069	0.0298033	0.0486592	1.48592	1.48592	-1.63755	0.0963398	0.139054
23	1.08375	0.154856	0.154856	-1.68602	-0.119957	-0.132124	0.930559	0.930559	-2.11258	-0.330112	-0.315367
23	1.00115	-0.0159381	-0.0159381	-2.24234	-0.287989	-0.225276	-0.0957749	-0.0957749	-2.80965	-0.744715	-0.598858
23	1.94623	0.154532	-0.0602153	-2.90079	-1.41149	-1.02404	0.928608	-0.345754	-3.63469	-1.79889	-1.27761
23	0.840678	-0.23769	-0.23769	-1.94686	-0.445833	-0.442979	-1.42832	-1.42832	-2.43941	-1.56608	-1.30702
23	0.84181	0.234788	0.234788	-1.381	0.015473	0.0473791	1.41088	1.41088	-1.73039	0.0605492	0.14422
23	0.924126	0.277602	0.277602	-1.56754	0.0163277	0.0665655	1.66816	1.66816	-1.96412	0.0473421	0.205209
23	1.32732	-0.341547	-0.341547	-2.23711	-0.783508	-0.787422	-2.05242	-2.05242	-2.8031	-1.59081	-1.37276
23	1.12264	0.147939	0.147939	-1.44731	-0.166715	-0.134211	0.888994	0.888994	-1.81348	-0.453653	-0.303432
23	1.0496	0.106461	0.106461	-2.12304	-0.177701	-0.1059	0.639742	0.639742	-2.66017	-0.475113	-0.295583
23	1.22348	0.189714	0.189714	-2.24017	-0.248142	-0.170449	1.14003	1.14003	-2.80693	-0.496176	-0.313988
23	0.952436	0.0242336	0.0242336	-1.90133	-0.187679	-0.166968	0.145624	0.145624	-2.38236	-0.691616	-0.460699
23	1.29283	-0.278878	-0.278878	-2.26588	-0.716958	-0.69203	-1.67582	-1.67582	-2.83915	-1.4355	-1.21009
23	0.72306	0.28698	0.28698	-1.44448	0.0680763	0.0824097	1.72452	1.72452	-1.80993	0.224726	0.255597
23	0.866337	-0.272166	-0.272166	-1.47317	-0.492717	-0.445034	-1.6355	-1.6355	-1.84589	-1.62664	-1.37975
23	0.789761	-0.129396	-0.129396	-1.56901	-0.334796	-0.329609	-0.777562	-0.777562	-1.96597	-1.28154	-1.00621
23	0.977511	0.503869	0.503869	-1.38654	0.262874	0.276687	3.02784	3.02784	-1.73733	0.864907	0.76969
23	0.75849	-0.192803	-0.192803	-1.9157	-0.41456	-0.396923	-1.15859	-1.15859	-2.40037	-1.47962	-1.24971
23	0.900526	-0.100471	-0.100471	-2.18981	-0.317734	-0.316833	-0.603747	-0.603747	-2.74383	-1.1062	-0.835025
23	0.512499	-0.292526	-0.292526	-1.70305	-0.490948	-0.497178	-1.75784	-1.75784	-2.13392	-1.94466	-1.50404
23	1.01324	0.360369	0.360369	-1.51234	0.0476774	0.0759232	2.16552	2.16552	-1.89496	0.111561	0.156822
23	0.772309	-0.102242	-0.102242	-1.20503	-0.348897	-0.310145	-0.614392	-0.614392	-1.50991	-1.11106	-0.867614
23	0.916119	-0.354828	-0.354828	-2.0824	-0.576773	-0.550027	-2.13222	-2.13222	-2.60925	-1.87207	-1.59517
23	0.680214	0.301109	0.301109	-1.28815	0.109732	0.120052	1.80942	1.80942	-1.61405	0.40347	0.388631
23	0.991552	0.0992649	0.0992649	-1.99537	-0.121961	-0.0956138	0.5965	0.5965	-2.5002	-0.397975	-0.308671
23	1.33151	0.229188	0.229188	-2.0506	-0.512824	-0.493082	1.37723	1.37723	-2.5694	-0.779804	-0.656673
23	1.38651	0.032769	0.032769	-1.70405	-0.845675	-0.632128	0.196915	0.196915	-2.13517	-1.15124	-0.809164
23	0.797262	0.12528	0.12528	-1.5164	-0.0906408	-0.0587384	0.752827	0.752827	-1.90005	-0.306735	-0.181969
23	0.627925	0.138849	0.138849	-1.56047	-0.0533171	-0.053644	0.834368	0.834368	-1.95527	-0.192578	-0.153213
23	1.22506	0.204207	0.204207	-1.69862	-0.223615	-0.187489	1.22712	1.22712	-2.12836	-0.491195	-0.33619
23	1.66503	0.036096	-0.0884153	-2.38193	-1.13806	-0.871553	0.216907	-0.519625	-2.98456	-1.33343	-1.01658
23	0.64815	0.300355	0.300355	-0.970916	0.123617	0.147583	1.80489	1.80489	-1.21656	0.467921	0.512973
23	1.04512	-0.0358484	-0.0358484	-1.86479	-0.290289	-0.243811	-0.21542	-0.21542	-2.33658	-0.849281	-0.677498
23	0.643308	0.548543	0.548543	-0.673546	0.355333	0.380464	3.29629	3.29629	-0.843953	1.44001	1.20949
23	1.14081	-0.202918	-0.202918	-2.51577	-0.552849	-0.494681	-1.21937	-1.21937	-3.15226	-1.20967	-1.04368
23	1.0006	-0.3832	-0.3832	-2.16149	-0.641375	-0.612211	-2.30272	-2.30272	-2.70835	-1.84979	-1.61539
23	0.694253	-0.052791	-0.052791	-1.79391	-0.291946	-0.250839	-0.31723	-0.31723	-2.24777	-0.949433	-0.786355
23	0.666047	0.210137	0.210137	-1.41786	-0.0140487	0.023292	1.26275	1.26275	-1.77658	-0.0449998	0.0664988
23	0.976315	-0.0718801	-0.0718801	-2.03805	-0.295947	-0.27912	-0.43194	-0.43194	-2.55368	-1.03415	-0.820294
23	0.981536	-0.0188225	-0.0188225	-1.69206	-0.285147	-0.230507	-0.113108	-0.113108	-2.12015	-0.757903	-0.631735
23	0.997048	-0.174718	-0.174718	-2.01676	-0.419658	-0.380967	-1.04991	-1.04991	-2.52701	-1.29638	-1.08469
23	0.74407	0.0500537	0.0500537	-1.39427	-0.12904	-0.143931	0.300781	0.300781	-1.74702	-0.501	-0.419157
23	0.689089	-0.243954	-0.243954	-1.76836	-0.462126	-0.399396	-1.46596	-1.46596	-2.21576	-1.61243	-1.35079
23	0.556769	0.0303236	0.0303236	-1.04669	-0.156621	-0.157953	0.18222	0.18222	-1.3115	-0.621645	-0.484502
23	0.779638	-0.0901601	-0.0901601	-2.12581	-0.322872	-0.279254	-0.541788	-0.541788	-2.66364	-1.03261	-0.808113
23	1.02196	0.260681	0.260681	-1.42659	-0.011599	0.0582447	1.56648	1.56648	-1.78752	-0.0358323	0.158496
23	1.29218	-0.13447	-0.13447	-2.15385	-0.795277	-0.612175	-0.808056	-0.808056	-2.69878	-1.30756	-1.0294
23	0.976448	0.139534	0.139534	-1.49067	-0.0998852	-0.0484646	0.838486	0.838486	-1.86781	-0.315351	-0.148479
23	0.748875	0.195771	0.195771	-1.35911	-0.0136762	0.00313775	1.17642	1.17642	-1.70296	-0.0472043	0.00939448
23	0.776322	-0.357034	-0.357034	-2.04665	-0.559358	-0.545561	-2.14548	-2.14548	-2.56445	-2.04216	-1.74809
23	1.48516	0.0986561	0.0986561	-2.59444	-0.725644	-0.511097	0.592842	0.592842	-3.25083	-0.944041	-0.705176
23	0.549078	0.280615	0.280615	-1.19565	0.0757291	0.109115	1.68626	1.68626	-1.49815	0.275528	0.373473
23	0.663104	0.200862	0.200862	-1.68514	0.00161254	0.023475	1.20701	1.20701	-2.11148	0.00640013	0.0794232
23	1.00662	0.239223	0.239223	-1.90362	-0.00391554	0.0341624	1.43753	1.43753	-2.38523	-0.0118564	0.098653
23	0.948043	0.445782	0.445782	-1.6682	0.185016	0.2481	2.67879	2.67879	-2.09026	0.56735	0.715863
23	0.968927	-0.192775	-0.192775	-2.50391	-0.442757	-0.390163	-1.15842	-1.15842	-3.13741	-1.32782	-1.10925
23	0.872555	-0.18503	-0.18503	-2.00816	-0.403081	-0.367573	-1.11188	-1.11188	-2.51622	-1.37021	-1.13219
23	1.01685	0.0971755	0.0971755	-1.62924	-0.162054	-0.174104	0.583945	0.583945	-2.04144	-0.463493	-0.412038
23	0.962272	-0.00255936	-0.00255936	-1.97355	-0.25451	-0.172402	-0.0153796	-0.0153796	-2.47285	-0.736972	-0.571866
23	1.29572	-0.170214	-0.170214	-2.52636	-0.6175	-0.614441	-1.02285	-1.02285	-3.16552	-1.23397	-1.10584
23	1.34903	0.106687	0.106687	-2.15956	-0.743642	-0.587896	0.6411	0.6411	-2.70593	-1.16912	-0.818881
23	1.29327	0.021832	0.021832	-2.04204	-0.41697	-0.384255	0.131192	0.131192	-2.55868	-0.734685	-0.692256
23	0.818447	0.250965	0.250965	-1.59998	0.0565616	0.049292	1.50809	1.50809	-2.00477	0.188797	0.143594
23	1.44958	-0.0475105	-0.0475105	-2.73023	-1.27053	-0.929654	-0.285499	-0.285499	-3.42097	-1.50572	-1.08742
23	0.847337	0.0250648	0.0250648	-1.87941	-0.173937	-0.164862	0.150619	0.150619	-2.35489	-0.620823	-0.485392
23	1.21575	0.0740199	0.0740199	-2.2704	-0.405904	-0.397532	0.444799	0.444799	-2.84481	-0.769559	-0.648867
23	0.808799	-0.208298	-0.208298	-1.60039	-0.406885	-0.390616	-1.2517	-1.2517	-2.00528	-1.51084	-1.21918
23	0.820454	-0.027055	-0.027055	-2.19474	-0.231644	-0.2308	-0.162578	-0.162578	-2.75001	-0.812767	-0.712046
23	1.00864	-0.103652	-0.103652	-1.91433	-0.332271	-0.301422	-0.622865	-0.622865	-2.39866	-1.11387	-0.839853
23	0.815839	0.00503486	0.00503486	-1.3904	-0.196717	-0.176984	0.0302553	0.0302553	-1.74217	-0.658399	-0.532421
23	0.789968	0.0614271	0.0614271	-1.63652	-0.137388	-0.165721	0.369126	0.369126	-2.05056	-0.480065	-0.422367
23	0.94126	0.132268	0.132268	-1.71831	-0.113347	-0.0872284	0.794822	0.794822	-2.15304	-0.380316	-0.245228
23	0.918201	0.343702	0.343702	-1.97371	0.120933	0.13763	2.06536	2.06536	-2.47306	0.379719	0.377636
23	1.14971	-0.0319767	-0.0319767	-1.86843	-0.439342	-0.33859	-0.192154	-0.192154	-2.34115	-1.00588	-0.71296
23	0.767445	0.0285528	0.0285528	-2.41776	-0.17928	-0.166897	0.171579	0.171579	-3.02945	-0.535125	-0.494245
23	0.720726	0.156515	0.156515	-2.12374	-0.0210058	-0.0410468	0.940526	0.940526	-2.66105	-0.0857555	-0.123297
23	1.28895	0.255927	0.255927	-1.8279	-0.232321	-0.139249	1.53791	1.53791	-2.29035	-0.403282	-0.236155
23	1.66646	0.132502	0.0364627	-2.04817	-1.39453	-1.21567	0.796227	0.214295	-2.56636	-2.28988	-1.73846
23	1.05633	0.332993	0.332993	-1.02891	-0.0214916	0.120939	2.00101	2.00101	-1.28922	-0.0499479	0.356393
23	1.53722	0.101177	0.101177	-3.25706	-0.929353	-0.64245	0.607991	0.607991	-4.0811	-1.12437	-0.885703
23	0.96668	0.376933	0.376933	-1.80091	0.11934	0.143542	2.26506	2.26506	-2.25654	0.364677	0.3877
23	0.760815	-0.157571	-0.157571	-1.69575	-0.397	-0.33776	-0.946869	-0.946869	-2.12477	-1.14253	-1.0672
23	0.596865	0.0292599	0.0292599	-1.42294	-0.170814	-0.151064	0.175828	0.175828	-1.78294	-0.665233	-0.467489
23	1.05984	-0.00580915	-0.00580915	-3.22184	-0.297371	-0.232261	-0.0349082	-0.0349082	-4.03696	-0.798961	-0.622821
23	0.746798	-0.220627	-0.220627	-1.59401	-0.413439	-0.423788	-1.32579	-1.32579	-1.9973	-1.58308	-1.27894
23	1.26513	0.352979	0.352979	-1.69562	-0.119228	-0.0157016	2.12111	2.12111	-2.12462	-0.213867	-0.0305687
23	0.723825	0.0396749	0.0396749	-1.96068	-0.160833	-0.130836	0.238413	0.238413	-2.45673	-0.587934	-0.432137
23	1.18367	-0.0941333	-0.0941333	-2.12566	-0.482108	-0.460329	-0.565663	-0.565663	-2.66345	-1.02168	-0.900566
23	0.857722	0.0812069	0.0812069	-2.31262	-0.146942	-0.101107	0.487987	0.487987	-2.89771	-0.447108	-0.298885
23	0.738979	0.0155398	0.0155398	-1.77806	-0.182242	-0.155413	0.0933815	0.0933815	-2.22791	-0.623237	-0.542076
23	0.785624	0.274232	0.274232	-1.39213	0.0445069	0.0683693	1.64791	1.64791	-1.74434	0.154184	0.21394
23	1.23958	-0.0576912	-0.0576912	-1.83489	-0.533883	-0.48751	-0.346677	-0.346677	-2.29912	-1.01176	-0.811836
23	0.801006	0.158986	0.158986	-1.50987	-0.0592134	0.0101793	0.955377	0.955377	-1.89187	-0.200942	0.0350933
23	1.1502	-0.0434937	-0.0434937	-1.98813	-0.355218	-0.304657	-0.261361	-0.261361	-2.49113	-0.906263	-0.721131
23	0.884492	0.3099	0.3099	-1.6807	0.0569559	0.103247	1.86224	1.86224	-2.10592	0.168192	0.306153
23	1.08891	0.03229	0.03229	-1.67167	-0.234336	-0.222133	0.194036	0.194036	-2.0946	-0.667289	-0.565665
23	1.23296	-0.325448	-0.325448	-2.35443	-0.846344	-0.823262	-1.95567	-1.95567	-2.9501	-1.55101	-1.30968
23	1.5093	-0.217329	-0.217329	-2.38595	-1.02899	-1.04101	-1.30597	-1.30597	-2.98959	-1.4731	-1.40038
23	0.595591	0.477121	0.477121	-1.03101	0.2877	0.308664	2.8671	2.8671	-1.29185	1.1516	1.03322
23	0.689295	0.324349	0.324349	-1.382	0.112771	0.166227	1.94907	1.94907	-1.73165	0.432184	0.544016
23	0.580349	-0.0519416	-0.0519416	-1.36919	-0.259724	-0.248386	-0.312126	-0.312126	-1.71559	-0.904184	-0.754954
23	0.659304	0.104923	0.104923	-1.48285	-0.0781441	-0.080319	0.630502	0.630502	-1.85801	-0.304348	-0.259865
23	1.00901	0.0664251	0.0664251	-2.05572	-0.178664	-0.154304	0.39916	0.39916	-2.57582	-0.562697	-0.413357
23	0.984738	0.0933566	0.0933566	-1.78644	-0.129128	-0.132329	0.560996	0.560996	-2.2384	-0.440444	-0.38893
23	0.944121	-0.376537	-0.376537	-2.09112	-0.612452	-0.576987	-2.26268	-2.26268	-2.62018	-1.93826	-1.63809
23	0.796315	0.18832	0.18832	-1.80442	-0.0226696	-0.00515681	1.13165	1.13165	-2.26094	-0.0770641	-0.0137483
23	0.761641	0.367915	0.367915	-1.79428	0.178374	0.183864	2.21086	2.21086	-2.24823	0.659642	0.596562
23	0.834178	0.22923	0.22923	-1.12209	-0.015033	0.0476209	1.37748	1.37748	-1.40597	-0.0483775	0.156688
23	0.67606	0.229682	0.229682	-0.993104	0.0268671	0.0503097	1.3802	1.3802	-1.24436	0.101103	0.151421
23	0.8255	-0.229299	-0.229299	-2.13121	-0.453648	-0.405359	-1.3779	-1.3779	-2.67041	-1.55596	-1.22795
23	0.786489	-0.399268	-0.399268	-1.91745	-0.600663	-0.582379	-2.39927	-2.39927	-2.40256	-2.11257	-1.84136
23	1.10967	0.346694	0.346694	-2.14786	0.0606073	0.108823	2.08335	2.08335	-2.69127	0.171608	0.268604
23	0.829549	0.0389402	0.0389402	-2.18379	-0.16944	-0.150804	0.233999	0.233999	-2.73629	-0.590704	-0.479855
23	0.755051	0.0375178	0.0375178	-2.45141	-0.177943	-0.147422	0.225451	0.225451	-3.07162	-0.587871	-0.479957
23	0.681597	0.200719	0.200719	-1.96358	-0.00209753	0.000671348	1.20615	1.20615	-2.46037	-0.00723114	0.00207708
23	1.12632	-0.0579182	-0.0579182	-2.01844	-0.397507	-0.350667	-0.348041	-0.348041	-2.52911	-0.917237	-0.721085
23	1.39483	-0.086325	-0.086325	-1.93779	-0.677032	-0.655859	-0.518742	-0.518742	-2.42805	-1.13697	-1.00764
23	1.30997	0.112793	0.112793	-1.99708	-0.621216	-0.497755	0.677795	0.677795	-2.50235	-1.07296	-0.834677
23	1.30219	0.065137	0.065137	-1.71925	-0.687943	-0.475508	0.39142	0.39142	-2.15422	-1.08	-0.773202
23	0.877885	-0.00294428	-0.00294428	-2.20458	-0.235115	-0.219196	-0.0176927	-0.0176927	-2.76234	-0.752132	-0.609617
23	1.07241	-0.0583216	-0.0583216	-2.31619	-0.343762	-0.335015	-0.350465	-0.350465	-2.90219	-0.954429	-0.766798
23	1.20354	0.564567	0.564567	-1.46605	0.177322	0.273697	3.39258	3.39258	-1.83696	0.364526	0.619626
23	1.58186	0.184532	0.184532	-1.82914	-0.940645	-0.792836	1.10889	1.10889	-2.29191	-1.4932	-1.15397
23	0.964078	0.0754373	0.0754373	-1.77982	-0.152863	-0.132292	0.453316	0.453316	-2.23012	-0.527105	-0.379256
23	0.643616	-0.113949	-0.113949	-1.39961	-0.310827	-0.299507	-0.684737	-0.684737	-1.75371	-1.1736	-0.917565
23	0.804178	0.309161	0.309161	-1.3974	0.0711105	0.144227	1.8578	1.8578	-1.75094	0.203811	0.466914
23	1.1572	-0.132599	-0.132599	-2.15381	-0.523762	-0.440301	-0.79681	-0.79681	-2.69872	-1.05674	-0.884797
23	1.00987	-0.0589375	-0.0589375	-1.478	-0.304144	-0.295272	-0.354166	-0.354166	-1.85193	-0.906792	-0.744105
23	1.18694	0.614792	0.614792	-1.45587	0.251727	0.301627	3.6944	3.6944	-1.8242	0.597354	0.641291
23	1.5181	0.175833	0.175833	-2.04641	-1.11974	-0.846825	1.05661	1.05661	-2.56415	-1.41918	-0.991896
23	1.57754	-0.15846	-0.15846	-2.34096	-0.989796	-0.850126	-0.952217	-0.952217	-2.93322	-1.47788	-1.16062
23	0.60737	-0.000520771	-0.000520771	-1.4632	-0.205563	-0.15863	-0.00312941	-0.00312941	-1.83339	-0.758494	-0.576026
23	1.28087	0.375422	0.375422	-2.04604	-0.552251	-0.276559	2.25598	2.25598	-2.56369	-0.704519	-0.369816
23	0.832801	-0.376519	-0.376519	-1.968	-0.589057	-0.562849	-2.26257	-2.26257	-2.4659	-2.2143	-1.63224
23	0.778662	-0.152576	-0.152576	-1.9475	-0.375881	-0.351627	-0.916856	-0.916856	-2.44022	-1.38716	-1.01852
23	1.06488	0.00208695	0.00208695	-2.08006	-0.268416	-0.237054	0.0125408	0.0125408	-2.60631	-0.742252	-0.591845
23	1.27171	0.0427767	0.0427767	-2.4412	-0.387023	-0.408215	0.257053	0.257053	-3.05883	-0.944578	-0.736463
23	1.02582	-0.125954	-0.125954	-1.58616	-0.391589	-0.373231	-0.75688	-0.75688	-1.98745	-1.08838	-0.948225
23	1.20271	0.0576587	0.0576587	-2.67056	-0.442895	-0.334753	0.346481	0.346481	-3.34622	-0.833934	-0.607645
23	1.17719	-0.0322997	-0.0322997	-1.86809	-0.438599	-0.341522	-0.194094	-0.194094	-2.34072	-1.0591	-0.735415
23	0.850006	-0.128379	-0.128379	-2.5235	-0.417629	-0.333826	-0.771449	-0.771449	-3.16194	-1.125	-0.983025
23	0.914595	-0.0468948	-0.0468948	-1.92572	-0.275772	-0.232629	-0.281799	-0.281799	-2.41293	-0.9692	-0.653066
23	0.989381	0.261172	0.261172	-1.2588	0.0433034	0.0385113	1.56943	1.56943	-1.57727	0.136595	0.0992336
23	0.500023	-0.0487356	-0.0487356	-1.29773	-0.236238	-0.232178	-0.292861	-0.292861	-1.62606	-0.866341	-0.726253
23	0.565644	0.212771	0.212771	-1.1461	-0.0196003	0.0454041	1.27858	1.27858	-1.43606	-0.0585915	0.157015
23	2.11151	-0.212991	-0.467098	-2.11179	-2.06344	-1.71083	-1.2799	-2.68206	-2.64607	-2.5336	-2.03406
23	1.08492	0.145968	0.145968	-2.04337	-0.195713	-0.140393	0.877148	0.877148	-2.56034	-0.425836	-0.305049
23	0.84294	-0.124778	-0.124778	-1.90571	-0.352218	-0.32738	-0.749811	-0.749811	-2.38785	-1.14413	-0.999873
23	1.24974	-0.22383	-0.22383	-2.20606	-0.714396	-0.695795	-1.34503	-1.34503	-2.7642	-1.39621	-1.22097
23	0.977085	0.31628	0.31628	-1.58876	0.0715255	0.0969297	1.90058	1.90058	-1.99072	0.208688	0.242488
23	0.807793	-0.0222498	-0.0222498	-1.14003	-0.248901	-0.206753	-0.133703	-0.133703	-1.42846	-0.855337	-0.644575
23	1.0751	0.0315525	0.0315525	-2.79244	-0.30371	-0.286917	0.189605	0.189605	-3.49893	-0.720399	-0.595787
23	0.605353	-0.00907477	-0.00907477	-1.5309	-0.216729	-0.196606	-0.0545319	-0.0545319	-1.91822	-0.82934	-0.579206
23	0.777851	0.15514	0.15514	-1.08961	-0.0640531	-0.0335989	0.932263	0.932263	-1.36528	-0.209722	-0.10191
23	0.87015	0.00915553	0.00915553	-1.6618	-0.203275	-0.182274	0.0550172	0.0550172	-2.08224	-0.701495	-0.546579
23	0.785978	0.153513	0.153513	-1.54468	-0.0634665	0.000400438	0.922488	0.922488	-1.93548	-0.207679	0.00144345
23	1.06133	0.0637732	0.0637732	-1.96936	-0.23031	-0.160544	0.383224	0.383224	-2.4676	-0.676566	-0.450442
23	0.372133	-0.147032	-0.147032	-1.58406	-0.340706	-0.313465	-0.88354	-0.88354	-1.98483	-1.23158	-1.0845
23	0.707134	-0.201099	-0.201099	-2.02991	-0.408861	-0.379252	-1.20844	-1.20844	-2.54348	-1.43836	-1.20438
23	1.07897	0.0383764	0.0383764	-2.35764	-0.270382	-0.21744	0.230611	0.230611	-2.95412	-0.639059	-0.560831
23	0.559253	-0.283458	-0.283458	-1.53467	-0.471567	-0.472341	-1.70335	-1.70335	-1.92294	-1.78542	-1.41124
23	0.823961	0.122825	0.122825	-1.86489	-0.0958328	-0.0847364	0.738077	0.738077	-2.3367	-0.317779	-0.243495
23	0.818695	0.319928	0.319928	-1.32172	0.0946924	0.14835	1.9225	1.9225	-1.65612	0.321249	0.454294
23	1.19983	0.0655431	0.0655431	-1.92632	-0.319829	-0.266006	0.39386	0.39386	-2.41368	-0.637272	-0.517747
23	0.921914	-0.374002	-0.374002	-2.17931	-0.613901	-0.586701	-2.24744	-2.24744	-2.73067	-2.002	-1.70193
23	1.01582	0.00522076	0.00522076	-2.72662	-0.260297	-0.185247	0.0313724	0.0313724	-3.41646	-0.647366	-0.546305
23	0.766718	0.317891	0.317891	-0.993942	0.117442	0.140741	1.91026	1.91026	-1.24541	0.439956	0.426649
23	1.15682	0.0897361	0.0897361	-3.3623	-0.233298	-0.166181	0.53924	0.53924	-4.21296	-0.558975	-0.383707
23	1.26631	0.120537	0.120537	-1.89584	-0.236802	-0.229093	0.724329	0.724329	-2.37549	-0.562348	-0.440252
23	0.873502	0.307925	0.307925	-1.50655	0.0967517	0.108541	1.85038	1.85038	-1.88771	0.33166	0.312242
23	0.829041	0.0984979	0.0984979	-1.53458	-0.111208	-0.0882569	0.591891	0.591891	-1.92282	-0.383633	-0.264423
23	1.12857	0.248042	0.248042	-2.45237	-0.0911772	-0.037778	1.49053	1.49053	-3.07282	-0.210123	-0.0854316
23	0.891556	0.340198	0.340198	-1.8152	0.104608	0.140394	2.04431	2.04431	-2.27445	0.333247	0.402523
23	1.28556	0.00296298	0.00296298	-2.3481	-0.624278	-0.514581	0.0178051	0.0178051	-2.94217	-1.1286	-0.877493
23	1.13518	0.241763	0.241763	-1.55332	-0.064944	-0.00651429	1.45279	1.45279	-1.94631	-0.172299	-0.0164592
23	0.728348	-0.00119166	-0.00119166	-1.82675	-0.200527	-0.186	-0.00716087	-0.00716087	-2.28892	-0.764867	-0.571129
23	0.54228	0.174263	0.174263	-0.948834	-0.0193927	-0.00136992	1.04718	1.04718	-1.18889	-0.0783161	-0.00428053
23	0.73636	0.162508	0.162508	-0.984666	-0.064215	-0.0157434	0.976536	0.976536	-1.23379	-0.213153	-0.0499046
23	0.628648	0.2091	0.2091	-1.00419	-0.0189927	0.0366203	1.25652	1.25652	-1.25825	-0.0604985	0.127622
23	1.30104	0.0585379	0.0585379	-1.49003	-0.424795	-0.405455	0.351765	0.351765	-1.867	-0.877994	-0.714231
23	0.472603	0.0750154	0.0750154	-1.32969	-0.118649	-0.0935018	0.450781	0.450781	-1.6661	-0.442288	-0.327721
23	0.945767	0.164182	0.164182	-1.49457	-0.0647355	-0.0282795	0.986597	0.986597	-1.8727	-0.216623	-0.0845586
23	0.919205	-0.163655	-0.163655	-1.64616	-0.403467	-0.396536	-0.98343	-0.98343	-2.06264	-1.25978	-1.11535
23	0.640394	0.375129	0.375129	-0.868898	0.175476	0.192231	2.25421	2.25421	-1.08873	0.67342	0.624001
23	1.00047	-0.149405	-0.149405	-1.86902	-0.415379	-0.35041	-0.897801	-0.897801	-2.34189	-1.17947	-0.969089
23	1.54982	0.023863	0.023863	-1.98061	-1.34371	-1.17456	0.143397	0.143397	-2.4817	-1.92545	-1.55015
23	1.28682	0.0649854	0.0649854	-1.62902	-0.359854	-0.284709	0.390509	0.390509	-2.04116	-0.711252	-0.55023
23	1.27089	-0.0285768	-0.0285768	-2.6233	-0.787735	-0.616092	-0.171723	-0.171723	-3.287	-1.12764	-0.872246
23	1.14815	0.0530009	0.0530009	-2.43532	-0.271824	-0.205198	0.318492	0.318492	-3.05145	-0.665058	-0.495002
23	1.01239	0.0232976	0.0232976	-2.08996	-0.225171	-0.209707	0.139999	0.139999	-2.61872	-0.64589	-0.542437
23	0.881032	0.212647	0.212647	-1.54329	-0.0101371	0.0198264	1.27783	1.27783	-1.93375	-0.0305647	0.0609429
23	1.4602	0.0454503	0.0454503	-2.70223	-0.661405	-0.554112	0.273119	0.273119	-3.38589	-0.968727	-0.777724
23	1.12667	0.228595	0.228595	-1.61395	-0.114954	-0.073157	1.37367	1.37367	-2.02228	-0.269684	-0.150773
23	0.683452	0.313654	0.313654	-1.44008	0.109413	0.123905	1.88481	1.88481	-1.80442	0.381408	0.385837
23	0.6345	0.00406325	0.00406325	-1.68073	-0.188437	-0.151571	0.0244168	0.0244168	-2.10596	-0.729992	-0.555156
23	0.656128	-0.0463542	-0.0463542	-1.63669	-0.231077	-0.229309	-0.27855	-0.27855	-2.05077	-0.831152	-0.68121
23	1.28003	0.323339	0.323339	-1.21834	-0.0988582	-0.0469598	1.943	1.943	-1.52658	-0.238166	-0.0894181
23	0.44368	0.218183	0.218183	-1.0469	0.0352881	0.0602962	1.3111	1.3111	-1.31177	0.147478	0.220767
23	1.96281	0.257348	0.0216868	-2.21144	-1.51419	-1.13828	1.54645	0.124525	-2.77094	-1.75844	-1.38998
23	1.03968	0.0831499	0.0831499	-2.1808	-0.15876	-0.147878	0.499662	0.499662	-2.73255	-0.462039	-0.399381
23	1.06142	-0.0441587	-0.0441587	-2.32883	-0.31601	-0.291163	-0.265358	-0.265358	-2.91803	-0.903912	-0.726539
23	0.784703	-0.018976	-0.018976	-1.69132	-0.217879	-0.225642	-0.11403	-0.11403	-2.11922	-0.786281	-0.687999
23	1.68486	-0.0688025	-0.179631	-2.66533	-1.00101	-0.957083	-0.413447	-1.0557	-3.33966	-1.28131	-1.22002
23	1.19498	0.0908671	0.0908671	-2.286	-0.249002	-0.279486	0.546037	0.546037	-2.86436	-0.559549	-0.502682
23	0.821836	-0.0875325	-0.0875325	-1.83141	-0.333895	-0.258638	-0.525998	-0.525998	-2.29475	-1.05247	-0.827024
23	0.601181	-0.0397601	-0.0397601	-2.40336	-0.236162	-0.222151	-0.238925	-0.238925	-3.0114	-0.86374	-0.808447
23	1.1393	-0.228657	-0.228657	-2.33298	-0.589961	-0.515569	-1.37404	-1.37404	-2.92323	-1.45349	-1.21137
23	1.58938	-0.0207059	-0.0207059	-2.27488	-1.04749	-0.8997	-0.124425	-0.124425	-2.85043	-1.59519	-1.2929
23	1.57554	0.139271	0.139271	-2.96206	-0.872632	-0.600084	0.836904	0.836904	-3.71147	-1.15385	-0.849086
23	1.40115	0.121002	0.121002	-2.41903	-0.600489	-0.319856	0.727124	0.727124	-3.03105	-0.842977	-0.54111
23	0.688419	-0.169961	-0.169961	-2.00509	-0.376663	-0.326856	-1.02132	-1.02132	-2.51238	-1.38183	-1.15074
23	1.13822	0.198499	0.198499	-1.33134	-0.156845	-0.0732563	1.19282	1.19282	-1.66816	-0.357493	-0.182783
23	1.27582	0.306177	0.306177	-1.61383	-0.260348	-0.0960739	1.83987	1.83987	-2.02213	-0.437945	-0.171728
23	1.18129	0.13631	0.13631	-1.94514	-0.245417	-0.170234	0.819113	0.819113	-2.43726	-0.530762	-0.399985
23	0.949731	-0.0281281	-0.0281281	-2.19511	-0.271823	-0.248713	-0.169026	-0.169026	-2.75047	-0.826375	-0.729395
23	0.600082	-0.240204	-0.240204	-1.34283	-0.471166	-0.408667	-1.44343	-1.44343	-1.68257	-1.52849	-1.2702
23	0.840937	0.0245851	0.0245851	-1.75006	-0.193298	-0.172909	0.147736	0.147736	-2.19283	-0.630125	-0.479731
23	1.08726	0.436604	0.436604	-1.3567	0.166101	0.169624	2.62363	2.62363	-1.69994	0.444788	0.383765
23	0.665172	0.357408	0.357408	-1.06778	0.163929	0.189738	2.14773	2.14773	-1.33792	0.625295	0.656592
23	1.34769	0.144971	0.144971	-2.57536	-0.843359	-0.635708	0.871158	0.871158	-3.22693	-1.2569	-0.855497
23	0.77185	0.0914965	0.0914965	-1.00294	-0.102507	-0.123315	0.549819	0.549819	-1.25668	-0.397005	-0.363738
23	0.828474	0.0437416	0.0437416	-2.06974	-0.174216	-0.162735	0.262851	0.262851	-2.59338	-0.588251	-0.498795
23	0.474812	-0.145641	-0.145641	-1.19065	-0.346316	-0.320942	-0.875185	-0.875185	-1.49189	-1.36103	-1.11896
23	0.826146	-0.0108694	-0.0108694	-1.27672	-0.224065	-0.217583	-0.065316	-0.065316	-1.59973	-0.790253	-0.621387
23	0.725219	-0.453587	-0.453587	-2.14775	-0.681455	-0.667852	-2.72569	-2.72569	-2.69113	-2.2451	-1.96904
23	1.70783	-0.263972	-0.374762	-2.11294	-1.58	-1.51942	-1.58625	-2.20251	-2.64752	-2.40258	-2.14863
23	0.723954	0.0955474	0.0955474	-1.11764	-0.122195	-0.0957818	0.574161	0.574161	-1.4004	-0.430458	-0.307008
23	0.635948	0.0928077	0.0928077	-1.30504	-0.130288	-0.0852624	0.557698	0.557698	-1.63522	-0.457561	-0.273583
23	1.23006	0.174217	0.174217	-1.9457	-0.375712	-0.354691	1.0469	1.0469	-2.43796	-0.70158	-0.545956
23	1.03187	0.0797585	0.0797585	-2.24325	-0.172416	-0.115725	0.479283	0.479283	-2.81079	-0.494413	-0.32902
23	1.16986	0.223704	0.223704	-1.5163	-0.123912	-0.0694515	1.34428	1.34428	-1.89992	-0.271252	-0.153311
23	0.793509	-0.434059	-0.434059	-2.37759	-0.663484	-0.601739	-2.60833	-2.60833	-2.97912	-2.22833	-2.2072
23	0.602051	0.392224	0.392224	-1.14568	0.223057	0.207074	2.35694	2.35694	-1.43553	0.9228	0.628323
23	0.91761	0.0976861	0.0976861	-1.28119	-0.116159	-0.113392	0.587013	0.587013	-1.60533	-0.387915	-0.324119
23	1.29687	0.321248	0.321248	-1.85428	-0.234012	-0.137377	1.93043	1.93043	-2.32342	-0.375658	-0.231721
23	1.23412	-0.247772	-0.247772	-2.79771	-0.629899	-0.586455	-1.48891	-1.48891	-3.50554	-1.39854	-1.17312
23	1.30711	0.111934	0.111934	-2.52054	-0.646667	-0.489182	0.672629	0.672629	-3.15824	-0.948885	-0.720726
23	1.19192	0.13034	0.13034	-1.96335	-0.151662	-0.161835	0.783234	0.783234	-2.46007	-0.404622	-0.360547
23	1.26701	-0.247813	-0.247813	-2.73391	-0.923704	-0.78055	-1.48915	-1.48915	-3.42559	-1.46173	-1.28581
23	0.761327	-0.127001	-0.127001	-1.83556	-0.33304	-0.324053	-0.763171	-0.763171	-2.29995	-1.16074	-0.888237
23	0.568708	0.262761	0.262761	-1.35774	0.0522296	0.0923638	1.57898	1.57898	-1.70124	0.172341	0.32073
23	1.03504	-0.173704	-0.173704	-1.71854	-0.389607	-0.418543	-1.04382	-1.04382	-2.15333	-1.36693	-1.05039
23	1.03778	0.205657	0.205657	-1.67003	-0.0277973	-0.0246772	1.23583	1.23583	-2.09255	-0.0878161	-0.0663261
23	1.28822	-0.05845	-0.05845	-2.3708	-0.729251	-0.632935	-0.351236	-0.351236	-2.97061	-1.15033	-0.951628
23	1.19671	0.0799853	0.0799853	-1.85075	-0.403396	-0.323493	0.480646	0.480646	-2.31899	-0.789641	-0.604678
23	0.690728	0.362596	0.362596	-1.46489	0.141265	0.17861	2.1789	2.1789	-1.83551	0.473983	0.52189
23	0.751849	0.0862334	0.0862334	-1.51603	-0.128493	-0.112756	0.518192	0.518192	-1.89959	-0.476014	-0.333609
23	0.642245	0.261511	0.261511	-1.60801	0.0475407	0.0741213	1.57147	1.57147	-2.01484	0.170579	0.235089
23	1.26489	-0.0708113	-0.0708113	-2.53409	-0.73256	-0.512791	-0.425518	-0.425518	-3.17522	-1.14515	-0.881076
23	0.80069	-0.0915945	-0.0915945	-1.93417	-0.343583	-0.282353	-0.550407	-0.550407	-2.42351	-1.04732	-0.923166
23	0.802931	-0.186957	-0.186957	-1.87939	-0.40504	-0.3759	-1.12346	-1.12346	-2.35487	-1.30372	-1.16377
23	1.21274	-0.172699	-0.172699	-2.31875	-0.619545	-0.573782	-1.03778	-1.03778	-2.90539	-1.27833	-1.10252
23	1.0393	0.0778445	0.0778445	-1.64407	-0.18935	-0.140125	0.467782	0.467782	-2.06002	-0.568403	-0.38648
23	1.62118	-0.258448	-0.362476	-3.18148	-1.43473	-1.07002	-1.55306	-2.13031	-3.9864	-1.84283	-1.41131
23	0.569795	0.0798529	0.0798529	-1.61057	-0.144868	-0.0907211	0.47985	0.47985	-2.01805	-0.521996	-0.317723
23	0.814196	0.0809017	0.0809017	-1.84953	-0.171063	-0.107352	0.486153	0.486153	-2.31746	-0.499358	-0.352254
23	1.35177	0.00210797	0.00210797	-2.56349	-0.587693	-0.410011	0.0126672	0.0126672	-3.21206	-0.969241	-0.713419
23	0.96126	0.359893	0.359893	-1.49123	0.133754	0.151474	2.16266	2.16266	-1.86851	0.453659	0.427314
23	1.10745	0.2909	0.2909	-1.27828	-0.0238911	0.0315458	1.74807	1.74807	-1.60168	-0.0596077	0.0781603
23	0.768693	0.0624096	0.0624096	-1.62247	-0.156043	-0.118009	0.37503	0.37503	-2.03296	-0.53241	-0.392751
23	0.767393	-0.0834081	-0.0834081	-1.53799	-0.296204	-0.300153	-0.501214	-0.501214	-1.9271	-0.960658	-0.844334
23	0.666066	0.201845	0.201845	-1.73612	-0.0391622	0.0100296	1.21292	1.21292	-2.17536	-0.123946	0.0309772
23	1.0231	0.0643629	0.0643629	-2.29754	-0.208165	-0.173121	0.386768	0.386768	-2.87882	-0.556825	-0.479716
23	0.914972	0.0972296	0.0972296	-1.94398	-0.159095	-0.0959125	0.58427	0.58427	-2.43581	-0.457042	-0.300073
23	1.29372	-0.102612	-0.102612	-1.7508	-0.614872	-0.461609	-0.616612	-0.616612	-2.19375	-1.15749	-0.855168
23	0.725279	0.258551	0.258551	-1.00087	0.0654004	0.0717379	1.55368	1.55368	-1.25409	0.25009	0.217565
23	0.83516	0.0810707	0.0810707	-1.35185	-0.145447	-0.100968	0.487168	0.487168	-1.69387	-0.502614	-0.314451
23	1.28409	0.0730151	0.0730151	-1.58987	-0.39816	-0.399083	0.438761	0.438761	-1.9921	-0.833532	-0.721106
23	0.926661	-0.375434	-0.375434	-2.24245	-0.563259	-0.586422	-2.25605	-2.25605	-2.8098	-2.10255	-1.63181
23	0.631558	-0.232983	-0.232983	-1.80083	-0.441782	-0.410274	-1.40004	-1.40004	-2.25645	-1.64301	-1.31205
23	0.616343	0.0725666	0.0725666	-1.78629	-0.145869	-0.100815	0.436065	0.436065	-2.23822	-0.511505	-0.329782
23	0.707061	-0.0417396	-0.0417396	-1.38068	-0.238395	-0.20472	-0.25082	-0.25082	-1.72999	-0.853229	-0.681449
23	1.09196	0.0429314	0.0429314	-1.64365	-0.247131	-0.187532	0.257982	0.257982	-2.0595	-0.572356	-0.504773
23	0.878968	-0.502439	-0.502439	-2.46933	-0.7537	-0.688099	-3.01924	-3.01924	-3.09408	-2.26264	-2.21224
23	1.47484	0.171774	0.171774	-3.37263	-0.895619	-0.484831	1.03222	1.03222	-4.2259	-1.2032	-0.711925
23	0.385182	0.0562196	0.0562196	-1.41126	-0.124294	-0.0955599	0.337834	0.337834	-1.76831	-0.49659	-0.345695
23	1.18174	0.157227	0.157227	-1.45509	-0.219653	-0.10261	0.944803	0.944803	-1.82323	-0.45715	-0.245709
23	1.23836	0.0106885	0.0106885	-1.74161	-0.458234	-0.379373	0.0642293	0.0642293	-2.18223	-0.8597	-0.717167
23	0.804576	0.0591266	0.0591266	-2.49781	-0.149664	-0.136852	0.355302	0.355302	-3.12975	-0.522668	-0.420195
23	1.157	-0.401453	-0.401453	-2.88192	-0.734442	-0.648482	-2.4124	-2.4124	-3.61104	-1.85006	-1.58905
23	0.771632	0.0111208	0.0111208	-1.91611	-0.217637	-0.176466	0.066827	0.066827	-2.40089	-0.765294	-0.552361
23	1.17059	-0.220365	-0.220365	-1.92935	-0.629014	-0.582877	-1.32421	-1.32421	-2.41748	-1.39394	-1.14114
23	1.23721	-0.276859	-0.276859	-2.37507	-0.670118	-0.617376	-1.6637	-1.6637	-2.97596	-1.46469	-1.17727
23	1.05827	-0.198109	-0.198109	-1.69993	-0.405711	-0.424	-1.19047	-1.19047	-2.13001	-1.39006	-1.06803
23	0.789379	0.00369328	0.00369328	-1.57451	-0.219231	-0.199972	0.0221935	0.0221935	-1.97286	-0.671602	-0.631607
23	0.942121	0.0214091	0.0214091	-1.68533	-0.249068	-0.191706	0.128651	0.128651	-2.11172	-0.682179	-0.529647
23	1.0795	-0.00993545	-0.00993545	-1.56064	-0.250294	-0.264041	-0.0597039	-0.0597039	-1.95548	-0.790881	-0.629079
23	1.31403	-0.0291226	-0.0291226	-2.31219	-0.754172	-0.651451	-0.175003	-0.175003	-2.89717	-1.10249	-0.994973
23	1.13158	-0.0451312	-0.0451312	-2.67249	-0.401699	-0.357719	-0.271201	-0.271201	-3.34863	-0.962516	-0.766201
23	0.799373	-0.0328336	-0.0328336	-1.43276	-0.242215	-0.21297	-0.197303	-0.197303	-1.79525	-0.902733	-0.655086
23	0.668425	0.0412266	0.0412266	-1.29696	-0.162883	-0.136216	0.247738	0.247738	-1.62509	-0.623692	-0.435785
23	0.624448	0.43388	0.43388	-1.32242	0.241854	0.240984	2.60726	2.60726	-1.65699	0.965231	0.804443
23	1.00514	0.118871	0.118871	-1.51633	-0.108149	-0.0995838	0.714316	0.714316	-1.89996	-0.341186	-0.27231
23	0.816397	0.368247	0.368247	-1.8089	0.13914	0.166811	2.21286	2.21286	-2.26655	0.449817	0.481178
23	0.98239	0.298584	0.298584	-1.59164	0.0457669	0.0867161	1.79425	1.79425	-1.99433	0.142344	0.257882
23	1.03742	-0.117315	-0.117315	-2.34655	-0.367499	-0.351323	-0.704966	-0.704966	-2.94022	-1.11736	-0.876092
23	1.16207	0.126662	0.126662	-1.2889	-0.247107	-0.158363	0.761134	0.761134	-1.61499	-0.5425	-0.346641
23	0.545898	0.402519	0.402519	-0.982502	0.211581	0.219464	2.41881	2.41881	-1.23107	0.817547	0.718659
23	0.723118	-0.347768	-0.347768	-2.25442	-0.548256	-0.521239	-2.0898	-2.0898	-2.82479	-2.03651	-1.72223
23	1.20488	0.178945	0.178945	-2.03937	-0.270422	-0.115115	1.07531	1.07531	-2.55533	-0.529192	-0.260423
23	1.08101	0.0270331	0.0270331	-2.00428	-0.33089	-0.22952	0.162447	0.162447	-2.51136	-0.840743	-0.518635
23	0.809382	0.0970847	0.0970847	-1.65364	-0.0982822	-0.108843	0.583399	0.583399	-2.07201	-0.359005	-0.296042
23	0.926507	0.151923	0.151923	-1.91053	-0.0491904	-0.0566364	0.912932	0.912932	-2.39389	-0.166833	-0.151061
23	1.01535	-0.0854543	-0.0854543	-3.01692	-0.338092	-0.276201	-0.51351	-0.51351	-3.78021	-0.872981	-0.795595
23	1.15895	-0.00758433	-0.00758433	-1.90392	-0.411349	-0.312687	-0.0455756	-0.0455756	-2.38562	-0.875034	-0.674021
23	1.0006	0.157899	0.157899	-2.34919	-0.0511445	-0.0507477	0.948844	0.948844	-2.94353	-0.192271	-0.142936
23	1.17544	0.340069	0.340069	-1.31645	-0.0290349	-0.0774426	2.04354	2.04354	-1.64952	-0.0660429	-0.130765
23	0.963467	0.0292671	0.0292671	-2.3425	-0.20727	-0.18067	0.175871	0.175871	-2.93515	-0.660014	-0.497953
23	1.15514	0.0781239	0.0781239	-2.32656	-0.247049	-0.212213	0.46946	0.46946	-2.91518	-0.586692	-0.470967
23	1.22927	0.0387531	0.0387531	-2.16984	-0.420465	-0.357264	0.232874	0.232874	-2.7188	-0.748935	-0.652285
23	0.834107	0.235636	0.235636	-2.02604	0.0503642	0.0287558	1.41598	1.41598	-2.53863	0.189442	0.0783688
23	1.29862	0.0522244	0.0522244	-2.72567	-0.521103	-0.408456	0.313826	0.313826	-3.41526	-0.798793	-0.681004
23	0.709096	0.0684543	0.0684543	-1.74847	-0.124455	-0.122219	0.411354	0.411354	-2.19083	-0.470269	-0.373867
23	0.990313	-0.26343	-0.26343	-1.71536	-0.484119	-0.469254	-1.583	-1.583	-2.14935	-1.64929	-1.38954
23	1.07669	-0.222979	-0.222979	-2.13434	-0.496705	-0.471692	-1.33992	-1.33992	-2.67433	-1.4092	-1.15873
23	1.28872	0.278311	0.278311	-2.00244	-0.249497	-0.165043	1.67242	1.67242	-2.50905	-0.45597	-0.294763
23	0.69162	0.0990317	0.0990317	-1.24111	-0.138747	-0.0700603	0.595099	0.595099	-1.55512	-0.45731	-0.224729
23	0.763389	-0.245493	-0.245493	-1.86856	-0.442847	-0.424652	-1.47521	-1.47521	-2.34131	-1.63826	-1.33428
23	1.06194	0.0841865	0.0841865	-1.8004	-0.234149	-0.170262	0.505891	0.505891	-2.2559	-0.560053	-0.406135
23	0.735246	-0.0816804	-0.0816804	-2.43096	-0.310042	-0.28612	-0.490832	-0.490832	-3.046	-1.03005	-0.837694
23	1.22764	-0.00819958	-0.00819958	-2.65739	-0.392639	-0.362072	-0.0492728	-0.0492728	-3.3297	-0.839359	-0.724232
23	1.29072	0.411961	0.411961	-2.66081	-0.0759443	-0.034444	2.47555	2.47555	-3.33399	-0.141834	-0.0568795
23	1.18192	0.492678	0.492678	-1.92281	0.133802	0.179436	2.96059	2.96059	-2.40928	0.272697	0.388519
23	0.849722	0.10355	0.10355	-1.6871	-0.137982	-0.0804574	0.622248	0.622248	-2.11394	-0.412314	-0.253053
23	1.04553	-0.0228321	-0.0228321	-2.38881	-0.325694	-0.262255	-0.137202	-0.137202	-2.99317	-0.824916	-0.664361
23	1.19506	0.286565	0.286565	-1.86966	-0.0588559	-0.0435655	1.72202	1.72202	-2.34269	-0.140782	-0.0821268
23	1.11096	0.16389	0.16389	-2.11034	-0.186844	-0.0975103	0.984841	0.984841	-2.64425	-0.403513	-0.211632
23	1.36749	-0.588122	-0.588122	-2.42488	-1.25705	-1.0657	-3.53413	-3.53413	-3.03838	-2.0287	-1.66747
23	1.20129	0.227296	0.227296	-2.23316	-0.203266	-0.0366609	1.36586	1.36586	-2.79815	-0.387776	-0.08418
23	0.985262	-0.113836	-0.113836	-1.94417	-0.322868	-0.334214	-0.68406	-0.68406	-2.43605	-1.13983	-0.909605
23	1.04998	-0.128017	-0.128017	-1.83454	-0.38529	-0.383273	-0.769275	-0.769275	-2.29867	-1.03262	-0.939493
23	0.944893	0.176151	0.176151	-2.23416	-0.0470396	-0.0307631	1.05852	1.05852	-2.79941	-0.152039	-0.0872037
23	0.701352	0.328315	0.328315	-1.59961	0.145151	0.156934	1.9729	1.9729	-2.00431	0.541041	0.53116
23	0.530298	-0.144562	-0.144562	-1.17027	-0.341839	-0.31733	-0.868701	-0.868701	-1.46635	-1.21287	-1.0611
23	1.07933	0.177587	0.177587	-1.36422	-0.0842427	-0.0524388	1.06715	1.06715	-1.70936	-0.246329	-0.138064
23	1.44944	-0.0627842	-0.0627842	-1.94813	-1.19141	-1.09872	-0.377282	-0.377282	-2.44101	-1.8039	-1.52108
23	1.29474	0.131003	0.131003	-2.47667	-0.415432	-0.356541	0.78722	0.78722	-3.10326	-0.699484	-0.557152
23	1.31973	0.130463	0.130463	-1.76886	-0.51384	-0.478303	0.783978	0.783978	-2.21639	-0.957971	-0.739441
23	1.22024	-0.0502518	-0.0502518	-2.03324	-0.420599	-0.356209	-0.301972	-0.301972	-2.54765	-0.970347	-0.769601
23	1.43588	0.200294	0.200294	-2.69829	-0.981829	-0.708622	1.2036	1.2036	-3.38096	-1.46438	-0.998426
23	1.21321	0.338313	0.338313	-1.69072	-0.147475	-0.119106	2.03298	2.03298	-2.11848	-0.305907	-0.211939
23	1.02777	0.483018	0.483018	-1.89402	0.254881	0.260588	2.90254	2.90254	-2.37321	0.907069	0.654141
23	1.44255	0.368311	0.368311	-2.37716	-0.612392	-0.353196	2.21324	2.21324	-2.97858	-0.892026	-0.53049
23	0.884521	0.137435	0.137435	-1.31688	-0.0896693	-0.0610893	0.825869	0.825869	-1.65006	-0.291927	-0.184243
23	0.652893	-0.212256	-0.212256	-1.60236	-0.449744	-0.38844	-1.27548	-1.27548	-2.00775	-1.41164	-1.25706
23	1.14006	-0.0125592	-0.0125592	-1.97764	-0.326066	-0.318402	-0.0754706	-0.0754706	-2.47798	-0.783818	-0.649661
23	0.821683	0.299354	0.299354	-1.34885	0.0883462	0.0989979	1.79887	1.79887	-1.69011	0.316966	0.297713
23	1.06518	0.010675	0.010675	-2.87637	-0.286486	-0.256806	0.0641478	0.0641478	-3.60409	-0.742524	-0.608092
23	0.847931	0.479707	0.479707	-1.33784	0.249014	0.264434	2.88264	2.88264	-1.67631	0.806306	0.732539
23	0.942273	-0.0187842	-0.0187842	-2.39423	-0.272514	-0.244434	-0.112878	-0.112878	-2.99997	-0.784593	-0.640744
23	1.75701	0.193328	0.0860344	-3.04993	-1.52478	-1.27749	1.16174	0.505632	-3.82157	-2.20875	-1.82784
23	0.990201	0.172943	0.172943	-1.95955	-0.0767299	-0.0358537	1.03925	1.03925	-2.45531	-0.194011	-0.107622
23	0.93738	0.20294	0.20294	-1.9484	-0.0289363	0.00808864	1.2195	1.2195	-2.44135	-0.0967531	0.0238525
23	0.484671	0.449458	0.449458	-0.852407	0.242168	0.279021	2.70087	2.70087	-1.06807	0.897494	0.988535
23	0.938801	-0.0786879	-0.0786879	-2.32993	-0.294548	-0.27192	-0.472849	-0.472849	-2.91941	-1.09451	-0.812018
23	1.06346	-0.230735	-0.230735	-1.62261	-0.480682	-0.534823	-1.38653	-1.38653	-2.03313	-1.44492	-1.19077
23	1.02712	0.0988658	0.0988658	-1.50197	-0.187255	-0.0989142	0.594102	0.594102	-1.88197	-0.538657	-0.31503
23	1.2076	0.573551	0.573551	-1.62991	0.0804461	0.155144	3.44657	3.44657	-2.04227	0.152829	0.288492
23	0.848403	-0.0477481	-0.0477481	-1.92348	-0.263191	-0.247571	-0.286927	-0.286927	-2.41012	-0.869275	-0.724147
23	1.3782	0.0970959	0.0970959	-2.469	-0.571806	-0.459924	0.583466	0.583466	-3.09366	-0.893154	-0.709849
23	0.776775	-0.0627378	-0.0627378	-1.4967	-0.265255	-0.263601	-0.377003	-0.377003	-1.87537	-1.00038	-0.803148
23	1.28067	0.022661	0.022661	-2.16073	-0.535174	-0.479743	0.136174	0.136174	-2.70739	-0.892748	-0.729208
23	1.09617	-0.0851609	-0.0851609	-1.88334	-0.449585	-0.370208	-0.511747	-0.511747	-2.35982	-1.01901	-0.85039
23	1.10797	0.25523	0.25523	-1.40688	-0.0738411	-0.0692724	1.53372	1.53372	-1.76282	-0.176897	-0.141614
23	1.04578	0.180238	0.180238	-1.26444	-0.0687698	-0.0447559	1.08308	1.08308	-1.58435	-0.208938	-0.116569
23	0.923817	0.0227899	0.0227899	-1.93882	-0.267515	-0.180755	0.136949	0.136949	-2.42934	-0.693354	-0.507937
23	0.541182	0.030392	0.030392	-0.981479	-0.165108	-0.126147	0.182631	0.182631	-1.22979	-0.633592	-0.473828
23	0.990723	0.159493	0.159493	-1.50133	-0.0718621	-0.00550822	0.958423	0.958423	-1.88117	-0.23212	-0.0172232
23	0.491775	-0.116675	-0.116675	-1.25271	-0.307422	-0.264286	-0.701122	-0.701122	-1.56965	-1.2076	-0.973434
23	1.36941	-0.104003	-0.104003	-2.85972	-0.844049	-0.769609	-0.624975	-0.624975	-3.58323	-1.24262	-1.11013
23	1.24172	0.204051	0.204051	-1.70342	-0.229959	-0.213779	1.22618	1.22618	-2.13439	-0.47068	-0.343675
23	0.662679	0.218077	0.218077	-1.70644	0.00861828	0.04407	1.31046	1.31046	-2.13817	0.0295712	0.151848
23	0.82162	0.383409	0.383409	-1.61481	0.180294	0.187272	2.30397	2.30397	-2.02336	0.629208	0.553862
23	1.14916	-0.0475287	-0.0475287	-3.19268	-0.345908	-0.3164	-0.285608	-0.285608	-4.00043	-0.900956	-0.768173
23	0.788167	-0.423426	-0.423426	-1.8358	-0.655944	-0.617387	-2.54444	-2.54444	-2.30026	-1.98459	-1.90274
23	1.03384	0.177487	0.177487	-2.09316	-0.0483865	-0.0386024	1.06655	1.06655	-2.62273	-0.16212	-0.105066
23	0.768755	0.120684	0.120684	-1.40503	-0.108183	-0.0688351	0.725212	0.725212	-1.7605	-0.379974	-0.19798
23	1.26954	0.143693	0.143693	-2.21484	-0.268815	-0.258838	0.863477	0.863477	-2.77519	-0.58611	-0.484837
23	0.73876	0.0675661	0.0675661	-1.43559	-0.163592	-0.13053	0.406016	0.406016	-1.79879	-0.523263	-0.413018
23	0.504557	0.141186	0.141186	-1.02407	-0.0508355	-0.0104722	0.848409	0.848409	-1.28315	-0.188852	-0.0398748
23	1.45169	0.283251	0.283251	-1.95327	-0.693561	-0.385805	1.70211	1.70211	-2.44744	-0.879909	-0.487641
23	0.970158	0.415775	0.415775	-2.09541	0.163614	0.207733	2.49847	2.49847	-2.62555	0.528061	0.582162
23	1.2096	0.11462	0.11462	-1.75933	-0.203877	-0.190534	0.688774	0.688774	-2.20445	-0.491021	-0.386659
23	1.36099	-0.0900164	-0.0900164	-2.33132	-1.04809	-0.725533	-0.540924	-0.540924	-2.92114	-1.39252	-1.03493
23	0.902056	0.266828	0.266828	-1.94913	0.0564376	0.0723233	1.60341	1.60341	-2.44226	0.205545	0.223449
23	1.30956	-0.149725	-0.149725	-1.91644	-0.609697	-0.654187	-0.899726	-0.899726	-2.4013	-1.21366	-1.01349
23	0.54347	0.0422174	0.0422174	-1.42906	-0.155944	-0.117075	0.253692	0.253692	-1.79061	-0.575147	-0.412861
23	1.52677	-0.255184	-0.255184	-1.93026	-1.23334	-1.03151	-1.53345	-1.53345	-2.41861	-1.55069	-1.38629
23	1.17677	0.109716	0.109716	-1.94907	-0.295039	-0.280413	0.659301	0.659301	-2.44219	-0.642188	-0.500558
23	1.10965	-0.0277297	-0.0277297	-2.13054	-0.357334	-0.271257	-0.166633	-0.166633	-2.66957	-0.92112	-0.688714
23	0.791509	-0.203474	-0.203474	-2.68725	-0.461016	-0.38735	-1.22271	-1.22271	-3.36713	-1.36284	-1.23328
23	0.627729	0.00701333	0.00701333	-1.66753	-0.213911	-0.182012	0.0421444	0.0421444	-2.08942	-0.717252	-0.598447
23	1.13408	-0.13543	-0.13543	-2.03692	-0.491984	-0.422956	-0.813826	-0.813826	-2.55226	-1.02164	-0.926858
23	1.2218	-0.0463762	-0.0463762	-2.48601	-0.491527	-0.375393	-0.278683	-0.278683	-3.11497	-0.902471	-0.676504
23	0.942845	0.220824	0.220824	-1.32555	-0.0447521	0.0243802	1.32697	1.32697	-1.66091	-0.132896	0.0661588
23	1.18793	0.136348	0.136348	-2.34774	-0.290592	-0.179243	0.819339	0.819339	-2.94172	-0.595722	-0.374452
23	1.39672	-0.19781	-0.19781	-2.26019	-0.821074	-0.750974	-1.18868	-1.18868	-2.83202	-1.27217	-1.14843
23	0.532144	0.121844	0.121844	-1.68052	-0.100157	-0.0816786	0.732183	0.732183	-2.10569	-0.343704	-0.25249
23	0.851637	-0.0316795	-0.0316795	-1.67448	-0.232971	-0.222674	-0.190368	-0.190368	-2.09813	-0.822719	-0.685205
23	1.68602	-0.0131102	-0.104677	-2.72693	-1.31819	-1.11765	-0.0787813	-0.615195	-3.41684	-1.63657	-1.20206
23	1.13891	0.0246124	0.0246124	-2.56085	-0.281851	-0.273878	0.1479	0.1479	-3.20875	-0.684398	-0.571981
23	1.48974	0.152576	0.152576	-2.31991	-0.997891	-0.839783	0.916858	0.916858	-2.90685	-1.31616	-1.08445
23	0.826823	0.137379	0.137379	-1.17873	-0.0835203	-0.0334758	0.825537	0.825537	-1.47695	-0.263051	-0.109825
23	0.90591	0.0242768	0.0242768	-1.56226	-0.178581	-0.161538	0.145884	0.145884	-1.95751	-0.623577	-0.532526
23	0.977979	-0.220753	-0.220753	-2.26877	-0.452555	-0.417351	-1.32654	-1.32654	-2.84277	-1.43245	-1.17416
23	0.619308	-0.00591343	-0.00591343	-1.60727	-0.183284	-0.166762	-0.0355349	-0.0355349	-2.0139	-0.711593	-0.604612
23	1.1686	-0.209131	-0.209131	-2.30493	-0.528357	-0.495056	-1.2567	-1.2567	-2.88808	-1.4746	-1.19984
23	1.45732	0.106227	0.106227	-1.68437	-0.856663	-0.762214	0.638335	0.638335	-2.11052	-1.30391	-1.18451
23	1.53835	0.11544	0.11544	-2.38703	-0.818477	-0.649654	0.693702	0.693702	-2.99095	-1.15697	-0.856043
23	1.08486	0.0896449	0.0896449	-1.59907	-0.175711	-0.118488	0.538692	0.538692	-2.00363	-0.468208	-0.327643
23	1.38898	-0.0275585	-0.0275585	-2.05565	-0.80014	-0.646895	-0.165604	-0.165604	-2.57573	-1.19453	-0.931811
23	0.892824	-0.135345	-0.135345	-1.98648	-0.36814	-0.346636	-0.813314	-0.813314	-2.48906	-1.09447	-0.993611
23	1.17194	-0.0541709	-0.0541709	-2.13888	-0.391195	-0.345516	-0.325523	-0.325523	-2.68002	-0.935108	-0.760491
23	0.826343	-0.14616	-0.14616	-1.93766	-0.366827	-0.327444	-0.878301	-0.878301	-2.42789	-1.22528	-0.99659
23	0.794089	-0.208967	-0.208967	-2.67923	-0.432342	-0.392877	-1.25572	-1.25572	-3.35707	-1.47753	-1.21969
23	0.956794	-0.238199	-0.238199	-2.89466	-0.443647	-0.478991	-1.43138	-1.43138	-3.62701	-1.49946	-1.20728
23	0.627724	0.469479	0.469479	-0.973262	0.283684	0.310059	2.82118	2.82118	-1.2195	0.996872	1.04236
23	0.989354	0.334312	0.334312	-1.96293	0.114487	0.131349	2.00894	2.00894	-2.45955	0.360445	0.416929
23	1.19079	0.257871	0.257871	-2.25866	-0.243176	-0.153507	1.54959	1.54959	-2.8301	-0.461896	-0.274084
23	1.49633	0.160526	0.160526	-1.53311	-1.12619	-0.97749	0.964632	0.964632	-1.92099	-1.67779	-1.4033
23	0.906366	0.132171	0.132171	-1.862	-0.0742654	-0.0487097	0.794241	0.794241	-2.33309	-0.25928	-0.150254
23	1.32628	-0.244865	-0.244865	-2.4494	-0.822019	-0.727351	-1.47144	-1.47144	-3.0691	-1.37308	-1.11979
23	0.910987	0.188374	0.188374	-1.77223	-0.0399177	-0.0237516	1.13197	1.13197	-2.2206	-0.139377	-0.0642411
23	0.956436	-0.269891	-0.269891	-1.76986	-0.499685	-0.482273	-1.62182	-1.62182	-2.21764	-1.67312	-1.30256
23	1.18045	0.0429308	0.0429308	-1.71469	-0.368762	-0.355907	0.257979	0.257979	-2.14851	-0.841986	-0.652508
23	0.660817	-0.0133731	-0.0133731	-2.22763	-0.225975	-0.211193	-0.0803615	-0.0803615	-2.79122	-0.751812	-0.65172
23	1.26753	0.182211	0.182211	-1.57226	-0.458552	-0.392234	1.09494	1.09494	-1.97004	-0.74709	-0.611829
23	0.883273	0.0867049	0.0867049	-1.68778	-0.12387	-0.11007	0.521025	0.521025	-2.11479	-0.400738	-0.343882
23	0.494928	-0.0681656	-0.0681656	-0.977458	-0.276927	-0.229535	-0.409619	-0.409619	-1.22475	-1.02028	-0.799114
23	0.660062	0.313914	0.313914	-1.19937	0.0882366	0.125129	1.88637	1.88637	-1.50281	0.303316	0.395004
23	0.798785	0.0793744	0.0793744	-1.46397	-0.155648	-0.0855667	0.476975	0.476975	-1.83436	-0.484344	-0.307936
23	1.48164	0.201659	0.201659	-1.79497	-0.513109	-0.512894	1.21181	1.21181	-2.24909	-0.780249	-0.691795
23	1.03345	-0.0763855	-0.0763855	-1.85966	-0.352847	-0.293397	-0.459014	-0.459014	-2.33016	-0.966476	-0.778685
23	1.42993	0.158275	0.158275	-2.79035	-0.767045	-0.564466	0.9511	0.9511	-3.49631	-1.02594	-0.732692
23	0.831347	-0.147882	-0.147882	-2.23933	-0.365569	-0.355265	-0.888648	-0.888648	-2.80588	-1.29418	-1.06001
23	1.09964	-0.162364	-0.162364	-1.92129	-0.410153	-0.429352	-0.975676	-0.975676	-2.40737	-1.30245	-1.00029
23	1.46219	-0.0504278	-0.0504278	-1.94363	-0.903505	-0.829685	-0.303029	-0.303029	-2.43536	-1.53051	-1.34658
23	0.654296	0.173857	0.173857	-1.13486	-0.00998076	0.00595594	1.04474	1.04474	-1.42198	-0.0392625	0.0205126
23	1.46574	0.0756771	0.0756771	-1.70842	-0.773324	-0.589412	0.454757	0.454757	-2.14064	-1.1688	-0.890777
23	0.74507	0.0787249	0.0787249	-1.86227	-0.137465	-0.109835	0.473072	0.473072	-2.33342	-0.462881	-0.3608
23	0.720403	0.0594482	0.0594482	-1.78213	-0.161856	-0.101202	0.357234	0.357234	-2.23301	-0.593807	-0.342407
23	0.57367	0.271676	0.271676	-1.76342	0.0735712	0.0817827	1.63255	1.63255	-2.20956	0.269045	0.238485
23	0.605971	0.298763	0.298763	-1.28494	0.102373	0.135202	1.79532	1.79532	-1.61003	0.396412	0.489624
23	0.808329	-0.12954	-0.12954	-1.59133	-0.351363	-0.320676	-0.778428	-0.778428	-1.99394	-1.18147	-1.02439
23	1.28278	0.0642815	0.0642815	-1.90752	-0.406484	-0.399326	0.386279	0.386279	-2.39012	-0.769001	-0.677288
23	0.561202	0.446809	0.446809	-1.45278	0.243157	0.255664	2.68496	2.68496	-1.82034	0.919162	0.783488
23	1.19325	0.0353758	0.0353758	-2.48717	-0.329459	-0.282232	0.21258	0.21258	-3.11643	-0.817075	-0.599329
23	0.595925	-0.0784039	-0.0784039	-1.68133	-0.269102	-0.260638	-0.471143	-0.471143	-2.10671	-0.996859	-0.827884
23	0.749593	0.153388	0.153388	-1.45797	-0.0540402	-0.0220466	0.921735	0.921735	-1.82684	-0.184193	-0.0674437
23	0.589708	0.0799772	0.0799772	-1.35774	-0.124999	-0.0784435	0.480597	0.480597	-1.70125	-0.477799	-0.280914
23	0.704203	0.168031	0.168031	-1.66011	-0.0195903	-0.0304817	1.00973	1.00973	-2.08012	-0.0789611	-0.0938323
23	1.50966	0.0155189	0.0155189	-2.98316	-0.868914	-0.685306	0.0932556	0.0932556	-3.7379	-1.17556	-0.932911
23	1.08189	-0.242816	-0.242816	-1.92819	-0.545263	-0.522644	-1.45912	-1.45912	-2.41602	-1.26695	-1.14644
23	1.23836	0.102674	0.102674	-1.5031	-0.282279	-0.267406	0.616987	0.616987	-1.88338	-0.65645	-0.581703
23	1.22042	0.363565	0.363565	-2.29127	-0.180999	-0.0234314	2.18473	2.18473	-2.87096	-0.306225	-0.0408025
23	1.22219	0.0659354	0.0659354	-2.01775	-0.400718	-0.325741	0.396217	0.396217	-2.52825	-0.801132	-0.646294
23	1.09327	-0.15338	-0.15338	-2.45221	-0.469375	-0.434649	-0.921685	-0.921685	-3.07261	-1.24543	-0.834748
23	1.04904	-0.0296738	-0.0296738	-2.56922	-0.322697	-0.265537	-0.178315	-0.178315	-3.21923	-0.887026	-0.642538
23	1.15782	0.0496741	0.0496741	-1.82351	-0.331106	-0.339687	0.298501	0.298501	-2.28486	-0.741527	-0.605608
23	0.773276	0.00643982	0.00643982	-2.27676	-0.22267	-0.187584	0.038698	0.038698	-2.85278	-0.691602	-0.585923
23	1.30577	0.3843	0.3843	-2.16645	-0.120493	-0.00570585	2.30933	2.30933	-2.71456	-0.224662	-0.0107907
23	0.74152	0.244428	0.244428	-1.29913	0.0357457	0.0743081	1.46881	1.46881	-1.62781	0.129842	0.258504
23	1.01743	0.106017	0.106017	-1.76127	-0.146128	-0.157337	0.637074	0.637074	-2.20687	-0.420151	-0.365795
23	0.810343	0.0608355	0.0608355	-1.84739	-0.140955	-0.147889	0.365571	0.365571	-2.31478	-0.485015	-0.407496
23	0.98969	0.332323	0.332323	-1.34645	0.0430151	0.133944	1.99699	1.99699	-1.6871	0.104152	0.405374
23	1.19332	0.140609	0.140609	-2.62575	-0.272056	-0.142182	0.844947	0.844947	-3.29007	-0.576037	-0.338534
23	1.0497	-0.0944688	-0.0944688	-2.77597	-0.382037	-0.336839	-0.56768	-0.56768	-3.47829	-1.05465	-0.851252
23	0.541196	-0.0867801	-0.0867801	-1.34186	-0.30417	-0.26614	-0.521477	-0.521477	-1.68135	-0.999104	-0.877353
23	0.640116	0.393587	0.393587	-1.58821	0.205571	0.217401	2.36513	2.36513	-1.99002	0.830172	0.732434
23	0.864316	-0.138183	-0.138183	-1.62686	-0.382633	-0.323373	-0.830364	-0.830364	-2.03845	-1.26122	-1.07927
23	0.455589	0.282066	0.282066	-1.03704	0.0960033	0.110392	1.69499	1.69499	-1.29941	0.35966	0.356789
23	1.24874	-0.285245	-0.285245	-2.90914	-0.688859	-0.628421	-1.71409	-1.71409	-3.64516	-1.51175	-1.40231
23	1.07809	0.369047	0.369047	-1.73868	0.0958099	0.153383	2.21767	2.21767	-2.17857	0.263777	0.410203
23	0.57792	-0.0926408	-0.0926408	-1.42166	-0.2963	-0.276054	-0.556695	-0.556695	-1.78134	-1.07514	-0.907215
23	1.08588	0.0975419	0.0975419	-1.63217	-0.167092	-0.129773	0.586147	0.586147	-2.04512	-0.497435	-0.34734
23	0.864607	0.0181658	0.0181658	-1.61435	-0.228212	-0.173646	0.109161	0.109161	-2.02279	-0.722701	-0.534039
23	0.9503	0.0669975	0.0669975	-1.67258	-0.160761	-0.143443	0.4026	0.4026	-2.09574	-0.518209	-0.423058
23	1.09193	0.242306	0.242306	-1.34953	-0.0627315	-0.0339345	1.45606	1.45606	-1.69096	-0.174165	-0.0759384
23	0.823428	-0.386309	-0.386309	-2.18785	-0.602837	-0.592649	-2.3214	-2.3214	-2.74137	-2.04331	-1.73145
23	0.624349	-0.24626	-0.24626	-1.62047	-0.45819	-0.427589	-1.47982	-1.47982	-2.03045	-1.84106	-1.44935
23	0.883555	-0.193058	-0.193058	-2.51226	-0.406034	-0.374567	-1.16012	-1.16012	-3.14786	-1.36349	-1.21787
23	0.737921	0.297024	0.297024	-1.26355	0.0836553	0.101347	1.78487	1.78487	-1.58322	0.299486	0.313788
23	0.910183	0.174004	0.174004	-1.78323	-0.0336401	-0.009602	1.04562	1.04562	-2.23439	-0.108407	-0.0290499
23	0.770994	0.412652	0.412652	-0.997335	0.166092	0.230338	2.4797	2.4797	-1.24966	0.49764	0.72832
23	0.626622	-0.0184855	-0.0184855	-1.43036	-0.256069	-0.196108	-0.111082	-0.111082	-1.79224	-0.830536	-0.657151
23	1.32693	0.451341	0.451341	-2.6808	-0.105898	-0.0370375	2.71219	2.71219	-3.35904	-0.201321	-0.0671427
23	1.14278	0.0259853	0.0259853	-2.14943	-0.270293	-0.25173	0.15615	0.15615	-2.69323	-0.668818	-0.554051
23	1.27797	-0.089205	-0.089205	-2.19483	-0.538837	-0.490258	-0.536049	-0.536049	-2.75012	-1.02389	-0.922992
23	1.18475	0.0291954	0.0291954	-2.29413	-0.39327	-0.303467	0.17544	0.17544	-2.87455	-0.768539	-0.616346
23	0.596004	-0.257184	-0.257184	-1.966	-0.458001	-0.406912	-1.54547	-1.54547	-2.4634	-1.79703	-1.4925
23	1.16644	0.236279	0.236279	-1.66697	-0.162122	-0.0919428	1.41984	1.41984	-2.08871	-0.353648	-0.185221
23	0.501235	0.415009	0.415009	-0.791274	0.22564	0.243724	2.49386	2.49386	-0.991466	0.868471	0.8077
23	0.937513	0.12459	0.12459	-1.33877	-0.129379	-0.0712442	0.748684	0.748684	-1.67748	-0.388582	-0.205931
23	0.704294	0.118831	0.118831	-1.44606	-0.0851266	-0.056708	0.714077	0.714077	-1.81192	-0.308467	-0.189775
23	0.823085	0.245326	0.245326	-1.77823	0.0510143	0.0380217	1.4742	1.4742	-2.22813	0.186722	0.101292
23	0.979868	-0.108956	-0.108956	-1.78012	-0.314071	-0.353804	-0.654738	-0.654738	-2.23049	-1.12017	-0.911466
23	1.20496	0.158274	0.158274	-2.13314	-0.250487	-0.180525	0.951098	0.951098	-2.67282	-0.533066	-0.349314
23	1.42185	0.0566796	0.0566796	-2.20029	-1.16361	-1.02384	0.340598	0.340598	-2.75696	-1.52917	-1.46335
23	1.09123	-0.198745	-0.198745	-2.63312	-0.612284	-0.438421	-1.1943	-1.1943	-3.2993	-1.25893	-1.0668
23	1.01388	-0.240631	-0.240631	-2.06882	-0.50193	-0.458429	-1.446	-1.446	-2.59223	-1.43229	-1.24515
23	1.3259	0.298315	0.298315	-1.95887	-0.167626	-0.0582164	1.79263	1.79263	-2.45446	-0.313887	-0.114659
23	0.970769	0.288263	0.288263	-1.05397	0.0618494	0.0834188	1.73222	1.73222	-1.32063	0.194616	0.229112
23	1.4212	0.235034	0.235034	-1.86905	-1.06182	-0.746505	1.41236	1.41236	-2.34192	-1.44771	-0.954184
23	1.17236	-0.159754	-0.159754	-1.87588	-0.572854	-0.513514	-0.959992	-0.959992	-2.35047	-1.17602	-1.0568
23	0.931206	0.131229	0.131229	-1.82349	-0.139466	-0.0563118	0.78858	0.78858	-2.28484	-0.420016	-0.167242
23	1.04773	-0.288653	-0.288653	-2.3293	-0.567299	-0.54605	-1.73456	-1.73456	-2.91861	-1.58979	-1.33459
23	1.08886	0.133848	0.133848	-1.90517	-0.121933	-0.116176	0.804317	0.804317	-2.38718	-0.372755	-0.290981
23	0.891841	-0.434882	-0.434882	-2.52345	-0.672596	-0.635028	-2.61328	-2.61328	-3.16188	-2.05433	-1.87337
23	0.928453	0.0356319	0.0356319	-2.09493	-0.203914	-0.187018	0.214118	0.214118	-2.62495	-0.677454	-0.527676
23	1.17128	0.19636	0.19636	-1.87037	-0.19972	-0.129581	1.17996	1.17996	-2.34357	-0.447921	-0.275871
23	1.18745	-0.296533	-0.296533	-1.98817	-0.830095	-0.683571	-1.78192	-1.78192	-2.49118	-1.46353	-1.28767
23	0.792338	0.0817313	0.0817313	-0.835885	-0.115538	-0.110884	0.491138	0.491138	-1.04736	-0.429614	-0.319889
23	0.676888	-0.0293037	-0.0293037	-2.11126	-0.242172	-0.223814	-0.176091	-0.176091	-2.6454	-0.81173	-0.718949
23	0.754388	-0.456615	-0.456615	-1.57697	-0.709968	-0.635174	-2.74388	-2.74388	-1.97594	-1.92001	-2.07426
23	0.463836	0.116629	0.116629	-0.945725	-0.074519	-0.0577856	0.700843	0.700843	-1.18499	-0.280742	-0.202829
23	0.940469	0.155409	0.155409	-1.5234	-0.0552858	-0.0671342	0.933878	0.933878	-1.90882	-0.205857	-0.189488
23	1.49742	0.0776424	0.0776424	-2.02814	-1.16919	-1.00534	0.466567	0.466567	-2.54126	-1.68699	-1.43463
23	0.981422	-0.180083	-0.180083	-2.19904	-0.393595	-0.431614	-1.08215	-1.08215	-2.7554	-1.42275	-1.13537
23	1.20299	-0.0583104	-0.0583104	-2.291	-0.549706	-0.468334	-0.350398	-0.350398	-2.87062	-1.05961	-0.876303
23	0.880177	-0.194523	-0.194523	-2.17032	-0.433458	-0.395961	-1.16892	-1.16892	-2.71941	-1.37398	-1.11136
23	0.643958	0.0262433	0.0262433	-1.29634	-0.186674	-0.150282	0.157701	0.157701	-1.62432	-0.656994	-0.501145
23	1.21752	0.178736	0.178736	-2.10839	-0.189868	-0.208731	1.07405	1.07405	-2.64182	-0.431364	-0.358308
23	1.28197	-0.0576777	-0.0576777	-1.69594	-0.509605	-0.466013	-0.346595	-0.346595	-2.12501	-1.11417	-0.880418
23	0.839465	0.231341	0.231341	-1.45856	0.0270532	0.0188607	1.39017	1.39017	-1.82758	0.092063	0.0523827
23	1.58684	-0.251772	-0.251772	-2.0948	-1.39797	-1.39761	-1.51294	-1.51294	-2.62478	-2.07064	-1.84334
23	1.19884	0.112351	0.112351	-2.32416	-0.264021	-0.301062	0.675139	0.675139	-2.91217	-0.578546	-0.508563
23	1.02377	0.0356513	0.0356513	-1.95866	-0.221674	-0.207909	0.214235	0.214235	-2.4542	-0.703177	-0.53166
23	0.613439	-0.10755	-0.10755	-1.3104	-0.305382	-0.290463	-0.646287	-0.646287	-1.64193	-1.16015	-0.949158
23	0.755156	0.0370389	0.0370389	-1.64836	-0.169234	-0.152399	0.222573	0.222573	-2.0654	-0.603605	-0.462294
23	0.76241	0.201555	0.201555	-1.9675	-0.0568295	-0.00835987	1.21118	1.21118	-2.46528	-0.173647	-0.0238057
23	1.0799	0.213969	0.213969	-2.39703	-0.100887	-0.0257353	1.28578	1.28578	-3.00348	-0.242273	-0.0606969
23	0.79347	0.198326	0.198326	-1.5197	-0.0748429	0.0106463	1.19178	1.19178	-1.90418	-0.205006	0.0351095
23	0.465046	-0.186058	-0.186058	-1.81842	-0.372239	-0.349058	-1.11805	-1.11805	-2.27848	-1.40097	-1.1192
23	1.08194	0.121863	0.121863	-2.18294	-0.191895	-0.125444	0.732298	0.732298	-2.73523	-0.500607	-0.305786
23	1.18048	0.0573071	0.0573071	-1.75392	-0.457832	-0.31361	0.344368	0.344368	-2.19766	-0.852665	-0.524924
23	1.3619	0.351407	0.351407	-1.9459	-0.813271	-0.491777	2.11167	2.11167	-2.43821	-1.14423	-0.672433
23	1.29597	0.030962	0.030962	-1.68428	-0.540121	-0.544121	0.186056	0.186056	-2.1104	-0.96106	-0.849493
23	0.961666	-0.295712	-0.295712	-2.42842	-0.575838	-0.521335	-1.77699	-1.77699	-3.04281	-1.57648	-1.48431
23	0.720083	0.151659	0.151659	-1.37758	-0.0654898	-0.0277397	0.911347	0.911347	-1.72611	-0.228423	-0.0894161
23	0.909792	0.0399215	0.0399215	-2.22179	-0.210267	-0.123481	0.239896	0.239896	-2.7839	-0.588957	-0.412076
23	1.26696	0.53359	0.53359	-1.49145	0.128914	0.14935	3.20644	3.20644	-1.86879	0.28039	0.293848
23	1.47804	0.166451	0.166451	-2.4921	-0.639361	-0.529855	1.00023	1.00023	-3.1226	-0.846028	-0.683776
23	0.829484	0.283639	0.283639	-1.07742	0.0334848	0.0533482	1.70444	1.70444	-1.35	0.10276	0.150138
23	0.371848	-0.272994	-0.272994	-1.09472	-0.471761	-0.440973	-1.64047	-1.64047	-1.37168	-1.80126	-1.52902
23	0.726577	-0.040664	-0.040664	-1.38405	-0.250249	-0.261435	-0.244357	-0.244357	-1.73421	-0.931286	-0.729736
23	0.823905	0.156923	0.156923	-1.58164	-0.0547207	-0.0700203	0.942979	0.942979	-1.9818	-0.194187	-0.184926
23	0.711968	-0.106984	-0.106984	-2.42124	-0.368401	-0.30735	-0.642888	-0.642888	-3.03381	-1.12819	-0.941577
23	0.927002	0.0117607	0.0117607	-1.29679	-0.196865	-0.212081	0.0706724	0.0706724	-1.62488	-0.676537	-0.553911
23	0.815951	-0.124608	-0.124608	-2.32606	-0.378408	-0.328112	-0.748792	-0.748792	-2.91455	-1.20077	-0.922808
23	1.23522	0.135511	0.135511	-1.19588	-0.242254	-0.201673	0.81431	0.81431	-1.49844	-0.532255	-0.412028
23	0.875342	-0.12748	-0.12748	-1.58505	-0.359629	-0.344138	-0.766048	-0.766048	-1.98607	-1.17436	-0.85975
23	0.681726	0.166418	0.166418	-1.75157	-0.0283127	0.0113563	1.00004	1.00004	-2.19471	-0.107451	0.0396358
23	0.799196	0.232661	0.232661	-1.55102	0.0176379	0.0311742	1.3981	1.3981	-1.94343	0.058031	0.0954877
23	1.00442	-0.00492182	-0.00492182	-1.67719	-0.200944	-0.224518	-0.0295761	-0.0295761	-2.10152	-0.734773	-0.599241
23	0.463862	-0.104322	-0.104322	-1.38368	-0.315159	-0.280125	-0.626888	-0.626888	-1.73375	-1.1747	-0.870234
23	0.962068	0.145063	0.145063	-3.29924	-0.0756439	-0.0599031	0.871707	0.871707	-4.13394	-0.228781	-0.182444
23	0.901759	-0.101604	-0.101604	-1.58584	-0.349297	-0.295217	-0.610559	-0.610559	-1.98706	-1.12349	-0.971878
23	0.665874	0.0176862	0.0176862	-1.21183	-0.171764	-0.163311	0.106279	0.106279	-1.51843	-0.653989	-0.518193
23	1.26813	0.0279532	0.0279532	-2.15583	-0.44057	-0.344617	0.167976	0.167976	-2.70126	-0.815623	-0.660991
23	0.885667	-0.0651619	-0.0651619	-2.21902	-0.307737	-0.266443	-0.391569	-0.391569	-2.78043	-0.899371	-0.760904
23	0.954903	-0.0253794	-0.0253794	-2.17313	-0.24402	-0.196757	-0.152509	-0.152509	-2.72293	-0.877332	-0.620971
23	1.11666	0.136645	0.136645	-2.37577	-0.193344	-0.147178	0.821122	0.821122	-2.97684	-0.455032	-0.337094
23	0.827165	0.423664	0.423664	-0.975584	0.174042	0.240422	2.54587	2.54587	-1.22241	0.553603	0.769463
23	1.0448	0.0415866	0.0415866	-1.79492	-0.231881	-0.147105	0.249901	0.249901	-2.24903	-0.611884	-0.409116
23	0.959596	0.615493	0.615493	-2.00864	0.362512	0.417782	3.69861	3.69861	-2.51682	1.1276	1.1976
23	0.610527	-0.208398	-0.208398	-1.86756	-0.436693	-0.386744	-1.2523	-1.2523	-2.34006	-1.53761	-1.22193
23	0.739306	-0.155805	-0.155805	-1.72967	-0.386106	-0.353391	-0.93626	-0.93626	-2.16727	-1.22857	-1.11099
23	1.23118	0.187298	0.187298	-1.99584	-0.345394	-0.324297	1.1255	1.1255	-2.50079	-0.617023	-0.538245
23	1.23565	-0.131243	-0.131243	-2.53344	-0.567057	-0.508379	-0.788661	-0.788661	-3.1744	-1.14538	-0.911105
23	1.29018	-0.126741	-0.126741	-1.88438	-0.892425	-0.706486	-0.761609	-0.761609	-2.36112	-1.42407	-1.13015
23	1.38245	0.299683	0.299683	-3.14347	-0.321857	-0.212906	1.80085	1.80085	-3.93877	-0.571761	-0.371231
23	0.76733	0.175403	0.175403	-1.60238	-0.0623106	-0.0368862	1.05403	1.05403	-2.00778	-0.185876	-0.0997759
23	0.425641	0.0451331	0.0451331	-1.65723	-0.163993	-0.128915	0.271213	0.271213	-2.07651	-0.603692	-0.460648
23	1.08572	0.0347437	0.0347437	-1.85148	-0.25048	-0.207979	0.208781	0.208781	-2.3199	-0.660626	-0.495485
23	1.19108	-0.193493	-0.193493	-2.24971	-0.583692	-0.53467	-1.16274	-1.16274	-2.81889	-1.18756	-1.07395
23	0.61947	0.1838	0.1838	-1.23373	-0.0444554	0.0116974	1.10448	1.10448	-1.54586	-0.156992	0.0380848
23	1.20169	0.129765	0.129765	-2.18586	-0.251222	-0.184787	0.779778	0.779778	-2.73888	-0.548831	-0.403146
23	1.02558	-0.232909	-0.232909	-2.07962	-0.457186	-0.450693	-1.39959	-1.39959	-2.60577	-1.37917	-1.22957
32	0.894329	-0.155355	-0.155355	-1.72959	-0.36963	-0.36675	-1.10116	-1.10116	-2.16718	-1.3683	-1.13819
32	0.753178	0.010085	0.010085	-2.057	-0.174257	-0.1594	0.0714829	0.0714829	-2.57742	-0.693705	-0.585173
32	1.26016	-0.0946238	-0.0946238	-2.13138	-0.704333	-0.561909	-0.670697	-0.670697	-2.67062	-1.19243	-0.97455
32	0.669053	0.274574	0.274574	-1.35517	0.107344	0.111721	1.94619	1.94619	-1.69803	0.476452	0.400291
32	0.90766	0.326068	0.326068	-1.62548	0.112795	0.137828	2.31118	2.31118	-2.03673	0.383947	0.434499
32	1.06465	0.576198	0.576198	-1.4301	0.346659	0.326295	4.08412	4.08412	-1.79192	1.15005	0.867979
32	0.914702	0.135273	0.135273	-1.64193	-0.0789153	-0.026308	0.958818	0.958818	-2.05733	-0.28724	-0.0944931
32	0.912128	0.0887342	0.0887342	-2.38864	-0.115927	-0.1102	0.628952	0.628952	-2.99296	-0.427129	-0.357916
32	1.57339	0.0148441	-0.0973991	-2.64716	-0.796998	-0.82379	0.105215	-0.679496	-3.31689	-1.25317	-1.16818
32	1.11807	-0.00357301	-0.00357301	-2.17377	-0.34206	-0.289432	-0.0253256	-0.0253256	-2.72374	-0.886153	-0.699984
32	1.03719	0.290618	0.290618	-2.52285	0.030771	0.0613365	2.05991	2.05991	-3.16114	0.0967635	0.179827
32	0.698569	-0.0912868	-0.0912868	-1.83992	-0.29109	-0.242204	-0.647044	-0.647044	-2.30542	-1.08109	-0.88792
32	0.805139	-0.123326	-0.123326	-1.60292	-0.35347	-0.322153	-0.87414	-0.87414	-2.00846	-1.18059	-0.998224
32	1.12163	-0.142404	-0.142404	-2.46202	-0.477992	-0.380454	-1.00937	-1.00937	-3.08491	-1.20064	-0.979886
32	1.02209	-0.204809	-0.204809	-2.33627	-0.425026	-0.38957	-1.45169	-1.45169	-2.92734	-1.38204	-1.30724
32	1.61884	0.61747	0.544662	-1.89627	-0.715751	-0.465683	4.37665	3.79979	-2.37603	-0.925149	-0.597571
32	1.08302	-0.114235	-0.114235	-1.90036	-0.436594	-0.413419	-0.809702	-0.809702	-2.38116	-1.1061	-1.03368
32	0.719465	0.021244	0.021244	-1.58116	-0.189315	-0.159606	0.150578	0.150578	-1.98119	-0.663982	-0.530722
32	1.12634	0.277638	0.277638	-2.10319	0.00135227	-0.0511233	1.96791	1.96791	-2.6353	0.00382603	-0.103741
32	1.31344	0.102723	0.102723	-2.47341	-0.530538	-0.448352	0.728104	0.728104	-3.09918	-0.939304	-0.704193
32	0.808409	0.0537047	0.0537047	-1.67221	-0.149466	-0.128631	0.380661	0.380661	-2.09528	-0.582894	-0.414146
32	1.35885	-0.0574708	-0.0574708	-2.36269	-1.00394	-0.752297	-0.407355	-0.407355	-2.96045	-1.40621	-1.10922
32	1.26577	0.111743	0.111743	-2.12774	-0.659058	-0.412908	0.792037	0.792037	-2.66606	-1.14046	-0.68696
32	0.977143	-0.219205	-0.219205	-2.58855	-0.446178	-0.426027	-1.55374	-1.55374	-3.24346	-1.53595	-1.20138
32	1.2071	0.497092	0.497092	-1.78561	0.101058	0.141377	3.52341	3.52341	-2.23737	0.221965	0.290961
32	0.962854	-0.185195	-0.185195	-2.69367	-0.38382	-0.352529	-1.31267	-1.31267	-3.37517	-1.43119	-1.18574
32	1.19878	-0.310937	-0.310937	-2.79309	-0.730922	-0.767122	-2.20393	-2.20393	-3.49975	-1.56825	-1.44675
32	1.00994	0.0376278	0.0376278	-1.94205	-0.198679	-0.156027	0.266707	0.266707	-2.43338	-0.595699	-0.480007
32	1.16227	0.0164469	0.0164469	-2.31825	-0.398974	-0.314833	0.116576	0.116576	-2.90476	-0.845963	-0.683516
32	1.21702	-0.0641124	-0.0641124	-2.58435	-0.453462	-0.412195	-0.454431	-0.454431	-3.23819	-1.05381	-0.882165
32	1.02153	0.0386261	0.0386261	-2.19653	-0.222856	-0.214501	0.273783	0.273783	-2.75226	-0.675783	-0.542246
32	1.51407	0.345869	0.260851	-2.10821	-0.788004	-0.528427	2.45153	1.81981	-2.64158	-1.20152	-0.740921
32	0.709118	0.188203	0.188203	-1.6768	-0.0340729	0.0268689	1.33399	1.33399	-2.10103	-0.122497	0.0933375
32	0.712368	0.376344	0.376344	-1.07423	0.177811	0.225771	2.66754	2.66754	-1.34601	0.670056	0.856109
32	0.758858	0.293397	0.293397	-1.40853	0.0795583	0.130748	2.07961	2.07961	-1.76489	0.299752	0.493466
32	0.999669	0.254229	0.254229	-1.56487	0.00947086	0.0386193	1.80198	1.80198	-1.96078	0.0309151	0.108976
32	1.03182	0.120498	0.120498	-2.3885	-0.12689	-0.0974904	0.854096	0.854096	-2.99279	-0.400565	-0.254918
32	1.10597	0.189617	0.189617	-1.4994	-0.112259	-0.0756826	1.34401	1.34401	-1.87874	-0.291766	-0.198832
32	1.02186	0.16816	0.16816	-2.64518	-0.108452	-0.00755209	1.19192	1.19192	-3.31441	-0.305924	-0.0261885
32	0.766744	-0.0313219	-0.0313219	-1.44859	-0.23525	-0.182573	-0.222011	-0.222011	-1.81509	-0.847134	-0.681761
32	0.958623	-0.154897	-0.154897	-2.3651	-0.364944	-0.368383	-1.09792	-1.09792	-2.96347	-1.25404	-1.02086
32	1.19522	-0.153248	-0.153248	-3.2681	-0.564987	-0.609377	-1.08623	-1.08623	-4.09492	-1.27626	-1.10627
32	1.21239	-0.128787	-0.128787	-2.30214	-0.50398	-0.504502	-0.912844	-0.912844	-2.88458	-1.26309	-1.02901
32	1.11368	-0.0220076	-0.0220076	-2.8999	-0.368945	-0.302321	-0.155991	-0.155991	-3.63357	-0.886634	-0.707493
32	0.933992	0.208849	0.208849	-1.64113	-0.028156	0.0351731	1.48033	1.48033	-2.05633	-0.0972546	0.121292
32	0.994024	-0.0310316	-0.0310316	-2.70977	-0.287472	-0.205523	-0.219953	-0.219953	-3.39534	-0.912592	-0.646102
32	0.860531	0.120676	0.120676	-1.84306	-0.103766	-0.0675071	0.855353	0.855353	-2.30935	-0.350288	-0.216882
32	1.16566	0.241161	0.241161	-1.93917	-0.213131	-0.0731037	1.70936	1.70936	-2.42977	-0.468723	-0.165958
32	0.767131	-0.251518	-0.251518	-2.03761	-0.449257	-0.440334	-1.78277	-1.78277	-2.55313	-1.59378	-1.44021
32	1.38456	-0.250488	-0.250488	-2.38339	-1.26864	-1.18003	-1.77547	-1.77547	-2.98639	-1.80292	-1.49116
32	1.08848	0.431077	0.431077	-2.11542	0.139877	0.18264	3.05549	3.05549	-2.65062	0.391566	0.472169
32	0.924243	-0.12853	-0.12853	-1.69275	-0.310605	-0.310059	-0.911027	-0.911027	-2.12102	-1.22626	-1.0236
32	1.27527	0.27788	0.27788	-1.88789	-0.342029	-0.147817	1.96962	1.96962	-2.36553	-0.584162	-0.263788
32	1.23786	0.150943	0.150943	-2.15375	-0.316759	-0.200814	1.06989	1.06989	-2.69864	-0.642158	-0.416151
32	0.85785	0.22615	0.22615	-2.39243	0.00983537	0.0375888	1.60296	1.60296	-2.99772	0.0355308	0.122049
32	1.13113	0.0104137	0.0104137	-2.25941	-0.375884	-0.32147	0.0738125	0.0738125	-2.83104	-0.800188	-0.654376
32	1.01236	0.260249	0.260249	-2.13962	0.0462856	0.0649257	1.84465	1.84465	-2.68094	0.166467	0.213402
32	0.808713	0.154395	0.154395	-2.06691	-0.0318383	-0.033229	1.09436	1.09436	-2.58984	-0.129947	-0.104577
32	1.02455	0.11055	0.11055	-2.53644	-0.131482	-0.115347	0.783583	0.783583	-3.17815	-0.390271	-0.340403
32	0.885827	-0.063796	-0.063796	-2.2509	-0.269164	-0.296783	-0.452188	-0.452188	-2.82038	-1.01067	-0.865683
32	0.740383	-0.0599197	-0.0599197	-2.02401	-0.273045	-0.220526	-0.424713	-0.424713	-2.53608	-0.96271	-0.809788
32	0.705358	0.357942	0.357942	-1.99841	0.154708	0.204094	2.53711	2.53711	-2.50401	0.612471	0.771157
32	0.760831	0.241141	0.241141	-1.82721	0.0327799	0.0478278	1.70921	1.70921	-2.28949	0.125601	0.153765
32	0.950512	0.0672738	0.0672738	-1.91897	-0.156684	-0.123443	0.476839	0.476839	-2.40447	-0.52206	-0.372101
32	0.659634	0.229892	0.229892	-1.4105	0.0186379	0.0557182	1.62948	1.62948	-1.76736	0.071688	0.191422
32	0.913754	-0.0226822	-0.0226822	-2.56536	-0.267398	-0.235569	-0.160772	-0.160772	-3.21439	-0.766266	-0.679686
32	0.94652	-0.0338836	-0.0338836	-2.20611	-0.244963	-0.230138	-0.240168	-0.240168	-2.76426	-0.873137	-0.749383
32	1.06576	-0.174052	-0.174052	-2.1337	-0.49048	-0.428132	-1.23369	-1.23369	-2.67352	-1.18846	-1.01312
32	1.1042	0.658472	0.658472	-2.10209	0.371849	0.432232	4.66728	4.66728	-2.63391	1.06587	1.21374
32	1.47651	-0.2003	-0.2003	-2.46891	-1.18452	-0.911844	-1.41974	-1.41974	-3.09354	-1.6695	-1.35649
32	0.826888	0.0368366	0.0368366	-2.14857	-0.162724	-0.142532	0.261099	0.261099	-2.69216	-0.628825	-0.473057
32	0.895157	-0.134355	-0.134355	-2.42691	-0.336097	-0.325792	-0.952316	-0.952316	-3.04092	-1.23148	-1.15266
32	1.05487	0.0683723	0.0683723	-2.00854	-0.180836	-0.177824	0.484626	0.484626	-2.5167	-0.587769	-0.406912
32	1.01191	0.271757	0.271757	-1.86864	0.0298775	0.0386563	1.92622	1.92622	-2.3414	0.100855	0.109965
32	0.796039	0.152509	0.152509	-1.45092	-0.0273987	-0.0282204	1.08099	1.08099	-1.81801	-0.117581	-0.0882187
32	1.11182	-0.0745982	-0.0745982	-2.22403	-0.368131	-0.324384	-0.528755	-0.528755	-2.78671	-0.949964	-0.795611
32	1.44567	0.332858	0.332858	-2.70043	-0.566455	-0.274407	2.35931	2.35931	-3.38364	-0.746123	-0.464408
32	1.2198	-0.0388237	-0.0388237	-2.12027	-0.5642	-0.548523	-0.275184	-0.275184	-2.6567	-1.00791	-0.894159
32	1.08635	0.150856	0.150856	-2.15274	-0.10183	-0.107352	1.06927	1.06927	-2.69739	-0.320491	-0.275937
32	1.06359	-0.00224516	-0.00224516	-1.74268	-0.247983	-0.208863	-0.0159138	-0.0159138	-2.18358	-0.777604	-0.612775
32	1.0246	0.179702	0.179702	-2.05125	-0.077569	-0.0346413	1.27374	1.27374	-2.57022	-0.21679	-0.107204
32	0.993824	-0.234361	-0.234361	-2.0715	-0.501767	-0.417895	-1.66116	-1.66116	-2.59559	-1.3962	-1.37034
32	0.987743	0.0449165	0.0449165	-2.06456	-0.227665	-0.155135	0.31837	0.31837	-2.58689	-0.72117	-0.43712
32	0.955902	0.0254831	0.0254831	-1.84496	-0.209098	-0.163702	0.180625	0.180625	-2.31173	-0.689102	-0.526218
32	1.1769	0.0859513	0.0859513	-2.69324	-0.422864	-0.29541	0.609226	0.609226	-3.37462	-0.806827	-0.604536
32	0.846067	-0.182246	-0.182246	-1.91476	-0.360117	-0.362111	-1.29176	-1.29176	-2.39919	-1.38114	-1.24055
32	0.707572	-0.25926	-0.25926	-1.56091	-0.450814	-0.42037	-1.83764	-1.83764	-1.95582	-1.77198	-1.59412
32	1.34284	0.202435	0.202435	-2.24427	-0.470338	-0.331244	1.43487	1.43487	-2.81207	-0.828211	-0.541222
32	0.861625	0.339209	0.339209	-1.72851	0.152875	0.122056	2.40433	2.40433	-2.16582	0.620455	0.353584
32	0.852558	0.0366976	0.0366976	-2.06527	-0.184538	-0.146861	0.260114	0.260114	-2.58778	-0.632254	-0.48367
32	0.651183	-0.131553	-0.131553	-1.28658	-0.322949	-0.31497	-0.932451	-0.932451	-1.61209	-1.3582	-1.1885
32	1.25205	-0.0409055	-0.0409055	-2.98622	-0.687636	-0.497852	-0.28994	-0.28994	-3.74174	-1.17213	-0.872258
32	1.32268	-0.100246	-0.100246	-2.65355	-0.960424	-0.79648	-0.710549	-0.710549	-3.3249	-1.45949	-1.17292
32	1.00655	0.00422812	0.00422812	-1.80054	-0.247533	-0.207455	0.0299691	0.0299691	-2.25608	-0.737998	-0.581076
32	0.757541	-0.212606	-0.212606	-2.12803	-0.406611	-0.403699	-1.50696	-1.50696	-2.66642	-1.53496	-1.33284
32	0.991178	0.153707	0.153707	-1.66737	-0.0749968	-0.0224039	1.08948	1.08948	-2.08921	-0.236484	-0.072077
32	0.963849	0.0881727	0.0881727	-1.91227	-0.151645	-0.126798	0.624971	0.624971	-2.39608	-0.498348	-0.376119
32	0.932257	0.0562086	0.0562086	-1.57695	-0.171608	-0.132165	0.398409	0.398409	-1.97592	-0.565212	-0.394615
32	1.01934	0.0518595	0.0518595	-2.39646	-0.220061	-0.166805	0.367582	0.367582	-3.00277	-0.688894	-0.474147
32	1.144	0.406528	0.406528	-1.61407	0.062453	0.0768628	2.88149	2.88149	-2.02243	0.157405	0.170275
32	0.632653	0.242966	0.242966	-1.08566	0.0508943	0.0778803	1.72215	1.72215	-1.36033	0.21694	0.281896
32	1.38274	-0.0383251	-0.0383251	-2.82021	-0.764879	-0.736886	-0.27165	-0.27165	-3.53372	-1.23404	-1.08558
32	1.25171	-0.0242659	-0.0242659	-2.37174	-0.510139	-0.448842	-0.171997	-0.171997	-2.97178	-1.07381	-0.82775
32	1.03763	0.107013	0.107013	-2.26444	-0.138799	-0.116853	0.75851	0.75851	-2.83735	-0.440663	-0.320659
32	0.996732	0.212896	0.212896	-1.50604	-0.0229441	0.0124588	1.50902	1.50902	-1.88707	-0.0758669	0.0387617
32	0.740117	0.180282	0.180282	-1.69987	-0.0330766	0.0026795	1.27784	1.27784	-2.12994	-0.11551	0.00872938
32	0.70056	-0.155438	-0.155438	-1.50612	-0.331041	-0.327061	-1.10175	-1.10175	-1.88717	-1.36194	-1.1222
32	1.00139	-0.0595399	-0.0595399	-1.94095	-0.294755	-0.28427	-0.422021	-0.422021	-2.43201	-0.982464	-0.744828
32	0.895436	0.0660041	0.0660041	-1.67422	-0.164802	-0.1199	0.46784	0.46784	-2.0978	-0.515084	-0.390885
32	0.861977	0.145245	0.145245	-1.39317	-0.0694509	-0.0642499	1.0295	1.0295	-1.74564	-0.253996	-0.20007
32	0.913081	0.0918062	0.0918062	-2.3307	-0.158898	-0.100406	0.650726	0.650726	-2.92037	-0.461012	-0.315093
32	1.2762	0.092968	0.092968	-1.81874	-0.474036	-0.404342	0.658961	0.658961	-2.27888	-0.985148	-0.722893
32	1.26549	0.386438	0.386438	-1.40966	-0.134906	-0.00362356	2.73908	2.73908	-1.7663	-0.254218	-0.00663626
32	1.27541	-0.146087	-0.146087	-1.83636	-0.849895	-0.690386	-1.03547	-1.03547	-2.30096	-1.41687	-1.08644
32	1.4805	0.0138134	0.0138134	-2.03687	-0.910606	-0.762285	0.0979103	0.0979103	-2.5522	-1.31239	-1.07031
32	0.910926	0.0232675	0.0232675	-1.78336	-0.239896	-0.160501	0.164921	0.164921	-2.23455	-0.74335	-0.516647
32	1.24435	-0.30532	-0.30532	-2.14902	-0.835825	-0.762569	-2.16412	-2.16412	-2.69272	-1.68982	-1.42275
32	0.925645	-0.0156748	-0.0156748	-1.81832	-0.246788	-0.231803	-0.111104	-0.111104	-2.27835	-0.792213	-0.739013
32	1.06329	-0.051768	-0.051768	-1.88619	-0.300647	-0.260243	-0.366933	-0.366933	-2.36339	-0.919921	-0.762445
32	1.54753	0.343772	0.263609	-2.98966	-0.917462	-0.477153	2.43667	1.83905	-3.74605	-1.28441	-0.721093
32	0.651611	0.212403	0.212403	-1.31072	0.0392214	0.0366046	1.50552	1.50552	-1.64233	0.162348	0.12327
32	0.751665	0.364768	0.364768	-1.19691	0.166042	0.168692	2.58549	2.58549	-1.49973	0.630219	0.534811
32	0.777981	-0.109283	-0.109283	-2.05813	-0.287378	-0.302113	-0.774604	-0.774604	-2.57884	-1.13602	-0.92634
32	0.809435	-0.0117226	-0.0117226	-2.06822	-0.208343	-0.173247	-0.08309	-0.08309	-2.59149	-0.782086	-0.591659
32	1.15651	0.206119	0.206119	-1.46993	-0.187279	-0.0943241	1.46098	1.46098	-1.84182	-0.456028	-0.218301
32	1.2306	0.148355	0.148355	-2.27288	-0.318858	-0.187213	1.05154	1.05154	-2.84791	-0.557052	-0.392393
32	1.30633	0.0680411	0.0680411	-2.13978	-0.688882	-0.52638	0.482278	0.482278	-2.68115	-1.16695	-0.837781
32	0.970502	0.166605	0.166605	-2.40001	-0.0690471	-0.0513902	1.1809	1.1809	-3.00721	-0.213804	-0.146673
32	0.919025	0.192607	0.192607	-1.92507	-0.0486885	-0.003595	1.36521	1.36521	-2.41211	-0.161683	-0.0112749
32	0.855144	0.116979	0.116979	-1.47245	-0.102322	-0.0521051	0.829151	0.829151	-1.84498	-0.364849	-0.175033
32	0.963263	-0.238317	-0.238317	-2.81966	-0.430896	-0.448347	-1.6892	-1.6892	-3.53304	-1.61763	-1.35847
32	0.911208	-0.0373658	-0.0373658	-2.12706	-0.291044	-0.236682	-0.264851	-0.264851	-2.6652	-0.897776	-0.767289
32	0.838352	0.166591	0.166591	-1.47432	-0.0422774	0.00328817	1.1808	1.1808	-1.84732	-0.15706	0.0113723
32	0.902919	0.231363	0.231363	-1.47271	-0.00241512	0.0310414	1.63991	1.63991	-1.8453	-0.00805542	0.0941393
32	0.882406	0.0656841	0.0656841	-2.02891	-0.142566	-0.114926	0.465571	0.465571	-2.54223	-0.510246	-0.372354
32	1.00652	0.0495804	0.0495804	-1.91487	-0.167949	-0.121099	0.351428	0.351428	-2.39934	-0.57884	-0.397257
32	0.44672	0.018769	0.018769	-1.90138	-0.161375	-0.139283	0.133036	0.133036	-2.38243	-0.718463	-0.517008
32	0.72553	0.00123529	0.00123529	-1.53069	-0.181637	-0.192793	0.00875579	0.00875579	-1.91795	-0.768015	-0.581931
32	0.913913	-0.0205855	-0.0205855	-1.68572	-0.250827	-0.219237	-0.145911	-0.145911	-2.11221	-0.864738	-0.64748
32	0.767994	0.047378	0.047378	-1.52164	-0.152536	-0.124216	0.335817	0.335817	-1.90661	-0.599035	-0.426433
32	0.736953	-0.0921119	-0.0921119	-1.97797	-0.308974	-0.27554	-0.652892	-0.652892	-2.4784	-1.15003	-0.889133
32	0.819131	0.334827	0.334827	-1.79078	0.134791	0.146577	2.37327	2.37327	-2.24385	0.499781	0.485395
32	0.893783	-0.0782119	-0.0782119	-1.70481	-0.307775	-0.281236	-0.554369	-0.554369	-2.13612	-1.02961	-0.7831
32	0.760067	0.0358032	0.0358032	-2.49848	-0.159602	-0.134138	0.253775	0.253775	-3.1306	-0.637183	-0.449286
32	0.608301	0.289586	0.289586	-1.86845	0.110178	0.146429	2.0526	2.0526	-2.34117	0.476368	0.592053
32	1.27812	-0.245685	-0.245685	-2.5168	-0.837295	-0.712406	-1.74143	-1.74143	-3.15355	-1.48038	-1.23305
32	0.811413	0.0185779	0.0185779	-2.26121	-0.172231	-0.172735	0.131681	0.131681	-2.83329	-0.682104	-0.545472
32	0.389422	0.0859811	0.0859811	-1.2979	-0.0893129	-0.0446907	0.609437	0.609437	-1.62627	-0.353733	-0.204377
32	0.667057	0.273015	0.273015	-1.55652	0.0640227	0.0990172	1.93514	1.93514	-1.95032	0.220861	0.361701
32	0.937116	0.261641	0.261641	-2.25947	-0.00743725	0.0575337	1.85452	1.85452	-2.83112	-0.0220393	0.161358
32	0.80309	0.389143	0.389143	-1.54791	0.19524	0.224918	2.75826	2.75826	-1.93953	0.731848	0.815468
32	0.90486	-0.17008	-0.17008	-2.50818	-0.380333	-0.353329	-1.20553	-1.20553	-3.14275	-1.33546	-1.16447
32	1.46755	0.136553	0.136553	-1.86578	-0.849838	-0.734583	0.967894	0.967894	-2.33783	-1.27166	-1.12823
32	0.943768	0.0475869	0.0475869	-2.10948	-0.203859	-0.153752	0.337298	0.337298	-2.64318	-0.694843	-0.520156
32	0.802948	0.166352	0.166352	-2.12441	-0.0487981	0.00503394	1.17911	1.17911	-2.66188	-0.17889	0.0191305
32	0.885414	0.064567	0.064567	-1.68272	-0.126558	-0.1127	0.457653	0.457653	-2.10845	-0.519728	-0.400327
32	1.13842	0.363937	0.363937	-2.26099	-0.0224432	0.0955566	2.5796	2.5796	-2.83302	-0.0508741	0.235376
32	1.233	0.136712	0.136712	-2.58334	-0.384116	-0.256154	0.969017	0.969017	-3.23693	-0.720137	-0.484334
32	0.95388	-0.186075	-0.186075	-2.07292	-0.406038	-0.408226	-1.3189	-1.3189	-2.59737	-1.50397	-1.10541
32	0.742795	0.0503677	0.0503677	-1.39528	-0.129008	-0.126227	0.357008	0.357008	-1.74829	-0.517761	-0.434287
32	0.963789	0.0179577	0.0179577	-1.80382	-0.185186	-0.242576	0.127285	0.127285	-2.26019	-0.663732	-0.60276
32	0.759322	0.355946	0.355946	-1.86476	0.1436	0.167576	2.52296	2.52296	-2.33654	0.545868	0.533432
32	0.843045	0.352647	0.352647	-2.70834	0.141852	0.179144	2.49957	2.49957	-3.39355	0.512199	0.616027
32	1.02256	-0.238107	-0.238107	-2.55377	-0.464029	-0.430245	-1.68771	-1.68771	-3.19987	-1.55476	-1.34818
32	1.12138	0.107011	0.107011	-2.02536	-0.216373	-0.136638	0.758501	0.758501	-2.53778	-0.555123	-0.353456
32	1.60271	-0.238265	-0.312992	-2.73211	-1.57364	-1.30538	-1.68883	-2.18356	-3.42334	-2.42329	-1.79733
32	0.952914	0.0230467	0.0230467	-2.60108	-0.200416	-0.154959	0.163356	0.163356	-3.25916	-0.688034	-0.511272
32	0.787615	0.388878	0.388878	-1.95659	0.192228	0.197247	2.75639	2.75639	-2.45161	0.736603	0.644821
32	0.960233	-0.266237	-0.266237	-2.3638	-0.500238	-0.481339	-1.8871	-1.8871	-2.96184	-1.4596	-1.49202
32	0.929005	-0.158626	-0.158626	-2.50155	-0.402568	-0.349604	-1.12435	-1.12435	-3.13444	-1.26948	-1.096
32	0.654755	0.214779	0.214779	-1.06592	0.0303854	0.0546278	1.52236	1.52236	-1.3356	0.129089	0.197376
32	0.758984	0.227411	0.227411	-1.25641	0.0225086	0.0557721	1.61189	1.61189	-1.57428	0.0805364	0.195118
32	0.68804	-0.06436	-0.06436	-2.48221	-0.249794	-0.238635	-0.456186	-0.456186	-3.11021	-1.02191	-0.842511
32	0.788268	0.166375	0.166375	-1.43621	-0.030449	-0.00520257	1.17927	1.17927	-1.79958	-0.118495	-0.0173433
32	1.11353	0.0105976	0.0105976	-2.05174	-0.297252	-0.26961	0.0751158	0.0751158	-2.57083	-0.801473	-0.602883
32	1.30371	0.132361	0.132361	-2.22479	-0.540877	-0.418934	0.938183	0.938183	-2.78767	-0.880755	-0.676987
32	1.048	-0.0474876	-0.0474876	-3.22909	-0.334565	-0.32751	-0.336594	-0.336594	-4.04605	-0.895081	-0.809148
32	1.18153	-0.230406	-0.230406	-2.1763	-0.569387	-0.53188	-1.63312	-1.63312	-2.72691	-1.36302	-1.14142
32	0.658982	0.162119	0.162119	-1.04973	-0.0193488	-0.00369125	1.1491	1.1491	-1.31531	-0.0805328	-0.0126012
32	0.746818	0.201765	0.201765	-1.7606	0.0308908	0.0461302	1.43012	1.43012	-2.20603	0.138318	0.16674
32	1.02612	-0.193428	-0.193428	-2.40962	-0.436611	-0.422962	-1.37103	-1.37103	-3.01926	-1.19944	-1.2002
32	0.975059	0.182062	0.182062	-2.27391	-0.0258732	-0.0168512	1.29046	1.29046	-2.8492	-0.0949702	-0.0500939
32	1.08986	0.211885	0.211885	-1.91237	-0.0750438	-0.0325855	1.50185	1.50185	-2.39619	-0.197384	-0.0876034
32	0.649561	-0.286985	-0.286985	-1.79108	-0.481842	-0.479505	-2.03416	-2.03416	-2.24422	-1.76817	-1.64031
32	0.895029	0.00365684	0.00365684	-1.81619	-0.19077	-0.204722	0.0259198	0.0259198	-2.27569	-0.750802	-0.596837
32	0.578172	0.0327172	0.0327172	-1.42937	-0.148888	-0.130334	0.231901	0.231901	-1.791	-0.604477	-0.476549
32	1.19444	0.0699919	0.0699919	-1.50773	-0.324749	-0.350198	0.496106	0.496106	-1.88919	-0.752529	-0.677299
32	0.950669	0.0994017	0.0994017	-2.14336	-0.149447	-0.102519	0.704563	0.704563	-2.68563	-0.479631	-0.323264
32	0.836145	-0.0652175	-0.0652175	-2.01271	-0.277488	-0.2505	-0.462264	-0.462264	-2.52192	-0.968245	-0.803035
32	0.933596	-0.0195273	-0.0195273	-2.68912	-0.264946	-0.200409	-0.13841	-0.13841	-3.36946	-0.836254	-0.666578
32	0.625793	0.344805	0.344805	-1.22981	0.159754	0.169989	2.44399	2.44399	-1.54096	0.589847	0.613221
32	0.726624	0.11203	0.11203	-1.72986	-0.0746225	-0.0771355	0.794074	0.794074	-2.16752	-0.309994	-0.230036
32	0.803216	-0.00967798	-0.00967798	-1.92403	-0.214552	-0.184177	-0.0685979	-0.0685979	-2.41081	-0.787412	-0.626472
32	1.11513	-0.0883732	-0.0883732	-2.01485	-0.386189	-0.388359	-0.626393	-0.626393	-2.52461	-1.03506	-0.88209
32	1.1836	0.213308	0.213308	-1.78651	-0.261181	-0.23844	1.51194	1.51194	-2.2385	-0.496744	-0.433046
32	1.29092	-0.0184418	-0.0184418	-1.87902	-0.726914	-0.592397	-0.130716	-0.130716	-2.35441	-1.18351	-0.932138
32	0.897609	-0.232144	-0.232144	-2.34752	-0.452859	-0.406192	-1.64545	-1.64545	-2.94144	-1.66807	-1.34417
32	0.862806	0.0409327	0.0409327	-1.43459	-0.184318	-0.132105	0.290133	0.290133	-1.79754	-0.576462	-0.445979
32	1.10704	0.0352651	0.0352651	-2.02344	-0.27997	-0.212275	0.24996	0.24996	-2.53537	-0.729266	-0.534967
32	0.739557	-0.243715	-0.243715	-1.97043	-0.444504	-0.4234	-1.72746	-1.72746	-2.46895	-1.63882	-1.49629
32	0.902055	0.253719	0.253719	-1.57411	0.0384252	0.0680608	1.79837	1.79837	-1.97235	0.136875	0.227338
32	0.851584	0.31509	0.31509	-2.40036	0.10635	0.143993	2.23337	2.23337	-3.00765	0.380448	0.497923
32	1.26466	-0.056568	-0.056568	-2.28219	-0.743089	-0.568352	-0.400956	-0.400956	-2.85958	-1.26962	-0.930521
32	0.893876	-0.0231121	-0.0231121	-1.934	-0.263686	-0.197361	-0.16382	-0.16382	-2.4233	-0.84639	-0.681391
32	1.19677	-0.233217	-0.233217	-2.30564	-0.713364	-0.63231	-1.65305	-1.65305	-2.88897	-1.41883	-1.13764
32	1.91337	-0.0424669	-0.292734	-2.61512	-1.72584	-1.50704	-0.301007	-1.97525	-3.27674	-2.49333	-2.15183
32	0.65941	0.218393	0.218393	-1.35188	0.0349746	0.0590556	1.54798	1.54798	-1.6939	0.150016	0.218037
32	0.723963	0.0292477	0.0292477	-1.3515	-0.170041	-0.14858	0.207309	0.207309	-1.69343	-0.67725	-0.543575
32	1.06099	0.137557	0.137557	-2.88568	-0.14954	-0.0519046	0.975007	0.975007	-3.61575	-0.429403	-0.152591
32	1.37926	0.0716879	0.0716879	-2.23368	-0.636477	-0.536389	0.508126	0.508126	-2.79881	-1.07149	-0.83108
32	0.906739	0.323825	0.323825	-1.21234	0.0983887	0.143528	2.29528	2.29528	-1.51906	0.346355	0.480993
32	0.796357	-0.12028	-0.12028	-1.38717	-0.306482	-0.296538	-0.852548	-0.852548	-1.73812	-1.22576	-1.05077
32	0.942209	0.0743882	0.0743882	-1.80311	-0.167374	-0.110933	0.527267	0.527267	-2.2593	-0.57639	-0.360771
32	0.742713	-0.389143	-0.389143	-2.3189	-0.597937	-0.581655	-2.75826	-2.75826	-2.90558	-2.19352	-1.87764
32	1.11311	0.100278	0.100278	-1.9404	-0.186778	-0.184463	0.710777	0.710777	-2.43132	-0.530458	-0.418679
32	1.02011	0.184839	0.184839	-1.29302	-0.0219596	-0.0316945	1.31015	1.31015	-1.62016	-0.0792274	-0.0932921
32	0.88994	0.107149	0.107149	-1.94258	-0.136779	-0.0896951	0.759473	0.759473	-2.43405	-0.436233	-0.273835
32	0.805141	0.258031	0.258031	-2.20499	0.0588804	0.07384	1.82894	1.82894	-2.76286	0.216098	0.238129
32	0.708415	0.202033	0.202033	-1.23373	-0.00698387	0.0292729	1.43202	1.43202	-1.54586	-0.0267374	0.104593
32	0.902054	-0.192073	-0.192073	-2.2051	-0.440398	-0.353599	-1.36142	-1.36142	-2.76299	-1.41114	-1.28533
32	0.829288	-0.0490253	-0.0490253	-2.04489	-0.266466	-0.223186	-0.347493	-0.347493	-2.56225	-0.923489	-0.806569
32	1.0945	0.105023	0.105023	-1.08031	-0.204552	-0.155618	0.744409	0.744409	-1.35363	-0.592795	-0.358805
32	0.891672	0.174388	0.174388	-1.44838	-0.0505093	-0.037541	1.23607	1.23607	-1.81482	-0.173952	-0.104574
32	0.633603	0.0340451	0.0340451	-1.54204	-0.168121	-0.14904	0.241313	0.241313	-1.93218	-0.670318	-0.496017
32	0.861754	0.175576	0.175576	-1.79996	-0.0386754	0.0178587	1.24449	1.24449	-2.25535	-0.15123	0.0604132
32	1.4143	-0.135433	-0.135433	-2.27774	-0.940626	-0.82327	-0.959951	-0.959951	-2.85401	-1.52155	-1.32597
32	0.87114	0.543517	0.543517	-1.4533	0.33912	0.355332	3.85247	3.85247	-1.82098	1.28505	1.19153
32	0.935842	-0.347287	-0.347287	-2.1701	-0.565266	-0.548851	-2.46158	-2.46158	-2.71913	-1.90753	-1.64593
32	1.57258	0.03268	-0.037444	-2.90269	-1.22684	-0.977628	0.231637	-0.261224	-3.63707	-1.76128	-1.30013
32	0.795177	0.192022	0.192022	-1.25502	-0.00793522	0.00708117	1.36106	1.36106	-1.57254	-0.0304198	0.022559
32	1.23285	0.114762	0.114762	-2.31404	-0.381793	-0.337289	0.813438	0.813438	-2.89949	-0.681376	-0.607976
32	0.760239	-0.229155	-0.229155	-2.04975	-0.436565	-0.403393	-1.62426	-1.62426	-2.56833	-1.63856	-1.28105
32	1.10797	0.0541691	0.0541691	-1.89892	-0.227305	-0.183781	0.383952	0.383952	-2.37935	-0.683753	-0.493539
32	1.08182	0.159038	0.159038	-2.21312	-0.149667	-0.0804172	1.12727	1.12727	-2.77304	-0.408234	-0.218125
32	1.01011	0.187005	0.187005	-1.90653	-0.0407965	-0.031695	1.3255	1.3255	-2.38888	-0.142104	-0.0904752
32	1.03643	0.118884	0.118884	-1.54743	-0.135381	-0.0708409	0.842653	0.842653	-1.93893	-0.410874	-0.223615
32	1.39689	0.0227502	0.0227502	-2.30001	-1.30433	-1.06538	0.161255	0.161255	-2.88191	-1.76684	-1.50958
32	0.572386	-0.216522	-0.216522	-1.67747	-0.38577	-0.372021	-1.53471	-1.53471	-2.10187	-1.7286	-1.39054
32	1.07359	0.165507	0.165507	-1.76514	-0.121065	-0.0816356	1.17312	1.17312	-2.21172	-0.306487	-0.205904
32	1.43063	0.159088	0.159088	-2.37893	-0.729566	-0.543295	1.12762	1.12762	-2.98079	-1.12018	-0.825616
32	1.25839	0.0354707	0.0354707	-2.47446	-0.457883	-0.436252	0.251418	0.251418	-3.1005	-0.875202	-0.756056
32	0.973915	0.108879	0.108879	-1.31208	-0.160452	-0.0909686	0.771737	0.771737	-1.64403	-0.492441	-0.298417
32	1.19391	-0.0471944	-0.0471944	-1.90367	-0.44155	-0.371339	-0.334516	-0.334516	-2.3853	-1.04338	-0.892881
32	0.890061	0.199693	0.199693	-1.72383	-0.00590646	-0.000649939	1.41543	1.41543	-2.15996	-0.0211638	-0.00192296
32	0.941963	0.10583	0.10583	-1.99663	-0.122656	-0.0727327	0.750125	0.750125	-2.50178	-0.380768	-0.258345
32	1.01522	-0.131608	-0.131608	-2.67411	-0.393356	-0.363401	-0.93284	-0.93284	-3.35066	-1.20137	-0.921888
32	1.16332	-0.153636	-0.153636	-3.10997	-0.518285	-0.478737	-1.08898	-1.08898	-3.8968	-1.1761	-0.945339
32	1.20819	-0.0944373	-0.0944373	-2.46262	-0.487787	-0.431261	-0.669375	-0.669375	-3.08566	-1.18511	-0.945884
32	0.934048	0.381769	0.381769	-1.36818	0.164507	0.181406	2.70599	2.70599	-1.71433	0.570545	0.52035
32	0.847951	0.196828	0.196828	-1.24694	-0.0124647	-0.000634652	1.39513	1.39513	-1.56242	-0.0458343	-0.00199125
32	1.10784	-0.070401	-0.070401	-2.24131	-0.383633	-0.339695	-0.499005	-0.499005	-2.80836	-0.927214	-0.859949
32	0.890889	0.20349	0.20349	-1.98297	-0.0415537	0.0067724	1.44235	1.44235	-2.48466	-0.117735	0.0223186
32	1.12671	-0.0926058	-0.0926058	-2.11886	-0.45301	-0.422315	-0.656393	-0.656393	-2.65493	-1.0045	-0.838334
32	1.2555	-0.0123256	-0.0123256	-2.40277	-0.471415	-0.376606	-0.087364	-0.087364	-3.01067	-0.891899	-0.733657
32	1.47757	-0.00118245	-0.00118245	-2.62022	-0.761714	-0.697421	-0.00838123	-0.00838123	-3.28314	-1.15773	-1.03372
32	1.05456	0.0666971	0.0666971	-1.91092	-0.180757	-0.147479	0.472752	0.472752	-2.39438	-0.576559	-0.4249
32	0.705026	0.203703	0.203703	-1.09317	-0.00119946	0.026942	1.44385	1.44385	-1.36975	-0.00476967	0.0918528
32	0.959121	-0.101997	-0.101997	-2.11712	-0.386588	-0.300191	-0.722961	-0.722961	-2.65275	-0.984202	-0.881234
32	0.872741	0.116856	0.116856	-1.46752	-0.0996621	-0.0660481	0.828281	0.828281	-1.83881	-0.346086	-0.214747
32	1.08762	0.121975	0.121975	-1.62105	-0.193238	-0.156411	0.864564	0.864564	-2.03118	-0.513995	-0.373974
32	1.0513	-0.19454	-0.19454	-2.40786	-0.461509	-0.42179	-1.37891	-1.37891	-3.01705	-1.40558	-1.12148
32	0.468308	0.155429	0.155429	-1.13637	-0.011289	-0.00226854	1.10168	1.10168	-1.42388	-0.0491643	-0.00849028
32	1.16597	-0.141031	-0.141031	-2.68634	-0.56923	-0.440002	-0.99963	-0.99963	-3.36598	-1.22537	-1.04996
32	1.21509	0.161925	0.161925	-2.05621	-0.27712	-0.201748	1.14773	1.14773	-2.57643	-0.569167	-0.405903
32	1.22343	0.0837095	0.0837095	-1.68754	-0.35256	-0.301811	0.593336	0.593336	-2.11449	-0.717746	-0.587474
32	0.8541	0.400777	0.400777	-2.22355	0.175152	0.240712	2.84072	2.84072	-2.78611	0.56841	0.889398
32	0.800699	0.0400696	0.0400696	-1.54325	-0.160964	-0.146378	0.284015	0.284015	-1.93369	-0.606419	-0.480902
32	0.795858	-0.174336	-0.174336	-1.92482	-0.382386	-0.346728	-1.2357	-1.2357	-2.4118	-1.46769	-1.19547
32	0.584301	0.0240259	0.0240259	-1.94781	-0.179079	-0.13425	0.170296	0.170296	-2.4406	-0.666328	-0.517183
32	1.05995	-0.182343	-0.182343	-2.38548	-0.406871	-0.450211	-1.29245	-1.29245	-2.98901	-1.45703	-1.13921
32	1.13054	0.0818742	0.0818742	-2.02072	-0.259566	-0.22347	0.580328	0.580328	-2.53197	-0.681949	-0.500606
32	0.832569	-0.0675304	-0.0675304	-2.36192	-0.249304	-0.268384	-0.478658	-0.478658	-2.95949	-1.01998	-0.849631
32	1.14282	0.0440666	0.0440666	-1.8446	-0.311772	-0.315845	0.312346	0.312346	-2.31129	-0.779558	-0.622417
32	0.854913	-0.139349	-0.139349	-2.59385	-0.343786	-0.336101	-0.987708	-0.987708	-3.25009	-1.25628	-1.01517
32	0.71874	0.186379	0.186379	-1.89075	-0.00339834	0.027231	1.32106	1.32106	-2.36911	-0.0137901	0.105024
32	0.918112	0.277148	0.277148	-1.95949	0.0320465	0.0531946	1.96444	1.96444	-2.45524	0.0993118	0.148704
32	0.774081	0.201098	0.201098	-1.87121	0.00076088	0.0121521	1.42539	1.42539	-2.34462	0.00278315	0.0409869
32	0.872866	0.00899559	0.00899559	-1.85666	-0.22969	-0.175576	0.0637611	0.0637611	-2.3264	-0.724514	-0.555638
32	0.899949	0.036719	0.036719	-2.02514	-0.192962	-0.1343	0.260266	0.260266	-2.5375	-0.668136	-0.451512
32	1.49489	0.0454	0.0454	-2.25297	-1.06592	-0.802916	0.321797	0.321797	-2.82297	-1.59254	-1.26493
32	1.34974	0.383156	0.383156	-2.45041	-0.448438	-0.235601	2.71583	2.71583	-3.07036	-0.684171	-0.374681
32	0.75002	0.152021	0.152021	-1.64406	-0.0324942	-0.036955	1.07753	1.07753	-2.06001	-0.138778	-0.120487
32	0.653031	0.146925	0.146925	-1.37215	-0.0416861	-0.026204	1.04141	1.04141	-1.71931	-0.179094	-0.0919601
32	1.17188	-0.00138671	-0.00138671	-2.16726	-0.448293	-0.390334	-0.00982905	-0.00982905	-2.71558	-0.958816	-0.750497
32	0.809884	-0.139633	-0.139633	-1.64824	-0.355079	-0.325855	-0.989725	-0.989725	-2.06524	-1.41312	-1.12957
32	0.662872	0.0277313	0.0277313	-1.00097	-0.150876	-0.130204	0.196561	0.196561	-1.25422	-0.624283	-0.512782
32	1.05459	0.243898	0.243898	-1.76973	-0.0393922	0.0144296	1.72876	1.72876	-2.21747	-0.110324	0.0415831
32	1.10353	0.192606	0.192606	-1.73632	-0.157849	-0.139835	1.3652	1.3652	-2.17562	-0.36771	-0.281898
32	1.04345	-0.146428	-0.146428	-1.53352	-0.436088	-0.414615	-1.03789	-1.03789	-1.9215	-1.24821	-1.06371
32	1.04727	0.342326	0.342326	-1.56018	0.0615304	0.0768758	2.42642	2.42642	-1.95491	0.172967	0.194646
32	1.18091	0.144617	0.144617	-1.84695	-0.299018	-0.19723	1.02505	1.02505	-2.31423	-0.701889	-0.41435
32	0.848223	-0.0624	-0.0624	-2.19922	-0.280179	-0.235914	-0.442294	-0.442294	-2.75562	-1.04767	-0.823596
32	1.40875	-0.20751	-0.20751	-1.98248	-1.1488	-1.15316	-1.47084	-1.47084	-2.48405	-1.96082	-1.78739
32	1.12	0.227809	0.227809	-2.21737	-0.110455	-0.0440058	1.61472	1.61472	-2.77837	-0.276317	-0.0961581
32	0.914874	0.202649	0.202649	-1.75389	-0.0446243	0.0300483	1.43638	1.43638	-2.19763	-0.131592	0.108313
32	0.852393	0.0643798	0.0643798	-1.68059	-0.144255	-0.141899	0.456327	0.456327	-2.10578	-0.52046	-0.436503
32	0.7021	-0.10113	-0.10113	-2.54318	-0.292903	-0.259272	-0.716812	-0.716812	-3.1866	-1.08472	-0.948603
32	1.34319	0.217635	0.217635	-2.30666	-0.449865	-0.264631	1.54261	1.54261	-2.89025	-0.785284	-0.459222
32	0.733308	0.0704733	0.0704733	-2.03157	-0.127271	-0.0951721	0.499517	0.499517	-2.54556	-0.445138	-0.349193
32	1.14021	-0.00339136	-0.00339136	-2.1233	-0.31857	-0.262336	-0.0240381	-0.0240381	-2.66049	-0.777067	-0.680366
32	0.780605	-0.0310506	-0.0310506	-1.48691	-0.233962	-0.189213	-0.220088	-0.220088	-1.86309	-0.930085	-0.669301
32	1.15518	-0.133827	-0.133827	-2.3516	-0.474159	-0.444108	-0.94857	-0.94857	-2.94656	-1.16839	-1.03981
32	1.09225	0.101728	0.101728	-2.96637	-0.189268	-0.105563	0.72105	0.72105	-3.71686	-0.525372	-0.300818
32	0.95228	-0.0154162	-0.0154162	-1.6322	-0.252553	-0.205757	-0.10927	-0.10927	-2.04514	-0.859517	-0.641467
32	1.45439	-0.120277	-0.120277	-1.88796	-1.12683	-1.02489	-0.852527	-0.852527	-2.36561	-1.81953	-1.52909
32	0.89846	0.0572277	0.0572277	-2.48739	-0.151194	-0.130433	0.405632	0.405632	-3.11671	-0.530369	-0.378722
32	0.856928	0.228576	0.228576	-1.67489	0.0137462	0.0292286	1.62015	1.62015	-2.09864	0.0445607	0.092417
32	1.24568	0.428297	0.428297	-1.61857	-0.111787	-0.0514429	3.03578	3.03578	-2.02807	-0.224079	-0.0919318
32	1.12348	-0.0115402	-0.0115402	-2.09198	-0.324038	-0.298643	-0.0817973	-0.0817973	-2.62125	-0.903661	-0.717607
32	1.16749	-0.236695	-0.236695	-2.34197	-0.655599	-0.56326	-1.6777	-1.6777	-2.93449	-1.41008	-1.23825
32	1.00438	0.101993	0.101993	-1.95475	-0.131204	-0.117248	0.722928	0.722928	-2.4493	-0.466929	-0.326984
32	1.00425	-0.0757601	-0.0757601	-1.67111	-0.378073	-0.287133	-0.53699	-0.53699	-2.0939	-0.993588	-0.909968
32	1.18873	-0.0528435	-0.0528435	-2.12855	-0.446243	-0.403942	-0.374557	-0.374557	-2.66708	-0.960262	-0.839993
32	1.16854	-0.194243	-0.194243	-2.0798	-0.495785	-0.558197	-1.3768	-1.3768	-2.60598	-1.33888	-1.13478
32	0.874219	0.152934	0.152934	-1.77503	-0.0552409	-0.0446445	1.084	1.084	-2.22412	-0.188104	-0.145368
32	0.548464	-0.2617	-0.2617	-1.70003	-0.421813	-0.412862	-1.85494	-1.85494	-2.13013	-2.01431	-1.59284
32	1.15141	0.111529	0.111529	-1.44358	-0.214564	-0.21454	0.790524	0.790524	-1.80881	-0.583917	-0.473152
32	1.40734	-0.329353	-0.329353	-2.80266	-1.5751	-1.27313	-2.33447	-2.33447	-3.51174	-2.59223	-1.88839
32	0.748506	0.0964852	0.0964852	-1.93586	-0.0906594	-0.0572742	0.683891	0.683891	-2.42563	-0.35787	-0.214195
32	1.08413	-0.015522	-0.015522	-1.66489	-0.301319	-0.276799	-0.110021	-0.110021	-2.08611	-0.864429	-0.717335
32	0.701647	0.0796111	0.0796111	-1.97366	-0.17243	-0.0855857	0.564286	0.564286	-2.473	-0.528893	-0.312931
32	0.75414	-0.180002	-0.180002	-2.11009	-0.371542	-0.347851	-1.27586	-1.27586	-2.64395	-1.54871	-1.2678
32	1.31701	0.00870653	0.00870653	-2.58459	-0.819112	-0.588337	0.0617122	0.0617122	-3.23849	-1.21086	-0.859867
32	0.850543	-0.108088	-0.108088	-1.92239	-0.308117	-0.300745	-0.766132	-0.766132	-2.40876	-1.122	-0.872887
32	1.36708	0.0279454	0.0279454	-2.15465	-0.779642	-0.513308	0.198078	0.198078	-2.69977	-1.18752	-0.892956
32	1.0438	0.0384646	0.0384646	-2.31871	-0.211187	-0.215317	0.272639	0.272639	-2.90534	-0.656098	-0.519785
32	0.941345	0.120486	0.120486	-2.35614	-0.172419	-0.0703007	0.854012	0.854012	-2.95225	-0.425511	-0.220146
32	1.02936	0.0807489	0.0807489	-1.6769	-0.156105	-0.147382	0.572351	0.572351	-2.10116	-0.514714	-0.376147
32	1.26352	0.0260921	0.0260921	-2.88898	-0.647208	-0.470713	0.184942	0.184942	-3.61989	-1.1756	-0.857641
32	1.27869	0.0728378	0.0728378	-2.7436	-0.483743	-0.468313	0.516277	0.516277	-3.43773	-0.989622	-0.874612
32	0.830791	0.165328	0.165328	-1.4709	-0.0252235	-0.0256592	1.17185	1.17185	-1.84303	-0.0985381	-0.0798675
32	0.811459	0.194714	0.194714	-1.82173	0.00989566	0.00752896	1.38014	1.38014	-2.28263	0.0406574	0.024081
32	0.805212	-0.00980298	-0.00980298	-1.72068	-0.207115	-0.165427	-0.0694839	-0.0694839	-2.15602	-0.844748	-0.621973
32	0.696857	0.0699614	0.0699614	-1.69243	-0.107706	-0.090173	0.495889	0.495889	-2.12062	-0.449046	-0.31684
32	0.940637	0.351048	0.351048	-1.67665	0.104933	0.168795	2.48824	2.48824	-2.10085	0.327013	0.560127
32	0.62979	0.0319141	0.0319141	-1.44827	-0.167345	-0.128516	0.226208	0.226208	-1.81468	-0.684012	-0.471695
32	1.1069	0.0960789	0.0960789	-2.8367	-0.167531	-0.157647	0.681011	0.681011	-3.55439	-0.514847	-0.411799
32	1.47636	0.263357	0.263357	-2.48728	-0.590656	-0.398276	1.86669	1.86669	-3.11656	-0.864287	-0.628799
32	0.762905	-0.145873	-0.145873	-1.8692	-0.35666	-0.305265	-1.03395	-1.03395	-2.34211	-1.18877	-1.20494
32	1.00677	-0.249596	-0.249596	-2.58741	-0.486741	-0.457259	-1.76914	-1.76914	-3.24202	-1.65856	-1.34476
32	0.900633	0.226563	0.226563	-1.75699	0.00131057	0.0462166	1.60589	1.60589	-2.20151	0.00470703	0.153849
32	0.863015	0.0185864	0.0185864	-1.83864	-0.202606	-0.158288	0.131741	0.131741	-2.30381	-0.696619	-0.548364
32	1.21441	0.0574521	0.0574521	-1.92512	-0.329731	-0.247416	0.407223	0.407223	-2.41218	-0.69073	-0.556526
32	0.84161	0.449819	0.449819	-1.3187	0.246509	0.260436	3.18833	3.18833	-1.65234	0.936465	0.865111
32	1.08041	-0.0952408	-0.0952408	-2.80936	-0.462428	-0.359339	-0.67507	-0.67507	-3.52013	-1.08386	-0.938441
32	1.13129	0.157617	0.157617	-2.97537	-0.121789	-0.100544	1.1172	1.1172	-3.72813	-0.364037	-0.269559
32	1.25519	0.269832	0.269832	-2.64347	-0.289173	-0.144093	1.91258	1.91258	-3.31227	-0.511224	-0.246438
32	0.998541	0.115355	0.115355	-2.0353	-0.146982	-0.0869228	0.817641	0.817641	-2.55023	-0.428874	-0.273306
32	0.893295	0.00179639	0.00179639	-2.04878	-0.218974	-0.195597	0.0127329	0.0127329	-2.56713	-0.784124	-0.580043
32	1.43751	0.127903	0.127903	-2.08099	-0.627717	-0.587276	0.906579	0.906579	-2.60748	-1.00641	-0.856425
32	1.42698	-0.142028	-0.142028	-2.39601	-1.01955	-0.838252	-1.0067	-1.0067	-3.0022	-1.53752	-1.34586
32	1.1128	0.18331	0.18331	-2.2494	-0.20446	-0.113912	1.29931	1.29931	-2.81849	-0.480097	-0.263385
32	0.750587	0.215883	0.215883	-1.41008	0.0129644	0.0460059	1.53019	1.53019	-1.76683	0.0488427	0.157727
32	1.12521	-0.0353055	-0.0353055	-2.27971	-0.359781	-0.32826	-0.250247	-0.250247	-2.85647	-0.922105	-0.733953
32	0.616688	-0.0517846	-0.0517846	-2.07357	-0.25753	-0.192356	-0.367051	-0.367051	-2.59819	-0.983376	-0.745136
32	0.94356	-0.0850135	-0.0850135	-1.87753	-0.302483	-0.286831	-0.602579	-0.602579	-2.35254	-1.0414	-0.82224
32	1.05277	0.309804	0.309804	-1.4833	0.076217	0.0824218	2.19591	2.19591	-1.85857	0.257479	0.217627
32	0.883114	0.0779585	0.0779585	-1.5037	-0.123573	-0.126132	0.552573	0.552573	-1.88414	-0.472927	-0.400434
32	0.732185	0.306427	0.306427	-2.35896	0.0850601	0.13421	2.17197	2.17197	-2.95578	0.3122	0.447205
32	1.4195	-0.157939	-0.157939	-1.90327	-1.1206	-1.00168	-1.11948	-1.11948	-2.3848	-1.82346	-1.61579
32	0.443634	-0.0759153	-0.0759153	-2.12927	-0.265084	-0.220295	-0.538091	-0.538091	-2.66798	-1.10415	-0.917569
32	1.03021	0.163125	0.163125	-1.92998	-0.0798843	-0.0318123	1.15623	1.15623	-2.41827	-0.251478	-0.108224
32	0.706528	0.379967	0.379967	-1.87822	0.167459	0.222505	2.69322	2.69322	-2.35341	0.58378	0.876358
32	1.16504	0.432208	0.432208	-1.59571	0.0635282	0.109785	3.06351	3.06351	-1.99942	0.141387	0.233099
32	1.20098	-0.137008	-0.137008	-2.21083	-0.540525	-0.455363	-0.971114	-0.971114	-2.77017	-1.18817	-0.980901
32	0.909144	0.254848	0.254848	-1.62806	0.0454534	0.0649108	1.80637	1.80637	-2.03995	0.164093	0.209894
32	0.876722	0.0297111	0.0297111	-2.23728	-0.159558	-0.146556	0.210594	0.210594	-2.80331	-0.601765	-0.52134
32	0.726423	-0.057492	-0.057492	-1.50754	-0.234178	-0.205454	-0.407506	-0.407506	-1.88895	-1.03613	-0.789759
32	0.790555	0.0936343	0.0936343	-2.17305	-0.110805	-0.0933636	0.663684	0.663684	-2.72283	-0.426277	-0.299222
32	1.11799	-0.0213777	-0.0213777	-2.80502	-0.429793	-0.344109	-0.151526	-0.151526	-3.51469	-0.978403	-0.770561
32	1.17169	-0.178417	-0.178417	-2.16679	-0.585836	-0.49745	-1.26463	-1.26463	-2.71499	-1.21928	-1.04618
32	0.957668	0.117651	0.117651	-1.87344	-0.131477	-0.0801477	0.833917	0.833917	-2.34741	-0.39793	-0.241089
32	0.768431	-0.0751792	-0.0751792	-2.73654	-0.283306	-0.244288	-0.532873	-0.532873	-3.42889	-1.04403	-0.878886
32	0.728895	0.182445	0.182445	-1.98407	-0.00706007	0.01697	1.29318	1.29318	-2.48604	-0.0307486	0.0607125
32	0.81183	0.205907	0.205907	-1.7251	-0.00385869	0.0230417	1.45948	1.45948	-2.16155	-0.0140753	0.0793452
32	1.15375	-0.112303	-0.112303	-2.8829	-0.44047	-0.375142	-0.79601	-0.79601	-3.61227	-1.00233	-0.945619
32	0.969698	0.0719622	0.0719622	-1.91857	-0.139884	-0.113577	0.510071	0.510071	-2.40397	-0.495712	-0.375095
32	0.804101	0.178495	0.178495	-2.26356	-0.0212679	0.006175	1.26518	1.26518	-2.83625	-0.0832065	0.0208755
32	0.931472	0.254431	0.254431	-1.43337	0.0255893	0.0572597	1.80341	1.80341	-1.79601	0.0841788	0.188294
32	1.22797	0.106426	0.106426	-2.54825	-0.591529	-0.357979	0.754348	0.754348	-3.19296	-0.966299	-0.638439
32	0.679178	0.173316	0.173316	-1.72085	-0.0254046	-0.00622252	1.22847	1.22847	-2.15623	-0.0948028	-0.020284
32	0.769868	-0.161747	-0.161747	-2.13086	-0.375833	-0.33878	-1.14647	-1.14647	-2.66997	-1.38798	-1.12008
32	0.981477	0.188488	0.188488	-2.17849	-0.0512099	-0.00652715	1.33601	1.33601	-2.72964	-0.158016	-0.0215229
32	1.01594	0.18641	0.18641	-1.65059	-0.0461635	-0.013499	1.32128	1.32128	-2.06819	-0.156791	-0.0400988
32	0.9711	0.258213	0.258213	-1.57727	0.0520308	0.0773107	1.83022	1.83022	-1.97633	0.187931	0.259689
32	0.869627	0.0952602	0.0952602	-2.23232	-0.147674	-0.0819634	0.675208	0.675208	-2.7971	-0.510562	-0.259759
32	0.986651	-0.0826954	-0.0826954	-2.04591	-0.353421	-0.293627	-0.586148	-0.586148	-2.56352	-1.03272	-0.929353
32	0.988959	0.119642	0.119642	-1.8151	-0.0681008	-0.0898922	0.848027	0.848027	-2.27432	-0.250848	-0.26024
32	1.21969	-0.236993	-0.236993	-2.15824	-0.619739	-0.591134	-1.67981	-1.67981	-2.70428	-1.4602	-1.2125
32	1.02342	-0.0769758	-0.0769758	-2.66376	-0.348895	-0.315365	-0.545607	-0.545607	-3.33769	-1.00302	-0.923505
32	0.6826	-0.133736	-0.133736	-1.6799	-0.322314	-0.300546	-0.947929	-0.947929	-2.10491	-1.29992	-1.00951
32	1.02989	0.083606	0.083606	-1.24808	-0.155909	-0.141012	0.592602	0.592602	-1.56385	-0.535861	-0.393798
32	0.865809	-0.0090153	-0.0090153	-1.78279	-0.213889	-0.194071	-0.0639008	-0.0639008	-2.23384	-0.822058	-0.604109
32	0.829317	-0.0347241	-0.0347241	-1.80963	-0.26966	-0.207796	-0.246126	-0.246126	-2.26746	-0.81186	-0.734861
32	1.18612	-0.14018	-0.14018	-2.61269	-0.520397	-0.444786	-0.993604	-0.993604	-3.2737	-1.23315	-1.02807
32	0.857423	0.274283	0.274283	-1.46593	0.0844837	0.0888098	1.94413	1.94413	-1.8368	0.328165	0.272399
32	1.23858	-0.00727826	-0.00727826	-2.54727	-0.531535	-0.395666	-0.0515886	-0.0515886	-3.19173	-1.01492	-0.762398
32	0.807245	-0.0806472	-0.0806472	-2.09181	-0.296083	-0.27654	-0.57163	-0.57163	-2.62103	-0.985087	-0.841578
32	1.01638	-0.00357332	-0.00357332	-2.30723	-0.276577	-0.260141	-0.0253278	-0.0253278	-2.89097	-0.847236	-0.651411
32	0.636074	-0.0645032	-0.0645032	-1.84953	-0.275958	-0.226875	-0.457201	-0.457201	-2.31747	-1.03043	-0.802218
32	1.34592	-0.0757153	-0.0757153	-2.38661	-0.813326	-0.558363	-0.536673	-0.536673	-2.99042	-1.23437	-0.895158
32	0.822406	0.0210165	0.0210165	-1.84128	-0.202175	-0.176763	0.148966	0.148966	-2.30712	-0.708767	-0.528571
32	1.02983	0.0807283	0.0807283	-1.87704	-0.12507	-0.143276	0.572205	0.572205	-2.35193	-0.492905	-0.393533
32	0.963797	-0.111038	-0.111038	-1.96226	-0.320361	-0.297269	-0.787042	-0.787042	-2.45871	-1.10693	-1.01256
32	0.749015	-0.0751352	-0.0751352	-2.23187	-0.28143	-0.220062	-0.532561	-0.532561	-2.79653	-0.924943	-0.904277
32	0.799679	0.408013	0.408013	-1.38705	0.20634	0.223873	2.89202	2.89202	-1.73798	0.818156	0.734463
32	0.964507	-0.121946	-0.121946	-2.11208	-0.341068	-0.344891	-0.864359	-0.864359	-2.64644	-1.1895	-0.975675
32	1.01072	0.0637234	0.0637234	-2.26892	-0.240067	-0.127395	0.451674	0.451674	-2.84296	-0.62369	-0.398736
32	1.01039	-0.208823	-0.208823	-2.01484	-0.469266	-0.3919	-1.48015	-1.48015	-2.5246	-1.37905	-1.17629
32	0.664031	-0.00794891	-0.00794891	-1.65	-0.187316	-0.181795	-0.0563422	-0.0563422	-2.06745	-0.830538	-0.664942
32	0.672857	0.158954	0.158954	-1.46179	-0.0567778	-0.0237155	1.12667	1.12667	-1.83162	-0.184773	-0.0784695
32	0.981643	-0.0673088	-0.0673088	-1.70588	-0.291444	-0.275882	-0.477087	-0.477087	-2.13746	-1.01581	-0.760913
32	0.766774	-0.150015	-0.150015	-2.17267	-0.34499	-0.328098	-1.06331	-1.06331	-2.72235	-1.3665	-1.01272
32	1.08243	0.098492	0.098492	-1.87191	-0.221294	-0.153115	0.698115	0.698115	-2.3455	-0.599722	-0.377945
32	0.753996	-0.128976	-0.128976	-1.97113	-0.335065	-0.289503	-0.914184	-0.914184	-2.46983	-1.20995	-1.1295
32	1.19219	-0.0131922	-0.0131922	-2.22469	-0.543693	-0.362844	-0.0935066	-0.0935066	-2.78754	-0.935596	-0.780114
32	1.29335	0.396982	0.396982	-2.18706	-0.219084	-0.0736279	2.81382	2.81382	-2.74039	-0.4165	-0.125598
32	1.19655	0.0969739	0.0969739	-2.40073	-0.33138	-0.194766	0.687355	0.687355	-3.00812	-0.728767	-0.435217
32	1.19246	0.131057	0.131057	-2.02801	-0.28637	-0.257566	0.928935	0.928935	-2.5411	-0.656629	-0.513815
32	1.06885	-0.10676	-0.10676	-2.68757	-0.360087	-0.334539	-0.756721	-0.756721	-3.36752	-1.16324	-0.906729
32	0.9558	-0.121995	-0.121995	-2.04306	-0.35609	-0.310457	-0.864705	-0.864705	-2.55995	-1.11555	-1.01525
32	0.820231	-0.0576874	-0.0576874	-1.51217	-0.287981	-0.239378	-0.408891	-0.408891	-1.89475	-1.03668	-0.781911
32	1.2732	0.0616781	0.0616781	-3.19882	-0.583779	-0.54568	0.437177	0.437177	-4.00812	-1.06479	-0.947246
32	0.942821	0.152055	0.152055	-1.89914	-0.0521344	-0.0375105	1.07777	1.07777	-2.37962	-0.180571	-0.114431
32	1.10843	0.132229	0.132229	-2.41768	-0.212302	-0.130676	0.937247	0.937247	-3.02935	-0.468055	-0.317239
32	1.12308	-0.21064	-0.21064	-2.10265	-0.574767	-0.523791	-1.49303	-1.49303	-2.63462	-1.47572	-1.16366
32	0.606947	-0.207875	-0.207875	-1.47721	-0.37512	-0.369165	-1.47342	-1.47342	-1.85094	-1.52123	-1.36849
32	1.02865	0.170944	0.170944	-1.82122	-0.0663318	-0.0766551	1.21165	1.21165	-2.28199	-0.202121	-0.185962
32	0.958003	0.0655212	0.0655212	-2.26273	-0.154031	-0.119648	0.464416	0.464416	-2.8352	-0.56675	-0.39936
32	0.860909	-0.0668832	-0.0668832	-1.87238	-0.26603	-0.249188	-0.47407	-0.47407	-2.34609	-1.00609	-0.821979
32	0.897471	0.10989	0.10989	-2.06899	-0.139008	-0.0975374	0.778907	0.778907	-2.59244	-0.472619	-0.297283
32	0.947471	0.126158	0.126158	-1.81326	-0.095963	-0.0614506	0.894214	0.894214	-2.27201	-0.300817	-0.206576
32	0.776326	0.261095	0.261095	-1.5248	0.0672384	0.0801738	1.85065	1.85065	-1.91058	0.248286	0.275093
32	0.772396	-0.216483	-0.216483	-2.08683	-0.425451	-0.417655	-1.53444	-1.53444	-2.6148	-1.47057	-1.32465
32	0.692878	-0.0363532	-0.0363532	-1.78161	-0.241489	-0.199551	-0.257673	-0.257673	-2.23235	-0.769952	-0.76043
32	1.2365	-0.207297	-0.207297	-2.38131	-0.784678	-0.725526	-1.46933	-1.46933	-2.98378	-1.42342	-1.12499
32	1.1915	-0.00418449	-0.00418449	-1.91467	-0.505954	-0.389437	-0.0296598	-0.0296598	-2.39908	-0.890538	-0.805111
32	1.37951	0.265675	0.265675	-2.15553	-0.413506	-0.327781	1.88311	1.88311	-2.70087	-0.685662	-0.501217
32	1.2087	0.0974083	0.0974083	-2.20126	-0.311995	-0.269028	0.690433	0.690433	-2.75818	-0.730422	-0.574155
32	1.16183	-0.229048	-0.229048	-2.72897	-0.575755	-0.571095	-1.6235	-1.6235	-3.4194	-1.42212	-1.30421
32	0.625167	-0.307801	-0.307801	-2.02734	-0.485203	-0.481923	-2.1817	-2.1817	-2.54026	-2.10202	-1.5459
32	1.21761	0.118139	0.118139	-1.73134	-0.344978	-0.247795	0.83737	0.83737	-2.16937	-0.6834	-0.510465
32	0.776363	0.0648177	0.0648177	-1.46293	-0.166379	-0.112194	0.459431	0.459431	-1.83305	-0.526773	-0.38956
32	1.00652	0.254696	0.254696	-1.93549	0.0221346	0.0666409	1.80529	1.80529	-2.42517	0.0740066	0.219601
32	0.620989	-0.0147784	-0.0147784	-1.79759	-0.177765	-0.181616	-0.10475	-0.10475	-2.25238	-0.76134	-0.678035
32	0.526327	0.0275228	0.0275228	-2.11328	-0.141884	-0.143029	0.195083	0.195083	-2.64794	-0.626187	-0.500743
32	0.705691	0.0839653	0.0839653	-1.75078	-0.138666	-0.0914034	0.595149	0.595149	-2.19373	-0.467463	-0.32769
32	1.76366	0.121323	-0.0933671	-2.33715	-1.65341	-1.30838	0.859944	-0.630005	-2.92845	-2.36181	-2.01077
32	1.27414	-0.0109569	-0.0109569	-2.42046	-0.499433	-0.377898	-0.0776631	-0.0776631	-3.03284	-0.884608	-0.774321
32	1.14631	-0.364824	-0.364824	-2.53503	-0.669093	-0.680635	-2.58589	-2.58589	-3.17639	-1.81639	-1.48325
32	0.830773	-0.0765747	-0.0765747	-1.81046	-0.284908	-0.276673	-0.542764	-0.542764	-2.2685	-1.03101	-0.842245
32	1.28753	-0.235081	-0.235081	-2.34918	-0.880152	-0.776463	-1.66626	-1.66626	-2.94352	-1.51552	-1.30831
32	1.00321	-0.099757	-0.099757	-1.98246	-0.318268	-0.30534	-0.707082	-0.707082	-2.48402	-1.14872	-0.979218
32	1.06202	0.251115	0.251115	-1.59074	-0.0482782	0.0096528	1.77992	1.77992	-1.99319	-0.135827	0.0273336
32	1.25593	-0.0879394	-0.0879394	-2.59072	-0.646626	-0.531744	-0.623318	-0.623318	-3.24617	-1.30402	-1.06576
32	0.861313	-0.0101181	-0.0101181	-1.74352	-0.22201	-0.185815	-0.0717178	-0.0717178	-2.18463	-0.762804	-0.628485
32	1.12936	0.0813934	0.0813934	-2.15478	-0.289016	-0.206524	0.57692	0.57692	-2.69994	-0.687683	-0.510812
32	1.05642	0.194039	0.194039	-1.66641	-0.0453471	-0.00428103	1.37536	1.37536	-2.08801	-0.142386	-0.0125895
32	0.771394	0.167238	0.167238	-1.9486	-0.0232302	-0.0271709	1.18539	1.18539	-2.44159	-0.0891028	-0.0897996
32	1.11794	0.0250451	0.0250451	-2.60131	-0.298642	-0.259244	0.177521	0.177521	-3.25944	-0.775724	-0.623621
32	1.39806	-0.276646	-0.276646	-3.05291	-1.0761	-0.934876	-1.96088	-1.96088	-3.8253	-1.68098	-1.48507
32	0.667058	-0.0049974	-0.0049974	-1.7737	-0.198135	-0.189483	-0.0354218	-0.0354218	-2.22244	-0.791333	-0.668825
32	1.62958	-0.42015	-0.510015	-2.3421	-1.72783	-1.71414	-2.97804	-3.55807	-2.93465	-2.95888	-2.69314
32	0.746375	0.0156584	0.0156584	-1.52041	-0.179785	-0.133041	0.110987	0.110987	-1.90508	-0.711285	-0.456602
32	0.935058	-0.0796301	-0.0796301	-1.99268	-0.315151	-0.277528	-0.564421	-0.564421	-2.49682	-1.04878	-0.919185
32	1.22909	-0.0672809	-0.0672809	-2.69699	-0.514748	-0.497027	-0.476889	-0.476889	-3.37933	-0.961461	-0.872034
32	1.07157	0.0947963	0.0947963	-1.62023	-0.17544	-0.158656	0.67192	0.67192	-2.03014	-0.524561	-0.422913
32	0.860126	0.460002	0.460002	-1.18635	0.247797	0.272077	3.26051	3.26051	-1.48649	0.867731	0.694433
32	0.968973	0.292801	0.292801	-1.74434	0.0327783	0.0716357	2.07538	2.07538	-2.18566	0.100918	0.18495
32	1.32656	0.236658	0.236658	-1.73935	-0.382584	-0.328513	1.67744	1.67744	-2.17941	-0.616665	-0.532887
32	1.25709	0.165877	0.165877	-2.47624	-0.29469	-0.185211	1.17574	1.17574	-3.10272	-0.58019	-0.37829
32	1.02215	0.169785	0.169785	-2.60273	-0.0663494	-0.0402731	1.20345	1.20345	-3.26122	-0.216207	-0.121528
32	1.22118	-0.257409	-0.257409	-2.05175	-0.746298	-0.69188	-1.82452	-1.82452	-2.57084	-1.45458	-1.23809
32	0.762125	-0.140599	-0.140599	-1.62651	-0.332021	-0.308957	-0.996571	-0.996571	-2.03801	-1.37412	-1.07138
32	1.34028	-0.0258843	-0.0258843	-2.11741	-0.796776	-0.641724	-0.183469	-0.183469	-2.65312	-1.21101	-0.992768
32	1.30975	0.0579948	0.0579948	-2.23727	-0.540757	-0.459044	0.411069	0.411069	-2.8033	-1.0664	-0.836216
32	1.2296	0.190143	0.190143	-2.77122	-0.24529	-0.150341	1.34774	1.34774	-3.47233	-0.542398	-0.31376
32	1.0854	-0.0652087	-0.0652087	-2.05663	-0.315488	-0.305239	-0.462202	-0.462202	-2.57695	-1.0215	-0.766184
32	1.00742	-0.131984	-0.131984	-2.87476	-0.388358	-0.330568	-0.935506	-0.935506	-3.60207	-1.21352	-1.03608
32	1.09892	0.178504	0.178504	-2.33704	-0.145726	-0.120027	1.26524	1.26524	-2.92832	-0.383169	-0.270724
32	0.890132	-0.201128	-0.201128	-2.0518	-0.376896	-0.381785	-1.4256	-1.4256	-2.57091	-1.55377	-1.25335
32	0.622076	0.266276	0.266276	-0.755686	0.0758711	0.107108	1.88737	1.88737	-0.946875	0.305436	0.420639
32	0.653737	0.0853739	0.0853739	-1.21902	-0.117914	-0.0870206	0.605134	0.605134	-1.52743	-0.442211	-0.290692
32	1.44194	0.117665	0.117665	-2.81264	-0.862938	-0.63118	0.834014	0.834014	-3.52424	-1.42441	-0.982085
32	1.04094	0.155921	0.155921	-1.56302	-0.115527	-0.0480723	1.10518	1.10518	-1.95846	-0.338542	-0.147561
32	0.616494	-0.0534212	-0.0534212	-1.64496	-0.270815	-0.220651	-0.378651	-0.378651	-2.06113	-1.01433	-0.721752
32	0.918125	0.0436327	0.0436327	-2.14217	-0.190554	-0.167595	0.30927	0.30927	-2.68414	-0.677962	-0.480929
32	1.18316	0.081717	0.081717	-2.30347	-0.235352	-0.24696	0.579214	0.579214	-2.88625	-0.529595	-0.520069
32	1.34207	0.288138	0.288138	-2.4259	-0.464003	-0.335875	2.04233	2.04233	-3.03965	-0.809006	-0.557326
32	1.35994	0.350537	0.350537	-1.52105	-0.411218	-0.265372	2.48462	2.48462	-1.90587	-0.701317	-0.436831
32	0.648933	-0.22863	-0.22863	-1.5538	-0.396771	-0.38999	-1.62054	-1.62054	-1.94692	-1.76183	-1.37761
32	1.42577	-0.0142008	-0.0142008	-2.42257	-0.95468	-0.870511	-0.100655	-0.100655	-3.03548	-1.75211	-1.47349
32	0.88014	-0.0438817	-0.0438817	-1.69965	-0.255409	-0.229834	-0.311035	-0.311035	-2.12966	-0.957771	-0.754574
32	0.760501	0.0831086	0.0831086	-2.20677	-0.126597	-0.109542	0.589077	0.589077	-2.76508	-0.429621	-0.382081
32	1.16073	-0.0351538	-0.0351538	-2.38066	-0.475196	-0.303538	-0.249172	-0.249172	-2.98296	-0.932299	-0.742159
32	0.692237	0.201158	0.201158	-1.09853	0.00278583	0.0493627	1.42582	1.42582	-1.37645	0.0106838	0.198381
32	1.02255	0.119274	0.119274	-2.02806	-0.134323	-0.0996664	0.845421	0.845421	-2.54117	-0.425165	-0.27136
32	0.825115	0.00778411	0.00778411	-2.007	-0.209374	-0.155406	0.0551741	0.0551741	-2.51477	-0.745025	-0.57163
32	1.33597	-0.00633167	-0.00633167	-2.26806	-0.827629	-0.572272	-0.0448791	-0.0448791	-2.84188	-1.25281	-0.966723
32	1.11318	0.174505	0.174505	-1.613	-0.0979584	-0.114855	1.2369	1.2369	-2.02108	-0.292463	-0.257594
32	0.935619	-0.102981	-0.102981	-2.15604	-0.331517	-0.289037	-0.729936	-0.729936	-2.70152	-1.09415	-0.811236
32	1.45101	0.10131	0.10131	-2.86602	-0.720999	-0.595055	0.718086	0.718086	-3.59113	-1.15921	-0.886173
32	1.06947	0.173091	0.173091	-2.84986	-0.0595719	-0.0643294	1.22688	1.22688	-3.57088	-0.205906	-0.176517
32	0.801771	0.246048	0.246048	-1.22541	0.0419877	0.0823794	1.744	1.744	-1.53544	0.151845	0.30222
32	1.00728	0.406912	0.406912	-1.32473	0.210722	0.171676	2.8842	2.8842	-1.65989	0.818984	0.426338
32	1.07089	0.0956539	0.0956539	-1.66531	-0.18322	-0.130332	0.677999	0.677999	-2.08664	-0.520216	-0.366433
32	1.32104	0.152178	0.152178	-1.9206	-0.362488	-0.360609	1.07864	1.07864	-2.40652	-0.718547	-0.612796
32	0.95856	-0.103328	-0.103328	-2.06003	-0.37658	-0.297192	-0.732396	-0.732396	-2.58122	-1.06434	-0.974091
32	0.7641	-0.148542	-0.148542	-2.09119	-0.358665	-0.311831	-1.05287	-1.05287	-2.62026	-1.30914	-1.09034
32	0.411524	0.0045032	0.0045032	-1.20028	-0.189608	-0.161475	0.0319189	0.0319189	-1.50395	-0.76135	-0.595281
32	0.854487	0.119883	0.119883	-2.57212	-0.0670229	-0.0701894	0.849733	0.849733	-3.22286	-0.268161	-0.219709
32	0.76872	-0.156838	-0.156838	-2.34924	-0.331223	-0.33017	-1.11167	-1.11167	-2.94359	-1.52422	-1.15439
32	0.918353	0.519043	0.519043	-1.81056	0.262017	0.325251	3.67899	3.67899	-2.26863	0.745427	1.03049
32	0.629547	0.0569263	0.0569263	-1.41197	-0.125807	-0.103946	0.403496	0.403496	-1.7692	-0.504266	-0.379371
32	1.70078	-0.048508	-0.144237	-2.57977	-1.43533	-1.25771	-0.343826	-1.00625	-3.23245	-2.14553	-1.73767
32	1.50754	0.136608	0.136608	-2.90798	-0.780932	-0.587824	0.968286	0.968286	-3.6437	-1.20475	-0.864174
32	0.897455	0.0684989	0.0684989	-1.70845	-0.149781	-0.127431	0.485523	0.485523	-2.14069	-0.562995	-0.434285
32	0.968883	0.308306	0.308306	-1.42669	0.108666	0.105967	2.18529	2.18529	-1.78764	0.425848	0.309157
32	0.832822	0.204236	0.204236	-2.55336	0.0233109	0.00692368	1.44763	1.44763	-3.19937	0.0866169	0.0222967
32	1.39565	-0.0332434	-0.0332434	-2.6159	-0.799804	-0.61435	-0.235631	-0.235631	-3.27773	-1.25261	-0.970336
32	0.81348	0.301726	0.301726	-1.92735	0.105715	0.10175	2.13865	2.13865	-2.41496	0.374972	0.315199
32	0.882216	-0.0526243	-0.0526243	-2.03955	-0.288236	-0.257726	-0.373003	-0.373003	-2.55555	-0.936944	-0.805716
32	0.785185	0.0713289	0.0713289	-1.4441	-0.128253	-0.101409	0.505582	0.505582	-1.80946	-0.518229	-0.336842
32	1.56144	0.0182632	-0.0574112	-2.321	-1.0616	-0.958084	0.12945	-0.400524	-2.90821	-1.71923	-1.48248
32	0.926363	0.0198105	0.0198105	-2.06238	-0.207767	-0.161934	0.140418	0.140418	-2.58417	-0.633587	-0.534253
32	1.01468	-0.427201	-0.427201	-3.20237	-0.679693	-0.638751	-3.02802	-3.02802	-4.01257	-2.04682	-1.89604
32	0.666121	-0.211574	-0.211574	-2.47741	-0.412053	-0.378233	-1.49964	-1.49964	-3.1042	-1.66249	-1.39941
32	0.78994	0.024602	0.024602	-1.96022	-0.162919	-0.155352	0.17438	0.17438	-2.45616	-0.63031	-0.535677
32	1.19476	-0.252686	-0.252686	-2.34984	-0.721394	-0.607185	-1.79105	-1.79105	-2.94435	-1.44672	-1.30587
32	0.943678	-0.0397157	-0.0397157	-2.34313	-0.248807	-0.228176	-0.281506	-0.281506	-2.93594	-0.890283	-0.734621
32	1.24812	0.0332213	0.0332213	-2.98969	-0.389336	-0.383706	0.235474	0.235474	-3.74609	-0.790823	-0.770698
32	0.702751	0.0503196	0.0503196	-1.41678	-0.149392	-0.122283	0.356667	0.356667	-1.77522	-0.606149	-0.429112
32	1.23	0.112261	0.112261	-2.28969	-0.362844	-0.27995	0.79571	0.79571	-2.86898	-0.700007	-0.487725
32	1.16775	0.190941	0.190941	-2.86566	-0.204662	-0.129497	1.3534	1.3534	-3.59067	-0.426915	-0.274697
32	1.37309	0.181078	0.181078	-1.68101	-0.670012	-0.619477	1.28349	1.28349	-2.10631	-1.14485	-0.894485
32	0.946463	-0.0457418	-0.0457418	-2.28606	-0.279344	-0.220014	-0.324219	-0.324219	-2.86444	-0.872846	-0.73808
32	1.03045	0.0866988	0.0866988	-2.51891	-0.137856	-0.134407	0.614525	0.614525	-3.1562	-0.459217	-0.379471
32	0.659562	-0.174203	-0.174203	-2.19213	-0.380109	-0.349497	-1.23476	-1.23476	-2.74674	-1.39469	-1.18619
32	1.06994	-0.0983384	-0.0983384	-1.52945	-0.410578	-0.326698	-0.697026	-0.697026	-1.9164	-1.17001	-0.916787
32	0.47567	0.0700896	0.0700896	-1.58673	-0.0982962	-0.0788058	0.496798	0.496798	-1.98818	-0.467338	-0.306136
32	0.71995	0.216323	0.216323	-1.52636	0.00492273	0.0324123	1.53331	1.53331	-1.91252	0.0180835	0.115843
32	1.28136	-0.197202	-0.197202	-2.30935	-0.789748	-0.723955	-1.39777	-1.39777	-2.89362	-1.48046	-1.14366
32	0.950097	0.139659	0.139659	-1.83633	-0.0851033	-0.0550625	0.98991	0.98991	-2.30092	-0.300777	-0.171479
32	0.980072	0.128557	0.128557	-2.75379	-0.13002	-0.0616614	0.911217	0.911217	-3.4505	-0.332024	-0.2124
32	1.24201	0.261098	0.261098	-1.97943	-0.243262	-0.0804607	1.85067	1.85067	-2.48022	-0.466806	-0.150834
32	1.5543	0.184387	0.113887	-2.94782	-1.01836	-0.631204	1.30694	0.794523	-3.69361	-1.34121	-0.861753
32	1.02207	0.126054	0.126054	-2.03862	-0.124365	-0.0801356	0.893478	0.893478	-2.55439	-0.408661	-0.216858
32	0.602499	0.338072	0.338072	-1.57946	0.128453	0.196907	2.39627	2.39627	-1.97906	0.474911	0.80209
32	0.872052	0.211471	0.211471	-1.92544	0.0298318	0.00827514	1.49891	1.49891	-2.41257	0.11577	0.0258598
32	1.10765	-0.0543009	-0.0543009	-1.89089	-0.299393	-0.278624	-0.384887	-0.384887	-2.36929	-0.873484	-0.768868
32	0.756561	-0.192442	-0.192442	-2.03875	-0.380612	-0.381366	-1.36403	-1.36403	-2.55455	-1.47865	-1.16815
32	0.883909	-0.087708	-0.087708	-1.88968	-0.291921	-0.271361	-0.621678	-0.621678	-2.36777	-1.15353	-0.903729
32	0.520381	0.0464264	0.0464264	-1.00635	-0.123461	-0.125895	0.329072	0.329072	-1.26095	-0.489806	-0.432037
32	1.10991	0.121315	0.121315	-2.15696	-0.150744	-0.117771	0.859885	0.859885	-2.70268	-0.4087	-0.314525
32	0.806223	0.10125	0.10125	-2.53582	-0.100474	-0.0564876	0.717666	0.717666	-3.17738	-0.395681	-0.204496
32	1.01006	-0.161436	-0.161436	-2.09075	-0.402757	-0.334869	-1.14427	-1.14427	-2.61971	-1.28206	-1.06489
32	1.30708	0.181715	0.181715	-2.39008	-0.622381	-0.33086	1.28801	1.28801	-2.99477	-1.05334	-0.56726
32	1.11998	0.0226819	0.0226819	-2.61646	-0.291242	-0.268728	0.16077	0.16077	-3.27842	-0.777258	-0.578576
32	1.38136	0.12847	0.12847	-2.68893	-1.26747	-0.835452	0.910599	0.910599	-3.36923	-1.7652	-1.16692
32	1.28333	0.151602	0.151602	-2.40897	-0.413107	-0.247206	1.07456	1.07456	-3.01844	-0.755571	-0.503034
32	1.03533	0.156137	0.156137	-1.76567	-0.120078	-0.0857591	1.10671	1.10671	-2.21238	-0.351629	-0.220793
32	0.594236	0.0337525	0.0337525	-1.17179	-0.127596	-0.128659	0.239239	0.239239	-1.46825	-0.56549	-0.471489
32	0.786946	0.211856	0.211856	-1.9854	0.00139601	0.0258818	1.50164	1.50164	-2.48771	0.00521402	0.0830988
32	0.638507	0.258384	0.258384	-0.966242	0.0884934	0.0749795	1.83143	1.83143	-1.2107	0.379883	0.257593
32	1.02365	-0.0209224	-0.0209224	-2.72788	-0.260662	-0.237138	-0.148299	-0.148299	-3.41804	-0.798537	-0.668774
32	0.752959	-0.677092	-0.677092	-2.1872	-0.881065	-0.82439	-4.79926	-4.79926	-2.74056	-3.30043	-3.22087
32	0.75805	0.0859385	0.0859385	-1.93405	-0.113096	-0.0822831	0.609135	0.609135	-2.42337	-0.429578	-0.282814
32	0.705906	0.403759	0.403759	-1.21596	0.17996	0.229517	2.86186	2.86186	-1.5236	0.64964	0.789645
32	1.22221	0.203314	0.203314	-1.58859	-0.325364	-0.251663	1.44109	1.44109	-1.99051	-0.62501	-0.43115
32	1.21679	0.226563	0.226563	-2.29206	-0.215435	-0.159586	1.60589	1.60589	-2.87195	-0.440654	-0.299673
32	0.851969	0.0110595	0.0110595	-1.64353	-0.185733	-0.177852	0.0783904	0.0783904	-2.05934	-0.714779	-0.578755
32	1.11324	-0.0152901	-0.0152901	-1.73185	-0.310193	-0.273905	-0.108377	-0.108377	-2.17	-0.799574	-0.671006
32	1.08638	0.0914405	0.0914405	-2.0385	-0.21369	-0.153146	0.648134	0.648134	-2.55424	-0.539709	-0.424923
32	1.24482	0.0491946	0.0491946	-2.27202	-0.522041	-0.402671	0.348693	0.348693	-2.84684	-0.975826	-0.699387
32	1.10282	-0.120294	-0.120294	-1.68113	-0.435549	-0.421712	-0.852649	-0.852649	-2.10645	-1.09127	-0.99441
32	1.29558	0.48377	0.48377	-2.03205	-0.0837531	0.00589863	3.42898	3.42898	-2.54616	-0.156836	0.00977007
32	0.988058	0.0558073	0.0558073	-2.40656	-0.162848	-0.12164	0.395565	0.395565	-3.01542	-0.576074	-0.395646
32	0.835774	0.124808	0.124808	-2.04856	-0.141149	-0.0461083	0.884643	0.884643	-2.56685	-0.405836	-0.161879
32	1.09157	-0.0433579	-0.0433579	-2.68304	-0.349723	-0.301265	-0.307322	-0.307322	-3.36184	-1.00163	-0.786997
32	0.990037	-0.15833	-0.15833	-2.25771	-0.4373	-0.378327	-1.12225	-1.12225	-2.82891	-1.23639	-1.11835
32	0.999919	0.324979	0.324979	-1.49243	0.0688068	0.135346	2.30347	2.30347	-1.87001	0.204574	0.430236
32	1.06351	0.0604797	0.0604797	-2.22961	-0.202871	-0.12609	0.428683	0.428683	-2.79371	-0.660195	-0.414742
32	0.784907	-0.119696	-0.119696	-2.49876	-0.31774	-0.307892	-0.848407	-0.848407	-3.13094	-1.17522	-0.967943
32	0.432241	0.00232075	0.00232075	-1.28122	-0.1797	-0.1391	0.0164496	0.0164496	-1.60537	-0.763725	-0.542871
32	1.07413	-0.0260488	-0.0260488	-2.45927	-0.366852	-0.283088	-0.184635	-0.184635	-3.08147	-0.922886	-0.779805
32	0.647716	0.0166843	0.0166843	-1.22865	-0.161025	-0.17043	0.118259	0.118259	-1.5395	-0.612348	-0.61075
32	1.17863	0.0886303	0.0886303	-2.32838	-0.283721	-0.228752	0.628215	0.628215	-2.91746	-0.628699	-0.506393
32	0.859731	0.0763925	0.0763925	-1.65536	-0.117778	-0.0966192	0.541473	0.541473	-2.07416	-0.461547	-0.324262
32	1.86161	0.358123	0.0667505	-1.92193	-1.44812	-1.15334	2.53839	0.442573	-2.40818	-2.21634	-1.57067
32	0.863338	0.202305	0.202305	-1.51567	-0.0177908	0.0133374	1.43394	1.43394	-1.89914	-0.0636491	0.0412227
32	0.943195	0.0578677	0.0578677	-2.30676	-0.135435	-0.133962	0.410169	0.410169	-2.89037	-0.52674	-0.423584
32	0.937013	-0.0139503	-0.0139503	-1.72587	-0.246021	-0.212377	-0.0988801	-0.0988801	-2.16251	-0.831822	-0.641612
32	0.919806	0.0332986	0.0332986	-1.9055	-0.165752	-0.163642	0.236022	0.236022	-2.3876	-0.585265	-0.504817
32	0.992114	0.0544947	0.0544947	-1.98661	-0.191615	-0.148513	0.386261	0.386261	-2.48923	-0.60532	-0.405515
32	0.887296	0.366575	0.366575	-1.20667	0.164638	0.206911	2.5983	2.5983	-1.51195	0.603139	0.76341
32	0.90476	0.345013	0.345013	-1.95779	0.143671	0.155381	2.44546	2.44546	-2.45312	0.551413	0.497124
32	0.860811	-0.0112931	-0.0112931	-1.55753	-0.205855	-0.195345	-0.0800457	-0.0800457	-1.95158	-0.794008	-0.651343
32	1.28485	0.37088	0.37088	-2.15297	-0.0912651	-0.0155043	2.62881	2.62881	-2.69767	-0.19057	-0.0296678
32	1.25803	-0.263783	-0.263783	-2.61118	-1.06515	-0.815024	-1.86971	-1.86971	-3.27181	-1.55288	-1.24263
32	0.866451	-0.120788	-0.120788	-1.89021	-0.31791	-0.334318	-0.856147	-0.856147	-2.36843	-1.16917	-0.944835
32	0.701705	-0.347465	-0.347465	-2.34659	-0.525885	-0.541579	-2.46284	-2.46284	-2.94028	-2.10392	-1.67247
32	0.904831	-0.0982121	-0.0982121	-2.12769	-0.312686	-0.286541	-0.696131	-0.696131	-2.66599	-1.08558	-0.934915
32	1.46574	-0.0561054	-0.0561054	-2.21602	-1.49672	-1.11028	-0.397677	-0.397677	-2.77667	-2.12078	-1.42036
32	1.26729	-0.185533	-0.185533	-2.80926	-0.693017	-0.619379	-1.31507	-1.31507	-3.52	-1.30084	-1.14224
32	1.54924	-0.121567	-0.20082	-3.22113	-1.54829	-1.29398	-0.86167	-1.401	-4.03607	-2.81412	-1.93756
32	0.641385	-0.0893559	-0.0893559	-1.66425	-0.285969	-0.266224	-0.633358	-0.633358	-2.0853	-1.08334	-0.921749
32	0.907176	-0.249276	-0.249276	-1.92022	-0.455918	-0.441327	-1.76688	-1.76688	-2.40604	-1.66228	-1.42216
32	1.25509	-0.166892	-0.166892	-2.97978	-0.822071	-0.657131	-1.18293	-1.18293	-3.73366	-1.54987	-1.27532
32	0.903142	0.196515	0.196515	-1.58658	-0.0286405	0.00646801	1.39291	1.39291	-1.98799	-0.0996482	0.0192948
32	0.700854	-0.22189	-0.22189	-2.44016	-0.431399	-0.39359	-1.57276	-1.57276	-3.05753	-1.63322	-1.36636
32	0.868123	-0.014477	-0.014477	-1.94261	-0.2391	-0.205879	-0.102614	-0.102614	-2.43409	-0.791026	-0.688525
32	1.08358	0.0419068	0.0419068	-2.00851	-0.257654	-0.198428	0.297037	0.297037	-2.51666	-0.67803	-0.514546
32	1.32156	0.104707	0.104707	-2.94502	-0.820735	-0.521726	0.742166	0.742166	-3.69011	-1.33056	-0.929279
32	0.665136	-0.117543	-0.117543	-1.38402	-0.290788	-0.277808	-0.83315	-0.83315	-1.73418	-1.19708	-1.04148
32	0.772608	-0.0357884	-0.0357884	-2.24157	-0.266831	-0.210545	-0.25367	-0.25367	-2.80868	-0.835183	-0.731563
32	0.71775	0.209452	0.209452	-1.30383	0.0467245	0.0422228	1.48461	1.48461	-1.6337	0.200812	0.157257
32	1.16125	-0.113309	-0.113309	-2.10023	-0.433552	-0.407888	-0.803136	-0.803136	-2.63158	-1.1	-0.986323
32	0.907353	-0.0861681	-0.0861681	-2.21387	-0.289284	-0.279209	-0.610763	-0.610763	-2.77398	-1.02119	-0.875506
32	1.44534	-0.041407	-0.041407	-2.21624	-0.831343	-0.717808	-0.293494	-0.293494	-2.77695	-1.24918	-1.07645
32	0.896604	0.0805891	0.0805891	-1.45996	-0.137117	-0.106945	0.571219	0.571219	-1.82933	-0.485463	-0.342583
32	0.992025	0.00852937	0.00852937	-2.59499	-0.227444	-0.191359	0.0604565	0.0604565	-3.25152	-0.712129	-0.594124
32	0.886096	0.125322	0.125322	-1.84612	-0.0997472	-0.05985	0.888286	0.888286	-2.31319	-0.325715	-0.196815
32	0.727926	-0.126286	-0.126286	-2.03687	-0.305495	-0.296675	-0.895122	-0.895122	-2.5522	-1.34807	-1.05503
32	0.849941	0.330839	0.330839	-2.68097	0.13386	0.145517	2.345	2.345	-3.35925	0.508483	0.466053
32	1.04352	-0.00954999	-0.00954999	-2.47326	-0.283174	-0.268099	-0.0676907	-0.0676907	-3.099	-0.864651	-0.683045
32	1.10627	0.190766	0.190766	-2.06758	-0.165256	-0.105288	1.35216	1.35216	-2.59068	-0.392491	-0.236518
32	1.14012	0.115536	0.115536	-2.10701	-0.267279	-0.208176	0.818921	0.818921	-2.64008	-0.537967	-0.472447
32	0.831963	-0.167761	-0.167761	-1.93533	-0.425143	-0.358415	-1.1891	-1.1891	-2.42497	-1.2943	-1.09806
32	1.3058	-0.103456	-0.103456	-2.34922	-0.658059	-0.625647	-0.733299	-0.733299	-2.94357	-1.2027	-1.01039
32	0.981734	-0.245011	-0.245011	-2.05005	-0.517683	-0.441409	-1.73665	-1.73665	-2.56871	-1.49325	-1.29729
32	0.902522	0.100705	0.100705	-1.44295	-0.0860844	-0.0788443	0.713803	0.713803	-1.80802	-0.340948	-0.26693
32	0.978082	0.00250167	0.00250167	-2.23482	-0.229414	-0.20838	0.0177319	0.0177319	-2.80023	-0.767533	-0.638616
32	0.940637	0.207084	0.207084	-1.78582	-0.0125215	-0.00201937	1.46782	1.46782	-2.23764	-0.0477503	-0.0054806
32	0.828977	0.0429836	0.0429836	-1.57702	-0.144193	-0.13147	0.304669	0.304669	-1.976	-0.553759	-0.430609
32	0.875107	0.112265	0.112265	-1.65723	-0.110368	-0.073588	0.795736	0.795736	-2.07651	-0.371859	-0.230189
32	0.878651	0.264389	0.264389	-2.3578	0.0370646	0.0829057	1.874	1.874	-2.95432	0.121063	0.288764
32	1.61895	-0.0853786	-0.160108	-2.91035	-1.72208	-1.31464	-0.605167	-1.11698	-3.64667	-2.56416	-1.81835
32	0.548196	-0.0568767	-0.0568767	-1.66556	-0.239236	-0.207389	-0.403144	-0.403144	-2.08695	-1.0514	-0.81879
32	1.10983	0.0643209	0.0643209	-2.60374	-0.210102	-0.194896	0.455909	0.455909	-3.26248	-0.630755	-0.458915
32	0.892123	0.114337	0.114337	-1.40092	-0.0954069	-0.0862865	0.810424	0.810424	-1.75536	-0.341324	-0.26761
32	0.758543	-0.273831	-0.273831	-1.933	-0.483805	-0.437662	-1.94093	-1.94093	-2.42205	-1.81493	-1.50849
32	0.965247	-0.00685562	-0.00685562	-1.69947	-0.23243	-0.209653	-0.0485929	-0.0485929	-2.12943	-0.786044	-0.644839
32	1.03893	0.250776	0.250776	-2.20003	-0.0160752	0.0367046	1.77751	1.77751	-2.75664	-0.0462709	0.10932
32	0.832718	-0.224077	-0.224077	-1.57536	-0.410599	-0.407259	-1.58827	-1.58827	-1.97393	-1.73637	-1.30076
32	0.841485	0.0659713	0.0659713	-2.31997	-0.167255	-0.138852	0.467607	0.467607	-2.90692	-0.570147	-0.397024
32	0.966362	0.26773	0.26773	-1.64833	0.0283534	0.0373303	1.89768	1.89768	-2.06535	0.092724	0.0973943
32	0.893881	-0.0590651	-0.0590651	-1.93707	-0.298432	-0.232873	-0.418656	-0.418656	-2.42715	-0.9211	-0.762322
32	0.871694	0.00722919	0.00722919	-2.49919	-0.219406	-0.181732	0.0512407	0.0512407	-3.13149	-0.759137	-0.585088
32	0.814219	0.0770073	0.0770073	-1.76397	-0.114408	-0.119461	0.54583	0.54583	-2.21026	-0.482115	-0.382723
32	0.914391	-0.000630345	-0.000630345	-1.55164	-0.222898	-0.211215	-0.00446791	-0.00446791	-1.94421	-0.759433	-0.567637
32	1.30854	0.0451245	0.0451245	-3.13137	-0.411488	-0.354007	0.319844	0.319844	-3.9236	-0.812961	-0.673216
32	0.821153	-0.00255509	-0.00255509	-1.77495	-0.215531	-0.179521	-0.0181106	-0.0181106	-2.22402	-0.78548	-0.606762
32	1.36451	0.214065	0.214065	-2.68527	-0.483298	-0.375476	1.5173	1.5173	-3.36465	-0.731343	-0.605224
32	1.11576	-0.0965366	-0.0965366	-2.35964	-0.400897	-0.394129	-0.684255	-0.684255	-2.95663	-1.12635	-0.897062
32	1.14915	0.356741	0.356741	-1.55064	-0.0427169	0.0480535	2.52859	2.52859	-1.94295	-0.0983321	0.105372
32	0.765879	0.273755	0.273755	-1.16528	0.0506476	0.116453	1.94039	1.94039	-1.46009	0.177056	0.42673
32	0.897593	0.253236	0.253236	-1.35958	0.0322993	0.0807081	1.79494	1.79494	-1.70355	0.103016	0.281573
32	0.902663	-0.145881	-0.145881	-2.02974	-0.339806	-0.324096	-1.03401	-1.03401	-2.54327	-1.11399	-1.02397
32	1.23215	0.105682	0.105682	-1.82161	-0.428356	-0.398674	0.74908	0.74908	-2.28247	-0.835619	-0.685217
32	1.64953	0.0485513	-0.0820458	-3.13409	-1.21919	-0.918114	0.344134	-0.563077	-3.92701	-1.51391	-1.18426
32	1.77358	0.233024	0.0716412	-1.93003	-1.40707	-1.13454	1.65168	0.491671	-2.41833	-2.16064	-1.55857
32	1.05819	0.311277	0.311277	-1.75606	0.0856637	0.0864758	2.20635	2.20635	-2.20035	0.304144	0.221415
32	0.873026	0.263495	0.263495	-1.06889	0.0358118	0.0729401	1.86766	1.86766	-1.33931	0.121823	0.223466
32	1.05962	0.414274	0.414274	-2.22937	0.14081	0.153729	2.93639	2.93639	-2.79341	0.376569	0.384539
32	0.716882	0.0629861	0.0629861	-1.1987	-0.126123	-0.0995821	0.446448	0.446448	-1.50197	-0.49194	-0.34821
32	0.43961	0.0367884	0.0367884	-0.982523	-0.142937	-0.114402	0.260758	0.260758	-1.2311	-0.611376	-0.416563
32	1.24423	0.172468	0.172468	-1.85326	-0.404308	-0.309458	1.22246	1.22246	-2.32214	-0.701433	-0.524399
32	1.69989	0.017233	-0.135832	-2.7563	-1.49874	-1.15585	0.122148	-0.93221	-3.45365	-2.27963	-1.55904
32	0.860636	0.0911752	0.0911752	-1.42514	-0.106757	-0.1034	0.646254	0.646254	-1.7857	-0.389546	-0.365798
32	1.19846	-0.183887	-0.183887	-2.39399	-0.707011	-0.633144	-1.3034	-1.3034	-2.99966	-1.40031	-1.24168
32	0.734929	0.220766	0.220766	-1.95688	0.0405304	0.035305	1.5648	1.5648	-2.45198	0.167519	0.11164
32	0.714201	0.139334	0.139334	-1.5199	-0.055304	-0.0415155	0.987607	0.987607	-1.90443	-0.224269	-0.14155
32	1.0698	-0.0930345	-0.0930345	-1.86228	-0.349442	-0.347275	-0.659432	-0.659432	-2.33344	-1.02138	-0.907141
32	1.33995	0.237724	0.237724	-2.46284	-0.621354	-0.453474	1.68499	1.68499	-3.08593	-0.978331	-0.697432
32	0.947298	0.110532	0.110532	-2.31519	-0.123302	-0.0625926	0.783455	0.783455	-2.90094	-0.416575	-0.213219
32	0.756092	0.0659875	0.0659875	-2.07212	-0.171102	-0.117376	0.467722	0.467722	-2.59636	-0.547839	-0.368015
32	0.678752	0.146502	0.146502	-2.39769	-0.0492633	-0.0214587	1.03842	1.03842	-3.00431	-0.19536	-0.0787317
32	0.811588	-0.135462	-0.135462	-1.44121	-0.328191	-0.290252	-0.960161	-0.960161	-1.80583	-1.29683	-1.05356
32	0.700463	-0.0924471	-0.0924471	-1.7472	-0.262187	-0.273092	-0.655269	-0.655269	-2.18924	-0.96625	-0.899573
32	0.936329	0.00483539	0.00483539	-2.07541	-0.209362	-0.18008	0.0342734	0.0342734	-2.60048	-0.741631	-0.590986
32	0.569263	-0.0213963	-0.0213963	-1.88297	-0.21522	-0.18837	-0.151658	-0.151658	-2.35936	-0.785228	-0.695589
32	1.55766	0.165359	0.0883565	-2.25235	-0.907873	-0.745023	1.17207	0.616411	-2.8222	-1.53076	-1.2049
32	0.901074	-0.176039	-0.176039	-2.24077	-0.35503	-0.339136	-1.24777	-1.24777	-2.80769	-1.42992	-1.18044
32	0.866805	0.0215488	0.0215488	-1.61166	-0.221451	-0.154769	0.152738	0.152738	-2.01941	-0.690902	-0.528401
32	0.590064	0.235457	0.235457	-1.19232	0.0499878	0.0859038	1.66893	1.66893	-1.49398	0.202874	0.329044
32	0.982388	-0.203331	-0.203331	-2.22972	-0.45007	-0.381491	-1.44122	-1.44122	-2.79384	-1.47644	-1.25217
32	0.732335	0.235349	0.235349	-1.17229	0.0473973	0.0713971	1.66817	1.66817	-1.46888	0.19452	0.247707
32	0.89938	0.0344122	0.0344122	-1.93594	-0.181606	-0.147501	0.243915	0.243915	-2.42574	-0.634006	-0.491563
32	0.723074	0.21118	0.21118	-1.8856	0.0051868	0.0462721	1.49685	1.49685	-2.36265	0.020077	0.165551
32	0.916129	-0.140062	-0.140062	-1.81387	-0.3384	-0.34294	-0.992766	-0.992766	-2.27278	-1.21344	-1.01841
32	0.748848	-0.518487	-0.518487	-2.15277	-0.717563	-0.692938	-3.67505	-3.67505	-2.69742	-2.58243	-2.49915
32	0.941663	-0.183245	-0.183245	-2.00871	-0.40397	-0.372951	-1.29885	-1.29885	-2.51691	-1.41605	-1.19063
32	0.650157	0.19308	0.19308	-1.42688	-0.023087	0.0456391	1.36856	1.36856	-1.78788	-0.0791942	0.164072
32	0.896057	-0.0103195	-0.0103195	-1.88244	-0.21944	-0.195002	-0.0731447	-0.0731447	-2.3587	-0.771457	-0.62317
32	0.681169	-0.162816	-0.162816	-1.5988	-0.350107	-0.33806	-1.15405	-1.15405	-2.00329	-1.45634	-1.17326
32	0.851955	0.203761	0.203761	-1.96456	-0.00409898	0.0160613	1.44427	1.44427	-2.46159	-0.0148669	0.0525764
32	0.829004	0.0719311	0.0719311	-1.58265	-0.139227	-0.119634	0.50985	0.50985	-1.98306	-0.500337	-0.371299
32	0.999024	0.0662737	0.0662737	-2.25854	-0.132565	-0.136139	0.46975	0.46975	-2.82995	-0.544744	-0.419511
32	1.23995	-0.104231	-0.104231	-2.1795	-0.639763	-0.583563	-0.738795	-0.738795	-2.73092	-1.35974	-1.11826
32	0.903017	-0.0931854	-0.0931854	-2.42528	-0.337809	-0.297495	-0.660502	-0.660502	-3.03887	-0.977905	-0.923243
32	1.11474	0.0198638	0.0198638	-1.53462	-0.322731	-0.223934	0.140795	0.140795	-1.92288	-0.786607	-0.593827
32	0.863443	0.118836	0.118836	-1.58956	-0.121994	-0.0733679	0.842312	0.842312	-1.99172	-0.370734	-0.215207
32	0.786689	0.176053	0.176053	-1.61359	-0.0280113	-0.0244661	1.24787	1.24787	-2.02183	-0.101955	-0.0760653
32	0.768682	0.0184526	0.0184526	-1.70821	-0.199434	-0.15744	0.130793	0.130793	-2.14039	-0.628353	-0.555506
32	1.06255	-0.0110768	-0.0110768	-2.86702	-0.268419	-0.236318	-0.0785131	-0.0785131	-3.59237	-0.789034	-0.650183
32	0.880181	0.224124	0.224124	-2.23725	-0.0227153	0.0395652	1.5886	1.5886	-2.80327	-0.0747541	0.115393
32	0.996097	0.137983	0.137983	-2.51316	-0.125884	-0.0604167	0.978031	0.978031	-3.14899	-0.382037	-0.190332
32	1.00748	0.0703445	0.0703445	-2.2746	-0.176014	-0.130375	0.498605	0.498605	-2.85007	-0.543919	-0.375434
32	1.13071	0.0541186	0.0541186	-1.90556	-0.244003	-0.231763	0.383594	0.383594	-2.38767	-0.694247	-0.524971
32	0.999534	0.222339	0.222339	-2.42837	0.0284139	0.0130099	1.57595	1.57595	-3.04274	0.10992	0.0384987
32	0.537916	0.309196	0.309196	-1.28957	0.113459	0.158901	2.19159	2.19159	-1.61583	0.460348	0.626409
32	1.04468	0.0808079	0.0808079	-1.8166	-0.242235	-0.117872	0.57277	0.57277	-2.2762	-0.602549	-0.356374
32	0.921548	0.356393	0.356393	-1.62573	0.128229	0.185665	2.52613	2.52613	-2.03704	0.432716	0.634636
32	0.911069	0.0666364	0.0666364	-1.46243	-0.149581	-0.137406	0.472321	0.472321	-1.83242	-0.509038	-0.434772
32	0.836853	0.142008	0.142008	-2.0534	-0.0679392	-0.00763639	1.00656	1.00656	-2.57291	-0.247701	-0.0275037
32	0.796764	-0.00598874	-0.00598874	-1.75558	-0.203999	-0.17344	-0.0424484	-0.0424484	-2.19974	-0.754681	-0.597302
32	0.711647	0.0694265	0.0694265	-1.49406	-0.110806	-0.119602	0.492098	0.492098	-1.87206	-0.4364	-0.372583
32	1.03263	0.0691541	0.0691541	-1.50692	-0.177051	-0.171061	0.490167	0.490167	-1.88817	-0.525382	-0.434326
32	0.734177	0.0657007	0.0657007	-2.24039	-0.125812	-0.0912737	0.465689	0.465689	-2.80721	-0.475592	-0.35522
32	0.916663	0.119883	0.119883	-1.93311	-0.0916022	-0.0869925	0.849737	0.849737	-2.42219	-0.331183	-0.269051
32	0.736599	0.16651	0.16651	-1.47013	-0.00736578	0.000709838	1.18023	1.18023	-1.84208	-0.0345236	0.00238924
32	0.758976	0.233796	0.233796	-1.78613	0.0481342	0.0452317	1.65716	1.65716	-2.23802	0.183912	0.159375
32	0.966645	0.0356722	0.0356722	-1.63475	-0.209917	-0.137956	0.252846	0.252846	-2.04835	-0.682093	-0.475362
32	0.940616	0.347745	0.347745	-1.71881	0.143051	0.125169	2.46483	2.46483	-2.15367	0.55747	0.354021
32	1.13241	0.106289	0.106289	-2.32455	-0.189052	-0.126731	0.753378	0.753378	-2.91267	-0.525332	-0.323427
32	1.04602	-0.06323	-0.06323	-2.58341	-0.348296	-0.271719	-0.448176	-0.448176	-3.23701	-0.982528	-0.862463
32	1.09733	-0.277344	-0.277344	-2.40338	-0.608362	-0.53012	-1.96582	-1.96582	-3.01144	-1.38739	-1.37414
32	0.553801	0.0167494	0.0167494	-1.4611	-0.180008	-0.147122	0.11872	0.11872	-1.83076	-0.769856	-0.504274
32	0.895932	-0.110543	-0.110543	-1.67676	-0.362925	-0.308186	-0.783532	-0.783532	-2.10098	-1.0695	-1.01952
32	1.14024	0.0148468	0.0148468	-2.25656	-0.33311	-0.240925	0.105235	0.105235	-2.82747	-0.77227	-0.60231
32	0.960117	0.177504	0.177504	-2.356	-0.0661668	-0.0224444	1.25815	1.25815	-2.95207	-0.190427	-0.067852
32	0.607927	-0.0248715	-0.0248715	-1.57839	-0.192134	-0.185039	-0.17629	-0.17629	-1.97772	-0.832698	-0.70659
32	0.859098	0.078782	0.078782	-1.74237	-0.11984	-0.0955541	0.55841	0.55841	-2.18319	-0.456086	-0.330017
32	0.651997	-0.421117	-0.421117	-1.68935	-0.603514	-0.588901	-2.98489	-2.98489	-2.11676	-2.41433	-2.142
32	1.15368	0.09142	0.09142	-1.60522	-0.250414	-0.271433	0.647989	0.647989	-2.01134	-0.614343	-0.53359
32	1.04604	-0.0683122	-0.0683122	-1.84135	-0.295579	-0.287926	-0.4842	-0.4842	-2.30721	-1.03315	-0.865019
32	0.618769	-0.186335	-0.186335	-1.76548	-0.378052	-0.346677	-1.32075	-1.32075	-2.21215	-1.49291	-1.33746
32	1.06382	0.159772	0.159772	-2.346	-0.129597	-0.0960204	1.13247	1.13247	-2.93954	-0.384328	-0.246928
32	0.813721	0.218666	0.218666	-1.68749	0.00689615	0.0278237	1.54992	1.54992	-2.11443	0.0239684	0.0945377
32	1.22304	0.254324	0.254324	-2.40006	-0.245328	-0.102742	1.80266	1.80266	-3.00728	-0.473798	-0.20084
32	0.628617	0.295053	0.295053	-1.28566	0.109552	0.137191	2.09135	2.09135	-1.61093	0.462447	0.482624
32	1.24159	0.0967917	0.0967917	-1.7199	-0.478143	-0.390753	0.686064	0.686064	-2.15504	-0.896689	-0.725762
32	1.44084	-0.11543	-0.11543	-2.65386	-1.03906	-0.916233	-0.818175	-0.818175	-3.32529	-1.63017	-1.28851
32	0.813684	-0.0774162	-0.0774162	-2.2281	-0.26704	-0.263433	-0.548729	-0.548729	-2.79181	-1.04406	-0.815043
32	0.848203	-0.0297375	-0.0297375	-2.36374	-0.246097	-0.20439	-0.21078	-0.21078	-2.96176	-0.838033	-0.706501
32	1.03564	-0.0213094	-0.0213094	-1.59727	-0.261438	-0.232124	-0.151042	-0.151042	-2.00137	-0.843987	-0.660042
32	1.1703	-0.423372	-0.423372	-2.00581	-0.845599	-0.754519	-3.00088	-3.00088	-2.51328	-1.84678	-1.70223
32	1.29542	0.151763	0.151763	-2.49137	-0.357508	-0.275223	1.0757	1.0757	-3.12168	-0.7194	-0.559732
32	0.777552	0.313364	0.313364	-1.07206	0.126177	0.134607	2.22113	2.22113	-1.34329	0.488831	0.471014
32	0.807442	-0.124409	-0.124409	-1.56074	-0.326329	-0.317152	-0.881815	-0.881815	-1.95561	-1.18648	-1.01166
32	1.06105	0.0194277	0.0194277	-1.47798	-0.190718	-0.159821	0.137704	0.137704	-1.8519	-0.695964	-0.547379
32	0.822704	-0.074448	-0.074448	-1.92885	-0.284352	-0.241486	-0.52769	-0.52769	-2.41685	-1.09707	-0.879315
32	0.639186	0.0930586	0.0930586	-1.52221	-0.110342	-0.0671421	0.659603	0.659603	-1.90733	-0.420402	-0.267709
32	0.558769	-0.0737641	-0.0737641	-1.75976	-0.264326	-0.248544	-0.522842	-0.522842	-2.20498	-1.03781	-0.846872
32	0.87937	0.0655066	0.0655066	-1.32635	-0.125412	-0.134758	0.464313	0.464313	-1.66191	-0.523095	-0.388952
32	1.49769	0.579522	0.579522	-1.375	-0.755824	-0.609638	4.10767	4.10767	-1.72288	-1.17145	-0.944763
32	0.935757	0.266977	0.266977	-1.76082	0.0210469	0.0860763	1.89235	1.89235	-2.20631	0.0609366	0.294297
32	0.996223	0.0192561	0.0192561	-1.9865	-0.218323	-0.171747	0.136488	0.136488	-2.48909	-0.725513	-0.564094
32	0.493717	-0.259804	-0.259804	-1.86002	-0.415924	-0.395764	-1.8415	-1.8415	-2.3306	-1.8892	-1.5999
32	0.572068	0.521089	0.521089	-1.25065	0.312752	0.368866	3.6935	3.6935	-1.56706	1.13573	1.41504
32	0.890544	0.0169693	0.0169693	-1.82217	-0.201618	-0.195919	0.120279	0.120279	-2.28318	-0.72102	-0.612741
32	0.855487	0.129293	0.129293	-1.25788	-0.0881765	-0.0568356	0.916431	0.916431	-1.57613	-0.328092	-0.183317
32	0.824544	0.081448	0.081448	-1.62329	-0.134948	-0.0876866	0.577306	0.577306	-2.03398	-0.451251	-0.299981
32	1.33513	-0.0312072	-0.0312072	-2.96278	-0.896294	-0.661657	-0.221198	-0.221198	-3.71236	-1.23766	-1.08137
32	0.961919	-0.171856	-0.171856	-2.7613	-0.442205	-0.361541	-1.21813	-1.21813	-3.45991	-1.3432	-1.15349
32	0.975777	-0.187683	-0.187683	-3.08985	-0.405005	-0.376523	-1.3303	-1.3303	-3.87158	-1.45955	-1.19017
32	0.626807	0.160069	0.160069	-1.34611	-0.035594	0.0158918	1.13457	1.13457	-1.68668	-0.136776	0.0626485
32	0.860625	-0.0279867	-0.0279867	-1.57347	-0.253994	-0.215373	-0.198371	-0.198371	-1.97156	-0.884793	-0.644107
32	0.728496	-0.156909	-0.156909	-2.38864	-0.346427	-0.315775	-1.11217	-1.11217	-2.99297	-1.35781	-1.10711
32	0.875862	0.155421	0.155421	-2.28499	-0.0469702	-0.0239804	1.10163	1.10163	-2.8631	-0.178201	-0.080374
32	0.658118	-0.333329	-0.333329	-1.81447	-0.529544	-0.516613	-2.36265	-2.36265	-2.27353	-2.12146	-1.92232
32	0.794724	-0.0205691	-0.0205691	-1.7351	-0.238489	-0.201305	-0.145795	-0.145795	-2.17408	-0.847527	-0.647237
32	0.66823	-0.291045	-0.291045	-1.90496	-0.483598	-0.461204	-2.06294	-2.06294	-2.38692	-1.98481	-1.71368
32	1.01559	-0.0873613	-0.0873613	-2.86208	-0.326949	-0.277069	-0.61922	-0.61922	-3.58619	-0.988117	-0.827792
32	1.18149	0.0411748	0.0411748	-1.98868	-0.301172	-0.258138	0.291849	0.291849	-2.49182	-0.768531	-0.587107
32	1.06431	0.184188	0.184188	-2.10532	-0.101598	-0.102128	1.30553	1.30553	-2.63797	-0.28611	-0.23407
32	0.859001	0.0160267	0.0160267	-1.56504	-0.196118	-0.177402	0.113598	0.113598	-1.96099	-0.678487	-0.573447
32	0.503035	-0.0503261	-0.0503261	-1.42665	-0.26107	-0.20656	-0.356713	-0.356713	-1.7876	-1.04312	-0.777527
32	1.00913	0.000318333	0.000318333	-2.02103	-0.24635	-0.19823	0.00225636	0.00225636	-2.53235	-0.757812	-0.594451
32	1.27721	0.356649	0.356649	-2.81162	-0.461416	-0.188069	2.52794	2.52794	-3.52296	-0.66405	-0.298515
32	1.14084	-0.176513	-0.176513	-1.79106	-0.522298	-0.456693	-1.25113	-1.25113	-2.2442	-1.22558	-1.14088
32	1.0021	0.0295879	0.0295879	-1.69783	-0.21586	-0.188572	0.20972	0.20972	-2.12738	-0.693982	-0.558471
32	1.17699	0.0737399	0.0737399	-1.71887	-0.336211	-0.235046	0.522672	0.522672	-2.15375	-0.742297	-0.526017
32	1.05961	0.0459597	0.0459597	-1.91859	-0.205652	-0.162808	0.325764	0.325764	-2.40399	-0.678077	-0.498794
32	0.940308	-0.106839	-0.106839	-2.18866	-0.341029	-0.297759	-0.757279	-0.757279	-2.74239	-1.1901	-0.94819
32	0.991567	-0.135103	-0.135103	-1.96446	-0.384642	-0.321581	-0.957618	-0.957618	-2.46146	-1.34217	-1.02017
32	1.22995	0.0763071	0.0763071	-2.11535	-0.273425	-0.286441	0.540868	0.540868	-2.65053	-0.736424	-0.577458
32	1.30421	0.0644846	0.0644846	-2.77886	-0.525367	-0.399413	0.457069	0.457069	-3.48191	-0.928944	-0.724104
32	1.32868	-0.0507264	-0.0507264	-2.34408	-0.82406	-0.505075	-0.359551	-0.359551	-2.93713	-1.31451	-0.872088
32	1.60155	0.164448	0.089788	-2.91089	-1.0949	-0.6729	1.16561	0.626398	-3.64734	-1.48405	-0.983521
32	0.777634	0.198277	0.198277	-1.45474	-0.0147283	0.0161434	1.4054	1.4054	-1.8228	-0.0549763	0.05617
32	1.30391	0.0663471	0.0663471	-2.11316	-0.782601	-0.603999	0.470271	0.470271	-2.64779	-1.19529	-0.886393
32	0.919931	0.099546	0.099546	-1.512	-0.0806708	-0.0946231	0.705586	0.705586	-1.89453	-0.327375	-0.300935
32	0.927808	-0.105171	-0.105171	-1.91814	-0.302255	-0.2953	-0.745453	-0.745453	-2.40343	-1.10532	-0.912522
32	0.867883	0.581778	0.581778	-2.15898	0.365468	0.421509	4.12367	4.12367	-2.7052	1.27065	1.50243
32	0.848505	0.169637	0.169637	-1.69394	-0.0327588	-0.0166572	1.20239	1.20239	-2.1225	-0.115493	-0.0531299
32	1.29533	-0.160202	-0.160202	-3.05891	-0.939756	-0.693351	-1.13552	-1.13552	-3.83281	-1.56959	-1.25499
32	1.20094	-0.224326	-0.224326	-2.60442	-0.658547	-0.619067	-1.59003	-1.59003	-3.26334	-1.38248	-1.25457
32	0.684279	-0.0317237	-0.0317237	-1.82323	-0.205461	-0.199167	-0.224859	-0.224859	-2.28451	-0.864736	-0.72761
32	0.945632	0.175014	0.175014	-1.66615	-0.0667924	-0.0270752	1.2405	1.2405	-2.08769	-0.216351	-0.0800824
32	0.955177	0.0829004	0.0829004	-1.86788	-0.142693	-0.0939582	0.587601	0.587601	-2.34046	-0.494685	-0.3296
32	0.914577	0.141769	0.141769	-1.82671	-0.0615175	-0.0634478	1.00486	1.00486	-2.28886	-0.237165	-0.18971
32	1.2971	-0.389833	-0.389833	-3.03773	-1.08407	-0.949748	-2.76315	-2.76315	-3.80628	-1.87914	-1.62585
32	0.704868	-0.139692	-0.139692	-2.12283	-0.332281	-0.308625	-0.990139	-0.990139	-2.65991	-1.34857	-1.09092
32	0.927436	-0.0419192	-0.0419192	-1.87771	-0.25468	-0.212898	-0.297125	-0.297125	-2.35276	-0.888785	-0.749999
32	1.46481	-0.0865428	-0.0865428	-1.7889	-0.968455	-1.03636	-0.613419	-0.613419	-2.2415	-1.68019	-1.76708
32	0.64953	-0.0536987	-0.0536987	-1.42997	-0.238212	-0.21777	-0.380619	-0.380619	-1.79175	-0.995787	-0.780068
32	0.765284	-0.357561	-0.357561	-2.44216	-0.570325	-0.521604	-2.53441	-2.53441	-3.06002	-2.0945	-1.99259
32	1.23185	0.0856693	0.0856693	-3.24474	-0.500232	-0.314642	0.607227	0.607227	-4.06567	-0.903763	-0.6084
32	0.82226	-0.030057	-0.030057	-1.9617	-0.22521	-0.202723	-0.213045	-0.213045	-2.458	-0.920431	-0.686869
32	0.825191	0.124163	0.124163	-1.48382	-0.100753	-0.0416332	0.88007	0.88007	-1.85923	-0.352288	-0.153538
32	0.916902	-0.0888413	-0.0888413	-2.09385	-0.33899	-0.29849	-0.62971	-0.62971	-2.6236	-0.980787	-0.84417
32	0.749973	-0.0124311	-0.0124311	-2.13723	-0.193507	-0.182463	-0.0881118	-0.0881118	-2.67795	-0.766387	-0.711485
32	1.23613	-0.196142	-0.196142	-1.94114	-0.709894	-0.617661	-1.39026	-1.39026	-2.43225	-1.36143	-1.16041
32	1.38216	0.583153	0.583153	-1.61994	-0.463772	-0.208615	4.13341	4.13341	-2.02979	-0.678068	-0.328951
32	0.857067	0.252884	0.252884	-1.4964	0.0421763	0.0820623	1.79245	1.79245	-1.87499	0.149309	0.284037
32	0.537793	0.453965	0.453965	-1.1638	0.280047	0.260527	3.21772	3.21772	-1.45824	1.27465	0.872941
32	1.15521	-0.100041	-0.100041	-3.05428	-0.473742	-0.404917	-0.709096	-0.709096	-3.82701	-1.09395	-0.925222
32	1.14399	-0.12126	-0.12126	-2.94468	-0.426453	-0.405038	-0.859498	-0.859498	-3.68968	-1.1467	-0.936147
32	1.10495	0.140206	0.140206	-1.76382	-0.148217	-0.115822	0.993787	0.993787	-2.21007	-0.417425	-0.31114
32	1.15172	-0.205812	-0.205812	-3.24012	-0.559852	-0.499912	-1.4588	-1.4588	-4.05987	-1.39853	-1.27607
32	0.786213	0.227694	0.227694	-1.99085	0.0338521	0.0680447	1.6139	1.6139	-2.49454	0.126199	0.254412
32	1.24618	0.166727	0.166727	-2.32935	-0.524208	-0.366395	1.18177	1.18177	-2.91868	-0.898862	-0.618361
32	0.871089	0.10648	0.10648	-1.42613	-0.120412	-0.0490153	0.754737	0.754737	-1.78694	-0.389812	-0.188537
32	1.04917	0.206773	0.206773	-1.52895	-0.039921	-0.0215534	1.46561	1.46561	-1.91578	-0.12836	-0.058109
32	1.06126	-0.0550493	-0.0550493	-1.98168	-0.30617	-0.254946	-0.390191	-0.390191	-2.48304	-0.942291	-0.783984
32	0.853155	-0.149653	-0.149653	-1.39559	-0.355245	-0.337354	-1.06074	-1.06074	-1.74867	-1.33776	-1.08582
32	0.715298	-0.0454133	-0.0454133	-1.50287	-0.250995	-0.214484	-0.321891	-0.321891	-1.8831	-0.956115	-0.737047
32	0.891608	0.295941	0.295941	-2.27736	0.0673217	0.056567	2.09764	2.09764	-2.85353	0.23196	0.154409
32	0.701432	-0.0427603	-0.0427603	-2.69527	-0.233506	-0.200738	-0.303087	-0.303087	-3.37718	-0.966017	-0.782506
32	0.755048	0.104225	0.104225	-1.48908	-0.103473	-0.0766937	0.73875	0.73875	-1.86581	-0.390927	-0.255629
32	0.880061	0.0745737	0.0745737	-2.19928	-0.136081	-0.140465	0.528581	0.528581	-2.7557	-0.543322	-0.372608
32	0.795609	0.111155	0.111155	-1.76195	-0.0807346	-0.0654385	0.787871	0.787871	-2.20773	-0.308803	-0.227931
32	0.988757	0.0693673	0.0693673	-2.22078	-0.157715	-0.128808	0.491678	0.491678	-2.78264	-0.518056	-0.410807
32	0.909671	-0.141166	-0.141166	-2.53495	-0.407761	-0.320284	-1.00059	-1.00059	-3.17629	-1.08165	-1.13101
32	0.888099	-0.128301	-0.128301	-2.02506	-0.334453	-0.291702	-0.909405	-0.909405	-2.5374	-1.22725	-1.07523
32	0.979388	-0.0677497	-0.0677497	-2.19946	-0.303248	-0.246649	-0.480212	-0.480212	-2.75593	-1.08382	-0.824184
32	1.40114	0.0902038	0.0902038	-1.66347	-1.04255	-0.971351	0.639368	0.639368	-2.08433	-1.73994	-1.48604
32	0.7883	0.00695514	0.00695514	-2.12563	-0.185626	-0.195871	0.0492983	0.0492983	-2.66341	-0.709726	-0.655756
32	0.970747	0.119442	0.119442	-2.00395	-0.12002	-0.0688323	0.846609	0.846609	-2.51095	-0.342204	-0.215804
32	1.40743	0.105624	0.105624	-2.43438	-0.596341	-0.503043	0.748664	0.748664	-3.05028	-1.07409	-0.886564
32	1.02168	-0.130862	-0.130862	-2.75753	-0.370498	-0.330249	-0.927555	-0.927555	-3.45519	-1.23528	-1.02126
32	1.32535	-0.0239731	-0.0239731	-2.25827	-0.770253	-0.542114	-0.169922	-0.169922	-2.82961	-1.27182	-0.876086
32	1.21997	-0.0613786	-0.0613786	-2.28875	-0.639857	-0.581096	-0.435054	-0.435054	-2.8678	-1.15825	-1.01275
32	1.22229	0.0995878	0.0995878	-1.94806	-0.339007	-0.313092	0.705882	0.705882	-2.44092	-0.787929	-0.600139
32	0.739882	0.104592	0.104592	-2.22997	-0.0529075	-0.0709884	0.74135	0.74135	-2.79415	-0.216225	-0.237806
32	1.17367	0.405052	0.405052	-1.99534	0.0317933	0.0851303	2.87102	2.87102	-2.50016	0.0727325	0.184499
32	1.24814	0.351532	0.351532	-1.84945	-0.159939	-0.109797	2.49167	2.49167	-2.31736	-0.306451	-0.178989
32	1.0577	0.156727	0.156727	-2.39763	-0.131213	-0.0702349	1.11089	1.11089	-3.00423	-0.35972	-0.204549
32	0.921188	-0.103822	-0.103822	-1.85295	-0.336268	-0.312026	-0.735896	-0.735896	-2.32175	-1.14514	-0.971096
32	1.19779	0.193348	0.193348	-2.87492	-0.21317	-0.160276	1.37046	1.37046	-3.60228	-0.497875	-0.339699
32	1.16097	0.0546438	0.0546438	-1.98149	-0.371755	-0.269454	0.387318	0.387318	-2.48281	-0.784871	-0.618295
32	1.07427	0.184616	0.184616	-1.6931	-0.0879463	-0.056245	1.30857	1.30857	-2.12145	-0.255067	-0.146693
32	1.1056	-0.0101181	-0.0101181	-2.36464	-0.340837	-0.284392	-0.0717176	-0.0717176	-2.9629	-0.824629	-0.670499
32	1.29061	0.0723501	0.0723501	-1.95931	-0.576177	-0.406178	0.512821	0.512821	-2.45501	-0.950736	-0.700048
32	0.843455	-0.0744786	-0.0744786	-2.50669	-0.274835	-0.275815	-0.527907	-0.527907	-3.14088	-1.04096	-0.877902
32	0.592059	0.244108	0.244108	-1.63646	0.0459007	0.0620395	1.73025	1.73025	-2.05049	0.18757	0.208773
32	1.03124	-0.146514	-0.146514	-2.1736	-0.428835	-0.364813	-1.0385	-1.0385	-2.72352	-1.11274	-1.01358
32	0.851301	-0.000752591	-0.000752591	-1.5284	-0.21457	-0.192004	-0.00533439	-0.00533439	-1.91508	-0.850415	-0.649896
32	0.94261	0.138323	0.138323	-1.69599	-0.0944795	-0.0166338	0.98044	0.98044	-2.12508	-0.300918	-0.0577967
32	0.989671	0.180203	0.180203	-1.64555	-0.0664452	-0.0318479	1.27728	1.27728	-2.06187	-0.2027	-0.0923543
32	0.998563	-0.169787	-0.169787	-1.78213	-0.372958	-0.364789	-1.20346	-1.20346	-2.23301	-1.325	-1.01478
32	1.12506	-0.189134	-0.189134	-2.1686	-0.461558	-0.454984	-1.34059	-1.34059	-2.71725	-1.37073	-1.11228
32	0.708256	0.304229	0.304229	-1.57182	0.115494	0.122163	2.15639	2.15639	-1.96949	0.467613	0.424313
32	1.15041	0.203453	0.203453	-1.51649	-0.15457	-0.137385	1.44208	1.44208	-1.90016	-0.384893	-0.281813
32	0.960962	0.240208	0.240208	-1.08796	-0.00780574	0.0333385	1.7026	1.7026	-1.36321	-0.0273334	0.0991055
32	1.06721	-0.0483351	-0.0483351	-2.57146	-0.36764	-0.280666	-0.342601	-0.342601	-3.22204	-0.929176	-0.73561
32	1.24775	0.241856	0.241856	-1.57144	-0.232342	-0.124474	1.71428	1.71428	-1.96902	-0.447921	-0.255852
32	0.894095	0.265314	0.265314	-1.89253	0.0506673	0.0851558	1.88055	1.88055	-2.37133	0.191976	0.270903
32	0.632982	0.108785	0.108785	-1.30123	-0.0735512	-0.050794	0.771073	0.771073	-1.63044	-0.304283	-0.18405
32	0.953028	0.171855	0.171855	-1.33281	-0.0431662	-0.0213506	1.21811	1.21811	-1.67001	-0.157456	-0.0657913
32	0.791971	0.0251361	0.0251361	-1.88343	-0.19427	-0.138448	0.178166	0.178166	-2.35994	-0.707755	-0.526471
32	1.61098	0.229229	0.150951	-2.723	-1.03144	-0.812135	1.62478	1.05309	-3.41192	-1.56566	-1.28427
32	1.32508	0.180027	0.180027	-2.94414	-0.509769	-0.456712	1.27604	1.27604	-3.689	-0.85503	-0.726275
32	0.99896	0.40684	0.40684	-1.33333	0.218656	0.217146	2.8837	2.8837	-1.67066	0.81328	0.710497
32	0.940233	0.138712	0.138712	-1.81594	-0.0740274	-0.0926054	0.983198	0.983198	-2.27537	-0.257886	-0.250285
32	1.04976	0.112672	0.112672	-1.93843	-0.177605	-0.109815	0.798622	0.798622	-2.42885	-0.516541	-0.304484
32	1.21997	0.216301	0.216301	-1.85903	-0.222029	-0.154956	1.53315	1.53315	-2.32937	-0.449147	-0.288787
32	1.30644	0.141067	0.141067	-1.86503	-0.497312	-0.292738	0.999889	0.999889	-2.33688	-0.80272	-0.528293
32	0.539693	-0.126607	-0.126607	-1.3918	-0.290791	-0.276429	-0.897396	-0.897396	-1.74393	-1.3187	-1.04081
32	0.414425	0.172611	0.172611	-1.33104	-0.00814297	0.0121308	1.22347	1.22347	-1.66779	-0.0341922	0.0427278
32	0.717566	-0.170188	-0.170188	-2.27418	-0.377171	-0.336329	-1.2063	-1.2063	-2.84955	-1.32846	-1.19169
32	1.60552	-0.0375593	-0.110483	-2.02708	-1.30564	-1.1468	-0.266222	-0.770772	-2.53993	-1.88729	-1.67183
32	0.850574	0.0239816	0.0239816	-1.48067	-0.195221	-0.176492	0.169982	0.169982	-1.85528	-0.668761	-0.508416
32	1.38566	-0.144601	-0.144601	-2.12835	-0.679243	-0.724943	-1.02493	-1.02493	-2.66682	-1.31762	-1.16298
32	1.01355	-0.0934272	-0.0934272	-1.65261	-0.349613	-0.344961	-0.662215	-0.662215	-2.07072	-1.11243	-0.877405
32	0.992813	0.210953	0.210953	-2.16876	-0.0295811	0.0184389	1.49524	1.49524	-2.71745	-0.0987444	0.0600744
32	0.981676	0.0357374	0.0357374	-1.65121	-0.202019	-0.165421	0.253308	0.253308	-2.06897	-0.667703	-0.484181
32	1.2207	-0.347483	-0.347483	-2.17279	-0.882828	-0.766781	-2.46297	-2.46297	-2.72251	-1.71693	-1.56875
32	0.941235	0.311245	0.311245	-1.15398	0.0760409	0.0851845	2.20611	2.20611	-1.44593	0.244765	0.249625
32	0.791516	-0.220165	-0.220165	-2.32829	-0.433231	-0.371401	-1.56054	-1.56054	-2.91734	-1.63633	-1.40903
32	0.690411	0.21248	0.21248	-1.29	0.0364572	0.0408535	1.50606	1.50606	-1.61636	0.149469	0.144062
32	1.03066	0.237917	0.237917	-1.83255	-0.0146982	0.0205572	1.68636	1.68636	-2.29618	-0.0437333	0.0583851
32	0.656746	-0.320743	-0.320743	-1.41253	-0.503772	-0.49463	-2.27344	-2.27344	-1.7699	-2.09561	-1.69658
32	0.846138	-0.0533337	-0.0533337	-1.7642	-0.243473	-0.227725	-0.378031	-0.378031	-2.21055	-0.838339	-0.786064
32	0.741939	0.11979	0.11979	-1.67061	-0.0635213	-0.0439202	0.849073	0.849073	-2.09327	-0.265622	-0.15864
32	0.534837	-0.227187	-0.227187	-1.64547	-0.427602	-0.377898	-1.61031	-1.61031	-2.06177	-1.664	-1.42666
32	0.481963	-0.010482	-0.010482	-1.28253	-0.194906	-0.157391	-0.074297	-0.074297	-1.60701	-0.80824	-0.613208
32	1.07537	-0.209132	-0.209132	-2.67379	-0.524587	-0.47121	-1.48234	-1.48234	-3.35026	-1.40985	-1.12436
32	0.947919	0.0944843	0.0944843	-1.52356	-0.136772	-0.0900506	0.669708	0.669708	-1.90902	-0.46631	-0.298993
32	0.795459	-0.162766	-0.162766	-2.01827	-0.401393	-0.326796	-1.15369	-1.15369	-2.52889	-1.39492	-1.19653
32	0.879568	0.260339	0.260339	-1.58459	0.0450907	0.0784734	1.84529	1.84529	-1.98549	0.152508	0.267596
32	0.853163	-0.060693	-0.060693	-1.80036	-0.270666	-0.226426	-0.430194	-0.430194	-2.25585	-1.00982	-0.735079
32	0.996032	0.0926107	0.0926107	-2.02303	-0.138126	-0.130415	0.656428	0.656428	-2.53485	-0.427251	-0.388323
32	0.747502	0.0267075	0.0267075	-1.62257	-0.161903	-0.138472	0.189304	0.189304	-2.03308	-0.655403	-0.480557
32	0.975751	0.186361	0.186361	-1.6313	-0.022126	-0.00651023	1.32094	1.32094	-2.04402	-0.0779531	-0.0196606
32	0.816474	0.294676	0.294676	-1.38124	0.0801159	0.113297	2.08867	2.08867	-1.7307	0.288784	0.359915
32	1.1666	0.0775354	0.0775354	-2.98147	-0.341142	-0.263057	0.549574	0.549574	-3.73579	-0.765074	-0.54478
32	0.956766	0.11556	0.11556	-1.84081	-0.1286	-0.0817454	0.819094	0.819094	-2.30654	-0.373317	-0.253473
32	0.84672	-0.190943	-0.190943	-2.40355	-0.402159	-0.390832	-1.35341	-1.35341	-3.01164	-1.43921	-1.17961
32	1.02287	-0.00734282	-0.00734282	-2.34875	-0.254464	-0.221231	-0.0520462	-0.0520462	-2.94298	-0.77405	-0.611331
32	1.07324	0.24495	0.24495	-1.84268	-0.0874371	-0.0153832	1.73621	1.73621	-2.30888	-0.222634	-0.0401514
32	0.530642	-0.0431821	-0.0431821	-1.30202	-0.206833	-0.182654	-0.306076	-0.306076	-1.63143	-0.867849	-0.742857
32	1.21236	0.0618992	0.0618992	-2.45994	-0.410978	-0.416404	0.438744	0.438744	-3.08231	-0.814232	-0.738784
32	1.42333	0.0208385	0.0208385	-2.69488	-1.26616	-0.934957	0.147704	0.147704	-3.37669	-1.80671	-1.28221
32	1.1837	0.0511161	0.0511161	-2.31857	-0.395119	-0.243946	0.362313	0.362313	-2.90517	-0.86093	-0.560644
32	1.1082	0.065175	0.065175	-2.46603	-0.264968	-0.213319	0.461963	0.461963	-3.08993	-0.612491	-0.489109
32	0.681548	-0.0337116	-0.0337116	-1.79697	-0.217758	-0.205303	-0.238949	-0.238949	-2.2516	-0.88436	-0.736092
32	0.790174	-0.209893	-0.209893	-1.34533	-0.425664	-0.372421	-1.48773	-1.48773	-1.6857	-1.51511	-1.29402
32	0.939719	0.399488	0.399488	-1.48436	0.188599	0.200779	2.83159	2.83159	-1.8599	0.72403	0.629664
32	1.16793	-0.00780507	-0.00780507	-1.90006	-0.384245	-0.333782	-0.0553227	-0.0553227	-2.38078	-0.920209	-0.758313
32	0.736507	0.0884735	0.0884735	-1.74453	-0.0916658	-0.0903948	0.627104	0.627104	-2.1859	-0.385444	-0.277893
32	1.32333	-0.16257	-0.16257	-2.21278	-0.911483	-0.747457	-1.1523	-1.1523	-2.77261	-1.49757	-1.28874
32	0.942683	0.035283	0.035283	-2.10777	-0.175006	-0.137927	0.250088	0.250088	-2.64103	-0.664189	-0.492269
32	0.967894	-0.241324	-0.241324	-2.02314	-0.461579	-0.439377	-1.71051	-1.71051	-2.535	-1.67471	-1.3165
32	0.786214	0.285908	0.285908	-1.36049	0.0841587	0.0943167	2.02653	2.02653	-1.70469	0.324895	0.310724
32	0.865153	0.284553	0.284553	-2.01076	0.0660844	0.12155	2.01692	2.01692	-2.51948	0.230304	0.437505
32	0.905253	0.0413973	0.0413973	-1.77341	-0.184532	-0.138769	0.293426	0.293426	-2.22208	-0.607568	-0.444188
32	0.893206	0.201096	0.201096	-1.2954	-0.00475534	-0.00490221	1.42538	1.42538	-1.62313	-0.0180513	-0.0152962
32	0.794621	0.285214	0.285214	-1.37552	0.0565823	0.118388	2.02161	2.02161	-1.72353	0.189821	0.418995
32	1.15581	0.0541151	0.0541151	-2.67587	-0.271828	-0.185359	0.38357	0.38357	-3.35286	-0.758309	-0.523564
32	1.14474	-0.269001	-0.269001	-2.24826	-0.645955	-0.626832	-1.90669	-1.90669	-2.81707	-1.5335	-1.35598
32	0.567984	0.013713	0.013713	-1.64616	-0.202859	-0.141749	0.0971984	0.0971984	-2.06264	-0.676955	-0.520936
32	0.926932	-0.0581619	-0.0581619	-2.45156	-0.274615	-0.265151	-0.412254	-0.412254	-3.0718	-0.95905	-0.774735
32	1.0366	0.0884188	0.0884188	-1.78464	-0.176276	-0.160987	0.626716	0.626716	-2.23616	-0.543847	-0.411921
32	0.710501	-0.199079	-0.199079	-1.71295	-0.406765	-0.361065	-1.41108	-1.41108	-2.14633	-1.46572	-1.27787
32	0.85953	0.297534	0.297534	-1.90933	0.0965874	0.131219	2.10893	2.10893	-2.3924	0.35636	0.495147
32	1.02816	-0.144775	-0.144775	-2.37224	-0.409647	-0.342576	-1.02617	-1.02617	-2.97242	-1.17361	-1.11389
32	1.17905	-0.313744	-0.313744	-3.08253	-0.697686	-0.659432	-2.22383	-2.22383	-3.86242	-1.49489	-1.35349
32	0.831574	-0.0571426	-0.0571426	-2.0834	-0.282689	-0.249467	-0.405029	-0.405029	-2.61051	-0.901412	-0.801279
32	0.784444	0.211596	0.211596	-1.3116	0.0102832	0.0217758	1.4998	1.4998	-1.64343	0.0401654	0.0716768
32	0.590371	0.122283	0.122283	-1.4398	-0.0570534	-0.0264486	0.86675	0.86675	-1.80407	-0.234728	-0.101741
32	0.86148	0.0407151	0.0407151	-2.26028	-0.178512	-0.11472	0.28859	0.28859	-2.83213	-0.618517	-0.40823
32	0.81952	0.00727596	0.00727596	-1.87783	-0.198267	-0.159926	0.0515723	0.0515723	-2.35292	-0.740411	-0.56648
32	0.661132	0.134836	0.134836	-1.50747	-0.079126	-0.029145	0.95572	0.95572	-1.88886	-0.299656	-0.107524
32	1.19113	-0.173773	-0.173773	-2.31607	-0.60595	-0.539889	-1.23171	-1.23171	-2.90204	-1.30403	-1.08828
32	0.900275	0.159639	0.159639	-2.29893	-0.0670063	-0.0196502	1.13152	1.13152	-2.88056	-0.248553	-0.0621396
32	1.34715	0.196978	0.196978	-1.93136	-0.655449	-0.459434	1.39619	1.39619	-2.41999	-1.05264	-0.682984
32	1.17813	0.094928	0.094928	-1.586	-0.282884	-0.235285	0.672853	0.672853	-1.98726	-0.655017	-0.508715
32	1.15471	0.119746	0.119746	-1.81466	-0.205785	-0.179292	0.848763	0.848763	-2.27377	-0.553262	-0.42
32	1.37874	0.0197567	0.0197567	-2.69545	-0.581525	-0.543901	0.140036	0.140036	-3.3774	-1.07376	-0.900845
32	0.748154	-0.0253328	-0.0253328	-1.59243	-0.224489	-0.199442	-0.17956	-0.17956	-1.99531	-0.915175	-0.726025
32	1.09836	0.16736	0.16736	-2.25555	-0.156472	-0.0806743	1.18626	1.18626	-2.82621	-0.38272	-0.210893
32	1.19613	-0.043482	-0.043482	-1.79451	-0.4758	-0.459284	-0.308202	-0.308202	-2.24852	-1.00966	-0.922466
32	0.913133	-0.118479	-0.118479	-1.65677	-0.319894	-0.29717	-0.839783	-0.839783	-2.07593	-1.26539	-0.99952
32	1.0417	0.317203	0.317203	-2.8422	0.0661588	0.0654532	2.24834	2.24834	-3.56128	0.205278	0.169513
32	0.47492	0.0569973	0.0569973	-1.21897	-0.0908975	-0.0834219	0.403999	0.403999	-1.52736	-0.430193	-0.345564
32	0.835235	-0.28997	-0.28997	-2.13203	-0.510733	-0.464153	-2.05532	-2.05532	-2.67144	-1.92233	-1.6001
32	1.05368	-0.0133796	-0.0133796	-2.69739	-0.280836	-0.207041	-0.0948353	-0.0948353	-3.37983	-0.780278	-0.622276
32	1.07182	0.192553	0.192553	-1.74898	-0.109407	-0.0487059	1.36483	1.36483	-2.19147	-0.29936	-0.129093
32	0.931936	-0.0504227	-0.0504227	-1.64229	-0.300853	-0.223435	-0.357398	-0.357398	-2.05779	-0.967525	-0.761967
32	0.745204	-0.0517516	-0.0517516	-1.37895	-0.236271	-0.233125	-0.366817	-0.366817	-1.72783	-0.941891	-0.786492
32	1.47259	0.210653	0.210653	-2.78034	-0.637239	-0.513678	1.49312	1.49312	-3.48376	-0.946227	-0.73022
32	0.752961	0.134186	0.134186	-1.54148	-0.0628832	-0.0426079	0.951115	0.951115	-1.93148	-0.233637	-0.153644
32	0.697027	0.0944374	0.0944374	-2.19066	-0.0977769	-0.0858	0.669376	0.669376	-2.7449	-0.395544	-0.309714
32	0.651582	0.399234	0.399234	-1.154	0.201815	0.240253	2.82978	2.82978	-1.44596	0.775262	0.886851
32	1.25543	0.164745	0.164745	-2.13587	-0.403821	-0.266586	1.16772	1.16772	-2.67625	-0.727396	-0.496197
32	0.808427	-0.0533912	-0.0533912	-1.7867	-0.259775	-0.239677	-0.378439	-0.378439	-2.23873	-0.929341	-0.801538
32	1.06655	-0.0944021	-0.0944021	-2.28971	-0.379014	-0.283992	-0.669126	-0.669126	-2.86901	-1.03191	-0.917301
32	0.856538	-0.0315265	-0.0315265	-2.22193	-0.286028	-0.195893	-0.223461	-0.223461	-2.78408	-0.838313	-0.676024
32	1.36467	0.041189	0.041189	-2.70322	-0.729128	-0.604768	0.291949	0.291949	-3.38714	-1.22639	-0.999708
32	1.48431	0.0622877	0.0622877	-1.92119	-1.10412	-0.968671	0.441498	0.441498	-2.40726	-1.96304	-1.48874
32	0.759313	-0.220857	-0.220857	-2.24274	-0.441944	-0.391449	-1.56544	-1.56544	-2.81015	-1.43669	-1.3254
32	1.08203	-0.00998765	-0.00998765	-2.81795	-0.279481	-0.26041	-0.0707929	-0.0707929	-3.5309	-0.895562	-0.711795
32	1.27119	0.11628	0.11628	-2.37272	-0.567396	-0.427323	0.824199	0.824199	-2.97302	-1.01699	-0.73868
32	1.19755	0.153926	0.153926	-2.59506	-0.338911	-0.186337	1.09103	1.09103	-3.25161	-0.62826	-0.397747
32	1.07168	-0.0406573	-0.0406573	-2.33702	-0.310111	-0.294312	-0.28818	-0.28818	-2.92828	-0.953669	-0.794016
32	1.14535	0.0345949	0.0345949	-1.69388	-0.353732	-0.376856	0.24521	0.24521	-2.12243	-0.779193	-0.725556
32	1.19332	0.188958	0.188958	-2.30904	-0.2586	-0.14713	1.33934	1.33934	-2.89323	-0.508173	-0.330464
32	0.868283	-0.0365488	-0.0365488	-1.64924	-0.245708	-0.231778	-0.259059	-0.259059	-2.0665	-0.819387	-0.756986
32	1.10482	-0.321786	-0.321786	-2.17714	-0.671888	-0.576994	-2.28083	-2.28083	-2.72796	-1.54045	-1.52491
32	0.798487	-0.0695651	-0.0695651	-2.22985	-0.273078	-0.255326	-0.49308	-0.49308	-2.794	-0.947106	-0.820526
32	1.4943	-0.380968	-0.380968	-2.3069	-1.17001	-1.2173	-2.70031	-2.70031	-2.89054	-1.88097	-1.6942
32	1.11588	0.442669	0.442669	-1.94319	0.18316	0.145172	3.13766	3.13766	-2.43482	0.523411	0.340706
32	1.03459	0.127321	0.127321	-1.88645	-0.154283	-0.085955	0.902459	0.902459	-2.36373	-0.422844	-0.265414
32	0.78814	0.0500371	0.0500371	-1.71451	-0.166985	-0.149561	0.354665	0.354665	-2.14828	-0.533037	-0.478206
32	1.50511	0.277413	0.277413	-2.39888	-0.951157	-0.76594	1.96631	1.96631	-3.00579	-1.3657	-1.09278
32	0.970374	0.139697	0.139697	-1.86996	-0.0810392	-0.042426	0.990174	0.990174	-2.34306	-0.288629	-0.137338
32	0.99229	0.158955	0.158955	-1.72162	-0.114732	-0.0366466	1.12668	1.12668	-2.15718	-0.350988	-0.119248
32	1.20768	0.0207622	0.0207622	-2.11134	-0.474717	-0.363834	0.147163	0.147163	-2.64551	-0.925141	-0.767237
32	1.04688	0.244556	0.244556	-1.60735	-0.0267688	0.0445611	1.73342	1.73342	-2.01401	-0.077715	0.137058
32	0.430823	0.307024	0.307024	-1.25948	0.133791	0.148456	2.1762	2.1762	-1.57813	0.564946	0.584356
32	0.600182	0.24229	0.24229	-0.993977	0.0569676	0.0742829	1.71736	1.71736	-1.24545	0.235769	0.275668
32	1.36439	0.180594	0.180594	-2.54628	-0.572867	-0.386153	1.28005	1.28005	-3.19048	-0.959458	-0.656944
32	1.4669	0.0931703	0.0931703	-2.47321	-0.95587	-0.83872	0.660394	0.660394	-3.09893	-1.56577	-1.35276
32	1.00592	-0.0145146	-0.0145146	-2.52515	-0.253153	-0.205567	-0.10288	-0.10288	-3.16401	-0.805125	-0.65659
32	1.41693	0.279264	0.279264	-2.52172	-0.658384	-0.396419	1.97943	1.97943	-3.15971	-0.954304	-0.578175
32	0.774138	0.201073	0.201073	-1.69833	-0.00605024	0.0184917	1.42521	1.42521	-2.12801	-0.0213911	0.0691012
32	0.997686	0.00375411	0.00375411	-1.91751	-0.235811	-0.202518	0.0266092	0.0266092	-2.40264	-0.733575	-0.573794
32	1.15509	-0.0601905	-0.0601905	-1.91513	-0.413877	-0.344102	-0.426633	-0.426633	-2.39966	-0.994223	-0.793726
32	1.0634	-0.218645	-0.218645	-2.30949	-0.460662	-0.452394	-1.54976	-1.54976	-2.8938	-1.40041	-1.24268
32	1.55183	0.179046	0.0987921	-1.95866	-0.930904	-0.760776	1.26909	0.689214	-2.4542	-1.36428	-1.06025
32	1.11987	0.0898111	0.0898111	-2.00823	-0.273971	-0.201945	0.636585	0.636585	-2.51631	-0.654639	-0.501716
32	0.745295	0.2007	0.2007	-1.85825	0.0136499	0.0256062	1.42257	1.42257	-2.32839	0.0520978	0.0853881
32	0.864501	0.092304	0.092304	-1.80565	-0.130267	-0.0779752	0.654254	0.654254	-2.26248	-0.439511	-0.276564
32	0.865379	0.130916	0.130916	-1.62815	-0.0783014	-0.0287238	0.927936	0.927936	-2.04008	-0.276764	-0.099229
32	1.16399	0.118889	0.118889	-1.88284	-0.317274	-0.165483	0.842688	0.842688	-2.3592	-0.660073	-0.371274
32	1.04459	0.0240632	0.0240632	-1.89753	-0.238063	-0.176062	0.170561	0.170561	-2.37761	-0.717484	-0.519189
32	0.871976	-0.106055	-0.106055	-1.96216	-0.316396	-0.280347	-0.75172	-0.75172	-2.45859	-1.04157	-0.878334
32	1.50885	0.0934998	0.0235885	-2.34179	-1.20486	-0.956597	0.66273	0.164563	-2.93427	-1.76791	-1.35487
32	1.15049	0.0578108	0.0578108	-2.09652	-0.313015	-0.260594	0.409765	0.409765	-2.62694	-0.741636	-0.567942
32	0.75619	0.190777	0.190777	-1.1972	-0.0171369	0.0293829	1.35224	1.35224	-1.5001	-0.0595134	0.112435
32	1.02589	-0.143321	-0.143321	-2.69336	-0.352511	-0.367308	-1.01586	-1.01586	-3.37478	-1.18172	-0.959817
32	0.763395	0.0708341	0.0708341	-2.00786	-0.132504	-0.107455	0.502075	0.502075	-2.51585	-0.479122	-0.356867
32	1.01486	-0.112558	-0.112558	-2.40174	-0.362481	-0.331476	-0.797816	-0.797816	-3.00939	-1.0655	-0.922376
32	0.909464	0.403877	0.403877	-2.19909	0.202939	0.192561	2.8627	2.8627	-2.75546	0.748891	0.576422
32	0.847222	-0.491933	-0.491933	-2.35241	-0.724661	-0.6647	-3.48684	-3.48684	-2.94757	-2.26654	-2.23186
32	1.11047	-0.204227	-0.204227	-2.57504	-0.545264	-0.424539	-1.44757	-1.44757	-3.22653	-1.56923	-1.26839
32	1.26349	-0.237959	-0.237959	-2.19426	-0.761034	-0.630799	-1.68667	-1.68667	-2.7494	-1.42075	-1.20502
32	0.686384	0.204912	0.204912	-1.57512	0.0154454	0.0437975	1.45242	1.45242	-1.97363	0.0590844	0.160822
32	0.988691	0.34595	0.34595	-1.21225	0.116758	0.141529	2.45211	2.45211	-1.51895	0.337813	0.421756
32	1.02676	0.119506	0.119506	-1.79429	-0.134985	-0.085964	0.847063	0.847063	-2.24824	-0.395257	-0.246049
32	1.27262	0.126784	0.126784	-2.20581	-0.437995	-0.337809	0.898653	0.898653	-2.76388	-0.8051	-0.600548
32	1.11279	0.27095	0.27095	-2.13232	-0.0172897	0.0331489	1.9205	1.9205	-2.6718	-0.0448076	0.0924605
32	0.794855	0.0280656	0.0280656	-2.02011	-0.167607	-0.143124	0.19893	0.19893	-2.5312	-0.658804	-0.514607
32	1.08512	0.0513382	0.0513382	-2.56162	-0.320558	-0.244046	0.363887	0.363887	-3.20971	-0.724753	-0.536549
32	1.0706	0.0768173	0.0768173	-1.74549	-0.197757	-0.146582	0.544484	0.544484	-2.18709	-0.577024	-0.402015
32	0.86739	0.246748	0.246748	-1.43786	0.0227032	0.0702772	1.74896	1.74896	-1.80164	0.0824067	0.237343
32	0.742193	0.000252193	0.000252193	-1.33713	-0.194398	-0.173735	0.00178755	0.00178755	-1.67542	-0.731903	-0.593371
32	1.00185	-0.0622086	-0.0622086	-2.50932	-0.316279	-0.27588	-0.440937	-0.440937	-3.14417	-0.943205	-0.765855
32	0.982332	0.00315846	0.00315846	-2.02507	-0.251896	-0.188744	0.0223873	0.0223873	-2.53741	-0.739384	-0.598118
32	0.905849	0.197971	0.197971	-1.8529	-0.027107	0.0193282	1.40323	1.40323	-2.32168	-0.0872467	0.0659105
32	1.33167	0.00403976	0.00403976	-2.68613	-0.690569	-0.661114	0.028634	0.028634	-3.36573	-1.11524	-1.00893
32	0.821826	-0.0307285	-0.0307285	-1.32033	-0.242262	-0.2105	-0.217805	-0.217805	-1.65437	-0.919161	-0.72564
32	0.504063	-0.10656	-0.10656	-1.55437	-0.264534	-0.276385	-0.755302	-0.755302	-1.94763	-1.18448	-0.951874
32	1.24547	0.0996152	0.0996152	-1.8699	-0.38147	-0.248887	0.706076	0.706076	-2.34299	-0.756583	-0.528072
32	1.13904	0.0581982	0.0581982	-2.94252	-0.245719	-0.187138	0.412511	0.412511	-3.68698	-0.652404	-0.491181
32	0.741668	0.202497	0.202497	-1.28748	0.0101717	0.0351914	1.43531	1.43531	-1.61322	0.0413266	0.12915
32	1.09902	0.0960472	0.0960472	-1.94012	-0.255634	-0.150159	0.680786	0.680786	-2.43096	-0.60743	-0.406912
32	0.708788	-0.00790155	-0.00790155	-2.00254	-0.204294	-0.185279	-0.0560065	-0.0560065	-2.50918	-0.732716	-0.654458
32	0.821108	-0.207286	-0.207286	-2.51313	-0.428372	-0.396129	-1.46925	-1.46925	-3.14895	-1.64446	-1.3523
32	1.05262	0.133109	0.133109	-2.17555	-0.130792	-0.105633	0.94348	0.94348	-2.72596	-0.386985	-0.279577
32	1.12477	-0.244641	-0.244641	-2.75505	-0.592451	-0.507647	-1.73402	-1.73402	-3.45207	-1.46934	-1.32034
32	0.968369	-0.245814	-0.245814	-1.81389	-0.488616	-0.424684	-1.74234	-1.74234	-2.2728	-1.60653	-1.41381
32	0.745265	0.0812787	0.0812787	-1.8482	-0.112509	-0.0937597	0.576107	0.576107	-2.31579	-0.415341	-0.331855
32	0.798007	-0.0322479	-0.0322479	-2.17954	-0.237623	-0.23422	-0.228574	-0.228574	-2.73097	-0.895207	-0.740114
32	1.3448	0.209599	0.209599	-2.41786	-0.468071	-0.397981	1.48565	1.48565	-3.02957	-0.873742	-0.634864
32	0.837739	0.0724294	0.0724294	-1.89775	-0.124564	-0.100373	0.513382	0.513382	-2.37788	-0.449077	-0.349345
32	1.07746	0.155463	0.155463	-2.38177	-0.131733	-0.0996561	1.10193	1.10193	-2.98436	-0.366686	-0.247648
32	1.24904	0.341243	0.341243	-1.85293	-0.331072	-0.299166	2.41874	2.41874	-2.32172	-0.571169	-0.45397
32	0.940083	-0.142182	-0.142182	-1.9047	-0.354577	-0.334807	-1.00779	-1.00779	-2.38659	-1.27076	-1.07744
32	1.06287	0.264732	0.264732	-2.54614	0.024514	0.033427	1.87643	1.87643	-3.19031	0.0763531	0.0980902
32	0.91845	-0.175322	-0.175322	-2.09047	-0.401328	-0.338297	-1.24269	-1.24269	-2.61936	-1.40189	-1.20853
32	1.21991	-0.020939	-0.020939	-2.42171	-0.449558	-0.352147	-0.148417	-0.148417	-3.0344	-1.01238	-0.819442
32	1.13899	0.377263	0.377263	-2.75162	0.0926743	0.105794	2.67405	2.67405	-3.44778	0.258172	0.255378
32	0.437493	0.119879	0.119879	-1.42414	-0.0632196	-0.0211119	0.849704	0.849704	-1.78445	-0.277499	-0.0862289
32	0.75529	0.308423	0.308423	-1.73946	0.135382	0.155837	2.18612	2.18612	-2.17954	0.585789	0.608752
32	1.45703	0.031	0.031	-3.07241	-0.953559	-0.857557	0.219729	0.219729	-3.84973	-1.42275	-1.2075
32	1.06339	0.180235	0.180235	-2.74393	-0.0676505	-0.0784006	1.27751	1.27751	-3.43814	-0.194599	-0.194154
32	0.961016	0.204943	0.204943	-1.52277	-0.00163594	0.0064149	1.45264	1.45264	-1.90803	-0.00581127	0.0187625
32	0.726747	0.339916	0.339916	-1.51332	0.160917	0.169654	2.40934	2.40934	-1.89619	0.680795	0.622344
32	0.899203	0.0878457	0.0878457	-2.20215	-0.132087	-0.100383	0.622654	0.622654	-2.7593	-0.443417	-0.302372
32	0.878584	-0.350636	-0.350636	-2.09409	-0.577192	-0.551971	-2.48532	-2.48532	-2.62389	-1.89139	-1.8518
32	1.07884	-0.0438209	-0.0438209	-2.48962	-0.289697	-0.275742	-0.310604	-0.310604	-3.1195	-0.981294	-0.774171
32	1.22402	-0.0855836	-0.0855836	-2.12695	-0.492395	-0.49911	-0.60662	-0.60662	-2.66506	-1.07322	-0.971269
32	1.20887	-0.0602562	-0.0602562	-2.85534	-0.53766	-0.405328	-0.427098	-0.427098	-3.57774	-1.10529	-0.868008
32	1.4591	0.129768	0.129768	-2.46904	-1.01302	-0.82938	0.919799	0.919799	-3.09371	-1.70496	-1.20308
32	1.07495	-0.292673	-0.292673	-2.20903	-0.560538	-0.510687	-2.07448	-2.07448	-2.76791	-1.75586	-1.48154
32	0.96699	-0.0973956	-0.0973956	-2.25225	-0.310975	-0.275917	-0.690344	-0.690344	-2.82207	-1.12367	-0.858684
32	0.57027	-0.327766	-0.327766	-1.69671	-0.552457	-0.488663	-2.32322	-2.32322	-2.12598	-1.96098	-1.75711
32	0.650514	-0.181078	-0.181078	-1.8077	-0.370577	-0.343538	-1.28349	-1.28349	-2.26504	-1.50418	-1.29327
32	0.752248	0.234356	0.234356	-1.17657	0.031833	0.0394587	1.66112	1.66112	-1.47425	0.122318	0.12974
32	1.38106	0.027558	0.027558	-3.23837	-0.940306	-0.671573	0.195332	0.195332	-4.05768	-1.31382	-0.992966
32	1.03098	0.0144245	0.0144245	-1.40395	-0.224626	-0.185684	0.102241	0.102241	-1.75915	-0.679368	-0.546453
32	0.930767	0.284129	0.284129	-1.19071	0.0694159	0.0887799	2.01391	2.01391	-1.49196	0.250437	0.30108
32	1.29085	-0.0180153	-0.0180153	-2.73004	-0.916021	-0.631028	-0.127693	-0.127693	-3.42073	-1.37553	-1.05833
32	0.709031	-0.152535	-0.152535	-2.04051	-0.324331	-0.313374	-1.08117	-1.08117	-2.55676	-1.52277	-1.13667
32	0.992392	0.302418	0.302418	-1.74095	0.0414316	0.0942529	2.14355	2.14355	-2.1814	0.126569	0.276027
32	0.891543	-0.00817538	-0.00817538	-1.73739	-0.233828	-0.155576	-0.0579474	-0.0579474	-2.17694	-0.832161	-0.621327
32	0.928941	-0.245379	-0.245379	-1.94781	-0.459473	-0.443839	-1.73926	-1.73926	-2.44061	-1.65066	-1.39756
32	1.2551	0.0301057	0.0301057	-1.6212	-0.565068	-0.509303	0.21339	0.21339	-2.03137	-1.09404	-0.876752
32	0.938454	0.297876	0.297876	-1.56282	0.0346711	0.0858816	2.11136	2.11136	-1.95821	0.106527	0.228908
32	0.412624	0.0829479	0.0829479	-1.37361	-0.0840585	-0.0614819	0.587938	0.587938	-1.72113	-0.377904	-0.258327
32	1.23444	0.0191198	0.0191198	-2.24155	-0.606532	-0.517801	0.135522	0.135522	-2.80866	-1.03336	-0.931323
32	0.841415	0.367315	0.367315	-1.51046	0.166188	0.183289	2.60354	2.60354	-1.8926	0.639209	0.630752
32	0.719261	0.127704	0.127704	-1.75016	-0.0969134	-0.0429044	0.905169	0.905169	-2.19294	-0.309975	-0.159893
32	1.09568	-0.148757	-0.148757	-1.69665	-0.460667	-0.412529	-1.0544	-1.0544	-2.12591	-1.23022	-1.037
32	0.854882	0.0819692	0.0819692	-2.32641	-0.126942	-0.110063	0.581001	0.581001	-2.91499	-0.451856	-0.354272
32	0.723482	0.164844	0.164844	-2.14197	-0.0346652	-0.00132851	1.16842	1.16842	-2.68389	-0.129145	-0.0044501
32	0.952294	0.238931	0.238931	-0.978029	0.0428111	0.0202833	1.69355	1.69355	-1.22547	0.164807	0.0588351
32	0.894721	-0.0132928	-0.0132928	-1.65848	-0.220899	-0.200167	-0.09422	-0.09422	-2.07808	-0.813438	-0.609464
32	1.34318	-0.0337662	-0.0337662	-2.22465	-0.766219	-0.549245	-0.239336	-0.239336	-2.78749	-1.24786	-0.931697
32	1.03537	-0.0580272	-0.0580272	-1.87875	-0.340632	-0.280273	-0.411299	-0.411299	-2.35407	-0.980154	-0.745031
32	1.03931	0.115512	0.115512	-2.65811	-0.159696	-0.102735	0.818751	0.818751	-3.33061	-0.439197	-0.282755
32	1.03589	0.0120555	0.0120555	-2.09792	-0.245456	-0.243761	0.08545	0.08545	-2.6287	-0.751858	-0.573252
32	1.02829	0.153442	0.153442	-1.49398	-0.139541	-0.0688992	1.0876	1.0876	-1.87196	-0.396935	-0.1953
32	1.03063	-0.219435	-0.219435	-1.92045	-0.471555	-0.438502	-1.55536	-1.55536	-2.40633	-1.41211	-1.23385
32	1.08534	-0.0335886	-0.0335886	-2.09154	-0.31563	-0.274945	-0.238078	-0.238078	-2.62069	-0.907283	-0.753343
32	1.24558	-0.11902	-0.11902	-2.71857	-0.615023	-0.504402	-0.843621	-0.843621	-3.40636	-1.25042	-0.984715
32	0.625191	0.132479	0.132479	-1.34944	-0.027672	-0.0248664	0.939018	0.939018	-1.69085	-0.120572	-0.0976874
32	0.727248	-0.194802	-0.194802	-1.99386	-0.375263	-0.349968	-1.38076	-1.38076	-2.4983	-1.53994	-1.30226
32	1.30891	0.349453	0.349453	-2.04551	-0.494371	-0.339282	2.47694	2.47694	-2.56302	-0.867372	-0.538426
32	0.751383	0.0233789	0.0233789	-1.88818	-0.183651	-0.150316	0.165711	0.165711	-2.36589	-0.663167	-0.524725
32	1.1652	0.108002	0.108002	-2.03314	-0.242987	-0.220255	0.765522	0.765522	-2.54753	-0.596999	-0.472944
32	0.51173	-0.126765	-0.126765	-1.64934	-0.294304	-0.291928	-0.898513	-0.898513	-2.06662	-1.37636	-1.06697
32	0.851375	0.0814233	0.0814233	-2.3234	-0.134373	-0.106162	0.577132	0.577132	-2.91122	-0.485151	-0.349409
32	0.565269	0.35878	0.35878	-1.13622	0.189863	0.188937	2.54305	2.54305	-1.42368	0.844507	0.69826
32	1.04553	0.165915	0.165915	-1.71887	-0.126048	-0.0523115	1.17601	1.17601	-2.15374	-0.344576	-0.137763
32	0.98695	0.1835	0.1835	-2.21109	-0.0300823	-0.0438647	1.30065	1.30065	-2.77049	-0.109352	-0.129937
32	1.12982	0.131069	0.131069	-1.83756	-0.20134	-0.188304	0.929021	0.929021	-2.30246	-0.493076	-0.406119
32	0.987182	0.466975	0.466975	-1.29933	0.188375	0.272996	3.30994	3.30994	-1.62806	0.538291	0.841369
32	1.23883	0.00234526	0.00234526	-2.13314	-0.4168	-0.342118	0.0166233	0.0166233	-2.67283	-0.889118	-0.688553
32	1.11503	-0.0755924	-0.0755924	-2.29752	-0.379981	-0.3276	-0.535802	-0.535802	-2.8788	-0.984383	-0.855688
32	1.08079	0.284484	0.284484	-1.78401	-0.0119686	0.0451386	2.01643	2.01643	-2.23537	-0.0337859	0.124082
32	1.10835	0.0932038	0.0932038	-1.94239	-0.266683	-0.185398	0.660632	0.660632	-2.43381	-0.647971	-0.44484
32	0.572718	0.0369835	0.0369835	-1.56226	-0.150558	-0.117457	0.262141	0.262141	-1.95751	-0.637156	-0.431963
32	0.922835	0.0590314	0.0590314	-2.0028	-0.147802	-0.125746	0.418417	0.418417	-2.5095	-0.502975	-0.387176
32	1.05645	-0.179026	-0.179026	-2.70885	-0.455472	-0.414138	-1.26894	-1.26894	-3.39419	-1.23991	-1.21124
32	1.15457	0.241992	0.241992	-2.00964	-0.0629806	-0.0187445	1.71525	1.71525	-2.51808	-0.169797	-0.044949
32	1.29399	0.275501	0.275501	-2.10901	-0.437283	-0.274325	1.95276	1.95276	-2.64259	-0.657758	-0.451301
32	0.727519	0.300857	0.300857	-1.42251	0.103909	0.111792	2.13248	2.13248	-1.7824	0.396802	0.35873
32	0.906762	-0.11461	-0.11461	-2.25066	-0.355106	-0.315058	-0.81236	-0.81236	-2.82007	-1.11062	-0.925122
32	0.955986	0.0743476	0.0743476	-1.80391	-0.172331	-0.147966	0.526979	0.526979	-2.2603	-0.504274	-0.404176
32	1.11723	0.00108521	0.00108521	-2.5338	-0.333588	-0.269699	0.007692	0.007692	-3.17486	-0.815657	-0.623553
32	1.17331	-0.154433	-0.154433	-1.9496	-0.541006	-0.518409	-1.09462	-1.09462	-2.44285	-1.25904	-0.996306
32	0.60426	0.286671	0.286671	-1.17437	0.0980012	0.127169	2.03194	2.03194	-1.47148	0.397313	0.508612
32	0.95719	0.0294986	0.0294986	-2.06925	-0.190543	-0.163202	0.209087	0.209087	-2.59277	-0.626753	-0.540863
32	1.73452	0.030066	-0.0638643	-2.47635	-1.41637	-1.25677	0.213109	-0.445543	-3.10287	-2.46108	-2.19954
32	0.700631	0.135728	0.135728	-1.47376	-0.0710177	-0.0213776	0.962043	0.962043	-1.84662	-0.268048	-0.0737129
32	0.848866	0.328994	0.328994	-1.4595	0.108468	0.171258	2.33192	2.33192	-1.82875	0.377085	0.598344
32	0.964689	0.270391	0.270391	-1.90033	0.0655266	0.0719414	1.91654	1.91654	-2.38111	0.231976	0.223758
32	0.927561	0.281107	0.281107	-1.82354	0.08613	0.066065	1.9925	1.9925	-2.2849	0.304891	0.18245
32	0.826625	0.131035	0.131035	-1.89297	-0.0643091	-0.065067	0.92878	0.92878	-2.3719	-0.276157	-0.203403
32	1.65682	0.248755	0.0919873	-2.41529	-1.08087	-0.851686	1.76318	0.631306	-3.02636	-1.60021	-1.22248
32	0.791764	-0.0409663	-0.0409663	-2.08731	-0.229291	-0.204517	-0.29037	-0.29037	-2.6154	-0.973266	-0.758858
32	0.644348	0.373772	0.373772	-1.10673	0.167026	0.205534	2.64931	2.64931	-1.38674	0.614895	0.729906
32	0.773527	-0.159484	-0.159484	-2.29711	-0.368717	-0.333692	-1.13043	-1.13043	-2.87828	-1.52193	-1.17212
32	1.16331	0.187174	0.187174	-2.35479	-0.33482	-0.190453	1.32669	1.32669	-2.95055	-0.607663	-0.384736
32	1.00946	0.117735	0.117735	-2.17559	-0.125731	-0.101069	0.834511	0.834511	-2.72601	-0.384571	-0.28779
32	1.0768	0.052247	0.052247	-2.25093	-0.170499	-0.161672	0.370329	0.370329	-2.82042	-0.588248	-0.438635
32	0.820704	-0.187494	-0.187494	-2.39668	-0.403421	-0.384476	-1.32897	-1.32897	-3.00303	-1.37817	-1.19038
32	0.981767	-0.00414068	-0.00414068	-1.72894	-0.217098	-0.17623	-0.0293493	-0.0293493	-2.16636	-0.766556	-0.583859
32	0.960542	0.179333	0.179333	-1.90615	-0.0521475	-0.00180416	1.27112	1.27112	-2.38841	-0.171721	-0.00616998
32	0.887692	0.120582	0.120582	-2.27897	-0.146754	-0.0683194	0.854688	0.854688	-2.85555	-0.432925	-0.21544
32	0.836279	-0.194374	-0.194374	-1.4069	-0.397024	-0.367221	-1.37773	-1.37773	-1.76285	-1.58945	-1.29995
32	0.891457	0.363125	0.363125	-1.54641	0.177722	0.192425	2.57384	2.57384	-1.93765	0.681495	0.60827
32	0.80698	0.475181	0.475181	-1.87805	0.25872	0.301126	3.3681	3.3681	-2.35319	0.964081	0.95972
32	0.809269	-0.204573	-0.204573	-1.77621	-0.409959	-0.377665	-1.45002	-1.45002	-2.22559	-1.56158	-1.31053
32	1.36905	0.285277	0.285277	-2.15325	-0.733966	-0.467907	2.02206	2.02206	-2.69802	-1.13562	-0.73469
32	1.25632	0.205604	0.205604	-2.75615	-0.325265	-0.215516	1.45733	1.45733	-3.45345	-0.606135	-0.40823
32	0.71404	-0.161365	-0.161365	-1.6613	-0.366136	-0.327819	-1.14376	-1.14376	-2.08161	-1.40865	-1.15422
45	0.956903	-0.100814	-0.100814	-3.02332	-0.301603	-0.289427	-0.847377	-0.847377	-3.78822	-1.2608	-0.971175
45	0.949843	-0.21506	-0.21506	-2.23739	-0.445349	-0.375745	-1.80766	-1.80766	-2.80346	-1.46823	-1.33775
45	1.01996	0.171496	0.171496	-1.63846	-0.116088	-0.0045465	1.44149	1.44149	-2.05299	-0.34274	-0.0161904
45	0.768521	-0.236098	-0.236098	-2.09591	-0.428241	-0.39952	-1.9845	-1.9845	-2.62617	-1.68407	-1.48391
45	0.863584	0.0599904	0.0599904	-1.6316	-0.161445	-0.109509	0.504242	0.504242	-2.0444	-0.647368	-0.385351
45	1.00345	0.284507	0.284507	-1.89001	0.0775664	0.0709789	2.39139	2.39139	-2.36818	0.299472	0.213041
45	0.711167	0.0111915	0.0111915	-1.75004	-0.168591	-0.141778	0.0940686	0.0940686	-2.1928	-0.776187	-0.591128
45	0.89631	0.0563364	0.0563364	-1.90816	-0.126595	-0.149533	0.473529	0.473529	-2.39092	-0.554184	-0.444552
45	1.08831	-0.252923	-0.252923	-2.34552	-0.571191	-0.496253	-2.12591	-2.12591	-2.93893	-1.57233	-1.39194
45	0.701228	-0.0455082	-0.0455082	-2.06955	-0.22541	-0.199796	-0.382513	-0.382513	-2.59314	-0.966634	-0.79452
45	0.93397	0.00539707	0.00539707	-1.71037	-0.201397	-0.182226	0.0453644	0.0453644	-2.14309	-0.792114	-0.607956
45	0.90975	0.216574	0.216574	-2.37001	-0.0175049	0.0249101	1.82039	1.82039	-2.96963	-0.0558228	0.0794217
45	1.25839	-0.133466	-0.133466	-2.37715	-0.663417	-0.546072	-1.12183	-1.12183	-2.97856	-1.32942	-1.0813
45	1.07395	0.294816	0.294816	-1.78006	0.0339591	0.0927842	2.47804	2.47804	-2.23041	0.112465	0.290952
45	0.937114	-0.092759	-0.092759	-2.14885	-0.312164	-0.285696	-0.779674	-0.779674	-2.69251	-1.18572	-0.874766
45	0.940855	-0.0215122	-0.0215122	-1.70162	-0.230673	-0.218941	-0.180818	-0.180818	-2.13213	-0.911176	-0.744223
45	0.765297	0.0375611	0.0375611	-1.9616	-0.168715	-0.139405	0.315715	0.315715	-2.45788	-0.686251	-0.497114
45	1.23803	-0.0502573	-0.0502573	-2.73058	-0.501026	-0.54189	-0.422432	-0.422432	-3.42142	-1.12473	-0.969706
45	0.984349	-0.107432	-0.107432	-2.14638	-0.303679	-0.297199	-0.903008	-0.903008	-2.68941	-1.23592	-0.942462
45	1.14336	-0.0282713	-0.0282713	-2.28245	-0.340957	-0.325603	-0.237631	-0.237631	-2.85991	-1.01433	-0.797361
45	0.962658	0.182699	0.182699	-1.78817	-0.0349545	0.00504628	1.53566	1.53566	-2.24057	-0.124084	0.0174292
45	0.997869	-0.0905319	-0.0905319	-2.77421	-0.32916	-0.273476	-0.760955	-0.760955	-3.47608	-1.04235	-0.934629
45	0.685761	0.146654	0.146654	-1.24173	-0.0180423	-0.0166762	1.23268	1.23268	-1.55588	-0.084612	-0.0704557
45	1.47786	0.0965334	0.0403695	-2.19479	-1.21166	-1.00933	0.8114	0.335529	-2.75007	-2.34934	-2.2219
45	0.876935	0.0321211	0.0321211	-2.0105	-0.161491	-0.147541	0.26999	0.26999	-2.51916	-0.687079	-0.526687
45	1.28846	0.151146	0.151146	-2.52394	-0.504206	-0.387923	1.27044	1.27044	-3.1625	-0.963807	-0.680811
45	0.98761	0.008115	0.008115	-2.24907	-0.229002	-0.21042	0.0682096	0.0682096	-2.81808	-0.771396	-0.632627
45	1.2828	-0.183827	-0.183827	-2.93437	-0.931491	-0.754513	-1.54514	-1.54514	-3.67677	-1.67963	-1.30064
45	1.02905	-0.0395818	-0.0395818	-2.58994	-0.255304	-0.256163	-0.3327	-0.3327	-3.24519	-0.919804	-0.778456
45	0.773909	0.0796492	0.0796492	-1.43931	-0.0986006	-0.0656563	0.669482	0.669482	-1.80346	-0.42292	-0.260551
45	1.2624	0.0582543	0.0582543	-2.44418	-0.685785	-0.608467	0.48965	0.48965	-3.06256	-1.11447	-0.97436
45	0.718961	0.340798	0.340798	-1.94671	0.172233	0.204154	2.86454	2.86454	-2.43922	0.808482	0.896253
45	0.781861	0.15467	0.15467	-2.10277	-0.0275115	-0.00120196	1.30006	1.30006	-2.63477	-0.118012	-0.00469452
45	0.977688	0.129926	0.129926	-2.05109	-0.0838863	-0.0647871	1.09208	1.09208	-2.57002	-0.312395	-0.19743
45	1.19058	-0.337621	-0.337621	-2.46709	-0.74462	-0.75708	-2.83784	-2.83784	-3.09127	-1.63855	-1.506
45	0.838198	0.143438	0.143438	-1.4879	-0.0322992	-0.0385776	1.20565	1.20565	-1.86434	-0.143274	-0.135561
45	0.873539	-0.224988	-0.224988	-2.10495	-0.424634	-0.422859	-1.89111	-1.89111	-2.6375	-1.44922	-1.40114
45	0.684398	0.0795559	0.0795559	-2.20579	-0.0968844	-0.0810056	0.668698	0.668698	-2.76385	-0.439853	-0.305235
45	1.12912	-0.0406031	-0.0406031	-2.61557	-0.421812	-0.31173	-0.341284	-0.341284	-3.2773	-1.06661	-0.832086
45	0.863087	-0.135272	-0.135272	-2.04148	-0.324392	-0.305472	-1.13701	-1.13701	-2.55797	-1.46641	-1.17449
45	1.03952	0.117942	0.117942	-2.3522	-0.148369	-0.0915427	0.99135	0.99135	-2.94731	-0.479542	-0.288366
45	0.939116	-0.300811	-0.300811	-2.44706	-0.5432	-0.483454	-2.52843	-2.52843	-3.06616	-1.73866	-1.6061
45	1.14434	-0.130239	-0.130239	-2.14336	-0.514424	-0.469919	-1.09471	-1.09471	-2.68564	-1.27833	-1.14444
45	1.10989	0.226151	0.226151	-2.04566	-0.100141	-0.0637546	1.90088	1.90088	-2.56321	-0.273459	-0.137263
45	0.951237	0.0220177	0.0220177	-1.91901	-0.208947	-0.16216	0.185067	0.185067	-2.40452	-0.756746	-0.530673
45	0.866856	0.0191668	0.0191668	-2.21622	-0.207152	-0.134082	0.161104	0.161104	-2.77692	-0.760244	-0.537859
45	1.03498	0.201322	0.201322	-2.65181	-0.0469408	0.00355051	1.69219	1.69219	-3.32271	-0.15775	0.0115201
45	0.689631	0.107484	0.107484	-1.71092	-0.0609791	-0.0317116	0.903443	0.903443	-2.14379	-0.261245	-0.134327
45	0.874938	-0.156933	-0.156933	-1.9961	-0.325416	-0.319685	-1.31909	-1.31909	-2.50111	-1.39453	-1.12705
45	1.23814	0.186238	0.186238	-2.43886	-0.454024	-0.327735	1.5654	1.5654	-3.05589	-0.809684	-0.607669
45	1.23264	0.148412	0.148412	-2.38292	-0.32077	-0.268205	1.24746	1.24746	-2.98579	-0.662121	-0.549728
45	0.867794	0.246527	0.246527	-2.2954	0.0517995	0.0577325	2.07215	2.07215	-2.87613	0.205921	0.204499
45	1.08299	-0.0132422	-0.0132422	-2.22851	-0.272007	-0.253741	-0.111306	-0.111306	-2.79232	-0.882226	-0.682236
45	1.52889	0.0918454	-0.0090843	-2.13626	-1.13981	-0.982145	0.771996	-0.0746409	-2.67674	-1.80417	-1.57231
45	1.03783	-0.05495	-0.05495	-2.44988	-0.270089	-0.247073	-0.461876	-0.461876	-3.0697	-1.01631	-0.831592
45	0.899776	-0.11496	-0.11496	-2.25572	-0.336799	-0.332922	-0.966287	-0.966287	-2.82641	-1.08573	-0.965315
45	0.62549	-0.0148654	-0.0148654	-1.95098	-0.19054	-0.184652	-0.12495	-0.12495	-2.44458	-0.783572	-0.74465
45	0.773309	0.252018	0.252018	-1.59545	0.0678858	0.094711	2.11831	2.11831	-1.9991	0.294883	0.379176
45	1.07148	0.0200013	0.0200013	-2.36239	-0.306285	-0.240192	0.168118	0.168118	-2.96007	-0.76264	-0.681133
45	0.768905	-0.0166467	-0.0166467	-2.40833	-0.184973	-0.181247	-0.139922	-0.139922	-3.01764	-0.907633	-0.686398
45	0.904319	-0.0401043	-0.0401043	-2.16656	-0.254667	-0.210101	-0.337092	-0.337092	-2.7147	-0.996484	-0.737176
45	0.956337	0.24462	0.24462	-2.44212	-0.00306361	0.0776955	2.05613	2.05613	-3.05997	-0.0103468	0.282942
45	0.804518	0.17001	0.17001	-1.84084	-0.0303785	-0.0109944	1.429	1.429	-2.30657	-0.103856	-0.043782
45	1.07264	0.144414	0.144414	-2.29588	-0.114519	-0.118403	1.21386	1.21386	-2.87674	-0.363056	-0.310688
45	1.00752	0.113778	0.113778	-2.14845	-0.0943269	-0.097839	0.956349	0.956349	-2.69201	-0.345911	-0.300364
45	0.842901	-0.132637	-0.132637	-1.70006	-0.301623	-0.304524	-1.11487	-1.11487	-2.13018	-1.33902	-1.08591
45	0.973509	0.236609	0.236609	-2.1988	-0.000797534	0.051721	1.98879	1.98879	-2.7551	-0.00269222	0.172897
45	0.790325	0.128954	0.128954	-2.03975	-0.0761213	-0.0338983	1.08391	1.08391	-2.5558	-0.303706	-0.134569
45	0.741247	0.190207	0.190207	-1.46338	0.0130313	0.034192	1.59876	1.59876	-1.83361	0.0606998	0.137884
45	0.665285	0.046691	0.046691	-1.77725	-0.14018	-0.127375	0.392455	0.392455	-2.2269	-0.610351	-0.450191
45	1.17048	-0.0936511	-0.0936511	-2.31489	-0.519566	-0.487599	-0.787173	-0.787173	-2.90056	-1.20525	-0.92683
45	0.804695	0.275542	0.275542	-2.17335	0.0622692	0.112095	2.31604	2.31604	-2.7232	0.228688	0.425948
45	0.744911	0.414104	0.414104	-1.08159	0.214644	0.252003	3.4807	3.4807	-1.35523	0.822442	0.949569
45	0.783541	0.109762	0.109762	-2.79802	-0.087743	-0.0484477	0.922592	0.922592	-3.50592	-0.344672	-0.174335
45	1.08992	0.034351	0.034351	-2.02873	-0.251087	-0.207604	0.288733	0.288733	-2.542	-0.828589	-0.566675
45	1.14282	0.300189	0.300189	-2.10426	-0.02672	0.0142441	2.5232	2.5232	-2.63664	-0.0707517	0.0348757
45	1.0519	0.0338478	0.0338478	-2.08007	-0.258842	-0.17916	0.284504	0.284504	-2.60633	-0.731122	-0.57417
45	0.902117	-0.0380409	-0.0380409	-2.22307	-0.254608	-0.222008	-0.319748	-0.319748	-2.7855	-0.959934	-0.655322
45	1.05556	0.294875	0.294875	-1.96438	0.00294066	0.0550731	2.47854	2.47854	-2.46136	0.00942872	0.152799
45	0.829163	-0.104205	-0.104205	-2.18658	-0.263239	-0.253364	-0.875881	-0.875881	-2.73978	-1.18667	-1.02234
45	1.03261	-0.0410609	-0.0410609	-2.83668	-0.288246	-0.23756	-0.345132	-0.345132	-3.55436	-0.914884	-0.768931
45	1.31496	0.0631237	0.0631237	-2.27938	-0.598579	-0.539543	0.530578	0.530578	-2.85606	-1.1541	-0.901563
45	1.18876	-0.000302402	-0.000302402	-2.66871	-0.435827	-0.404175	-0.00254181	-0.00254181	-3.34389	-0.975864	-0.786813
45	1.1222	-0.0676651	-0.0676651	-2.36269	-0.392046	-0.335995	-0.56875	-0.56875	-2.96045	-1.00648	-0.88253
45	0.658476	-0.0764627	-0.0764627	-2.09207	-0.264815	-0.227565	-0.642698	-0.642698	-2.62137	-1.16319	-0.917763
45	0.849734	0.175668	0.175668	-2.16009	-0.015573	0.00564701	1.47656	1.47656	-2.70659	-0.0610369	0.0195911
45	0.822011	-0.0689465	-0.0689465	-1.98066	-0.282175	-0.217573	-0.579522	-0.579522	-2.48177	-1.07826	-0.932252
45	0.869284	0.130806	0.130806	-1.75364	-0.0559713	-0.0491701	1.09947	1.09947	-2.19731	-0.225865	-0.172798
45	0.584775	0.0485537	0.0485537	-2.17544	-0.143364	-0.0914262	0.408112	0.408112	-2.72583	-0.582	-0.402792
45	0.762626	0.261666	0.261666	-2.4623	0.0979912	0.115201	2.1994	2.1994	-3.08526	0.415983	0.440469
45	0.90438	0.0274532	0.0274532	-2.44962	-0.164136	-0.136594	0.230755	0.230755	-3.06937	-0.658296	-0.45673
45	0.985538	-0.099559	-0.099559	-1.82008	-0.330137	-0.286496	-0.836831	-0.836831	-2.28055	-1.16423	-0.941312
45	1.12107	-0.197677	-0.197677	-2.22233	-0.539951	-0.455703	-1.66155	-1.66155	-2.78458	-1.4575	-1.25204
45	1.10919	0.36634	0.36634	-2.22662	0.0632355	0.109023	3.07923	3.07923	-2.78995	0.175872	0.298374
45	0.977908	-0.0343289	-0.0343289	-2.55307	-0.253626	-0.210895	-0.288547	-0.288547	-3.199	-0.902928	-0.808135
45	0.6794	-0.084119	-0.084119	-1.58006	-0.250276	-0.232508	-0.707052	-0.707052	-1.97981	-1.23852	-1.00453
45	1.01744	0.305841	0.305841	-2.01794	0.0818183	0.0886215	2.57071	2.57071	-2.52847	0.301907	0.269814
45	1.05438	-0.071611	-0.071611	-2.37923	-0.368042	-0.274963	-0.601918	-0.601918	-2.98117	-1.0564	-0.968394
45	1.40395	0.0951709	0.0951709	-2.24831	-0.799972	-0.629736	0.799947	0.799947	-2.81713	-1.37911	-1.0556
45	0.781384	0.215796	0.215796	-1.71486	0.0384898	0.0508722	1.81385	1.81385	-2.14872	0.156902	0.186541
45	1.02165	-0.109868	-0.109868	-2.3199	-0.364288	-0.329257	-0.923483	-0.923483	-2.90683	-1.0849	-1.02296
45	1.12353	0.254708	0.254708	-2.07352	-0.124353	-0.0586532	2.14092	2.14092	-2.59812	-0.278378	-0.135519
45	0.780536	0.0995598	0.0995598	-1.32766	-0.0896439	-0.0737399	0.836838	0.836838	-1.66356	-0.371446	-0.271316
45	1.13331	-0.0602519	-0.0602519	-2.21176	-0.450752	-0.343207	-0.50644	-0.50644	-2.77134	-0.99839	-0.903966
45	0.899067	0.115889	0.115889	-2.40903	-0.104447	-0.06005	0.974087	0.974087	-3.01851	-0.395805	-0.222954
45	1.07154	0.0907578	0.0907578	-1.99679	-0.231422	-0.148727	0.762854	0.762854	-2.50198	-0.624659	-0.415836
45	0.892722	0.264765	0.264765	-1.99785	0.0561173	0.0804465	2.22545	2.22545	-2.50331	0.236497	0.27718
45	0.833119	0.0817672	0.0817672	-1.61096	-0.0970977	-0.077887	0.687284	0.687284	-2.01853	-0.439207	-0.298388
45	0.796945	-0.233976	-0.233976	-2.19235	-0.433569	-0.387719	-1.96666	-1.96666	-2.74701	-1.79516	-1.5342
45	0.972775	0.248	0.248	-2.30229	0.0416087	0.0469718	2.08454	2.08454	-2.88477	0.157496	0.154943
45	0.804373	-0.0813787	-0.0813787	-2.30706	-0.257969	-0.250126	-0.684019	-0.684019	-2.89075	-1.12597	-0.871288
45	0.881927	-0.0363729	-0.0363729	-2.29728	-0.27733	-0.224233	-0.305728	-0.305728	-2.87849	-0.947822	-0.781002
45	0.845544	0.103948	0.103948	-1.70196	-0.084562	-0.0576122	0.873724	0.873724	-2.13256	-0.351973	-0.221238
45	1.23356	-0.081009	-0.081009	-2.83119	-0.615831	-0.456759	-0.680911	-0.680911	-3.54748	-1.18811	-0.950348
45	0.858652	0.145287	0.145287	-2.31321	-0.0470747	-0.021985	1.2212	1.2212	-2.89845	-0.204505	-0.085824
45	1.08228	-0.0816829	-0.0816829	-1.92762	-0.32243	-0.35217	-0.686576	-0.686576	-2.41531	-1.09197	-0.943359
45	0.955663	0.127018	0.127018	-2.31277	-0.0911164	-0.0585711	1.06764	1.06764	-2.89791	-0.306894	-0.206261
45	1.11847	0.185377	0.185377	-2.41161	-0.227175	-0.145468	1.55817	1.55817	-3.02175	-0.508035	-0.33021
45	0.865167	-0.112845	-0.112845	-2.23741	-0.304908	-0.29034	-0.948505	-0.948505	-2.80347	-1.19796	-1.03392
45	1.14937	-0.218967	-0.218967	-2.76058	-0.574724	-0.555018	-1.8405	-1.8405	-3.45901	-1.41888	-1.27442
45	1.07673	0.0231119	0.0231119	-2.12712	-0.222746	-0.254576	0.194264	0.194264	-2.66528	-0.694658	-0.656699
45	0.929522	0.175012	0.175012	-2.32202	-0.025671	-0.0137949	1.47104	1.47104	-2.90949	-0.100485	-0.0453092
45	1.22908	0.00821438	0.00821438	-2.1583	-0.500444	-0.404629	0.0690449	0.0690449	-2.70434	-1.05525	-0.851142
45	1.15402	0.204898	0.204898	-1.98511	-0.16558	-0.098936	1.72225	1.72225	-2.48734	-0.416105	-0.235194
45	0.786012	0.157063	0.157063	-1.81244	-0.0183258	0.00376698	1.32017	1.32017	-2.27099	-0.0776899	0.0149991
45	1.07828	0.104697	0.104697	-2.24662	-0.140578	-0.142442	0.880015	0.880015	-2.81502	-0.467275	-0.383588
45	0.846907	0.124702	0.124702	-1.35917	-0.096839	-0.0503261	1.04817	1.04817	-1.70304	-0.33594	-0.173844
45	0.877039	0.0925091	0.0925091	-2.18383	-0.0927831	-0.0960492	0.777574	0.777574	-2.73634	-0.393548	-0.32027
45	0.80121	0.128349	0.128349	-1.75497	-0.0668511	-0.0421134	1.07882	1.07882	-2.19897	-0.275989	-0.152596
45	1.38281	0.127494	0.127494	-2.20702	-0.907227	-0.703963	1.07164	1.07164	-2.76539	-1.49908	-1.14384
45	0.936169	0.291054	0.291054	-1.53331	0.0817658	0.0963981	2.44642	2.44642	-1.92123	0.304279	0.308482
45	1.19214	0.15967	0.15967	-1.47679	-0.240242	-0.183908	1.34209	1.34209	-1.85041	-0.647237	-0.406995
45	0.998218	-0.0543478	-0.0543478	-2.66361	-0.296595	-0.246344	-0.456814	-0.456814	-3.3375	-0.953498	-0.742856
45	0.543771	0.176308	0.176308	-1.44263	0.00906912	0.0412844	1.48194	1.48194	-1.80762	0.0434249	0.183627
45	0.853031	-0.0254477	-0.0254477	-1.68512	-0.216712	-0.191097	-0.213898	-0.213898	-2.11145	-0.886398	-0.686017
45	1.208	-0.418978	-0.418978	-2.77567	-0.863051	-0.828252	-3.52167	-3.52167	-3.47792	-1.8867	-1.6798
45	1.03521	0.254754	0.254754	-1.58704	0.0107934	0.022532	2.1413	2.1413	-1.98856	0.0331827	0.0632139
45	0.997754	-0.0804626	-0.0804626	-2.13232	-0.281578	-0.320522	-0.676318	-0.676318	-2.67179	-1.16962	-0.878732
45	0.950187	0.0936589	0.0936589	-2.04009	-0.160318	-0.09771	0.787239	0.787239	-2.55623	-0.471964	-0.308255
45	0.739013	0.110266	0.110266	-1.8705	-0.100437	-0.0507696	0.926824	0.926824	-2.34374	-0.411985	-0.207749
45	0.659892	-0.114319	-0.114319	-2.17596	-0.296753	-0.277228	-0.960897	-0.960897	-2.72648	-1.28174	-1.04748
45	0.95262	-0.0980544	-0.0980544	-2.41453	-0.307661	-0.304213	-0.824185	-0.824185	-3.0254	-1.09326	-0.958452
45	0.996251	0.121856	0.121856	-1.99055	-0.121988	-0.0644018	1.02424	1.02424	-2.49416	-0.38442	-0.206943
45	1.07511	0.10629	0.10629	-1.85432	-0.204957	-0.164365	0.893404	0.893404	-2.32347	-0.545032	-0.39999
45	1.08435	0.0646652	0.0646652	-2.52128	-0.274216	-0.178311	0.543535	0.543535	-3.15916	-0.645272	-0.482286
45	0.658827	0.128934	0.128934	-1.78068	-0.0394224	-0.0243268	1.08374	1.08374	-2.23119	-0.181775	-0.0878993
45	0.874165	-0.174157	-0.174157	-1.84564	-0.380034	-0.359393	-1.46386	-1.46386	-2.31259	-1.57685	-1.17002
45	1.30365	-0.0609238	-0.0609238	-2.03411	-0.619036	-0.566128	-0.512087	-0.512087	-2.54874	-1.24415	-1.07108
45	1.17232	-0.108555	-0.108555	-2.32656	-0.526107	-0.439906	-0.912446	-0.912446	-2.91518	-1.21793	-0.931305
45	1.25777	0.344569	0.344569	-2.31783	-0.226494	-0.158612	2.89623	2.89623	-2.90424	-0.442568	-0.294719
45	1.34247	0.0338791	0.0338791	-2.25588	-0.679962	-0.622353	0.284767	0.284767	-2.82662	-1.21892	-1.09494
45	1.07495	-0.00236514	-0.00236514	-1.87589	-0.29973	-0.241743	-0.0198799	-0.0198799	-2.35049	-0.84776	-0.693452
45	1.14307	0.0481698	0.0481698	-2.05482	-0.309405	-0.244036	0.404885	0.404885	-2.57469	-0.819458	-0.587757
45	1.01461	0.127679	0.127679	-1.62309	-0.118063	-0.0610885	1.07319	1.07319	-2.03374	-0.376514	-0.200902
45	1.08005	0.196151	0.196151	-2.79304	-0.0915517	-0.0936367	1.64872	1.64872	-3.49967	-0.277557	-0.221055
45	1.19414	-0.0276275	-0.0276275	-3.10628	-0.508204	-0.507341	-0.23222	-0.23222	-3.89217	-1.13141	-0.957322
45	0.776291	0.0206317	0.0206317	-2.22088	-0.181666	-0.131898	0.173417	0.173417	-2.78276	-0.708396	-0.534886
45	0.670836	0.10847	0.10847	-1.50258	-0.0806791	-0.0484387	0.911732	0.911732	-1.88273	-0.368806	-0.204159
45	0.903772	-0.122331	-0.122331	-2.27704	-0.344892	-0.300428	-1.02824	-1.02824	-2.85313	-1.2411	-1.07094
45	1.20693	0.199387	0.199387	-2.11718	-0.248032	-0.168964	1.67592	1.67592	-2.65282	-0.525659	-0.345064
45	1.08207	0.0129594	0.0129594	-2.7683	-0.344918	-0.239431	0.108929	0.108929	-3.46869	-0.872371	-0.634889
45	0.8333	-0.10384	-0.10384	-2.88442	-0.285074	-0.255075	-0.872812	-0.872812	-3.61418	-1.22679	-1.02924
45	0.954119	-0.154491	-0.154491	-2.18259	-0.377911	-0.393199	-1.29856	-1.29856	-2.73478	-1.2958	-1.15078
45	0.992483	0.0136085	0.0136085	-2.32227	-0.213006	-0.172351	0.114385	0.114385	-2.90981	-0.74623	-0.604555
45	0.929919	-0.0560865	-0.0560865	-2.93551	-0.251574	-0.230299	-0.471429	-0.471429	-3.6782	-0.940836	-0.850453
45	1.32284	0.0520415	0.0520415	-2.89752	-0.83289	-0.61771	0.437429	0.437429	-3.63059	-1.57383	-1.08946
45	1.23565	0.305032	0.305032	-2.20378	-0.286546	-0.247157	2.56391	2.56391	-2.76133	-0.597293	-0.448805
45	1.16075	0.202942	0.202942	-1.88039	-0.184906	-0.15037	1.70581	1.70581	-2.35613	-0.428804	-0.320188
45	1.12818	0.187438	0.187438	-2.80331	-0.172729	-0.0621959	1.57549	1.57549	-3.51255	-0.413178	-0.160209
45	1.11602	0.0531551	0.0531551	-2.35673	-0.328118	-0.257127	0.446789	0.446789	-2.95298	-0.787799	-0.601794
45	0.99029	-0.0514868	-0.0514868	-2.36162	-0.270245	-0.266052	-0.432766	-0.432766	-2.95911	-0.970435	-0.785524
45	0.738141	0.102325	0.102325	-1.31238	-0.0692685	-0.0553153	0.860078	0.860078	-1.64441	-0.299967	-0.214089
45	1.06222	0.0601704	0.0601704	-1.9613	-0.168335	-0.154516	0.505755	0.505755	-2.45751	-0.621408	-0.475729
45	1.31264	0.164096	0.164096	-1.81983	-0.48505	-0.388578	1.37929	1.37929	-2.28025	-0.939592	-0.751353
45	1.06817	0.0545147	0.0545147	-1.95156	-0.201345	-0.140903	0.458217	0.458217	-2.4453	-0.685248	-0.432352
45	0.652197	0.0159207	0.0159207	-2.44834	-0.16783	-0.135719	0.13382	0.13382	-3.06777	-0.688371	-0.558911
45	0.970729	0.114745	0.114745	-1.99056	-0.118755	-0.0745418	0.964474	0.964474	-2.49418	-0.413084	-0.265146
45	1.16809	0.000109064	0.000109064	-1.81496	-0.332743	-0.34492	0.000916726	0.000916726	-2.27415	-0.869343	-0.757504
45	0.733752	-0.125422	-0.125422	-2.25081	-0.322226	-0.289337	-1.05422	-1.05422	-2.82026	-1.33149	-1.05877
45	1.14673	0.237581	0.237581	-1.77288	-0.088675	-0.056594	1.99696	1.99696	-2.22141	-0.24094	-0.137398
45	0.704795	0.108673	0.108673	-1.88347	-0.068678	-0.0629666	0.913435	0.913435	-2.35999	-0.321987	-0.228543
45	0.693821	-0.0958346	-0.0958346	-2.45578	-0.288217	-0.253697	-0.805526	-0.805526	-3.07709	-1.20888	-1.03519
45	0.920476	0.177951	0.177951	-2.01863	-0.0254408	-0.0028619	1.49574	1.49574	-2.52935	-0.0943261	-0.0103691
45	0.979299	-0.0622182	-0.0622182	-2.19026	-0.274347	-0.257462	-0.522968	-0.522968	-2.7444	-1.05239	-0.82559
45	0.623991	0.0404292	0.0404292	-1.79225	-0.117016	-0.117792	0.339823	0.339823	-2.24569	-0.575754	-0.483036
45	0.842361	0.153477	0.153477	-1.4649	-0.0390658	-0.00927102	1.29003	1.29003	-1.83552	-0.144443	-0.0332602
45	1.02185	0.23765	0.23765	-1.70121	-0.015588	0.0638253	1.99754	1.99754	-2.13162	-0.0497111	0.239048
45	0.966885	-0.00167115	-0.00167115	-3.12937	-0.204548	-0.168769	-0.0140467	-0.0140467	-3.9211	-0.81737	-0.624514
45	0.94118	-0.0124505	-0.0124505	-1.9191	-0.192995	-0.198806	-0.104651	-0.104651	-2.40464	-0.768698	-0.647488
45	1.13301	0.170398	0.170398	-1.62353	-0.237306	-0.140246	1.43226	1.43226	-2.03429	-0.563631	-0.318557
45	1.01561	0.0681697	0.0681697	-1.9269	-0.152267	-0.101796	0.572992	0.572992	-2.41441	-0.539341	-0.356067
45	0.779158	0.0779779	0.0779779	-2.17365	-0.0825202	-0.0968503	0.655434	0.655434	-2.72358	-0.39244	-0.363893
45	1.29621	-0.0768207	-0.0768207	-2.53596	-0.893075	-0.760442	-0.645707	-0.645707	-3.17756	-1.65288	-1.36084
45	0.87224	0.0641298	0.0641298	-2.32975	-0.134833	-0.0945257	0.539035	0.539035	-2.91917	-0.4847	-0.328459
45	1.01817	-0.155122	-0.155122	-2.05351	-0.413421	-0.352816	-1.30386	-1.30386	-2.57304	-1.30777	-1.09242
45	1.26353	-0.0059667	-0.0059667	-2.45418	-0.568997	-0.535903	-0.0501524	-0.0501524	-3.07508	-1.10447	-0.944075
45	0.805189	-0.215977	-0.215977	-2.31961	-0.423475	-0.381856	-1.81537	-1.81537	-2.90647	-1.72268	-1.44524
45	0.980372	0.0641542	0.0641542	-1.98769	-0.177198	-0.134476	0.53924	0.53924	-2.49058	-0.542817	-0.432399
45	1.30267	0.0140158	0.0140158	-1.67191	-0.662472	-0.626826	0.117808	0.117808	-2.09491	-1.34022	-1.15484
45	0.913741	0.113272	0.113272	-1.77654	-0.0957986	-0.0464276	0.952098	0.952098	-2.22601	-0.332029	-0.173846
45	0.599757	0.0895463	0.0895463	-1.49709	-0.0801943	-0.0612066	0.75267	0.75267	-1.87586	-0.388793	-0.234146
45	0.858738	0.127358	0.127358	-1.99207	-0.0842118	-0.0356827	1.07049	1.07049	-2.49606	-0.363622	-0.136802
45	1.0895	0.219157	0.219157	-2.52702	-0.0636842	-0.014327	1.84209	1.84209	-3.16636	-0.195718	-0.0428391
45	0.760888	0.45654	0.45654	-0.736647	0.256308	0.31267	3.83739	3.83739	-0.923019	0.973956	1.34618
45	0.818368	0.191966	0.191966	-1.89191	0.00416203	0.0300576	1.61355	1.61355	-2.37057	0.0174188	0.109481
45	0.89934	-0.0092297	-0.0092297	-1.63595	-0.213525	-0.184288	-0.0775791	-0.0775791	-2.04985	-0.873398	-0.680363
45	0.945439	0.151698	0.151698	-2.21853	-0.0771533	-0.0328923	1.27508	1.27508	-2.77982	-0.261966	-0.108127
45	0.664414	-0.0201269	-0.0201269	-1.60332	-0.19298	-0.171441	-0.169174	-0.169174	-2.00896	-0.848051	-0.682626
45	0.860179	0.162569	0.162569	-1.98156	-0.0405151	0.000862442	1.36645	1.36645	-2.48289	-0.172781	0.00330395
45	1.46478	-0.0998582	-0.16024	-2.85048	-1.16682	-0.950367	-0.839346	-1.33183	-3.57165	-1.91041	-1.51187
45	0.870311	-0.116756	-0.116756	-2.13125	-0.289339	-0.303543	-0.981377	-0.981377	-2.67046	-1.25192	-1.04409
45	0.773396	-0.227315	-0.227315	-2.65599	-0.408564	-0.373717	-1.91067	-1.91067	-3.32795	-1.67014	-1.44248
45	0.955999	0.213355	0.213355	-1.37348	-0.0142059	0.0160572	1.79333	1.79333	-1.72097	-0.0497917	0.0507081
45	0.639345	0.1058	0.1058	-1.36049	-0.063419	-0.0341392	0.889287	0.889287	-1.7047	-0.289693	-0.147053
45	0.901028	0.0563268	0.0563268	-1.98898	-0.147989	-0.10777	0.473448	0.473448	-2.49219	-0.610432	-0.402728
45	1.02462	0.00532899	0.00532899	-1.74416	-0.233027	-0.225461	0.0447922	0.0447922	-2.18544	-0.717804	-0.620855
45	0.80285	0.116091	0.116091	-2.28324	-0.0713071	-0.04929	0.975791	0.975791	-2.8609	-0.30441	-0.17935
45	0.965677	0.193193	0.193193	-2.21214	-0.0156175	-0.00885753	1.62386	1.62386	-2.77181	-0.0605803	-0.0274217
45	1.06275	0.224686	0.224686	-1.63138	-0.0291823	-0.0363604	1.88857	1.88857	-2.04412	-0.0913443	-0.0831288
45	1.29229	0.0382837	0.0382837	-1.93221	-0.72647	-0.506375	0.321789	0.321789	-2.42106	-1.42171	-0.874328
45	0.874231	0.185332	0.185332	-1.55005	-0.0162159	0.00940956	1.55778	1.55778	-1.94221	-0.0647151	0.0328129
45	0.976896	0.135664	0.135664	-2.12079	-0.0780972	-0.0619312	1.14031	1.14031	-2.65735	-0.272714	-0.183689
45	1.11016	0.223607	0.223607	-2.03625	-0.125112	-0.0327843	1.87951	1.87951	-2.55143	-0.319356	-0.0904203
45	0.620851	0.211894	0.211894	-1.82636	0.0424063	0.0606143	1.78105	1.78105	-2.28843	0.183357	0.226161
45	0.969237	0.0538183	0.0538183	-1.75925	-0.140989	-0.125566	0.452363	0.452363	-2.20434	-0.553318	-0.443158
45	1.58287	0.290834	0.171194	-2.70798	-0.863552	-0.799562	2.44457	1.40661	-3.3931	-1.42952	-1.34412
45	0.957907	0.220811	0.220811	-2.14542	0.037781	0.0281571	1.856	1.856	-2.68821	0.154294	0.091175
45	0.665119	0.0425352	0.0425352	-1.36176	-0.133487	-0.116465	0.357524	0.357524	-1.70629	-0.595183	-0.457112
45	0.687378	0.00168657	0.00168657	-2.23079	-0.17803	-0.155463	0.0141763	0.0141763	-2.79517	-0.794239	-0.577796
45	0.995744	0.345535	0.345535	-3.12064	0.115523	0.141174	2.90435	2.90435	-3.91017	0.413229	0.466462
45	1.1355	-0.0676871	-0.0676871	-2.975	-0.348831	-0.350642	-0.568935	-0.568935	-3.72767	-1.11438	-0.860976
45	0.906714	0.0809634	0.0809634	-2.73161	-0.134451	-0.0871053	0.680528	0.680528	-3.42271	-0.491341	-0.339163
45	1.17789	0.26123	0.26123	-2.53841	-0.15294	-0.163355	2.19574	2.19574	-3.18063	-0.36985	-0.324772
45	1.40086	0.0298114	0.0298114	-2.13553	-0.756878	-0.701847	0.250576	0.250576	-2.67581	-1.2949	-1.1698
45	0.726127	0.000605424	0.000605424	-2.38705	-0.169898	-0.145494	0.00508882	0.00508882	-2.99098	-0.746131	-0.607855
45	1.17469	-0.220128	-0.220128	-2.88831	-0.624492	-0.537762	-1.85026	-1.85026	-3.61906	-1.4997	-1.28649
45	1.27607	0.052401	0.052401	-1.79706	-0.430594	-0.5083	0.440451	0.440451	-2.25171	-0.981289	-0.847553
45	1.07363	0.258949	0.258949	-2.01028	-0.126189	0.0346308	2.17657	2.17657	-2.51887	-0.29297	0.104193
45	0.863437	0.177689	0.177689	-1.68479	-0.047559	-0.014579	1.49355	1.49355	-2.11104	-0.172202	-0.0473795
45	1.3546	0.161948	0.161948	-1.85834	-0.535156	-0.478449	1.36123	1.36123	-2.3285	-0.995319	-0.800839
45	1.45412	-0.109346	-0.180113	-3.1274	-1.09184	-0.879175	-0.919098	-1.497	-3.91864	-1.83119	-1.48809
45	0.790263	0.0255517	0.0255517	-2.38224	-0.179096	-0.133586	0.214772	0.214772	-2.98495	-0.675806	-0.537238
45	0.832005	0.322476	0.322476	-1.36013	0.146567	0.16631	2.71053	2.71053	-1.70424	0.632574	0.625264
45	0.927178	0.168065	0.168065	-2.37033	-0.0587873	-0.0177719	1.41265	1.41265	-2.97002	-0.195308	-0.0629513
45	0.72695	0.322014	0.322014	-1.34923	0.137784	0.182861	2.70665	2.70665	-1.69058	0.558899	0.788603
45	0.76474	-0.0300318	-0.0300318	-1.47985	-0.215539	-0.216337	-0.252429	-0.252429	-1.85425	-0.957103	-0.764101
45	0.977088	-0.0616821	-0.0616821	-1.80263	-0.272868	-0.264287	-0.518462	-0.518462	-2.2587	-0.997019	-0.811448
45	0.779032	0.163358	0.163358	-1.36529	-0.00169499	-0.00111154	1.37308	1.37308	-1.7107	-0.00813444	-0.00439026
45	1.13957	-0.0853021	-0.0853021	-2.88074	-0.421392	-0.398353	-0.716996	-0.716996	-3.60957	-1.15448	-0.934694
45	0.796537	-0.03193	-0.03193	-2.39465	-0.216942	-0.199789	-0.268384	-0.268384	-3.00049	-0.846296	-0.738929
45	0.7837	-0.240701	-0.240701	-2.25018	-0.414924	-0.420578	-2.02318	-2.02318	-2.81948	-1.85835	-1.47271
45	0.765929	0.363788	0.363788	-1.65135	0.196276	0.216998	3.05778	3.05778	-2.06914	0.819698	0.833643
45	1.1283	0.0331544	0.0331544	-1.68746	-0.316028	-0.231086	0.278675	0.278675	-2.11439	-0.841581	-0.638737
45	1.19652	0.270252	0.270252	-1.94808	-0.300178	-0.246836	2.27157	2.27157	-2.44094	-0.60545	-0.47429
45	0.61955	0.0515112	0.0515112	-1.63692	-0.110937	-0.0987586	0.432971	0.432971	-2.05106	-0.528003	-0.390884
45	0.793299	-0.018213	-0.018213	-1.72387	-0.214369	-0.198215	-0.153087	-0.153087	-2.16001	-0.873409	-0.716651
45	1.08462	-0.10197	-0.10197	-2.72731	-0.455805	-0.345578	-0.857093	-0.857093	-3.41732	-1.2028	-1.00036
45	0.990873	0.104077	0.104077	-3.07661	-0.119741	-0.103318	0.874806	0.874806	-3.85499	-0.445901	-0.297587
45	0.889547	0.100066	0.100066	-2.08792	-0.0742825	-0.0807598	0.841091	0.841091	-2.61617	-0.344158	-0.300421
45	1.19968	0.174503	0.174503	-2.31301	-0.364897	-0.296451	1.46676	1.46676	-2.89821	-0.790529	-0.582646
45	0.888232	-0.0876768	-0.0876768	-1.98323	-0.286365	-0.277174	-0.736956	-0.736956	-2.48499	-1.08176	-0.885232
45	0.93276	0.0744013	0.0744013	-2.33198	-0.136884	-0.0970484	0.625371	0.625371	-2.92197	-0.518765	-0.361655
45	1.13832	-0.0752407	-0.0752407	-2.03078	-0.385672	-0.362211	-0.632427	-0.632427	-2.54456	-1.07464	-0.926057
45	0.789963	-0.0163026	-0.0163026	-2.61692	-0.217038	-0.189737	-0.13703	-0.13703	-3.279	-0.831933	-0.683775
45	1.07052	-0.0804159	-0.0804159	-1.85267	-0.373318	-0.2947	-0.675926	-0.675926	-2.3214	-1.08498	-0.91146
45	0.801658	0.126056	0.126056	-2.05273	-0.0688271	-0.0292055	1.05955	1.05955	-2.57207	-0.279546	-0.113489
45	1.23071	0.0550043	0.0550043	-2.89983	-0.451025	-0.373067	0.462332	0.462332	-3.63349	-0.828284	-0.766125
45	1.14536	0.181029	0.181029	-2.61062	-0.171146	-0.104242	1.52162	1.52162	-3.2711	-0.433197	-0.261349
45	1.00125	0.123687	0.123687	-2.00323	-0.124712	-0.0904485	1.03964	1.03964	-2.51004	-0.444128	-0.273683
45	1.08281	-0.0205081	-0.0205081	-2.71045	-0.254003	-0.27785	-0.172379	-0.172379	-3.3962	-0.843695	-0.741096
45	1.06256	0.0446948	0.0446948	-1.97893	-0.238058	-0.200068	0.375677	0.375677	-2.4796	-0.720004	-0.568383
45	1.17475	0.221255	0.221255	-2.59614	-0.169603	-0.120082	1.85973	1.85973	-3.25297	-0.377127	-0.269266
45	0.599727	-0.00591631	-0.00591631	-1.98002	-0.195993	-0.161452	-0.0497288	-0.0497288	-2.48096	-0.833145	-0.645901
45	0.813923	0.0951267	0.0951267	-1.92502	-0.108269	-0.0646916	0.799576	0.799576	-2.41206	-0.439404	-0.242581
45	0.993327	0.0968986	0.0968986	-2.27565	-0.113574	-0.0890587	0.81447	0.81447	-2.85139	-0.477077	-0.306235
45	0.956973	0.17174	0.17174	-1.76155	-0.03581	-0.0417476	1.44354	1.44354	-2.20722	-0.132271	-0.143066
45	1.05853	-0.189348	-0.189348	-2.9802	-0.456459	-0.429485	-1.59154	-1.59154	-3.7342	-1.45344	-1.18535
45	0.85942	0.0975984	0.0975984	-1.94773	-0.120465	-0.080176	0.820352	0.820352	-2.44051	-0.391431	-0.281642
45	0.768746	0.170887	0.170887	-1.52759	-0.017755	0.0044002	1.43637	1.43637	-1.91407	-0.0754395	0.0164529
45	1.25847	0.181374	0.181374	-2.44343	-0.377904	-0.264777	1.52452	1.52452	-3.06162	-0.703821	-0.511233
45	1.24227	0.202598	0.202598	-2.0235	-0.217755	-0.238236	1.70292	1.70292	-2.53545	-0.509314	-0.473216
45	0.578783	0.398761	0.398761	-0.966236	0.231332	0.263703	3.35174	3.35174	-1.21069	1.15981	1.14739
45	1.03716	0.0332224	0.0332224	-1.9138	-0.195212	-0.180027	0.279247	0.279247	-2.39799	-0.692325	-0.570079
45	1.2345	0.0174241	0.0174241	-2.6285	-0.632307	-0.506347	0.146456	0.146456	-3.29351	-1.2609	-0.982915
45	0.58601	0.0121107	0.0121107	-1.51677	-0.151024	-0.133939	0.101795	0.101795	-1.90052	-0.744945	-0.559793
45	0.941058	0.258661	0.258661	-2.23741	0.0484055	0.0795803	2.17415	2.17415	-2.80348	0.192154	0.29594
45	0.905205	0.161042	0.161042	-2.15189	-0.0406106	-0.01507	1.35362	1.35362	-2.69631	-0.16031	-0.0547754
45	1.04859	-0.349712	-0.349712	-2.01984	-0.581653	-0.538739	-2.93947	-2.93947	-2.53086	-2.02776	-1.59515
45	1.0766	0.0435806	0.0435806	-2.80375	-0.232193	-0.162254	0.366312	0.366312	-3.5131	-0.674898	-0.494321
45	0.85162	-0.191803	-0.191803	-1.76018	-0.377776	-0.350226	-1.61217	-1.61217	-2.2055	-1.59137	-1.40126
45	0.648612	0.267965	0.267965	-1.54049	0.103733	0.105184	2.25235	2.25235	-1.93024	0.477877	0.426568
45	0.584716	0.0671029	0.0671029	-1.29205	-0.0951056	-0.0771183	0.564025	0.564025	-1.61893	-0.448396	-0.305114
45	1.06873	-0.0478801	-0.0478801	-2.13897	-0.360017	-0.278624	-0.402451	-0.402451	-2.68013	-0.960662	-0.82584
45	0.851247	0.0402795	0.0402795	-2.05853	-0.183801	-0.123777	0.338565	0.338565	-2.57933	-0.635177	-0.460534
45	0.890273	-0.0112526	-0.0112526	-2.14551	-0.207887	-0.20614	-0.0945824	-0.0945824	-2.68832	-0.824171	-0.665761
45	0.954179	0.0875563	0.0875563	-2.62568	-0.160897	-0.0817322	0.735944	0.735944	-3.28998	-0.515195	-0.300738
45	1.157	-0.122273	-0.122273	-1.94963	-0.558827	-0.428045	-1.02775	-1.02775	-2.44289	-1.26348	-0.98574
45	0.890056	0.24655	0.24655	-2.36606	0.0340631	0.0788826	2.07234	2.07234	-2.96467	0.131734	0.281688
45	1.09844	0.0226402	0.0226402	-2.4255	-0.268463	-0.250677	0.190299	0.190299	-3.03915	-0.757767	-0.665358
45	0.930984	-0.0252136	-0.0252136	-2.69265	-0.262916	-0.186214	-0.21193	-0.21193	-3.37389	-0.958797	-0.67036
45	1.18012	0.158669	0.158669	-2.4424	-0.216506	-0.242995	1.33367	1.33367	-3.06033	-0.541197	-0.522811
45	0.841134	0.234252	0.234252	-1.92743	0.00218445	0.0671097	1.96898	1.96898	-2.41507	0.00753788	0.234676
45	1.18349	-0.0502438	-0.0502438	-3.28712	-0.483853	-0.368619	-0.422318	-0.422318	-4.11876	-1.06258	-0.878075
45	1.37592	-0.100339	-0.100339	-2.87823	-0.952342	-0.878372	-0.84339	-0.84339	-3.60642	-1.52615	-1.39791
45	0.795987	0.209131	0.209131	-1.47442	-0.0104047	0.0436669	1.75783	1.75783	-1.84744	-0.0390888	0.156819
45	0.799015	0.0514565	0.0514565	-2.05103	-0.119469	-0.101792	0.432511	0.432511	-2.56995	-0.539059	-0.393595
45	0.620274	0.00245149	0.00245149	-1.55904	-0.166023	-0.1546	0.0206057	0.0206057	-1.95347	-0.720539	-0.623122
45	0.950142	0.106104	0.106104	-1.45952	-0.133875	-0.086027	0.891847	0.891847	-1.82878	-0.411202	-0.272428
45	1.03657	-0.0261783	-0.0261783	-2.85743	-0.241476	-0.23794	-0.220039	-0.220039	-3.58036	-0.864168	-0.698951
45	0.909752	0.120013	0.120013	-2.52707	-0.0575739	-0.0800157	1.00875	1.00875	-3.16642	-0.253502	-0.268539
45	0.656123	-0.00784296	-0.00784296	-2.51385	-0.170136	-0.153641	-0.0659231	-0.0659231	-3.14985	-0.827129	-0.66097
45	0.695101	0.0829811	0.0829811	-1.27837	-0.109797	-0.0388576	0.697488	0.697488	-1.6018	-0.441149	-0.178408
45	0.882557	0.02008	0.02008	-2.00938	-0.172168	-0.151254	0.16878	0.16878	-2.51775	-0.66763	-0.550908
45	0.871922	0.268189	0.268189	-3.05627	0.0570779	0.102943	2.25423	2.25423	-3.82951	0.176371	0.389607
45	0.963021	0.0156736	0.0156736	-2.16634	-0.209041	-0.199069	0.131743	0.131743	-2.71443	-0.727614	-0.583188
45	0.912913	0.0788485	0.0788485	-2.88135	-0.116413	-0.115787	0.662751	0.662751	-3.61033	-0.442805	-0.384891
45	0.939971	0.314069	0.314069	-1.21501	0.0683921	0.156274	2.63987	2.63987	-1.5224	0.223412	0.603219
45	1.13004	0.112629	0.112629	-2.13018	-0.19991	-0.167051	0.946691	0.946691	-2.66912	-0.543837	-0.41834
45	1.09564	0.0277147	0.0277147	-2.06253	-0.289491	-0.263089	0.232952	0.232952	-2.58435	-0.772204	-0.661505
45	1.15459	0.0127105	0.0127105	-2.87457	-0.294582	-0.297566	0.106837	0.106837	-3.60184	-0.840734	-0.6677
45	0.656698	0.267397	0.267397	-1.32333	0.107333	0.120578	2.24757	2.24757	-1.65814	0.486842	0.508148
45	0.914829	0.149046	0.149046	-1.82505	-0.0480471	-0.0303456	1.25279	1.25279	-2.28679	-0.180215	-0.102812
45	0.748764	-0.00102388	-0.00102388	-1.79032	-0.182448	-0.140099	-0.00860612	-0.00860612	-2.24328	-0.757194	-0.551119
45	0.96767	0.18088	0.18088	-1.79131	-0.0479258	-0.0110423	1.52037	1.52037	-2.24451	-0.164735	-0.0359085
45	0.705138	0.0478958	0.0478958	-1.58982	-0.122851	-0.0892256	0.402583	0.402583	-1.99204	-0.564437	-0.372896
45	1.2167	0.198672	0.198672	-1.95448	-0.354332	-0.222317	1.66991	1.66991	-2.44897	-0.673285	-0.434582
45	0.855981	-0.154664	-0.154664	-2.14869	-0.334216	-0.333039	-1.30001	-1.30001	-2.69231	-1.45746	-1.17315
45	1.13103	0.154116	0.154116	-2.41133	-0.176614	-0.161608	1.29541	1.29541	-3.0214	-0.492483	-0.407863
45	0.595476	0.340145	0.340145	-1.36829	0.171572	0.203165	2.85905	2.85905	-1.71447	0.810968	0.904485
45	1.36673	0.17242	0.17242	-2.16811	-0.588864	-0.411182	1.44926	1.44926	-2.71664	-1.07699	-0.68431
45	0.821477	0.0821266	0.0821266	-1.8328	-0.120956	-0.068464	0.690306	0.690306	-2.29649	-0.482593	-0.274598
45	0.764213	-0.0849656	-0.0849656	-2.75597	-0.247038	-0.239579	-0.714168	-0.714168	-3.45323	-1.19685	-0.970999
45	0.947684	-0.0639394	-0.0639394	-1.95479	-0.292518	-0.24598	-0.537435	-0.537435	-2.44936	-0.934237	-0.845447
45	1.04216	-0.13544	-0.13544	-2.64728	-0.401076	-0.358104	-1.13843	-1.13843	-3.31704	-1.24338	-0.99083
45	0.920148	0.121648	0.121648	-1.9604	-0.0772297	-0.0742083	1.0225	1.0225	-2.45638	-0.295706	-0.237508
45	1.03213	0.184714	0.184714	-2.5146	-0.0464838	-0.026043	1.55259	1.55259	-3.1508	-0.155737	-0.074983
45	1.14306	-0.00740529	-0.00740529	-2.61567	-0.404043	-0.341365	-0.0622443	-0.0622443	-3.27744	-0.947833	-0.836207
45	0.751807	-0.00123427	-0.00123427	-1.73808	-0.167886	-0.159351	-0.0103745	-0.0103745	-2.17781	-0.792696	-0.582388
45	1.17773	-0.0994389	-0.0994389	-2.2214	-0.471112	-0.476621	-0.835822	-0.835822	-2.78341	-1.20437	-1.06908
45	0.776561	-0.0565246	-0.0565246	-1.81361	-0.229177	-0.210796	-0.475111	-0.475111	-2.27246	-1.0179	-0.894984
45	0.758201	0.207816	0.207816	-1.97139	0.023856	0.0512949	1.74677	1.74677	-2.47015	0.0966146	0.199272
45	1.28833	0.0573694	0.0573694	-2.24591	-0.60751	-0.492809	0.482212	0.482212	-2.81413	-1.20406	-0.932351
45	1.03345	-0.218527	-0.218527	-2.33388	-0.49826	-0.421669	-1.8368	-1.8368	-2.92436	-1.41663	-1.32417
45	0.584808	-0.00178612	-0.00178612	-2.02942	-0.169097	-0.142903	-0.015013	-0.015013	-2.54287	-0.764102	-0.588804
45	0.793791	0.163289	0.163289	-1.83775	-0.0278853	-0.00844325	1.37251	1.37251	-2.3027	-0.118381	-0.0309232
45	0.989831	-0.0670971	-0.0670971	-2.29099	-0.313244	-0.220088	-0.563977	-0.563977	-2.87061	-0.974495	-0.861148
45	1.09328	0.197404	0.197404	-1.97429	-0.095297	-0.0540744	1.65925	1.65925	-2.47378	-0.279887	-0.149149
45	0.965208	0.0154898	0.0154898	-2.40685	-0.179623	-0.16985	0.130198	0.130198	-3.01578	-0.724356	-0.587782
45	0.973285	0.257297	0.257297	-2.44372	0.0227339	0.0993358	2.16268	2.16268	-3.06198	0.0750799	0.368227
45	0.674977	0.104827	0.104827	-2.67913	-0.0660408	-0.0650433	0.881108	0.881108	-3.35695	-0.294399	-0.244469
45	1.08742	0.110763	0.110763	-2.33617	-0.174023	-0.151488	0.931003	0.931003	-2.92723	-0.533825	-0.429673
45	0.997894	0.152292	0.152292	-2.35825	-0.0709726	-0.0506659	1.28007	1.28007	-2.95489	-0.244643	-0.158563
45	1.0182	-0.0314913	-0.0314913	-1.79929	-0.250508	-0.246236	-0.264696	-0.264696	-2.25451	-0.947815	-0.750008
45	0.925659	0.234759	0.234759	-2.56692	0.0243341	0.0500258	1.97324	1.97324	-3.21635	0.0940394	0.183421
45	1.07291	-0.122918	-0.122918	-2.79272	-0.412242	-0.323976	-1.03318	-1.03318	-3.49928	-1.20846	-0.983019
45	1.20869	-0.424216	-0.424216	-2.84432	-1.09573	-0.972484	-3.56569	-3.56569	-3.56393	-1.97611	-1.75361
45	1.05086	0.149283	0.149283	-2.31237	-0.08736	-0.0422151	1.25478	1.25478	-2.8974	-0.280904	-0.14385
45	0.931827	0.0790059	0.0790059	-2.09985	-0.131646	-0.0915427	0.664075	0.664075	-2.63111	-0.531871	-0.340736
45	1.11746	-0.225821	-0.225821	-2.77074	-0.496409	-0.468712	-1.89811	-1.89811	-3.47173	-1.57896	-1.26442
45	0.975566	0.0919397	0.0919397	-2.01133	-0.10773	-0.0830914	0.772788	0.772788	-2.52019	-0.434502	-0.272013
45	0.996081	-0.0115448	-0.0115448	-1.85915	-0.224864	-0.201552	-0.0970383	-0.0970383	-2.32952	-0.841895	-0.674735
45	0.930052	0.141306	0.141306	-2.27026	-0.0771623	-0.042901	1.18773	1.18773	-2.84463	-0.277667	-0.1435
45	1.1221	0.127673	0.127673	-3.03627	-0.292027	-0.179712	1.07314	1.07314	-3.80445	-0.641105	-0.433555
45	1.08413	0.113295	0.113295	-2.16534	-0.211142	-0.096803	0.952284	0.952284	-2.71317	-0.524492	-0.316723
45	0.603915	0.103873	0.103873	-1.76121	-0.0800586	-0.0338797	0.873092	0.873092	-2.2068	-0.342147	-0.150466
45	0.889039	0.343963	0.343963	-1.70785	0.150341	0.146646	2.89114	2.89114	-2.13994	0.623421	0.460038
45	0.824333	0.130839	0.130839	-1.53952	-0.0908842	-0.0510387	1.09975	1.09975	-1.92901	-0.33978	-0.182327
45	1.28482	-0.0785618	-0.0785618	-2.11126	-0.705512	-0.725932	-0.660342	-0.660342	-2.64541	-1.40057	-1.25225
45	1.0134	0.00844865	0.00844865	-1.75736	-0.246186	-0.160085	0.0710141	0.0710141	-2.20197	-0.791498	-0.623876
45	0.837357	-0.178454	-0.178454	-1.62629	-0.379494	-0.339891	-1.49998	-1.49998	-2.03774	-1.49532	-1.30039
45	1.22582	-0.102192	-0.102192	-2.60976	-0.628182	-0.554943	-0.85896	-0.85896	-3.27003	-1.29267	-1.11821
45	1.04014	0.136494	0.136494	-1.9894	-0.122871	-0.0829341	1.14728	1.14728	-2.49272	-0.386652	-0.241929
45	0.819714	0.0681641	0.0681641	-1.58624	-0.138466	-0.10365	0.572945	0.572945	-1.98756	-0.510676	-0.398316
45	1.00116	0.176697	0.176697	-1.50226	-0.00786229	-0.00571706	1.48521	1.48521	-1.88233	-0.0308016	-0.019891
45	0.401567	0.17457	0.17457	-0.997016	0.0320624	0.043623	1.46733	1.46733	-1.24926	0.174725	0.193087
45	0.925393	0.0792882	0.0792882	-1.70482	-0.148555	-0.109598	0.666448	0.666448	-2.13614	-0.53681	-0.362798
45	0.706552	0.188395	0.188395	-2.22846	0.0112894	0.0409396	1.58353	1.58353	-2.79226	0.0502393	0.174617
45	0.850727	-0.0457472	-0.0457472	-1.76869	-0.230384	-0.215605	-0.384522	-0.384522	-2.21617	-0.972076	-0.813004
45	1.04842	0.24338	0.24338	-2.14879	-0.00272725	0.0335288	2.0457	2.0457	-2.69243	-0.0098671	0.105644
45	0.781549	0.0599572	0.0599572	-1.81849	-0.119833	-0.110371	0.503963	0.503963	-2.27856	-0.486612	-0.397631
45	1.73464	0.0245209	-0.104621	-3.36762	-1.5327	-1.26041	0.206107	-0.859616	-4.21963	-2.6053	-2.20022
45	0.96944	0.0841773	0.0841773	-2.70152	-0.157067	-0.087723	0.707542	0.707542	-3.38501	-0.514257	-0.296493
45	1.07945	-0.0951882	-0.0951882	-2.43051	-0.434219	-0.365066	-0.800093	-0.800093	-3.04543	-1.15683	-0.927827
45	1.09455	-0.0763042	-0.0763042	-3.02098	-0.381022	-0.276267	-0.641366	-0.641366	-3.78529	-1.09063	-0.90512
45	0.825294	0.110992	0.110992	-1.97312	-0.0933732	-0.058325	0.932934	0.932934	-2.47231	-0.383856	-0.227399
45	0.917476	-0.184171	-0.184171	-2.10445	-0.390682	-0.37525	-1.54802	-1.54802	-2.63688	-1.43321	-1.21706
45	1.30952	-0.0695805	-0.0695805	-2.0861	-0.722785	-0.579797	-0.58485	-0.58485	-2.61388	-1.31332	-1.06391
45	0.870096	0.0423335	0.0423335	-1.96414	-0.145603	-0.124894	0.355829	0.355829	-2.46107	-0.583163	-0.482368
45	0.689667	0.182855	0.182855	-1.57108	-0.00437829	0.0394651	1.53697	1.53697	-1.96857	-0.017577	0.166642
45	1.22789	0.118526	0.118526	-1.96434	-0.484682	-0.370489	0.996254	0.996254	-2.46131	-1.04418	-0.75548
45	0.994724	-0.0319266	-0.0319266	-2.54966	-0.250468	-0.211526	-0.268355	-0.268355	-3.19473	-0.91695	-0.694621
45	0.745187	0.127402	0.127402	-1.98844	-0.0620435	-0.0172342	1.07086	1.07086	-2.49151	-0.251645	-0.0736831
45	1.09178	0.0864186	0.0864186	-2.34589	-0.162166	-0.195764	0.726381	0.726381	-2.9394	-0.543664	-0.487039
45	0.861509	-0.0434616	-0.0434616	-2.23921	-0.221982	-0.203474	-0.365311	-0.365311	-2.80573	-0.97462	-0.738394
45	1.0699	0.108041	0.108041	-2.69507	-0.185354	-0.12754	0.908129	0.908129	-3.37692	-0.533001	-0.364989
45	1.03978	-0.140078	-0.140078	-2.43954	-0.417801	-0.405176	-1.17741	-1.17741	-3.05675	-1.21648	-0.979948
45	1.04717	0.413288	0.413288	-1.93361	0.16904	0.201014	3.47384	3.47384	-2.42282	0.557986	0.632144
45	0.931724	0.150541	0.150541	-1.94935	-0.0772007	-0.0326769	1.26535	1.26535	-2.44254	-0.274069	-0.116436
45	0.705718	0.106156	0.106156	-1.66114	-0.0901871	-0.0451471	0.892284	0.892284	-2.0814	-0.374343	-0.191708
45	1.15606	-0.0551022	-0.0551022	-2.13769	-0.390987	-0.411684	-0.463155	-0.463155	-2.67852	-1.05686	-0.896862
45	0.997555	0.210885	0.210885	-2.11569	-0.0588037	0.0243917	1.77257	1.77257	-2.65096	-0.17859	0.0834624
45	0.870882	0.106009	0.106009	-2.29017	-0.100832	-0.0802464	0.89105	0.89105	-2.86958	-0.408734	-0.281319
45	0.921431	0.0838462	0.0838462	-2.27343	-0.125004	-0.0935756	0.704759	0.704759	-2.8486	-0.482996	-0.322667
45	0.85263	0.30997	0.30997	-1.21648	0.141405	0.148395	2.60542	2.60542	-1.52424	0.649514	0.564974
45	1.38564	0.380385	0.380385	-2.16651	-0.524126	-0.393494	3.19728	3.19728	-2.71464	-0.96464	-0.667677
45	1.01531	0.2093	0.2093	-1.47134	-0.0134351	0.0313184	1.75925	1.75925	-1.84359	-0.0483311	0.100909
45	0.73189	0.20897	0.20897	-1.535	0.0205588	0.0411051	1.75647	1.75647	-1.92336	0.0843939	0.156582
45	0.78719	0.0326536	0.0326536	-2.04318	-0.157578	-0.119907	0.274466	0.274466	-2.5601	-0.661009	-0.477483
45	1.22388	-0.0961336	-0.0961336	-2.29889	-0.670123	-0.522241	-0.808039	-0.808039	-2.88051	-1.27043	-0.979755
45	0.864921	-0.198762	-0.198762	-2.52314	-0.402974	-0.39746	-1.67067	-1.67067	-3.1615	-1.59174	-1.21956
45	0.708038	-0.0169857	-0.0169857	-2.02528	-0.189468	-0.175082	-0.142771	-0.142771	-2.53767	-0.872228	-0.682888
45	0.931134	0.247934	0.247934	-1.65819	0.0656747	0.0761433	2.08398	2.08398	-2.07771	0.273882	0.245694
45	0.969347	-0.0186934	-0.0186934	-2.24427	-0.270042	-0.200924	-0.157125	-0.157125	-2.81207	-0.891012	-0.734921
45	0.758575	0.159785	0.159785	-2.04424	-0.0258179	-0.00732875	1.34305	1.34305	-2.56143	-0.115859	-0.0276903
45	1.00086	0.180431	0.180431	-1.83463	-0.0739496	0.00876648	1.51659	1.51659	-2.29879	-0.221996	0.0314736
45	0.919692	-0.151386	-0.151386	-2.85387	-0.373743	-0.349927	-1.27246	-1.27246	-3.5759	-1.36037	-1.10563
45	1.06804	0.419156	0.419156	-1.45096	0.148831	0.192864	3.52316	3.52316	-1.81805	0.474974	0.558735
45	0.975899	-0.0122188	-0.0122188	-3.04189	-0.220404	-0.181577	-0.102703	-0.102703	-3.81149	-0.762273	-0.603319
45	0.848596	-0.114776	-0.114776	-1.9589	-0.30198	-0.294678	-0.964734	-0.964734	-2.4545	-1.27564	-1.06274
45	0.831763	0.0495353	0.0495353	-1.8341	-0.151952	-0.110329	0.416363	0.416363	-2.29813	-0.619062	-0.409397
45	0.664351	0.181467	0.181467	-1.53867	0.0211968	0.0311527	1.5253	1.5253	-1.92795	0.0945092	0.130126
45	0.737121	-0.00180235	-0.00180235	-1.59884	-0.169177	-0.156576	-0.0151494	-0.0151494	-2.00334	-0.800368	-0.570432
45	0.821651	0.331023	0.331023	-1.64122	0.145203	0.147138	2.78237	2.78237	-2.05645	0.485519	0.500106
45	0.85041	0.128026	0.128026	-1.62815	-0.0504496	-0.0465702	1.0761	1.0761	-2.04008	-0.224872	-0.171498
45	1.09358	-0.0518474	-0.0518474	-3.03536	-0.337215	-0.290503	-0.435797	-0.435797	-3.80331	-0.995008	-0.842324
45	1.31771	0.128005	0.128005	-3.32965	-0.666102	-0.49529	1.07593	1.07593	-4.17205	-1.26958	-0.907665
45	0.808088	0.325413	0.325413	-1.8171	0.153849	0.146885	2.73522	2.73522	-2.27683	0.649948	0.547359
45	0.898972	0.214507	0.214507	-2.12077	-0.00543821	0.034864	1.80301	1.80301	-2.65732	-0.0203428	0.118737
45	1.58889	0.0364892	-0.0395239	-2.5511	-1.10124	-0.892422	0.306705	-0.328501	-3.19653	-1.93372	-1.52781
45	1.04209	0.178276	0.178276	-2.40537	-0.0868329	-0.0348467	1.49847	1.49847	-3.01392	-0.266939	-0.109829
45	0.69018	-0.135946	-0.135946	-2.07908	-0.322169	-0.287236	-1.14268	-1.14268	-2.60509	-1.38077	-1.23165
45	0.882153	0.0280346	0.0280346	-1.55247	-0.161147	-0.165368	0.235641	0.235641	-1.94524	-0.556908	-0.547752
45	0.945383	-0.116644	-0.116644	-1.71898	-0.318829	-0.284474	-0.980438	-0.980438	-2.15388	-1.25363	-1.0415
45	0.77374	0.194167	0.194167	-2.21151	0.00594645	0.0373562	1.63205	1.63205	-2.77102	0.0255864	0.148792
45	1.11575	-0.215216	-0.215216	-2.43461	-0.573353	-0.530393	-1.80897	-1.80897	-3.05057	-1.49078	-1.25778
45	0.934884	0.0132416	0.0132416	-2.00355	-0.216785	-0.165108	0.1113	0.1113	-2.51045	-0.760902	-0.594733
45	1.06249	0.192364	0.192364	-1.72764	-0.0794557	-0.0308053	1.61689	1.61689	-2.16473	-0.225017	-0.0933102
45	0.992648	0.0822592	0.0822592	-1.79224	-0.125583	-0.106852	0.691419	0.691419	-2.24568	-0.479107	-0.344207
45	0.99185	0.243902	0.243902	-1.60001	0.0360484	0.0407955	2.05009	2.05009	-2.00482	0.135636	0.127018
45	1.08124	0.14379	0.14379	-1.75165	-0.134697	-0.114289	1.20861	1.20861	-2.19482	-0.399405	-0.30756
45	1.24526	0.163713	0.163713	-1.94008	-0.51942	-0.376173	1.37607	1.37607	-2.43092	-1.05603	-0.670925
45	1.06375	0.143178	0.143178	-1.85666	-0.0924591	-0.102052	1.20347	1.20347	-2.3264	-0.308253	-0.267932
45	1.14958	0.172376	0.172376	-2.68064	-0.198008	-0.161471	1.44888	1.44888	-3.35884	-0.530806	-0.337559
45	1.06465	0.126613	0.126613	-2.4062	-0.168547	-0.102144	1.06423	1.06423	-3.01497	-0.466912	-0.282722
45	0.930913	-0.0450202	-0.0450202	-2.48103	-0.239033	-0.251606	-0.378412	-0.378412	-3.10873	-0.95025	-0.8113
45	0.822432	0.125742	0.125742	-2.04774	-0.08123	-0.0494405	1.05691	1.05691	-2.56582	-0.31466	-0.17893
45	0.983151	0.23368	0.23368	-1.87068	0.0158818	0.0390593	1.96417	1.96417	-2.34396	0.0604802	0.12871
45	1.31711	-0.109735	-0.109735	-2.54841	-0.851262	-0.714393	-0.922365	-0.922365	-3.19315	-1.58297	-1.3439
45	1.10751	0.131035	0.131035	-2.11232	-0.21908	-0.156908	1.1014	1.1014	-2.64673	-0.556947	-0.397325
45	0.989104	-0.0805871	-0.0805871	-2.21451	-0.283391	-0.286923	-0.677365	-0.677365	-2.77478	-1.06365	-0.889413
45	1.28784	0.269812	0.269812	-2.55976	-0.532839	-0.325056	2.26787	2.26787	-3.20738	-0.861361	-0.535311
45	1.10137	-0.18699	-0.18699	-2.71455	-0.525191	-0.454608	-1.57172	-1.57172	-3.40133	-1.40244	-1.17372
45	1.09812	-0.0217453	-0.0217453	-2.10084	-0.267657	-0.250184	-0.182777	-0.182777	-2.63235	-0.889225	-0.712291
45	1.23042	-0.0376317	-0.0376317	-2.32552	-0.67655	-0.536024	-0.316309	-0.316309	-2.91388	-1.30906	-1.0016
45	1.14175	-0.0259918	-0.0259918	-2.60027	-0.451036	-0.402371	-0.218471	-0.218471	-3.25814	-1.01546	-0.881267
45	0.953171	0.212523	0.212523	-2.04933	-0.0079203	-0.00368127	1.78634	1.78634	-2.56782	-0.0251213	-0.0111195
45	0.862496	-0.023268	-0.023268	-1.54796	-0.184024	-0.194887	-0.195577	-0.195577	-1.93959	-0.817325	-0.699964
45	1.31191	0.020742	0.020742	-2.06145	-1.06068	-0.874254	0.174345	0.174345	-2.583	-1.79685	-1.54382
45	0.981795	-0.107903	-0.107903	-1.73928	-0.364116	-0.310787	-0.906969	-0.906969	-2.17932	-1.07106	-0.936893
45	1.19384	-0.0254391	-0.0254391	-2.27686	-0.359683	-0.362885	-0.213825	-0.213825	-2.8529	-0.994062	-0.849692
45	0.904558	0.131335	0.131335	-2.09834	-0.0753154	-0.071923	1.10392	1.10392	-2.62922	-0.284917	-0.226537
45	0.835764	0.0707983	0.0707983	-1.81049	-0.137253	-0.107986	0.595086	0.595086	-2.26855	-0.532601	-0.38554
45	0.918108	0.180322	0.180322	-2.20704	-0.0570037	0.00106048	1.51567	1.51567	-2.76543	-0.184161	0.00356624
45	1.0709	-0.0396921	-0.0396921	-2.04346	-0.266539	-0.282424	-0.333627	-0.333627	-2.56045	-0.933215	-0.799284
45	0.854578	0.0841497	0.0841497	-1.87215	-0.0766128	-0.082181	0.70731	0.70731	-2.3458	-0.336228	-0.2786
45	0.95179	0.253513	0.253513	-2.89932	0.0375252	0.0750293	2.13088	2.13088	-3.63284	0.150107	0.30391
45	0.842774	0.116623	0.116623	-2.52277	-0.0760387	-0.0422679	0.980262	0.980262	-3.16103	-0.304391	-0.161029
45	1.04119	0.176691	0.176691	-2.58534	-0.0992155	-0.0507262	1.48515	1.48515	-3.23944	-0.302642	-0.134761
45	1.08535	0.0406036	0.0406036	-2.21039	-0.230049	-0.259218	0.341289	0.341289	-2.76962	-0.698468	-0.619875
45	1.10167	0.133265	0.133265	-2.09531	-0.169178	-0.142783	1.12014	1.12014	-2.62543	-0.496026	-0.363449
45	0.876251	0.277706	0.277706	-2.24185	0.060804	0.104277	2.33422	2.33422	-2.80904	0.227162	0.384682
45	1.07814	0.102059	0.102059	-2.35329	-0.157465	-0.118813	0.857848	0.857848	-2.94867	-0.506134	-0.362505
45	1.06197	0.266833	0.266833	-1.79543	-0.00673928	0.0536743	2.24284	2.24284	-2.24967	-0.0206037	0.172875
45	0.694433	0.118505	0.118505	-1.82624	-0.046829	-0.0159674	0.996082	0.996082	-2.28828	-0.213967	-0.0682079
45	0.904808	-0.0874083	-0.0874083	-2.15956	-0.316346	-0.262866	-0.7347	-0.7347	-2.70593	-0.962316	-0.922064
45	1.10045	0.040658	0.040658	-2.36498	-0.207312	-0.224772	0.341746	0.341746	-2.96332	-0.636395	-0.586877
45	1.25548	0.065368	0.065368	-3.04474	-0.501129	-0.363107	0.549443	0.549443	-3.81506	-0.964601	-0.707395
45	1.0671	0.273054	0.273054	-1.67768	0.0269452	0.0641923	2.29512	2.29512	-2.10213	0.0919823	0.189674
45	0.825346	-0.261955	-0.261955	-2.25851	-0.446441	-0.42513	-2.20183	-2.20183	-2.82992	-1.82197	-1.58655
45	1.11549	-0.08765	-0.08765	-2.07773	-0.419399	-0.344811	-0.736731	-0.736731	-2.6034	-1.04106	-0.911618
45	1.29941	-0.0980907	-0.0980907	-3.03986	-0.899369	-0.744461	-0.82449	-0.82449	-3.80894	-1.68874	-1.32053
45	0.53012	-0.140497	-0.140497	-1.34123	-0.304376	-0.296542	-1.18093	-1.18093	-1.68057	-1.4625	-1.16083
45	1.8173	0.0365088	-0.117454	-2.78998	-1.51583	-1.24147	0.306871	-0.965061	-3.49584	-2.48344	-2.07835
45	0.867051	0.229525	0.229525	-1.70323	0.0363685	0.0347283	1.92924	1.92924	-2.13415	0.148985	0.122725
45	0.537373	0.366293	0.366293	-1.45486	0.195903	0.223246	3.07883	3.07883	-1.82294	0.921841	0.957632
45	1.18892	-0.0681168	-0.0681168	-2.33635	-0.591197	-0.489456	-0.572547	-0.572547	-2.92744	-1.24696	-0.911704
45	0.948489	0.181667	0.181667	-2.30139	-0.0231821	0.0130028	1.52698	1.52698	-2.88365	-0.0878154	0.0491712
45	0.770347	-0.0130206	-0.0130206	-1.91798	-0.202487	-0.177921	-0.109443	-0.109443	-2.40323	-0.864501	-0.687423
45	0.773987	-0.010534	-0.010534	-1.98677	-0.205933	-0.177139	-0.0885419	-0.0885419	-2.48943	-0.813753	-0.659015
45	0.914981	0.437925	0.437925	-1.28775	0.206634	0.287914	3.68093	3.68093	-1.61355	0.682836	1.17709
45	1.02866	0.0211957	0.0211957	-1.76819	-0.190495	-0.211822	0.178158	0.178158	-2.21554	-0.774767	-0.585512
45	1.36943	0.0798671	0.0798671	-2.11591	-0.739806	-0.524483	0.671313	0.671313	-2.65123	-1.24109	-0.90553
45	1.049	0.0551297	0.0551297	-1.73366	-0.250781	-0.17268	0.463386	0.463386	-2.17228	-0.697152	-0.509848
45	0.547409	-0.201022	-0.201022	-1.65791	-0.371203	-0.339733	-1.68966	-1.68966	-2.07737	-1.69568	-1.37805
45	1.15714	-0.0226485	-0.0226485	-2.18506	-0.39326	-0.3273	-0.190369	-0.190369	-2.73788	-1.04373	-0.789329
45	1.15816	-0.362417	-0.362417	-2.7447	-0.670395	-0.648428	-3.04625	-3.04625	-3.43911	-1.89967	-1.56884
45	0.862593	0.0761696	0.0761696	-2.3627	-0.106694	-0.0835568	0.640234	0.640234	-2.96046	-0.453515	-0.301129
45	1.09985	0.146859	0.146859	-1.72161	-0.119326	-0.0688117	1.2344	1.2344	-2.15718	-0.372697	-0.198588
45	0.92566	-0.276833	-0.276833	-3.12837	-0.498559	-0.45725	-2.32689	-2.32689	-3.91985	-1.91314	-1.56109
45	1.38367	0.218493	0.218493	-2.51256	-0.985255	-0.677474	1.83651	1.83651	-3.14823	-1.72516	-1.08976
45	0.979134	0.157738	0.157738	-2.11791	-0.103466	-0.0402843	1.32585	1.32585	-2.65374	-0.32245	-0.130553
45	0.784253	0.089612	0.089612	-2.59499	-0.0816227	-0.0714834	0.753222	0.753222	-3.25152	-0.368788	-0.247529
45	1.01123	-0.0947507	-0.0947507	-1.85022	-0.313642	-0.302458	-0.796416	-0.796416	-2.31833	-1.11094	-0.875872
45	1.01946	-0.0843203	-0.0843203	-2.47552	-0.310858	-0.294329	-0.708744	-0.708744	-3.10183	-1.2265	-0.800567
45	0.868395	0.101	0.101	-2.09873	-0.093856	-0.0836647	0.848945	0.848945	-2.62971	-0.373018	-0.27534
45	1.04018	0.172889	0.172889	-1.62138	-0.0716923	-0.0592243	1.4532	1.4532	-2.03158	-0.252602	-0.174899
45	0.775586	-0.146318	-0.146318	-1.79748	-0.35805	-0.317624	-1.22986	-1.22986	-2.25225	-1.3715	-1.17429
45	1.16333	0.159536	0.159536	-2.1029	-0.255786	-0.172227	1.34096	1.34096	-2.63494	-0.573373	-0.394805
45	1.03403	0.0135764	0.0135764	-1.88027	-0.216903	-0.194351	0.114115	0.114115	-2.35598	-0.832603	-0.587982
45	0.645056	-0.162174	-0.162174	-1.90406	-0.340498	-0.310684	-1.36314	-1.36314	-2.38579	-1.55379	-1.20247
45	1.00145	0.0443115	0.0443115	-2.08629	-0.182106	-0.130682	0.372455	0.372455	-2.61412	-0.664818	-0.466565
45	1.06213	-0.129834	-0.129834	-2.63778	-0.423609	-0.376273	-1.0913	-1.0913	-3.30513	-1.22865	-0.950653
45	0.687047	0.0812106	0.0812106	-1.76181	-0.115787	-0.0649403	0.682606	0.682606	-2.20755	-0.455649	-0.254449
45	0.817894	0.24486	0.24486	-1.91265	0.0661424	0.0773355	2.05814	2.05814	-2.39655	0.253461	0.289012
45	0.811752	0.142527	0.142527	-1.91754	-0.084009	-0.0363218	1.19799	1.19799	-2.40268	-0.310997	-0.137333
45	0.772569	0.32257	0.32257	-1.53252	0.142695	0.149063	2.71133	2.71133	-1.92025	0.618973	0.542939
45	1.04651	-0.216494	-0.216494	-2.55541	-0.441371	-0.454532	-1.81971	-1.81971	-3.20193	-1.43569	-1.33283
45	0.770266	0.0301233	0.0301233	-1.47483	-0.165201	-0.132264	0.253198	0.253198	-1.84797	-0.623011	-0.501386
45	0.701125	0.127898	0.127898	-1.41713	-0.0338706	-0.0387437	1.07503	1.07503	-1.77566	-0.165316	-0.14471
45	1.06356	-0.0859708	-0.0859708	-2.42942	-0.381965	-0.356192	-0.722617	-0.722617	-3.04406	-1.03453	-0.939015
45	1.28665	-0.0184343	-0.0184343	-2.20905	-0.799394	-0.595172	-0.154947	-0.154947	-2.76793	-1.35241	-1.06036
45	1.26537	0.0744016	0.0744016	-2.36033	-0.751478	-0.60413	0.625374	0.625374	-2.95749	-1.40225	-1.15511
45	0.6407	0.193459	0.193459	-1.61117	0.01994	0.0502193	1.62609	1.62609	-2.0188	0.0865736	0.206919
45	0.97307	0.286978	0.286978	-2.0556	0.0695624	0.104881	2.41216	2.41216	-2.57567	0.253176	0.35053
45	0.950282	-0.00757738	-0.00757738	-2.2613	-0.211271	-0.176121	-0.0636907	-0.0636907	-2.83341	-0.771589	-0.626283
45	1.20175	-0.0844154	-0.0844154	-1.9041	-0.629948	-0.504811	-0.709543	-0.709543	-2.38584	-1.38768	-0.99977
45	0.715311	0.176119	0.176119	-1.44218	-0.00443356	0.00809272	1.48035	1.48035	-1.80705	-0.0180946	0.0307893
45	1.03243	0.0146019	0.0146019	-2.17142	-0.217963	-0.19785	0.122734	0.122734	-2.72078	-0.693299	-0.606035
45	1.05085	0.316946	0.316946	-1.97591	0.0868241	0.1327	2.66405	2.66405	-2.47581	0.299771	0.444009
45	1.27016	0.0653246	0.0653246	-2.38089	-0.489973	-0.455695	0.549078	0.549078	-2.98326	-1.0183	-0.89459
45	0.607471	0.224652	0.224652	-1.01674	0.0524608	0.0797081	1.88828	1.88828	-1.27398	0.230378	0.35873
45	0.916167	-0.224913	-0.224913	-2.13289	-0.431249	-0.417514	-1.89048	-1.89048	-2.67251	-1.56988	-1.47445
45	1.15513	0.0135349	0.0135349	-2.46337	-0.340192	-0.342585	0.113766	0.113766	-3.08661	-0.85255	-0.779981
45	1.19668	0.0730978	0.0730978	-2.94088	-0.438017	-0.33943	0.614415	0.614415	-3.68492	-0.873218	-0.725783
45	0.76912	0.0773425	0.0773425	-1.67749	-0.113536	-0.0747217	0.650093	0.650093	-2.10189	-0.480942	-0.302579
45	1.03821	0.01964	0.01964	-2.76514	-0.252518	-0.174384	0.165082	0.165082	-3.46472	-0.716671	-0.53422
45	0.698606	0.280656	0.280656	-1.59073	0.0728135	0.11494	2.35902	2.35902	-1.99318	0.26809	0.431826
45	0.977274	-0.247122	-0.247122	-2.30835	-0.468994	-0.46854	-2.07715	-2.07715	-2.89237	-1.72221	-1.37696
45	0.937427	-0.189801	-0.189801	-1.93028	-0.376974	-0.378332	-1.59535	-1.59535	-2.41864	-1.49192	-1.2779
45	1.11447	-0.066573	-0.066573	-1.79863	-0.387832	-0.412179	-0.559571	-0.559571	-2.25368	-1.03678	-0.935337
45	0.88613	0.152191	0.152191	-1.93744	-0.0853931	-0.000281301	1.27922	1.27922	-2.42761	-0.272467	-0.00115796
45	0.990825	0.0576412	0.0576412	-2.21003	-0.181647	-0.135178	0.484496	0.484496	-2.76917	-0.617894	-0.444702
45	1.11884	0.226771	0.226771	-1.81784	-0.100578	-0.0409643	1.9061	1.9061	-2.27775	-0.285815	-0.108752
45	1.55047	0.30557	0.204418	-1.63471	-1.01198	-0.881754	2.56843	1.6796	-2.0483	-1.86623	-1.44657
45	0.71038	0.0190809	0.0190809	-1.5089	-0.149132	-0.137374	0.160382	0.160382	-1.89065	-0.713953	-0.548589
45	0.732719	-0.0024082	-0.0024082	-1.83339	-0.187205	-0.186383	-0.0202419	-0.0202419	-2.29724	-0.787621	-0.6446
45	1.20654	-0.0259826	-0.0259826	-1.74047	-0.526452	-0.535847	-0.218394	-0.218394	-2.18081	-1.03147	-0.958855
45	1.00904	-0.0885626	-0.0885626	-1.88755	-0.33473	-0.304737	-0.744403	-0.744403	-2.3651	-1.06308	-0.882708
45	0.802561	0.190773	0.190773	-2.0104	-0.0276042	0.0416521	1.60352	1.60352	-2.51904	-0.103482	0.181697
45	1.26793	-0.104918	-0.104918	-2.30783	-0.733102	-0.607081	-0.881876	-0.881876	-2.89172	-1.37893	-1.11291
45	0.766963	-0.0962026	-0.0962026	-2.37315	-0.32086	-0.261887	-0.808619	-0.808619	-2.97356	-1.16916	-1.0297
45	1.06472	0.033091	0.033091	-2.33258	-0.251626	-0.164612	0.278143	0.278143	-2.92273	-0.776385	-0.550752
45	0.69608	-0.0352263	-0.0352263	-1.84551	-0.213283	-0.180067	-0.296091	-0.296091	-2.31242	-0.949253	-0.749116
45	0.986601	0.106926	0.106926	-1.75648	-0.10184	-0.0862905	0.898756	0.898756	-2.20087	-0.407939	-0.297862
45	1.10417	-0.0408195	-0.0408195	-2.43048	-0.345653	-0.26656	-0.343103	-0.343103	-3.04539	-0.893037	-0.755462
45	1.41168	0.195673	0.195673	-2.03536	-0.974511	-0.78573	1.64471	1.64471	-2.55031	-1.70163	-1.35237
45	1.12048	-0.0939899	-0.0939899	-2.32096	-0.476693	-0.378701	-0.790021	-0.790021	-2.90816	-1.13201	-0.8724
45	0.787618	0.129967	0.129967	-1.83171	-0.0394168	-0.0556213	1.09242	1.09242	-2.29513	-0.17837	-0.193077
45	1.07944	0.0625301	0.0625301	-2.3379	-0.207984	-0.165995	0.52559	0.52559	-2.92939	-0.702076	-0.457403
45	0.603281	0.0513399	0.0513399	-1.79787	-0.10611	-0.109937	0.431532	0.431532	-2.25273	-0.519754	-0.424619
45	1.04094	0.00121542	0.00121542	-2.69116	-0.276993	-0.202887	0.010216	0.010216	-3.37202	-0.812997	-0.635872
45	1.26877	-0.0136898	-0.0136898	-2.49392	-0.632468	-0.456778	-0.115068	-0.115068	-3.12488	-1.13888	-0.86422
45	0.879891	-0.298156	-0.298156	-2.36947	-0.498652	-0.49533	-2.50611	-2.50611	-2.96894	-1.90801	-1.62751
45	0.954122	0.102612	0.102612	-2.08081	-0.118835	-0.0688317	0.862496	0.862496	-2.60725	-0.396296	-0.259674
45	0.700545	0.271966	0.271966	-1.34475	0.0663401	0.117265	2.28598	2.28598	-1.68497	0.263817	0.459466
45	1.17935	0.1198	0.1198	-2.59885	-0.328697	-0.273222	1.00696	1.00696	-3.25636	-0.794564	-0.566466
45	1.01988	0.120761	0.120761	-2.14419	-0.109013	-0.083635	1.01504	1.01504	-2.68667	-0.356899	-0.256898
45	1.10657	0.107995	0.107995	-1.95381	-0.185369	-0.229291	0.907739	0.907739	-2.44812	-0.554043	-0.534843
45	1.01426	-0.281729	-0.281729	-2.31349	-0.544004	-0.493675	-2.36804	-2.36804	-2.8988	-1.7017	-1.48591
45	1.06149	-0.310048	-0.310048	-2.4034	-0.573941	-0.511426	-2.60607	-2.60607	-3.01146	-1.96547	-1.65177
45	1.09861	0.112288	0.112288	-1.93672	-0.212791	-0.119565	0.94382	0.94382	-2.42671	-0.580476	-0.339976
45	1.02705	0.116626	0.116626	-2.19923	-0.117227	-0.106204	0.980285	0.980285	-2.75563	-0.39359	-0.281818
45	0.663899	-0.00661149	-0.00661149	-2.00104	-0.17509	-0.153614	-0.0555721	-0.0555721	-2.5073	-0.850464	-0.627845
45	0.878573	0.13346	0.13346	-1.67204	-0.060941	-0.0489916	1.12178	1.12178	-2.09507	-0.236058	-0.173472
45	1.46309	-0.269201	-0.348318	-2.35271	-1.39948	-1.20885	-2.26274	-2.89503	-2.94795	-2.374	-1.80899
45	0.912557	-0.123286	-0.123286	-1.93369	-0.316169	-0.301498	-1.03627	-1.03627	-2.42292	-1.2217	-1.08677
45	0.836241	-0.0791838	-0.0791838	-1.65153	-0.267838	-0.256301	-0.66557	-0.66557	-2.06937	-1.05538	-0.961812
45	1.36884	0.308687	0.308687	-2.23519	-0.973299	-0.76007	2.59463	2.59463	-2.80069	-1.70338	-1.25543
45	1.21279	-0.0896441	-0.0896441	-2.52555	-0.548463	-0.457465	-0.753493	-0.753493	-3.16452	-1.12441	-0.947343
45	1.10061	-0.0069792	-0.0069792	-1.96937	-0.340453	-0.258237	-0.0586628	-0.0586628	-2.46761	-0.941223	-0.668475
45	1.12885	-0.17851	-0.17851	-2.46368	-0.500031	-0.538057	-1.50044	-1.50044	-3.08699	-1.29202	-1.23638
45	1.13172	0.201174	0.201174	-2.25074	-0.186951	-0.116364	1.69094	1.69094	-2.82018	-0.460816	-0.25071
45	0.837379	0.096315	0.096315	-2.18787	-0.111414	-0.105531	0.809564	0.809564	-2.7414	-0.410031	-0.350731
45	1.06492	0.103872	0.103872	-2.47351	-0.162325	-0.156812	0.873085	0.873085	-3.09931	-0.486026	-0.408261
45	0.948239	-0.0846694	-0.0846694	-2.4413	-0.323538	-0.28885	-0.711679	-0.711679	-3.05894	-1.12216	-0.92624
45	1.12801	-0.309103	-0.309103	-2.60813	-0.644663	-0.596095	-2.59813	-2.59813	-3.26799	-1.63785	-1.49786
45	0.80166	0.0405149	0.0405149	-1.75429	-0.14264	-0.127771	0.340543	0.340543	-2.19813	-0.604959	-0.492603
45	1.21667	0.178961	0.178961	-2.60764	-0.261691	-0.238635	1.50423	1.50423	-3.26737	-0.552975	-0.468419
45	0.598976	0.0976739	0.0976739	-1.26971	-0.0757811	-0.0332311	0.820986	0.820986	-1.59095	-0.346132	-0.140313
45	0.875635	-0.0715414	-0.0715414	-2.89513	-0.254124	-0.232891	-0.601333	-0.601333	-3.6276	-1.16197	-0.907167
45	0.984065	0.0550739	0.0550739	-2.59352	-0.154624	-0.10965	0.462917	0.462917	-3.24969	-0.593521	-0.405131
45	1.46111	0.0214391	-0.0459256	-2.2899	-1.00436	-0.877087	0.180204	-0.381709	-2.86924	-1.60586	-1.39257
45	1.06959	0.0869105	0.0869105	-2.04027	-0.160061	-0.105231	0.730516	0.730516	-2.55646	-0.524448	-0.335769
45	1.11592	-0.00612777	-0.00612777	-2.69373	-0.341438	-0.281261	-0.0515062	-0.0515062	-3.37524	-0.83891	-0.677865
45	0.802353	0.0851439	0.0851439	-1.45042	-0.110635	-0.0715729	0.715667	0.715667	-1.81738	-0.464705	-0.28805
45	1.03401	0.170088	0.170088	-1.78294	-0.08788	-0.0517942	1.42966	1.42966	-2.23402	-0.288405	-0.153401
45	1.01155	0.00221963	0.00221963	-2.24168	-0.248479	-0.230731	0.0186569	0.0186569	-2.80882	-0.785668	-0.654846
45	1.03914	-0.082313	-0.082313	-2.54473	-0.32323	-0.303193	-0.691872	-0.691872	-3.18854	-1.10464	-0.930143
45	1.34094	-0.0828767	-0.0828767	-2.06451	-0.783441	-0.756291	-0.69661	-0.69661	-2.58683	-1.44988	-1.23313
45	1.03992	-0.0671904	-0.0671904	-2.3598	-0.273067	-0.281732	-0.564761	-0.564761	-2.95683	-0.959336	-0.869397
45	1.21199	0.077926	0.077926	-3.28071	-0.388541	-0.353587	0.654998	0.654998	-4.11073	-0.78364	-0.673812
45	1.02555	0.252267	0.252267	-1.92457	0.0300427	0.0277005	2.1204	2.1204	-2.41149	0.104938	0.0794881
45	1.02227	0.0195684	0.0195684	-1.97301	-0.259324	-0.207569	0.16448	0.16448	-2.47218	-0.778186	-0.559832
45	1.18652	0.123144	0.123144	-3.05396	-0.457689	-0.334611	1.03507	1.03507	-3.82661	-0.896938	-0.605727
45	0.876661	0.23093	0.23093	-1.79102	0.0286396	0.0467481	1.94105	1.94105	-2.24415	0.109264	0.156433
45	0.988768	-0.0810592	-0.0810592	-2.21228	-0.306925	-0.272389	-0.681333	-0.681333	-2.77199	-1.10043	-0.914364
45	0.729558	-0.0764303	-0.0764303	-2.64587	-0.252455	-0.222623	-0.642425	-0.642425	-3.31528	-1.08611	-0.918799
45	1.14239	0.0443364	0.0443364	-1.73869	-0.363287	-0.298056	0.372665	0.372665	-2.17858	-0.921615	-0.675079
45	0.9528	-0.107965	-0.107965	-2.41413	-0.341534	-0.29047	-0.907484	-0.907484	-3.0249	-1.19335	-0.954951
45	0.986934	0.382666	0.382666	-1.42643	0.172829	0.185405	3.21645	3.21645	-1.78732	0.66657	0.580555
45	0.996918	0.0490999	0.0490999	-2.11184	-0.188601	-0.161791	0.412703	0.412703	-2.64614	-0.598915	-0.479251
45	1.20532	0.0718534	0.0718534	-2.05093	-0.453878	-0.40645	0.603955	0.603955	-2.56982	-0.942052	-0.762395
45	0.925137	0.0039997	0.0039997	-2.53865	-0.21113	-0.186409	0.033619	0.033619	-3.18093	-0.762481	-0.607721
45	1.00526	-0.0913295	-0.0913295	-1.79776	-0.314616	-0.290029	-0.767659	-0.767659	-2.25259	-1.08964	-0.940906
45	0.57959	-0.00770913	-0.00770913	-1.38296	-0.163304	-0.154669	-0.0647981	-0.0647981	-1.73285	-0.800744	-0.642525
45	0.714835	0.22268	0.22268	-1.88032	0.0762774	0.0710497	1.87171	1.87171	-2.35604	0.363956	0.280573
45	1.16356	0.149087	0.149087	-1.70816	-0.200943	-0.175994	1.25314	1.25314	-2.14032	-0.521376	-0.401839
45	0.856929	0.161819	0.161819	-1.60519	-0.0717713	-0.0143536	1.36015	1.36015	-2.0113	-0.236932	-0.0524669
45	0.817282	-0.0259386	-0.0259386	-1.60521	-0.226729	-0.195822	-0.218024	-0.218024	-2.01133	-0.833622	-0.71734
45	1.22275	0.0274551	0.0274551	-2.26886	-0.527826	-0.417683	0.230771	0.230771	-2.84288	-0.986704	-0.852664
45	0.845116	0.018531	0.018531	-1.92686	-0.214888	-0.142905	0.15576	0.15576	-2.41435	-0.75788	-0.532523
45	1.05994	0.144321	0.144321	-2.29286	-0.146979	-0.115716	1.21307	1.21307	-2.87295	-0.419672	-0.282969
45	0.885079	0.0893256	0.0893256	-2.066	-0.117838	-0.0672505	0.750815	0.750815	-2.5887	-0.454243	-0.264013
45	0.735285	-0.0368804	-0.0368804	-1.97049	-0.206681	-0.203841	-0.309994	-0.309994	-2.46902	-0.976429	-0.786501
45	1.11526	-0.134074	-0.134074	-2.13513	-0.52632	-0.434808	-1.12694	-1.12694	-2.67532	-1.232	-0.944461
45	0.873563	0.228009	0.228009	-1.35535	0.0391811	0.0812502	1.9165	1.9165	-1.69825	0.154351	0.331104
45	1.324	-0.0156991	-0.0156991	-2.73375	-0.643734	-0.594131	-0.131957	-0.131957	-3.42539	-1.22838	-1.08997
45	1.41346	-0.125799	-0.125799	-2.65711	-1.32031	-1.16112	-1.05739	-1.05739	-3.32936	-2.27869	-1.89723
45	1.09935	-0.0665445	-0.0665445	-1.70443	-0.389014	-0.301584	-0.559332	-0.559332	-2.13565	-0.963219	-0.767062
45	0.646697	0.0221996	0.0221996	-1.51727	-0.163138	-0.130052	0.186596	0.186596	-1.90115	-0.67155	-0.514047
45	0.949075	0.0220933	0.0220933	-1.8631	-0.190603	-0.152014	0.185702	0.185702	-2.33446	-0.765509	-0.579472
45	0.910476	0.354138	0.354138	-1.31858	0.124243	0.165219	2.97666	2.97666	-1.65218	0.436778	0.509626
45	1.06809	-0.0156217	-0.0156217	-1.6697	-0.348039	-0.259975	-0.131306	-0.131306	-2.09213	-0.889382	-0.641924
45	1.03225	0.224144	0.224144	-1.88986	-0.00313773	0.0120535	1.88401	1.88401	-2.36799	-0.0108457	0.0378785
45	0.824908	0.20551	0.20551	-1.52439	0.0140557	0.0487817	1.72739	1.72739	-1.91006	0.0554576	0.186797
45	0.626353	-0.0238897	-0.0238897	-1.50258	-0.210636	-0.162597	-0.200802	-0.200802	-1.88273	-0.882612	-0.713155
45	1.48144	0.167198	0.112576	-1.81863	-1.10241	-0.927332	1.40536	0.935671	-2.27874	-1.90506	-1.49071
45	1.12845	0.0853848	0.0853848	-1.8571	-0.228397	-0.195192	0.717692	0.717692	-2.32695	-0.639815	-0.493183
45	0.84618	0.304364	0.304364	-2.63912	0.131028	0.144067	2.55829	2.55829	-3.30682	0.563109	0.506781
45	0.879949	-0.000952631	-0.000952631	-1.96965	-0.194872	-0.178873	-0.00800722	-0.00800722	-2.46797	-0.805112	-0.623656
45	1.16816	-0.000339432	-0.000339432	-2.6378	-0.475303	-0.314982	-0.00285306	-0.00285306	-3.30517	-0.988288	-0.766312
45	1.04298	0.172807	0.172807	-1.87809	-0.118078	-0.0335953	1.45251	1.45251	-2.35325	-0.346432	-0.107303
45	0.818596	0.222473	0.222473	-1.66779	0.0241956	0.051422	1.86997	1.86997	-2.08974	0.0957422	0.166506
45	1.10191	0.274455	0.274455	-1.72779	-0.095426	-0.0391102	2.3069	2.3069	-2.16492	-0.244274	-0.0916947
45	0.608964	0.0643641	0.0643641	-1.25461	-0.0937472	-0.0930021	0.541005	0.541005	-1.57203	-0.44045	-0.394399
45	0.665985	-0.267645	-0.267645	-2.32397	-0.448879	-0.408431	-2.24966	-2.24966	-2.91194	-2.05162	-1.70249
45	1.11542	-0.10549	-0.10549	-2.27013	-0.550873	-0.41517	-0.886686	-0.886686	-2.84447	-1.21078	-0.967089
45	1.2821	-0.0930834	-0.0930834	-2.98964	-0.732887	-0.62765	-0.782402	-0.782402	-3.74601	-1.35689	-1.11752
45	0.988476	-0.122908	-0.122908	-2.44083	-0.328957	-0.28282	-1.03309	-1.03309	-3.05836	-1.28124	-1.0034
45	1.03192	0.160459	0.160459	-2.16258	-0.104534	-0.0651927	1.34872	1.34872	-2.70972	-0.365198	-0.168169
45	0.791499	0.162797	0.162797	-1.58108	-0.0263158	-0.0286606	1.36837	1.36837	-1.9811	-0.103778	-0.10211
45	1.22581	0.057613	0.057613	-2.28961	-0.545388	-0.371845	0.484259	0.484259	-2.86888	-0.982011	-0.747681
45	1.21562	0.230284	0.230284	-2.38978	-0.191366	-0.135945	1.93562	1.93562	-2.99439	-0.436369	-0.285622
45	0.87244	0.249412	0.249412	-1.81952	0.053595	0.0699784	2.0964	2.0964	-2.27986	0.205404	0.24672
45	0.905834	0.125607	0.125607	-2.23391	-0.0879244	-0.0484853	1.05578	1.05578	-2.79909	-0.318959	-0.169552
45	0.965571	0.0483293	0.0483293	-2.12645	-0.149729	-0.12992	0.406226	0.406226	-2.66444	-0.604193	-0.446209
45	0.875957	0.0247716	0.0247716	-2.17705	-0.178817	-0.129816	0.208215	0.208215	-2.72785	-0.695356	-0.513813
45	1.08081	-0.0068715	-0.0068715	-2.97779	-0.273282	-0.23601	-0.0577575	-0.0577575	-3.73117	-0.848332	-0.757896
45	1.11243	0.255101	0.255101	-2.11973	-0.074222	-0.0121655	2.14422	2.14422	-2.65602	-0.197868	-0.0301817
45	1.37398	-0.044223	-0.044223	-2.91955	-0.96899	-0.894417	-0.371711	-0.371711	-3.6582	-1.77992	-1.51823
45	0.978002	0.0095352	0.0095352	-1.95479	-0.196517	-0.201889	0.0801469	0.0801469	-2.44935	-0.683821	-0.604201
45	0.790835	0.0504545	0.0504545	-1.6759	-0.147801	-0.112165	0.424089	0.424089	-2.09991	-0.636727	-0.416938
45	0.651962	0.0700106	0.0700106	-1.77842	-0.0941752	-0.0680524	0.588465	0.588465	-2.22837	-0.415303	-0.291684
45	0.92336	0.235085	0.235085	-1.52248	0.0344814	0.053874	1.97598	1.97598	-1.90766	0.137594	0.195543
45	0.946478	0.0219019	0.0219019	-2.67167	-0.22828	-0.156284	0.184093	0.184093	-3.3476	-0.703326	-0.548606
45	0.831478	-0.0391561	-0.0391561	-1.71168	-0.242842	-0.198345	-0.329122	-0.329122	-2.14474	-0.954119	-0.747148
45	1.21626	-0.0741624	-0.0741624	-2.25966	-0.550987	-0.476636	-0.623364	-0.623364	-2.83135	-1.16491	-0.945816
45	1.3272	-0.0948299	-0.0948299	-2.90812	-1.09885	-0.786468	-0.797081	-0.797081	-3.64387	-1.69225	-1.31212
45	1.12899	0.217087	0.217087	-2.48428	-0.0707161	-0.0382786	1.8247	1.8247	-3.1128	-0.200545	-0.102026
45	0.703663	0.109977	0.109977	-1.97797	-0.0423381	-0.0626523	0.924402	0.924402	-2.4784	-0.216299	-0.238713
45	0.903346	0.0918794	0.0918794	-2.31573	-0.110584	-0.0755267	0.772281	0.772281	-2.90161	-0.459989	-0.259842
45	0.90249	-0.250398	-0.250398	-2.01237	-0.475423	-0.434909	-2.10469	-2.10469	-2.5215	-1.60128	-1.47149
45	0.860607	-0.0142431	-0.0142431	-2.13474	-0.221743	-0.168482	-0.119718	-0.119718	-2.67482	-0.868096	-0.676758
45	1.03201	0.0580213	0.0580213	-2.43413	-0.168979	-0.130286	0.487691	0.487691	-3.04996	-0.600891	-0.436688
45	0.850461	0.145528	0.145528	-2.14207	-0.0622673	-0.00397805	1.22322	1.22322	-2.68401	-0.231521	-0.0169029
45	0.854486	0.216698	0.216698	-1.34211	-0.0124185	0.0352442	1.82143	1.82143	-1.68167	-0.0396494	0.127686
45	0.95153	-0.0741832	-0.0741832	-2.64025	-0.298746	-0.254459	-0.623538	-0.623538	-3.30823	-1.07984	-0.871505
45	0.723468	-0.225337	-0.225337	-1.76697	-0.402981	-0.385483	-1.89404	-1.89404	-2.21401	-1.85971	-1.42777
45	0.535647	0.042521	0.042521	-2.10096	-0.109615	-0.086468	0.357405	0.357405	-2.6325	-0.584433	-0.400068
45	1.22745	-0.063281	-0.063281	-2.87829	-0.5742	-0.546097	-0.531901	-0.531901	-3.60649	-1.26975	-1.07847
45	0.689508	0.0418074	0.0418074	-1.7166	-0.13318	-0.10891	0.351407	0.351407	-2.1509	-0.609495	-0.459269
45	0.633568	0.134679	0.134679	-1.78345	-0.0423039	-0.0236576	1.13203	1.13203	-2.23467	-0.196469	-0.0915973
45	1.58173	-0.0124329	-0.123843	-3.25696	-1.29395	-1.07857	-0.104503	-1.01755	-4.08097	-2.00698	-1.73473
45	1.0415	-0.0971618	-0.0971618	-1.59335	-0.352198	-0.320932	-0.816682	-0.816682	-1.99647	-1.09889	-0.955876
45	1.08204	0.178073	0.178073	-2.10025	-0.0892	-0.0349146	1.49677	1.49677	-2.63161	-0.267406	-0.101896
45	0.954524	-0.011388	-0.011388	-2.1129	-0.199514	-0.201706	-0.0957206	-0.0957206	-2.64747	-0.839319	-0.689109
45	1.00942	0.133168	0.133168	-1.83069	-0.117919	-0.102298	1.11933	1.11933	-2.29386	-0.416265	-0.280491
45	0.860756	0.0974845	0.0974845	-1.57868	-0.135716	-0.0624199	0.819395	0.819395	-1.97809	-0.482861	-0.238699
45	1.06239	-0.0696111	-0.0696111	-2.3757	-0.366002	-0.311156	-0.585108	-0.585108	-2.97675	-1.03384	-0.880575
45	0.855163	0.109243	0.109243	-1.95834	-0.0912396	-0.0451893	0.918228	0.918228	-2.4538	-0.366394	-0.162671
45	0.760828	0.295469	0.295469	-1.12247	0.11576	0.143445	2.48353	2.48353	-1.40646	0.500883	0.605356
45	0.979787	-0.309931	-0.309931	-2.06964	-0.559962	-0.491643	-2.60509	-2.60509	-2.59326	-1.86263	-1.70817
45	1.04889	-0.0997395	-0.0997395	-2.02388	-0.369488	-0.34351	-0.838348	-0.838348	-2.53592	-1.02717	-0.97755
45	1.06093	0.25864	0.25864	-1.95007	0.0424697	0.0204747	2.17397	2.17397	-2.44343	0.15243	0.0535804
45	0.909772	-0.0219841	-0.0219841	-1.65192	-0.266644	-0.184692	-0.184785	-0.184785	-2.06986	-0.913575	-0.680119
45	1.2284	-0.0842085	-0.0842085	-1.88561	-0.62971	-0.585998	-0.707804	-0.707804	-2.36267	-1.38677	-1.216
45	1.14435	0.0237226	0.0237226	-2.14277	-0.327132	-0.276284	0.199397	0.199397	-2.68489	-0.85685	-0.683135
45	0.813826	-0.0654375	-0.0654375	-1.66743	-0.236921	-0.244426	-0.550027	-0.550027	-2.08929	-1.04246	-0.891512
45	1.03024	-0.169761	-0.169761	-2.26172	-0.396584	-0.372359	-1.42691	-1.42691	-2.83394	-1.32554	-1.16833
45	1.32253	0.101654	0.101654	-2.86696	-0.525477	-0.41227	0.854438	0.854438	-3.5923	-1.00641	-0.731508
45	0.984676	0.0247167	0.0247167	-2.0603	-0.218226	-0.160105	0.207753	0.207753	-2.58156	-0.77883	-0.561149
45	1.10714	-0.120097	-0.120097	-2.5763	-0.434847	-0.401322	-1.00946	-1.00946	-3.2281	-1.16164	-1.03972
45	1.19546	0.266751	0.266751	-2.16329	-0.237517	-0.137136	2.24215	2.24215	-2.7106	-0.511716	-0.308566
45	1.11708	0.0106504	0.0106504	-1.95102	-0.340516	-0.305776	0.0895206	0.0895206	-2.44462	-0.831598	-0.723974
45	1.12882	-0.177561	-0.177561	-2.56536	-0.586936	-0.473232	-1.49247	-1.49247	-3.2144	-1.26922	-1.0877
45	0.714937	-0.0452311	-0.0452311	-1.70227	-0.208511	-0.197873	-0.380184	-0.380184	-2.13295	-1.00795	-0.775373
45	0.945543	0.201085	0.201085	-1.81194	-0.0259589	0.0201267	1.69019	1.69019	-2.27036	-0.087243	0.0677569
45	1.17576	-0.154167	-0.154167	-2.38108	-0.54964	-0.503517	-1.29583	-1.29583	-2.98349	-1.22384	-1.12847
45	1.11706	0.147767	0.147767	-2.16989	-0.236508	-0.131319	1.24204	1.24204	-2.71887	-0.525205	-0.329191
45	0.990406	-0.0480867	-0.0480867	-1.90367	-0.255719	-0.280647	-0.404187	-0.404187	-2.3853	-0.987127	-0.795505
45	0.578616	0.0948714	0.0948714	-1.20101	-0.0778964	-0.035122	0.79743	0.79743	-1.50487	-0.322202	-0.153007
45	1.03009	0.0754188	0.0754188	-2.27112	-0.20732	-0.0960084	0.633924	0.633924	-2.84571	-0.618476	-0.343301
45	0.919059	0.236386	0.236386	-1.62593	0.0030985	0.0519751	1.98691	1.98691	-2.03729	0.0119259	0.179345
45	1.18958	0.103251	0.103251	-2.29051	-0.294158	-0.242466	0.867866	0.867866	-2.87001	-0.683692	-0.531975
45	0.992983	-0.0246995	-0.0246995	-2.20014	-0.272092	-0.22395	-0.207609	-0.207609	-2.75678	-0.906033	-0.67266
45	0.905188	0.0457995	0.0457995	-2.18828	-0.189186	-0.116191	0.384962	0.384962	-2.74191	-0.664291	-0.444982
45	0.858086	0.0506358	0.0506358	-2.0382	-0.168188	-0.110513	0.425613	0.425613	-2.55386	-0.627746	-0.431097
45	0.764864	-0.167994	-0.167994	-2.67571	-0.353035	-0.296185	-1.41206	-1.41206	-3.35267	-1.52095	-1.35153
45	0.99813	-0.0144213	-0.0144213	-2.74829	-0.255091	-0.192786	-0.121216	-0.121216	-3.44361	-0.816312	-0.681191
45	1.03363	0.172973	0.172973	-1.89351	-0.0912513	-0.0252276	1.4539	1.4539	-2.37257	-0.297772	-0.0814126
45	1.19906	0.154535	0.154535	-2.27738	-0.25723	-0.179107	1.29892	1.29892	-2.85356	-0.566528	-0.397044
45	0.945843	0.0242396	0.0242396	-1.90003	-0.172568	-0.156565	0.203743	0.203743	-2.38074	-0.675353	-0.507444
45	0.929604	0.00660164	0.00660164	-2.32702	-0.191209	-0.168308	0.0554893	0.0554893	-2.91575	-0.711103	-0.598433
45	0.708925	0.237502	0.237502	-1.01937	0.0703977	0.092467	1.99629	1.99629	-1.27727	0.336534	0.357295
45	0.897459	0.0105669	0.0105669	-2.03105	-0.204337	-0.182765	0.0888186	0.0888186	-2.5449	-0.73211	-0.603143
45	1.10044	-0.27066	-0.27066	-2.16535	-0.576256	-0.496888	-2.275	-2.275	-2.71318	-1.59054	-1.43845
45	1.18639	0.186103	0.186103	-2.44893	-0.237607	-0.198303	1.56426	1.56426	-3.06851	-0.620887	-0.436922
45	0.927937	-0.0180918	-0.0180918	-2.36068	-0.245839	-0.217934	-0.152068	-0.152068	-2.95794	-0.846169	-0.673425
45	0.937383	-0.126231	-0.126231	-2.25235	-0.326518	-0.318745	-1.06102	-1.06102	-2.82219	-1.27921	-1.05592
45	1.30781	0.044051	0.044051	-2.09528	-0.615718	-0.487566	0.370266	0.370266	-2.62538	-1.18684	-0.85823
45	1.03093	-0.0823287	-0.0823287	-2.18047	-0.287318	-0.294904	-0.692004	-0.692004	-2.73213	-1.18536	-0.958058
45	0.568074	-0.136006	-0.136006	-1.94893	-0.311124	-0.287661	-1.14318	-1.14318	-2.44202	-1.5214	-1.1344
45	0.843221	-0.126278	-0.126278	-2.08723	-0.307442	-0.285567	-1.06141	-1.06141	-2.6153	-1.38341	-1.06969
45	0.656268	0.236513	0.236513	-1.61282	0.0723414	0.0849693	1.98798	1.98798	-2.02087	0.341243	0.35975
45	0.711439	0.0833208	0.0833208	-1.95021	-0.103786	-0.0726349	0.700343	0.700343	-2.44362	-0.397654	-0.28426
45	0.972936	-0.0791774	-0.0791774	-2.76392	-0.299445	-0.257456	-0.665516	-0.665516	-3.46319	-1.10119	-0.841322
45	0.801319	0.172806	0.172806	-1.71172	-0.00592039	0.00620399	1.4525	1.4525	-2.14479	-0.0245634	0.0238225
45	0.589523	0.221301	0.221301	-1.66501	0.0328536	0.0793004	1.86012	1.86012	-2.08625	0.138118	0.345106
45	0.792252	0.238923	0.238923	-1.74217	0.0465674	0.0704814	2.00824	2.00824	-2.18293	0.200099	0.262355
45	0.819926	0.244965	0.244965	-1.53124	0.0367951	0.0848157	2.05902	2.05902	-1.91865	0.138512	0.330246
45	0.696292	0.0870646	0.0870646	-1.66367	-0.0847017	-0.0488984	0.731811	0.731811	-2.08458	-0.408999	-0.19568
45	0.861035	0.0120335	0.0120335	-2.06269	-0.20042	-0.160062	0.101146	0.101146	-2.58455	-0.736154	-0.53825
45	0.783592	-0.0352951	-0.0352951	-2.24829	-0.228711	-0.216547	-0.296669	-0.296669	-2.8171	-0.96194	-0.79019
45	1.32972	-0.38515	-0.38515	-2.60849	-1.14392	-1.04582	-3.23733	-3.23733	-3.26844	-2.30377	-1.90122
45	0.741832	-0.0654964	-0.0654964	-1.38356	-0.240111	-0.23109	-0.550522	-0.550522	-1.73361	-1.19391	-0.90977
45	1.21252	-0.215256	-0.215256	-3.16152	-0.696799	-0.681979	-1.80931	-1.80931	-3.96138	-1.45549	-1.3277
45	1.04266	-0.162117	-0.162117	-2.01727	-0.451773	-0.375247	-1.36266	-1.36266	-2.52764	-1.3235	-1.13485
45	0.975206	0.211923	0.211923	-1.90445	-0.0605839	0.00106809	1.7813	1.7813	-2.38628	-0.191994	0.00332871
45	0.910939	0.107726	0.107726	-1.64517	-0.117296	-0.0773107	0.905476	0.905476	-2.0614	-0.38221	-0.267174
45	1.21137	-0.365016	-0.365016	-3.18779	-0.796898	-0.770505	-3.0681	-3.0681	-3.9943	-1.88201	-1.62044
45	0.957639	-0.109821	-0.109821	-3.02503	-0.333219	-0.285321	-0.923086	-0.923086	-3.79036	-1.1333	-0.988893
45	0.675042	-0.250124	-0.250124	-2.23975	-0.424125	-0.416613	-2.10239	-2.10239	-2.80641	-1.98509	-1.56473
45	0.99547	0.05849	0.05849	-2.27679	-0.178266	-0.122582	0.491631	0.491631	-2.85281	-0.585488	-0.435299
45	0.680803	0.0400836	0.0400836	-1.59669	-0.118261	-0.107378	0.336918	0.336918	-2.00066	-0.583722	-0.460315
45	1.25672	-0.125278	-0.125278	-2.42973	-0.675106	-0.592858	-1.05301	-1.05301	-3.04445	-1.36395	-1.02317
45	0.838087	0.208553	0.208553	-1.31176	-0.00488299	0.0208445	1.75297	1.75297	-1.64363	-0.0187672	0.0736593
45	1.22073	0.0429556	0.0429556	-1.74367	-0.400952	-0.339581	0.361058	0.361058	-2.18482	-0.904377	-0.699137
45	0.963736	0.0612591	0.0612591	-1.86558	-0.141069	-0.143537	0.514906	0.514906	-2.33757	-0.514361	-0.446391
45	0.896271	0.23399	0.23399	-2.00077	0.00185516	0.0641724	1.96678	1.96678	-2.50697	0.00627433	0.215895
45	1.3407	-0.0138904	-0.0138904	-2.62922	-0.896421	-0.766833	-0.116754	-0.116754	-3.29441	-1.70868	-1.40417
45	0.919662	0.175692	0.175692	-2.03417	-0.00121125	0.020261	1.47676	1.47676	-2.54882	-0.0051263	0.0788467
45	1.02904	-0.0619836	-0.0619836	-2.258	-0.273312	-0.263662	-0.520996	-0.520996	-2.82927	-1.12152	-0.894075
45	1.53761	0.252666	0.125582	-2.12205	-1.27432	-0.85963	2.12375	1.01977	-2.65893	-2.21141	-1.30153
45	0.720848	0.244263	0.244263	-1.40198	0.0709499	0.0941169	2.05312	2.05312	-1.75668	0.30683	0.390035
45	0.906148	-0.192386	-0.192386	-2.0596	-0.380847	-0.372247	-1.61708	-1.61708	-2.58068	-1.62722	-1.35772
45	0.965787	0.199019	0.199019	-2.6078	-0.043659	0.00440412	1.67283	1.67283	-3.26758	-0.123621	0.0130809
45	0.84999	0.0199081	0.0199081	-2.16445	-0.19043	-0.144237	0.167335	0.167335	-2.71205	-0.71719	-0.505478
45	1.06609	-0.149554	-0.149554	-2.38641	-0.408733	-0.354246	-1.25706	-1.25706	-2.99017	-1.28612	-1.13472
45	1.0173	0.0308993	0.0308993	-1.91149	-0.189684	-0.18821	0.25972	0.25972	-2.3951	-0.634534	-0.510667
45	0.954296	0.00206004	0.00206004	-1.84563	-0.208858	-0.165876	0.0173154	0.0173154	-2.31257	-0.807444	-0.568529
45	0.901576	-0.0783371	-0.0783371	-2.06076	-0.276575	-0.246406	-0.658453	-0.658453	-2.58213	-1.05808	-0.908451
45	1.00237	0.143928	0.143928	-1.80927	-0.0531759	-0.0479329	1.20977	1.20977	-2.26702	-0.211351	-0.167948
45	0.789146	0.0333344	0.0333344	-1.64899	-0.164825	-0.145611	0.280188	0.280188	-2.06619	-0.616927	-0.539515
45	1.0654	-0.00967233	-0.00967233	-2.69529	-0.237421	-0.252714	-0.0812996	-0.0812996	-3.37719	-0.847195	-0.713504
45	0.795367	0.351903	0.351903	-1.50768	0.171348	0.176768	2.95788	2.95788	-1.88913	0.740117	0.617503
45	0.739376	0.0293172	0.0293172	-1.56129	-0.168611	-0.143585	0.246422	0.246422	-1.95629	-0.650127	-0.537163
45	1.27285	-0.0175139	-0.0175139	-2.71446	-0.72721	-0.602839	-0.147211	-0.147211	-3.40122	-1.2596	-1.00061
45	0.718174	0.243849	0.243849	-1.57989	0.0525112	0.0854942	2.04965	2.04965	-1.9796	0.20701	0.334987
45	0.625451	-0.0149151	-0.0149151	-2.17909	-0.153542	-0.164605	-0.125367	-0.125367	-2.7304	-0.842591	-0.727647
45	0.497087	0.0487318	0.0487318	-1.41322	-0.11093	-0.0916914	0.40961	0.40961	-1.77077	-0.541338	-0.409556
45	0.955236	0.192124	0.192124	-1.91513	-0.0218177	0.0200692	1.61487	1.61487	-2.39966	-0.0776979	0.0678747
45	0.775306	0.207623	0.207623	-2.40962	0.0234051	0.0401188	1.74515	1.74515	-3.01926	0.101695	0.143449
45	0.960374	0.184849	0.184849	-1.85924	-0.0355115	-0.0266478	1.55373	1.55373	-2.32963	-0.125112	-0.0797693
45	0.829542	0.154362	0.154362	-1.51801	-0.0561649	0.01015	1.29747	1.29747	-1.90206	-0.216231	0.0422648
45	1.12498	0.0419706	0.0419706	-2.03803	-0.325982	-0.229053	0.352779	0.352779	-2.55365	-0.864273	-0.620824
45	0.765082	0.0631576	0.0631576	-1.99342	-0.132974	-0.0916546	0.530863	0.530863	-2.49775	-0.538218	-0.345592
45	0.767234	0.0520058	0.0520058	-2.22049	-0.165836	-0.102713	0.437129	0.437129	-2.78227	-0.60252	-0.392589
45	0.97418	0.137851	0.137851	-2.50226	-0.0856313	-0.0413245	1.15869	1.15869	-3.13534	-0.297387	-0.141368
45	1.09329	0.0650329	0.0650329	-2.07653	-0.235068	-0.208933	0.546627	0.546627	-2.60189	-0.637848	-0.542115
45	1.02404	0.109532	0.109532	-1.98672	-0.18005	-0.0781535	0.920655	0.920655	-2.48935	-0.517466	-0.26049
45	0.957096	0.139966	0.139966	-1.87357	-0.0612787	-0.0474189	1.17647	1.17647	-2.34758	-0.236107	-0.1677
45	0.802721	0.321882	0.321882	-1.58158	0.144409	0.156495	2.70554	2.70554	-1.98172	0.650248	0.606658
45	0.91776	0.2508	0.2508	-1.31677	0.0235846	0.0503689	2.10807	2.10807	-1.64991	0.0841064	0.178185
45	0.816733	-0.214539	-0.214539	-2.24594	-0.417689	-0.357023	-1.80328	-1.80328	-2.81416	-1.55303	-1.47511
45	0.911724	-0.303568	-0.303568	-2.59582	-0.511619	-0.476061	-2.5516	-2.5516	-3.25256	-2.1258	-1.76982
45	0.721966	-0.0207506	-0.0207506	-1.66392	-0.229954	-0.185992	-0.174416	-0.174416	-2.0849	-0.907473	-0.754639
45	0.862411	0.0206054	0.0206054	-2.15711	-0.179718	-0.146393	0.173196	0.173196	-2.70286	-0.68342	-0.551126
45	0.758634	0.13341	0.13341	-2.26498	-0.0466522	-0.0348685	1.12136	1.12136	-2.83802	-0.21322	-0.128035
45	0.927176	0.00105185	0.00105185	-1.73928	-0.242369	-0.18622	0.00884121	0.00884121	-2.17932	-0.819875	-0.638304
45	1.05982	-0.0796714	-0.0796714	-2.38572	-0.317013	-0.312437	-0.669668	-0.669668	-2.98931	-1.14573	-0.825044
45	0.802107	0.158478	0.158478	-1.59783	-0.0247723	-0.0208674	1.33207	1.33207	-2.00208	-0.106319	-0.0731198
45	0.835935	-0.0128475	-0.0128475	-2.75001	-0.189107	-0.164505	-0.107988	-0.107988	-3.44576	-0.810001	-0.624736
45	0.88823	-0.322599	-0.322599	-2.80826	-0.513892	-0.470179	-2.71157	-2.71157	-3.51875	-2.02664	-1.92059
45	0.891468	0.229143	0.229143	-1.84575	0.0223575	0.0140894	1.92603	1.92603	-2.31273	0.0831093	0.0430776
45	1.04851	0.203272	0.203272	-1.58043	-0.038721	-0.021632	1.70858	1.70858	-1.98028	-0.128539	-0.0642681
45	0.882201	0.0934791	0.0934791	-1.82251	-0.113676	-0.100197	0.785727	0.785727	-2.28361	-0.476669	-0.357552
45	0.707049	0.196734	0.196734	-2.04428	0.0225685	0.0436617	1.65362	1.65362	-2.56148	0.0999357	0.180038
45	0.948386	-0.0248583	-0.0248583	-1.62194	-0.220015	-0.193128	-0.208943	-0.208943	-2.0323	-0.84299	-0.671044
45	1.12423	0.216623	0.216623	-1.8966	-0.114306	-0.0483042	1.8208	1.8208	-2.37644	-0.297934	-0.122289
45	1.23572	-0.00414853	-0.00414853	-2.09296	-0.60371	-0.459087	-0.0348699	-0.0348699	-2.62247	-1.13674	-0.913394
45	1.30863	0.178511	0.178511	-2.94783	-0.559083	-0.431144	1.50045	1.50045	-3.69363	-0.975661	-0.716473
45	1.22628	0.218559	0.218559	-2.3031	-0.35522	-0.259023	1.83708	1.83708	-2.88578	-0.738711	-0.500067
45	0.842643	0.0706801	0.0706801	-1.8785	-0.131541	-0.0968409	0.594093	0.594093	-2.35376	-0.49144	-0.337607
45	0.90027	0.0135472	0.0135472	-2.36728	-0.188374	-0.157165	0.11387	0.11387	-2.9662	-0.772893	-0.604396
45	0.932634	-0.0246006	-0.0246006	-2.04495	-0.233544	-0.17796	-0.206778	-0.206778	-2.56232	-0.83847	-0.684013
45	0.581935	-0.141868	-0.141868	-1.60668	-0.314798	-0.282714	-1.19245	-1.19245	-2.01316	-1.47032	-1.15363
45	1.17692	0.207241	0.207241	-1.85975	-0.29955	-0.178376	1.74194	1.74194	-2.33027	-0.620923	-0.381923
45	0.818878	0.00883305	0.00883305	-2.32286	-0.167508	-0.160048	0.0742452	0.0742452	-2.91054	-0.714481	-0.567964
45	1.0264	0.0923299	0.0923299	-2.53513	-0.185127	-0.114334	0.776068	0.776068	-3.17652	-0.551469	-0.369981
45	1.08014	0.181661	0.181661	-1.69656	-0.120032	-0.0667596	1.52693	1.52693	-2.12579	-0.331642	-0.18166
45	0.735204	-0.150759	-0.150759	-2.2284	-0.331675	-0.330217	-1.26719	-1.26719	-2.79219	-1.36971	-1.18655
45	1.13026	0.366106	0.366106	-1.87606	-0.0839169	0.01619	3.07726	3.07726	-2.3507	-0.175224	0.0347356
45	1.27483	0.080466	0.080466	-2.12776	-0.763151	-0.588764	0.676347	0.676347	-2.66608	-1.249	-0.93747
45	1.22033	-0.0481153	-0.0481153	-2.48021	-0.543022	-0.506132	-0.404427	-0.404427	-3.1077	-1.13844	-1.01805
45	1.00016	0.0926801	0.0926801	-2.73772	-0.11427	-0.0939031	0.779012	0.779012	-3.43036	-0.411624	-0.324579
45	0.837708	0.0397744	0.0397744	-1.33331	-0.129098	-0.11928	0.334319	0.334319	-1.67064	-0.5637	-0.482395
45	0.773763	-0.155017	-0.155017	-2.01755	-0.337824	-0.299876	-1.30298	-1.30298	-2.52799	-1.38156	-1.24714
45	0.721622	0.105537	0.105537	-1.85529	-0.0910564	-0.067088	0.887078	0.887078	-2.32468	-0.34247	-0.248062
45	1.07672	-0.170972	-0.170972	-2.6802	-0.469004	-0.42097	-1.43709	-1.43709	-3.35829	-1.30884	-1.15843
45	0.715977	0.189033	0.189033	-1.90382	-0.0358014	0.0253986	1.58889	1.58889	-2.38548	-0.124246	0.102302
45	1.36397	0.153471	0.153471	-2.45045	-0.714289	-0.643163	1.28998	1.28998	-3.07041	-1.32608	-1.12888
45	1.45859	0.0186323	-0.0321854	-2.0528	-1.0899	-0.886778	0.156612	-0.267508	-2.57215	-1.70955	-1.445
45	0.706756	0.133089	0.133089	-2.08196	-0.0585443	-0.0135171	1.11866	1.11866	-2.60869	-0.238843	-0.0557314
45	0.643683	-0.227925	-0.227925	-2.00415	-0.40124	-0.398066	-1.9158	-1.9158	-2.51119	-1.72152	-1.47754
45	1.10834	0.138668	0.138668	-2.31405	-0.234595	-0.13124	1.16555	1.16555	-2.89951	-0.561332	-0.349229
45	0.894371	-0.079948	-0.079948	-2.08657	-0.299218	-0.2594	-0.671994	-0.671994	-2.61448	-1.03931	-0.958552
45	0.858189	-0.109671	-0.109671	-1.59414	-0.342752	-0.282232	-0.921828	-0.921828	-1.99745	-1.20427	-1.02984
45	1.26452	0.0978826	0.0978826	-1.83157	-0.446152	-0.274422	0.822741	0.822741	-2.29495	-0.885325	-0.57674
45	1.01006	0.22985	0.22985	-1.95908	0.0102937	0.0262407	1.93198	1.93198	-2.45472	0.0382834	0.0804853
45	0.765948	-0.103757	-0.103757	-2.24604	-0.296286	-0.262607	-0.872115	-0.872115	-2.81429	-1.15301	-1.05288
45	1.02305	-0.0307576	-0.0307576	-2.26193	-0.292685	-0.225666	-0.258529	-0.258529	-2.8342	-0.917303	-0.711811
45	0.905214	0.170223	0.170223	-2.18953	-0.068326	0.00129233	1.43079	1.43079	-2.74349	-0.237479	0.00460853
45	0.850698	0.133837	0.133837	-2.01568	-0.0264096	-0.0527676	1.12495	1.12495	-2.52565	-0.124735	-0.188382
45	1.14462	0.188042	0.188042	-2.3725	-0.136792	-0.0863989	1.58056	1.58056	-2.97274	-0.382192	-0.214747
45	0.997812	0.109433	0.109433	-1.4062	-0.125165	-0.0779187	0.91983	0.91983	-1.76197	-0.396128	-0.269764
45	0.917087	0.162513	0.162513	-2.00984	-0.0719819	-0.0360444	1.36598	1.36598	-2.51833	-0.234855	-0.11635
45	0.729325	-0.0972909	-0.0972909	-1.8275	-0.28147	-0.234783	-0.817767	-0.817767	-2.28986	-1.17026	-0.979958
45	0.950055	0.0485756	0.0485756	-1.87777	-0.167667	-0.110599	0.408297	0.408297	-2.35284	-0.592267	-0.421835
45	0.91872	0.322432	0.322432	-2.10777	0.110535	0.13597	2.71017	2.71017	-2.64103	0.389953	0.480144
45	0.96228	-0.0316338	-0.0316338	-2.07877	-0.245109	-0.225064	-0.265894	-0.265894	-2.6047	-0.956761	-0.693402
45	0.900527	0.182674	0.182674	-2.30242	-0.0516331	-0.0104521	1.53545	1.53545	-2.88493	-0.176054	-0.0349489
45	1.21258	0.0582578	0.0582578	-1.97301	-0.391944	-0.277074	0.489679	0.489679	-2.47218	-0.863569	-0.60241
45	0.89473	-0.113786	-0.113786	-2.17753	-0.317977	-0.301472	-0.956414	-0.956414	-2.72845	-1.20249	-1.04889
45	0.868445	0.0637697	0.0637697	-1.83143	-0.144577	-0.119191	0.536008	0.536008	-2.29478	-0.550057	-0.40367
45	0.888454	0.0251636	0.0251636	-1.99964	-0.214415	-0.160094	0.21151	0.21151	-2.50555	-0.659015	-0.55626
45	1.2289	0.0739206	0.0739206	-2.06177	-0.436159	-0.360116	0.621331	0.621331	-2.58339	-0.87378	-0.731473
45	0.888793	0.390327	0.390327	-1.43959	0.181585	0.189467	3.28085	3.28085	-1.80381	0.674307	0.59427
45	1.19809	0.278764	0.278764	-2.12893	-0.157658	-0.0773348	2.34312	2.34312	-2.66754	-0.339942	-0.167231
45	0.646397	0.00738167	0.00738167	-2.75164	-0.178619	-0.153442	0.0620457	0.0620457	-3.44781	-0.769376	-0.552374
45	0.932347	0.300478	0.300478	-1.44343	0.102508	0.108842	2.52563	2.52563	-1.80862	0.404409	0.375853
45	0.884458	0.256462	0.256462	-1.48053	0.0387634	0.0806467	2.15566	2.15566	-1.8551	0.137223	0.298961
45	0.959685	-0.22056	-0.22056	-2.61998	-0.403318	-0.414724	-1.85389	-1.85389	-3.28283	-1.74381	-1.38057
45	1.05996	-0.00301311	-0.00301311	-2.25873	-0.250838	-0.249256	-0.0253264	-0.0253264	-2.83019	-0.772584	-0.638352
45	1.15572	0.166734	0.166734	-2.75168	-0.253746	-0.171395	1.40146	1.40146	-3.44785	-0.565334	-0.35123
45	0.993024	-0.00647696	-0.00647696	-2.0378	-0.241559	-0.202796	-0.0544413	-0.0544413	-2.55336	-0.852437	-0.631375
45	0.71255	-0.120245	-0.120245	-1.80701	-0.28828	-0.278446	-1.0107	-1.0107	-2.26418	-1.24574	-1.03615
45	0.860798	0.0998378	0.0998378	-1.78216	-0.0950229	-0.0806893	0.839175	0.839175	-2.23304	-0.379515	-0.272899
45	0.895611	0.331277	0.331277	-1.74237	0.135126	0.177117	2.78451	2.78451	-2.18319	0.568957	0.674006
45	0.719316	0.131679	0.131679	-1.31407	-0.0416308	-0.029135	1.10681	1.10681	-1.64653	-0.189167	-0.108919
45	0.863637	-0.0857449	-0.0857449	-2.44744	-0.279195	-0.256112	-0.720718	-0.720718	-3.06664	-1.06879	-0.943884
45	1.03958	-0.00540807	-0.00540807	-2.42858	-0.27898	-0.234816	-0.0454569	-0.0454569	-3.04301	-0.785127	-0.644854
45	0.802893	-0.0316137	-0.0316137	-2.1563	-0.227039	-0.176879	-0.265725	-0.265725	-2.70184	-0.831157	-0.73402
45	1.28543	0.0268541	0.0268541	-1.97807	-0.636433	-0.435053	0.225719	0.225719	-2.47853	-1.19251	-0.911433
45	1.24568	0.121268	0.121268	-2.26801	-0.424069	-0.369611	1.0193	1.0193	-2.84182	-0.787446	-0.686044
45	0.732703	0.182034	0.182034	-1.57282	-0.0199068	0.0151246	1.53007	1.53007	-1.97074	-0.0812107	0.0583572
45	0.996884	0.135231	0.135231	-1.44889	-0.0837303	-0.0756596	1.13667	1.13667	-1.81545	-0.290278	-0.238601
45	0.709378	-0.156389	-0.156389	-2.16317	-0.336124	-0.319454	-1.31451	-1.31451	-2.71045	-1.36625	-1.24623
45	1.41967	0.0258828	0.0258828	-2.9621	-0.953533	-0.785482	0.217555	0.217555	-3.71151	-1.43062	-1.25052
45	0.987002	-0.188993	-0.188993	-2.17008	-0.402308	-0.395064	-1.58856	-1.58856	-2.71911	-1.48991	-1.20951
45	0.85031	0.102589	0.102589	-1.31122	-0.107046	-0.05592	0.862303	0.862303	-1.64295	-0.402356	-0.229495
45	1.11958	-0.125862	-0.125862	-2.53122	-0.454176	-0.396672	-1.05792	-1.05792	-3.17161	-1.16864	-1.05039
45	0.800096	-0.203419	-0.203419	-2.68916	-0.385645	-0.369025	-1.70982	-1.70982	-3.36952	-1.68408	-1.33867
45	1.21946	-0.0246425	-0.0246425	-2.7268	-0.555319	-0.471047	-0.20713	-0.20713	-3.41669	-1.19359	-0.906719
45	1.07079	0.0129043	0.0129043	-1.68755	-0.244969	-0.182443	0.108465	0.108465	-2.11451	-0.834714	-0.541801
45	1.14337	-0.160458	-0.160458	-2.67605	-0.593169	-0.466872	-1.34871	-1.34871	-3.35309	-1.26519	-1.05636
45	0.911017	-0.148637	-0.148637	-2.03909	-0.367931	-0.337048	-1.24935	-1.24935	-2.55498	-1.33799	-1.11887
45	1.03315	-0.349859	-0.349859	-3.00853	-0.576606	-0.538494	-2.9407	-2.9407	-3.76969	-2.06309	-1.70674
45	1.19811	-0.313985	-0.313985	-2.58633	-0.798627	-0.680699	-2.63916	-2.63916	-3.24067	-1.60096	-1.37227
45	0.943764	0.276693	0.276693	-2.31153	0.0504349	0.0780136	2.32571	2.32571	-2.89635	0.180108	0.240197
45	0.901036	0.177999	0.177999	-1.30372	-0.035257	0.0130206	1.49615	1.49615	-1.63356	-0.131295	0.0528663
45	1.04208	0.0415099	0.0415099	-2.05201	-0.208176	-0.203854	0.348906	0.348906	-2.57117	-0.706195	-0.529776
45	1.27951	0.0721953	0.0721953	-2.29329	-0.424175	-0.458842	0.606829	0.606829	-2.87349	-0.882526	-0.8159
45	0.81029	0.110798	0.110798	-2.06833	-0.0624837	-0.0507943	0.931295	0.931295	-2.59162	-0.265296	-0.207671
45	1.71244	0.0901733	-0.067056	-2.89255	-1.52294	-1.2034	0.757941	-0.544519	-3.62437	-2.92501	-2.01053
45	0.706982	0.133537	0.133537	-1.93315	-0.0684326	-0.0283712	1.12243	1.12243	-2.42223	-0.282961	-0.112953
45	1.36139	0.169759	0.169759	-1.9344	-0.797516	-0.607618	1.42689	1.42689	-2.4238	-1.35226	-0.975585
45	0.920792	0.237363	0.237363	-2.1678	0.070104	0.0564622	1.99513	1.99513	-2.71626	0.299687	0.201602
45	1.06215	0.274518	0.274518	-1.70905	0.0287478	0.0590432	2.30742	2.30742	-2.14144	0.0999976	0.182234
45	1.07311	-0.287123	-0.287123	-2.08586	-0.595604	-0.526052	-2.41338	-2.41338	-2.61359	-1.40683	-1.52174
45	0.890071	-0.0495325	-0.0495325	-2.11508	-0.262337	-0.242523	-0.416339	-0.416339	-2.6502	-1.08387	-0.735323
45	1.52377	-0.0568316	-0.124466	-2.26238	-1.13987	-0.985693	-0.477691	-1.03449	-2.83476	-1.96077	-1.55623
45	0.723342	0.23489	0.23489	-1.49969	0.0645135	0.0712635	1.97434	1.97434	-1.87911	0.288401	0.283389
45	1.12161	0.0904515	0.0904515	-1.8649	-0.266921	-0.204208	0.76028	0.76028	-2.33672	-0.730947	-0.541568
45	0.864734	0.00936456	0.00936456	-1.60826	-0.215978	-0.143667	0.0787127	0.0787127	-2.01515	-0.813238	-0.575483
45	0.693316	0.0532713	0.0532713	-1.18321	-0.148531	-0.10642	0.447766	0.447766	-1.48256	-0.615477	-0.431337
45	1.02905	0.0150563	0.0150563	-2.39845	-0.232477	-0.187508	0.126554	0.126554	-3.00526	-0.786489	-0.559765
45	0.592684	-0.128753	-0.128753	-1.56811	-0.321875	-0.266284	-1.08221	-1.08221	-1.96484	-1.23928	-1.18202
45	1.19339	0.209138	0.209138	-1.95338	-0.256702	-0.134948	1.75789	1.75789	-2.44758	-0.522213	-0.285662
45	0.451826	-0.244576	-0.244576	-1.51558	-0.411086	-0.371096	-2.05575	-2.05575	-1.89902	-2.03854	-1.76978
45	0.901782	0.0831431	0.0831431	-1.68007	-0.0943121	-0.0838158	0.69885	0.69885	-2.10513	-0.371815	-0.332861
45	1.18846	-0.0721402	-0.0721402	-2.61556	-0.665696	-0.443951	-0.606366	-0.606366	-3.2773	-1.24092	-0.992115
45	1.2356	0.0210108	0.0210108	-2.90627	-0.481599	-0.374251	0.176604	0.176604	-3.64155	-0.923678	-0.781548
45	0.931077	0.421697	0.421697	-1.52313	0.223034	0.266158	3.54452	3.54452	-1.90849	0.898076	1.05704
45	1.28003	-0.0521185	-0.0521185	-2.42563	-0.810645	-0.604754	-0.438076	-0.438076	-3.03931	-1.43692	-1.0212
45	1.01094	-0.224365	-0.224365	-2.55164	-0.45482	-0.424211	-1.88587	-1.88587	-3.1972	-1.46471	-1.27675
45	0.924022	-0.0992572	-0.0992572	-2.28855	-0.288137	-0.252085	-0.834294	-0.834294	-2.86755	-1.2484	-0.987853
45	1.05769	0.144063	0.144063	-2.71952	-0.13577	-0.0854229	1.21091	1.21091	-3.40756	-0.403108	-0.23785
45	1.02534	0.00568855	0.00568855	-1.76921	-0.260367	-0.218094	0.0478145	0.0478145	-2.21682	-0.777793	-0.612541
45	1.11259	0.0288909	0.0288909	-2.21746	-0.322864	-0.20974	0.242839	0.242839	-2.77848	-0.864229	-0.58116
45	0.64765	0.128004	0.128004	-1.68035	-0.0390479	-0.0201266	1.07592	1.07592	-2.10548	-0.187054	-0.0807488
45	0.800192	0.0834404	0.0834404	-1.72233	-0.0992822	-0.0921783	0.701348	0.701348	-2.15808	-0.417414	-0.360254
45	0.959679	0.0568276	0.0568276	-1.80751	-0.20585	-0.109131	0.477658	0.477658	-2.26481	-0.644009	-0.410043
45	1.10871	-0.168314	-0.168314	-2.25327	-0.468189	-0.444622	-1.41475	-1.41475	-2.82334	-1.2834	-1.10258
45	1.08573	-0.0582573	-0.0582573	-2.05964	-0.297006	-0.294595	-0.489674	-0.489674	-2.58073	-1.00692	-0.80703
45	0.621848	0.073309	0.073309	-1.5184	-0.0955022	-0.0890678	0.61619	0.61619	-1.90256	-0.417238	-0.334517
45	1.09249	0.0880592	0.0880592	-2.30031	-0.170585	-0.144192	0.740171	0.740171	-2.88228	-0.557957	-0.369671
45	0.974755	0.0897402	0.0897402	-1.99773	-0.118961	-0.0818847	0.7543	0.7543	-2.50315	-0.433652	-0.283435
45	0.777914	0.0568202	0.0568202	-1.77197	-0.12025	-0.101949	0.477595	0.477595	-2.22028	-0.49893	-0.415205
45	0.788036	-0.306492	-0.306492	-2.19512	-0.493362	-0.484734	-2.57618	-2.57618	-2.75049	-2.1198	-1.75859
45	0.89613	-0.0276822	-0.0276822	-2.02941	-0.238662	-0.196439	-0.232679	-0.232679	-2.54286	-0.892736	-0.694432
45	0.887794	-0.0662366	-0.0662366	-2.03924	-0.251436	-0.221024	-0.556744	-0.556744	-2.55516	-1.01704	-0.88217
45	1.10721	0.136392	0.136392	-2.18365	-0.170923	-0.156679	1.14642	1.14642	-2.73612	-0.433723	-0.384242
45	0.859436	0.303829	0.303829	-1.46814	0.102355	0.151306	2.5538	2.5538	-1.83958	0.387777	0.555607
45	0.874195	0.00638866	0.00638866	-1.83741	-0.20154	-0.157702	0.0536991	0.0536991	-2.30227	-0.81395	-0.579112
45	0.864903	0.0727998	0.0727998	-2.29205	-0.112578	-0.0949539	0.61191	0.61191	-2.87194	-0.482545	-0.328189
45	0.876144	-0.0690844	-0.0690844	-1.94333	-0.256254	-0.258972	-0.580681	-0.580681	-2.435	-1.05849	-0.840302
45	0.88551	-0.0558744	-0.0558744	-2.06061	-0.247595	-0.251802	-0.469646	-0.469646	-2.58195	-1.06222	-0.818855
45	0.934238	0.22651	0.22651	-1.61667	0.0259704	0.0588339	1.9039	1.9039	-2.02569	0.1004	0.206912
45	0.872435	0.0979254	0.0979254	-2.32316	-0.1174	-0.0703358	0.8231	0.8231	-2.91092	-0.468378	-0.248345
45	0.798916	0.195652	0.195652	-1.65077	0.0248941	0.0118402	1.64453	1.64453	-2.06841	0.118186	0.0418056
45	0.946489	0.208695	0.208695	-1.41875	-0.00692524	0.0507375	1.75416	1.75416	-1.77769	-0.0257837	0.206004
45	0.845977	-0.232563	-0.232563	-2.74322	-0.444304	-0.41091	-1.95478	-1.95478	-3.43725	-1.64273	-1.4865
45	0.851034	-0.123688	-0.123688	-1.8029	-0.308764	-0.276325	-1.03964	-1.03964	-2.25903	-1.3387	-1.03025
45	1.39578	-0.108312	-0.108312	-2.72589	-0.972992	-0.918361	-0.910402	-0.910402	-3.41554	-1.53928	-1.34771
45	1.1747	0.325565	0.325565	-1.8544	-0.160362	-0.0362217	2.7365	2.7365	-2.32357	-0.339248	-0.0792278
45	1.06778	0.291555	0.291555	-2.10002	0.0302273	0.0759373	2.45063	2.45063	-2.63132	0.0929019	0.222833
45	0.851502	-0.11346	-0.11346	-1.97803	-0.308148	-0.293659	-0.953676	-0.953676	-2.47847	-1.31805	-1.01421
45	1.20766	0.0742572	0.0742572	-2.0831	-0.493858	-0.315372	0.62416	0.62416	-2.61012	-0.946492	-0.618326
45	0.909682	0.170323	0.170323	-2.09309	-0.0332611	-0.0117115	1.43163	1.43163	-2.62264	-0.127662	-0.0395711
45	1.04479	0.145329	0.145329	-2.05205	-0.104489	-0.0707729	1.22154	1.22154	-2.57122	-0.336047	-0.211434
45	1.42823	0.141986	0.0874152	-3.02868	-0.869982	-0.637684	1.19344	0.726548	-3.79493	-1.37799	-1.02713
45	1.2537	0.291734	0.291734	-1.79138	-0.358356	-0.243693	2.45213	2.45213	-2.2446	-0.642244	-0.41802
45	0.997077	-0.0535858	-0.0535858	-2.2694	-0.266737	-0.241918	-0.450409	-0.450409	-2.84356	-1.02933	-0.86023
45	0.949676	0.0816858	0.0816858	-2.12637	-0.105089	-0.104154	0.6866	0.6866	-2.66434	-0.394495	-0.34659
45	0.961653	0.154921	0.154921	-2.44069	-0.0877845	-0.0316689	1.30217	1.30217	-3.05819	-0.285705	-0.116545
45	1.11825	0.0986314	0.0986314	-1.7018	-0.251095	-0.210762	0.829034	0.829034	-2.13235	-0.624773	-0.521695
45	0.830574	-0.125272	-0.125272	-2.23696	-0.311625	-0.273115	-1.05296	-1.05296	-2.80292	-1.42085	-1.07747
45	0.747153	0.128713	0.128713	-1.74321	-0.0593226	-0.0159223	1.08188	1.08188	-2.18424	-0.259512	-0.0651538
45	1.03576	0.285736	0.285736	-1.83356	0.0416968	0.0667913	2.40172	2.40172	-2.29745	0.139225	0.197019
45	1.04657	0.077612	0.077612	-2.07642	-0.156509	-0.114373	0.652359	0.652359	-2.60176	-0.532909	-0.385416
45	0.917821	0.12886	0.12886	-1.99718	-0.0840772	-0.023189	1.08312	1.08312	-2.50246	-0.310035	-0.087451
45	0.891763	-0.195747	-0.195747	-2.6355	-0.375182	-0.373072	-1.64533	-1.64533	-3.30228	-1.55195	-1.33035
45	0.868757	0.151791	0.151791	-1.76023	-0.0613913	-0.0165559	1.27586	1.27586	-2.20557	-0.237642	-0.060568
45	0.821755	0.116185	0.116185	-2.4311	-0.099883	-0.0417467	0.976577	0.976577	-3.04617	-0.403897	-0.15113
45	0.899012	-0.00998514	-0.00998514	-1.7081	-0.244971	-0.1855	-0.0839289	-0.0839289	-2.14025	-0.827122	-0.684046
45	1.09631	0.236602	0.236602	-2.74056	-0.0985302	-0.0280343	1.98873	1.98873	-3.43393	-0.243722	-0.0730121
45	1.5074	0.185	0.123787	-2.51995	-0.893644	-0.731305	1.55499	1.02885	-3.15749	-1.42911	-1.10762
45	1.30712	0.0519851	0.0519851	-2.52573	-0.623595	-0.542292	0.436955	0.436955	-3.16474	-1.07884	-0.862236
45	0.710932	0.108755	0.108755	-1.65433	-0.0837605	-0.0558684	0.914123	0.914123	-2.07288	-0.343396	-0.214043
45	1.27673	0.000233931	0.000233931	-2.7042	-0.710191	-0.61682	0.00196628	0.00196628	-3.38837	-1.35269	-1.11713
45	1.03657	-0.154545	-0.154545	-2.24593	-0.381251	-0.388111	-1.29901	-1.29901	-2.81415	-1.29577	-1.07866
45	1.33097	-0.173476	-0.173476	-2.04948	-0.964386	-0.888979	-1.45813	-1.45813	-2.568	-1.81209	-1.53865
45	1.04227	-0.121987	-0.121987	-2.52319	-0.349944	-0.347307	-1.02535	-1.02535	-3.16156	-1.20187	-0.913128
45	1.0238	-0.0480313	-0.0480313	-1.52271	-0.263253	-0.270258	-0.403721	-0.403721	-1.90795	-1.04093	-0.803855
45	1.14824	0.0984987	0.0984987	-1.81323	-0.254599	-0.193514	0.827919	0.827919	-2.27197	-0.620627	-0.463083
45	0.645742	0.00394388	0.00394388	-1.40745	-0.195577	-0.153365	0.0331498	0.0331498	-1.76354	-0.734707	-0.598052
45	1.04301	0.0185799	0.0185799	-1.64117	-0.224841	-0.216692	0.156171	0.156171	-2.05639	-0.733514	-0.644215
45	0.873691	0.00451189	0.00451189	-1.96988	-0.227906	-0.155714	0.0379241	0.0379241	-2.46826	-0.780082	-0.62241
45	0.959684	-0.0753985	-0.0753985	-3.31991	-0.305479	-0.284141	-0.633753	-0.633753	-4.15984	-1.05791	-0.89867
45	0.689536	0.17121	0.17121	-1.48786	-0.0229845	0.0301029	1.43908	1.43908	-1.86429	-0.094381	0.133606
45	1.27053	0.119317	0.119317	-1.92651	-0.756436	-0.48363	1.00291	1.00291	-2.41392	-1.26954	-0.830137
45	0.930191	-0.158099	-0.158099	-2.36505	-0.324498	-0.348237	-1.32888	-1.32888	-2.96341	-1.4841	-1.11941
45	0.854218	0.188036	0.188036	-1.35268	-0.035364	-0.00167523	1.58052	1.58052	-1.69491	-0.133103	-0.00573881
45	1.06484	0.21448	0.21448	-1.74679	-0.0701982	-0.00695939	1.80279	1.80279	-2.18873	-0.215648	-0.0204427
45	0.939059	0.0478553	0.0478553	-2.07696	-0.170334	-0.139651	0.402242	0.402242	-2.60243	-0.604865	-0.494561
45	0.971879	-0.0452474	-0.0452474	-1.91449	-0.268163	-0.231499	-0.380322	-0.380322	-2.39885	-1.00721	-0.73539
45	1.13007	-0.0261892	-0.0261892	-2.68825	-0.379538	-0.298248	-0.22013	-0.22013	-3.36837	-0.954414	-0.78797
45	1.01138	0.194671	0.194671	-1.60421	-0.0431558	-0.0056261	1.63628	1.63628	-2.01008	-0.144712	-0.0177455
45	0.831852	0.0459603	0.0459603	-1.8471	-0.151813	-0.113408	0.386314	0.386314	-2.31441	-0.622456	-0.438498
45	1.22639	-0.0368486	-0.0368486	-2.05918	-0.653037	-0.585383	-0.309726	-0.309726	-2.58015	-1.21562	-1.04902
45	0.850381	0.20885	0.20885	-1.89824	-0.0379351	0.0668159	1.75546	1.75546	-2.37849	-0.115637	0.258239
45	0.945423	0.0987581	0.0987581	-2.06523	-0.109431	-0.100598	0.8301	0.8301	-2.58774	-0.438811	-0.319908
45	1.1604	0.227798	0.227798	-2.15524	-0.201357	-0.101143	1.91473	1.91473	-2.70051	-0.46086	-0.23885
45	1.35404	0.438937	0.438937	-2.2212	-0.362231	-0.278733	3.68943	3.68943	-2.78316	-0.596078	-0.462326
45	0.755184	0.0897435	0.0897435	-1.60876	-0.0803926	-0.0825986	0.754328	0.754328	-2.01578	-0.366836	-0.298216
45	1.05376	0.161542	0.161542	-1.87624	-0.166624	-0.0624563	1.35782	1.35782	-2.35093	-0.448158	-0.1802
45	0.876732	0.045027	0.045027	-2.20551	-0.139882	-0.135939	0.378469	0.378469	-2.7635	-0.565144	-0.494873
45	0.824671	0.0546543	0.0546543	-2.63095	-0.127222	-0.124456	0.45939	0.45939	-3.29658	-0.560565	-0.442347
45	0.856278	0.159223	0.159223	-1.83093	-0.0435748	-0.000427926	1.33833	1.33833	-2.29415	-0.163641	-0.00155587
45	0.96767	-0.0376072	-0.0376072	-2.05593	-0.245552	-0.19853	-0.316103	-0.316103	-2.57608	-0.952006	-0.728338
45	0.730593	0.222617	0.222617	-1.93218	0.0527974	0.0495688	1.87118	1.87118	-2.42102	0.247377	0.164738
45	0.919003	0.0545227	0.0545227	-2.07319	-0.162691	-0.10846	0.458284	0.458284	-2.5977	-0.610128	-0.400946
45	1.0319	0.067179	0.067179	-2.34769	-0.14958	-0.110871	0.564665	0.564665	-2.94166	-0.539241	-0.41071
45	1.21913	0.264608	0.264608	-2.70387	-0.495415	-0.215834	2.22413	2.22413	-3.38795	-0.836831	-0.401649
45	1.1312	0.248861	0.248861	-1.91731	-0.0930779	-0.0115728	2.09177	2.09177	-2.40239	-0.241304	-0.0296962
45	0.931874	-0.105872	-0.105872	-3.18628	-0.339496	-0.299885	-0.889897	-0.889897	-3.99241	-1.15554	-1.07607
45	1.23763	0.0174308	0.0174308	-2.01492	-0.5149	-0.419217	0.146512	0.146512	-2.5247	-1.15103	-0.859457
45	1.34955	0.123062	0.123062	-2.56429	-0.963784	-0.650106	1.03439	1.03439	-3.21306	-1.50233	-1.0542
45	1.04571	0.0444672	0.0444672	-2.58626	-0.206299	-0.161931	0.373764	0.373764	-3.24059	-0.686763	-0.501291
45	0.8698	-0.0693665	-0.0693665	-1.97436	-0.279016	-0.224768	-0.583051	-0.583051	-2.47387	-1.06456	-0.831245
45	0.895829	0.135686	0.135686	-1.61628	-0.0619709	-0.0278446	1.14049	1.14049	-2.0252	-0.248861	-0.11387
45	1.16285	0.26852	0.26852	-2.56417	-0.283212	-0.155473	2.25701	2.25701	-3.2129	-0.524704	-0.311716
45	0.779372	-0.104475	-0.104475	-1.84906	-0.296227	-0.275765	-0.878153	-0.878153	-2.31687	-1.16849	-1.01631
45	1.00171	0.00550564	0.00550564	-2.68773	-0.231793	-0.180632	0.046277	0.046277	-3.36773	-0.813706	-0.616428
45	1.37765	-0.0853439	-0.0853439	-2.31977	-1.22789	-0.94	-0.717348	-0.717348	-2.90667	-2.03918	-1.48317
45	0.936283	0.156526	0.156526	-1.64896	-0.0543165	-0.0132111	1.31566	1.31566	-2.06614	-0.210129	-0.0515723
45	1.02846	0.175962	0.175962	-2.58876	-0.0590119	-0.0132074	1.47903	1.47903	-3.24371	-0.190331	-0.0415472
45	0.989755	0.136969	0.136969	-1.98568	-0.0991259	-0.0412548	1.15128	1.15128	-2.48805	-0.319785	-0.141794
45	0.771971	0.0116572	0.0116572	-2.61637	-0.154466	-0.130314	0.0979833	0.0979833	-3.27831	-0.72604	-0.580788
45	0.901039	0.198114	0.198114	-2.32612	-0.0220272	0.0188618	1.66522	1.66522	-2.91463	-0.0834219	0.0643592
45	0.970716	0.106837	0.106837	-1.81885	-0.162373	-0.0895848	0.898005	0.898005	-2.27902	-0.445215	-0.302621
45	0.86765	0.0183749	0.0183749	-2.10724	-0.165387	-0.141818	0.154448	0.154448	-2.64037	-0.643195	-0.548438
45	0.945427	0.159925	0.159925	-2.15295	-0.0699883	-0.0230858	1.34423	1.34423	-2.69765	-0.245983	-0.0814719
45	0.860895	0.118412	0.118412	-1.8321	-0.0521041	-0.068769	0.995302	0.995302	-2.29562	-0.221954	-0.23281
45	0.897935	-0.0731484	-0.0731484	-2.04382	-0.258573	-0.221746	-0.61484	-0.61484	-2.56091	-1.1102	-0.893797
45	0.914517	0.288497	0.288497	-1.76979	0.0765414	0.103774	2.42492	2.42492	-2.21755	0.272697	0.336889
45	0.972231	0.00594769	0.00594769	-2.2135	-0.224306	-0.196593	0.0499926	0.0499926	-2.77352	-0.795172	-0.644361
45	0.71828	0.311724	0.311724	-1.1786	0.147203	0.17035	2.62015	2.62015	-1.47679	0.648795	0.706048
45	0.968622	0.0581229	0.0581229	-1.69733	-0.153948	-0.146583	0.488545	0.488545	-2.12676	-0.611934	-0.435337
45	1.02335	0.329655	0.329655	-2.39807	0.0809311	0.0972247	2.77088	2.77088	-3.00478	0.283375	0.286115
45	0.903601	0.0697572	0.0697572	-1.68924	-0.113283	-0.117946	0.586336	0.586336	-2.11661	-0.489188	-0.402806
45	0.609187	0.119851	0.119851	-2.04739	-0.0489167	-0.0303757	1.00739	1.00739	-2.56538	-0.229566	-0.123948
45	1.13884	0.0930803	0.0930803	-1.85856	-0.211606	-0.209866	0.782375	0.782375	-2.32877	-0.616291	-0.498584
45	1.14812	0.241424	0.241424	-1.85619	-0.11781	-0.0649095	2.02926	2.02926	-2.32581	-0.312404	-0.160311
45	1.22285	0.147401	0.147401	-2.05504	-0.368081	-0.35925	1.23897	1.23897	-2.57497	-0.746224	-0.668589
45	0.964985	0.290877	0.290877	-2.09088	0.0764502	0.108388	2.44493	2.44493	-2.61987	0.301692	0.365076
45	0.871234	0.104134	0.104134	-2.3873	-0.11478	-0.0684939	0.875284	0.875284	-2.99129	-0.437871	-0.247081
45	1.10347	-0.137916	-0.137916	-2.2925	-0.401765	-0.40374	-1.15923	-1.15923	-2.8725	-1.2519	-1.04199
45	0.615913	-0.14789	-0.14789	-1.56485	-0.320683	-0.285722	-1.24307	-1.24307	-1.96075	-1.52922	-1.09905
45	1.42574	-0.136373	-0.136373	-2.31334	-1.43503	-1.22883	-1.14626	-1.14626	-2.89861	-2.62401	-2.02626
45	0.646994	0.287219	0.287219	-1.71587	0.131102	0.12392	2.41419	2.41419	-2.14998	0.626911	0.485471
45	1.10167	0.00849164	0.00849164	-2.38832	-0.329041	-0.222275	0.0713755	0.0713755	-2.99256	-0.846984	-0.594408
45	1.39166	0.105379	0.105379	-2.97972	-0.771936	-0.588671	0.885749	0.885749	-3.73359	-1.28565	-0.9886
45	1.27562	-0.0773178	-0.0773178	-2.5865	-0.731095	-0.642882	-0.649885	-0.649885	-3.24089	-1.44543	-1.16633
45	0.85695	0.0902159	0.0902159	-1.6093	-0.110359	-0.0685666	0.758299	0.758299	-2.01646	-0.383915	-0.264949
45	0.73185	-0.135964	-0.135964	-1.99149	-0.294159	-0.286146	-1.14283	-1.14283	-2.49533	-1.41866	-1.18382
45	1.04895	0.0779658	0.0779658	-1.9233	-0.185442	-0.146198	0.655333	0.655333	-2.40989	-0.603812	-0.393611
45	0.676662	0.111443	0.111443	-1.60061	-0.0599313	-0.0291457	0.93672	0.93672	-2.00556	-0.254922	-0.114366
45	1.08459	-0.0213684	-0.0213684	-2.04411	-0.291352	-0.239545	-0.179609	-0.179609	-2.56128	-0.837791	-0.759415
45	1.25575	0.127395	0.127395	-1.97057	-0.414662	-0.277349	1.0708	1.0708	-2.46913	-0.812824	-0.571884
45	0.81134	-0.0521419	-0.0521419	-2.29386	-0.268782	-0.216431	-0.438272	-0.438272	-2.87421	-1.00268	-0.791615
45	1.31512	0.229334	0.229334	-3.00243	-0.764904	-0.516391	1.92764	1.92764	-3.76205	-1.38989	-0.987261
45	1.15705	0.225364	0.225364	-2.36077	-0.194281	-0.138836	1.89427	1.89427	-2.95804	-0.470829	-0.333464
45	0.60478	0.13427	0.13427	-1.40753	-0.0337603	-0.0193854	1.12859	1.12859	-1.76364	-0.161961	-0.0747817
45	0.859969	-0.0699939	-0.0699939	-1.83839	-0.260603	-0.238201	-0.588326	-0.588326	-2.30351	-1.13365	-0.89149
45	1.02309	-0.0960957	-0.0960957	-2.41757	-0.377433	-0.29685	-0.807721	-0.807721	-3.02922	-1.09244	-0.933738
45	0.780354	0.0736756	0.0736756	-1.46603	-0.101251	-0.080206	0.619271	0.619271	-1.83693	-0.442117	-0.329265
45	0.976228	0.11991	0.11991	-2.11075	-0.0951926	-0.0837274	1.00789	1.00789	-2.64477	-0.346764	-0.272329
45	1.37811	-0.117274	-0.117274	-2.11659	-1.2067	-0.948534	-0.985732	-0.985732	-2.65209	-2.21342	-1.50079
45	0.999766	0.153728	0.153728	-2.65768	-0.0642401	-0.0638823	1.29214	1.29214	-3.33008	-0.226303	-0.197577
45	0.969184	-0.265079	-0.265079	-3.24865	-0.489274	-0.43134	-2.22809	-2.22809	-4.07056	-1.66329	-1.6367
45	1.35685	0.0821477	0.0821477	-2.92325	-0.665159	-0.574069	0.690483	0.690483	-3.66284	-1.1527	-1.0291
45	0.751002	-0.00322623	-0.00322623	-1.61463	-0.171058	-0.169849	-0.0271177	-0.0271177	-2.02313	-0.787116	-0.625125
45	1.03971	0.0682496	0.0682496	-2.07007	-0.177489	-0.148635	0.573664	0.573664	-2.5938	-0.542057	-0.454968
45	1.18441	0.18231	0.18231	-2.23497	-0.32927	-0.192458	1.53239	1.53239	-2.80042	-0.791185	-0.450338
45	0.77395	0.21693	0.21693	-1.87805	0.0271484	0.0539536	1.82338	1.82338	-2.35319	0.110691	0.194988
45	0.972845	0.224219	0.224219	-1.42289	0.0156382	0.0211631	1.88464	1.88464	-1.78289	0.0596493	0.0683188
45	0.969772	0.139677	0.139677	-2.34942	-0.0714588	-0.046209	1.17404	1.17404	-2.94383	-0.258764	-0.155163
45	0.977998	-0.0886409	-0.0886409	-2.06224	-0.321721	-0.269112	-0.74506	-0.74506	-2.58399	-1.12	-0.876408
45	0.68802	-0.150954	-0.150954	-1.61901	-0.315434	-0.293269	-1.26883	-1.26883	-2.02861	-1.39832	-1.14934
45	0.748198	-0.186364	-0.186364	-2.62803	-0.383221	-0.370636	-1.56646	-1.56646	-3.29292	-1.496	-1.32808
45	0.719552	0.0567626	0.0567626	-1.99902	-0.134855	-0.0978454	0.477111	0.477111	-2.50477	-0.57477	-0.415688
45	0.745246	-0.152792	-0.152792	-1.82999	-0.339668	-0.312749	-1.28427	-1.28427	-2.29298	-1.40379	-1.2337
45	0.93973	0.00415393	0.00415393	-2.33493	-0.195211	-0.173873	0.0349154	0.0349154	-2.92566	-0.811067	-0.60267
45	0.861831	0.0096115	0.0096115	-1.50219	-0.182779	-0.16385	0.0807883	0.0807883	-1.88225	-0.794066	-0.581916
45	0.797911	0.00577136	0.00577136	-1.71705	-0.176749	-0.164904	0.0485105	0.0485105	-2.15146	-0.720111	-0.596641
45	1.22693	-0.0632096	-0.0632096	-2.60699	-0.504532	-0.516619	-0.531301	-0.531301	-3.26655	-1.10585	-0.960698
45	1.43725	0.296744	0.244637	-2.1038	-0.793931	-0.526738	2.49425	2.03329	-2.63606	-1.24323	-0.801427
45	0.919052	0.0379601	0.0379601	-1.87205	-0.163866	-0.132315	0.319069	0.319069	-2.34567	-0.581687	-0.518862
45	1.20068	0.0984408	0.0984408	-2.52109	-0.479249	-0.329705	0.827433	0.827433	-3.15892	-0.922466	-0.667214
45	0.742954	-0.137954	-0.137954	-1.80355	-0.316015	-0.292529	-1.15956	-1.15956	-2.25985	-1.39521	-1.20624
45	0.957192	-0.188921	-0.188921	-2.97374	-0.405895	-0.374984	-1.58795	-1.58795	-3.7261	-1.57464	-1.23547
45	1.20737	0.0061382	0.0061382	-1.70573	-0.409455	-0.361205	0.0515939	0.0515939	-2.13728	-0.951108	-0.789518
45	0.754126	0.00541215	0.00541215	-1.78436	-0.162582	-0.146496	0.0454912	0.0454912	-2.23581	-0.746617	-0.581041
45	0.9391	0.084203	0.084203	-1.81843	-0.113088	-0.130064	0.707758	0.707758	-2.27849	-0.475687	-0.389064
45	1.48756	0.208265	0.143077	-2.44522	-0.793228	-0.666413	1.75054	1.18918	-3.06386	-1.31005	-1.09229
45	0.780088	0.0957738	0.0957738	-1.81527	-0.0850852	-0.0755197	0.805015	0.805015	-2.27454	-0.339701	-0.259049
45	0.759578	0.0369426	0.0369426	-1.68161	-0.138925	-0.115942	0.310516	0.310516	-2.10706	-0.58873	-0.448033
45	0.779823	-0.0699838	-0.0699838	-1.91818	-0.246258	-0.230409	-0.58824	-0.58824	-2.40347	-1.05383	-0.894808
45	1.11226	-0.00778874	-0.00778874	-2.32792	-0.357048	-0.274181	-0.0654673	-0.0654673	-2.91688	-0.974074	-0.715441
45	0.793037	0.150429	0.150429	-1.65952	-0.010395	-0.00778862	1.26441	1.26441	-2.07937	-0.0505826	-0.0309237
45	1.12384	0.136469	0.136469	-2.62766	-0.213096	-0.121818	1.14708	1.14708	-3.29246	-0.539084	-0.333981
45	1.20118	-0.157725	-0.157725	-1.93376	-0.53195	-0.542204	-1.32574	-1.32574	-2.423	-1.35264	-1.13003
45	0.657308	0.105825	0.105825	-1.93417	-0.0643998	-0.0440051	0.889501	0.889501	-2.42352	-0.279808	-0.176265
45	0.808769	0.403462	0.403462	-1.76944	0.229531	0.265655	3.39125	3.39125	-2.21711	0.994156	1.14063
45	1.13851	0.545039	0.545039	-1.74478	0.212791	0.25182	4.58126	4.58126	-2.1862	0.571723	0.612518
45	0.932276	0.000508673	0.000508673	-2.22901	-0.216966	-0.19103	0.00427559	0.00427559	-2.79295	-0.768895	-0.702496
45	0.867436	-0.00566613	-0.00566613	-1.53799	-0.201292	-0.186703	-0.047626	-0.047626	-1.9271	-0.755971	-0.615318
45	1.53542	-0.00901617	-0.0761267	-2.15381	-1.4049	-1.2936	-0.0757844	-0.632724	-2.69873	-2.06189	-2.2976
45	1.50937	-0.0401403	-0.0940455	-3.09014	-1.34485	-0.999907	-0.337395	-0.781656	-3.87195	-2.31217	-1.73152
45	0.736122	0.00423046	0.00423046	-1.58241	-0.181063	-0.161922	0.0355586	0.0355586	-1.98275	-0.773667	-0.656022
45	0.857578	-0.129283	-0.129283	-2.27587	-0.31476	-0.311196	-1.08667	-1.08667	-2.85166	-1.2818	-1.10413
45	0.926345	0.235228	0.235228	-1.72252	0.0532954	0.0642333	1.97718	1.97718	-2.15831	0.213533	0.233166
45	0.991967	0.00912772	0.00912772	-1.78096	-0.201695	-0.178891	0.076722	0.076722	-2.23154	-0.777748	-0.554154
45	0.965922	-0.0415322	-0.0415322	-2.28566	-0.27171	-0.223145	-0.349093	-0.349093	-2.86393	-0.975796	-0.766635
45	0.906331	0.135689	0.135689	-2.65751	-0.0656501	-0.0401549	1.14052	1.14052	-3.32986	-0.275178	-0.144185
45	0.924698	0.153816	0.153816	-1.78985	-0.0546974	-0.00649334	1.29288	1.29288	-2.24269	-0.200684	-0.0260593
45	0.977969	-0.0128062	-0.0128062	-2.07601	-0.199405	-0.200002	-0.107641	-0.107641	-2.60124	-0.813086	-0.63616
45	0.726241	0.189992	0.189992	-1.15447	0.0114878	0.044476	1.59696	1.59696	-1.44655	0.0527778	0.183338
45	1.01511	0.114719	0.114719	-2.32495	-0.0855436	-0.0829177	0.964255	0.964255	-2.91316	-0.339546	-0.274464
45	0.930941	-0.126009	-0.126009	-1.83055	-0.332611	-0.333108	-1.05915	-1.05915	-2.29368	-1.19707	-1.06475
45	1.32755	0.131313	0.131313	-2.52077	-0.62625	-0.470142	1.10373	1.10373	-3.15853	-1.04103	-0.834642
45	1.08113	0.236732	0.236732	-2.56815	-0.0873413	0.0341233	1.98982	1.98982	-3.21789	-0.229174	0.112103
45	0.583115	0.0570157	0.0570157	-1.48902	-0.109625	-0.091495	0.479238	0.479238	-1.86574	-0.533163	-0.383154
45	0.97209	-0.026478	-0.026478	-2.42209	-0.23697	-0.219896	-0.222558	-0.222558	-3.03487	-0.855969	-0.710716
45	0.882342	-0.00576726	-0.00576726	-1.79817	-0.189204	-0.220971	-0.048476	-0.048476	-2.2531	-0.820733	-0.683248
45	0.971195	0.0672969	0.0672969	-2.47627	-0.166115	-0.119585	0.565656	0.565656	-3.10277	-0.592533	-0.391684
45	0.777798	-0.209331	-0.209331	-1.86453	-0.38477	-0.375299	-1.75951	-1.75951	-2.33626	-1.77044	-1.38869
45	0.645183	-0.0600519	-0.0600519	-2.12923	-0.244094	-0.215699	-0.504759	-0.504759	-2.66792	-1.09169	-0.880475
45	0.941296	0.0797552	0.0797552	-2.02036	-0.125127	-0.120123	0.670373	0.670373	-2.53151	-0.467697	-0.411497
45	0.919264	-0.131285	-0.131285	-2.32915	-0.317363	-0.273226	-1.1035	-1.1035	-2.91843	-1.3832	-1.05809
45	1.06647	-0.024621	-0.024621	-2.8764	-0.240848	-0.236623	-0.206949	-0.206949	-3.60413	-0.879266	-0.697708
45	0.934928	0.0301178	0.0301178	-2.4681	-0.204196	-0.150668	0.253152	0.253152	-3.09253	-0.698282	-0.506276
45	0.899703	0.143563	0.143563	-1.9825	-0.0416541	-0.0309986	1.2067	1.2067	-2.48407	-0.165054	-0.117954
45	1.02736	0.262709	0.262709	-1.47579	-0.00978373	0.0601972	2.20817	2.20817	-1.84916	-0.0285785	0.197319
45	0.933496	-0.0503933	-0.0503933	-2.19506	-0.238624	-0.225893	-0.423575	-0.423575	-2.75041	-0.972873	-0.763503
45	0.904596	0.115107	0.115107	-1.74048	-0.0767052	-0.051741	0.967517	0.967517	-2.18082	-0.308911	-0.194865
45	0.823525	-0.0550565	-0.0550565	-1.88575	-0.249235	-0.233931	-0.462771	-0.462771	-2.36284	-0.949267	-0.769181
45	1.1999	0.175366	0.175366	-2.94178	-0.254282	-0.170913	1.47402	1.47402	-3.68605	-0.555205	-0.352487
45	1.06186	0.350793	0.350793	-1.5348	0.0504057	0.0991747	2.94855	2.94855	-1.9231	0.148271	0.264021
45	1.00704	0.195703	0.195703	-1.98241	-0.0494558	-0.0207099	1.64496	1.64496	-2.48396	-0.161703	-0.0586566
45	0.9105	0.124499	0.124499	-1.96455	-0.0802232	-0.0482004	1.04646	1.04646	-2.46158	-0.301492	-0.173706
45	0.677551	0.27478	0.27478	-1.37984	0.0978526	0.138445	2.30963	2.30963	-1.72894	0.444485	0.587578
45	1.00041	0.0812639	0.0812639	-2.44374	-0.157157	-0.12478	0.683054	0.683054	-3.06201	-0.524394	-0.388565
45	0.605372	0.21654	0.21654	-1.21978	0.0618002	0.061526	1.8201	1.8201	-1.52838	0.30919	0.250905
45	0.601469	-0.273954	-0.273954	-1.59328	-0.448512	-0.409083	-2.30268	-2.30268	-1.99638	-2.09959	-1.90644
45	0.841177	-0.137292	-0.137292	-1.85299	-0.310844	-0.312462	-1.15399	-1.15399	-2.3218	-1.28624	-1.0018
45	0.780352	0.153262	0.153262	-1.74056	-0.0419822	-0.00551306	1.28822	1.28822	-2.18092	-0.168791	-0.0231266
45	1.31586	0.0625185	0.0625185	-2.04115	-0.735878	-0.62574	0.525492	0.525492	-2.55756	-1.36791	-1.12221
45	0.904191	0.241059	0.241059	-2.13269	0.0489534	0.0671284	2.02619	2.02619	-2.67226	0.204755	0.229019
45	0.855105	0.350442	0.350442	-1.424	0.144281	0.184894	2.9456	2.9456	-1.78428	0.541002	0.706548
45	1.04616	0.0345338	0.0345338	-2.42585	-0.236497	-0.156043	0.290269	0.290269	-3.03959	-0.706408	-0.521569
45	0.987267	-0.0582104	-0.0582104	-3.02601	-0.275528	-0.242441	-0.48928	-0.48928	-3.79159	-0.990114	-0.762458
45	1.2342	-0.00318738	-0.00318738	-2.80227	-0.533177	-0.356254	-0.0267911	-0.0267911	-3.51124	-1.06647	-0.800471
45	1.19226	0.204998	0.204998	-2.33522	-0.227937	-0.138724	1.72309	1.72309	-2.92604	-0.517514	-0.311058
45	0.953322	0.299304	0.299304	-1.85822	0.0642593	0.135497	2.51577	2.51577	-2.32835	0.217346	0.51391
45	1.03486	-0.0807942	-0.0807942	-2.91107	-0.265605	-0.310698	-0.679106	-0.679106	-3.64757	-1.10703	-0.946237
45	1.04206	0.29406	0.29406	-1.97758	0.0877416	0.112581	2.47169	2.47169	-2.4779	0.330361	0.39254
45	1.01785	0.288226	0.288226	-1.67775	0.0764872	0.0618548	2.42265	2.42265	-2.10222	0.285585	0.166813
45	0.751406	0.0891258	0.0891258	-1.84615	-0.0731324	-0.0701375	0.749136	0.749136	-2.31322	-0.366307	-0.264868
45	0.569228	0.023084	0.023084	-1.41489	-0.153433	-0.119108	0.19403	0.19403	-1.77286	-0.671709	-0.518508
45	1.10963	0.183606	0.183606	-2.73778	-0.227629	-0.118973	1.54328	1.54328	-3.43044	-0.46735	-0.283855
64	1.00715	-0.0312761	-0.0312761	-2.07553	-0.302164	-0.216273	-0.313512	-0.313512	-2.60064	-0.932287	-0.773005
64	0.997673	-0.0495252	-0.0495252	-2.16708	-0.256475	-0.214977	-0.496441	-0.496441	-2.71535	-0.972244	-0.835007
64	0.793078	-0.0128946	-0.0128946	-2.18764	-0.205164	-0.164763	-0.129255	-0.129255	-2.74111	-0.828152	-0.684354
64	0.866849	0.219393	0.219393	-1.50099	0.0285562	0.074371	2.19919	2.19919	-1.88074	0.11803	0.331093
64	1.0011	0.015632	0.015632	-2.19903	-0.187433	-0.163446	0.156695	0.156695	-2.75538	-0.722846	-0.624937
64	1.10973	-0.00608143	-0.00608143	-2.66235	-0.31967	-0.285915	-0.0609602	-0.0609602	-3.33592	-0.951582	-0.755187
64	0.662719	0.207511	0.207511	-1.67106	0.0522904	0.0914535	2.08009	2.08009	-2.09384	0.281498	0.453393
64	0.966538	0.108933	0.108933	-2.02659	-0.070216	-0.0755777	1.09195	1.09195	-2.53932	-0.295126	-0.237461
64	1.11991	0.169757	0.169757	-2.74311	-0.190642	-0.17727	1.70165	1.70165	-3.43712	-0.498094	-0.423535
64	1.26678	0.00458162	0.00458162	-2.23425	-0.679946	-0.561231	0.0459262	0.0459262	-2.79951	-1.25438	-1.06852
64	0.741807	0.0504976	0.0504976	-2.39719	-0.0943277	-0.0967715	0.506188	0.506188	-3.00368	-0.532517	-0.436909
64	0.848045	-0.010354	-0.010354	-2.33627	-0.184716	-0.189004	-0.103789	-0.103789	-2.92735	-0.82624	-0.692888
64	0.834693	0.127513	0.127513	-1.69186	-0.0520101	-0.0466327	1.27819	1.27819	-2.11991	-0.233011	-0.183867
64	1.14075	0.00915709	0.00915709	-2.06562	-0.37827	-0.254781	0.0917906	0.0917906	-2.58823	-0.974356	-0.701637
64	1.17249	0.167075	0.167075	-2.73412	-0.306997	-0.227072	1.67476	1.67476	-3.42586	-0.753412	-0.518034
64	0.954223	-0.0506225	-0.0506225	-2.68209	-0.295371	-0.245529	-0.50744	-0.50744	-3.36065	-1.06911	-0.812828
64	1.11888	-0.112349	-0.112349	-2.92225	-0.424102	-0.388542	-1.12619	-1.12619	-3.66157	-1.15444	-0.98882
64	0.939157	0.0748411	0.0748411	-1.81763	-0.113168	-0.10587	0.750207	0.750207	-2.27749	-0.46605	-0.395597
64	1.14768	0.0279139	0.0279139	-2.73438	-0.451757	-0.292478	0.279809	0.279809	-3.42618	-0.98207	-0.735912
64	1.43209	0.00690844	-0.0669773	-2.9509	-1.27648	-1.07244	0.0692502	-0.660807	-3.69748	-2.32223	-2.13276
64	0.774252	-0.00519236	-0.00519236	-2.09695	-0.155963	-0.162296	-0.0520482	-0.0520482	-2.62748	-0.821376	-0.627671
64	1.22329	0.0329393	0.0329393	-2.25815	-0.573584	-0.464511	0.330183	0.330183	-2.82947	-1.1754	-0.973571
64	0.721931	0.407708	0.407708	-1.2789	0.258288	0.280266	4.08687	4.08687	-1.60246	1.40208	1.35027
64	1.15389	0.0391611	0.0391611	-2.56319	-0.315997	-0.354539	0.392551	0.392551	-3.21168	-0.853347	-0.792104
64	1.03681	0.0358894	0.0358894	-2.25536	-0.173084	-0.156111	0.359756	0.359756	-2.82597	-0.654144	-0.532989
64	1.17614	0.0254261	0.0254261	-2.17894	-0.433826	-0.375406	0.254872	0.254872	-2.73021	-1.14175	-0.883765
64	0.775037	0.000897628	0.000897628	-1.78219	-0.167374	-0.134814	0.00899782	0.00899782	-2.23308	-0.700063	-0.62998
64	0.845517	-0.0146305	-0.0146305	-1.67432	-0.19855	-0.181099	-0.146656	-0.146656	-2.09793	-0.877461	-0.673257
64	0.88155	0.079644	0.079644	-2.69166	-0.126313	-0.0962695	0.798351	0.798351	-3.37265	-0.484379	-0.371386
64	0.842962	0.187674	0.187674	-1.88359	0.0101112	0.027706	1.88124	1.88124	-2.36014	0.041997	0.109534
64	1.06188	-0.0802878	-0.0802878	-2.68798	-0.302672	-0.29947	-0.804805	-0.804805	-3.36804	-1.11629	-0.950774
64	1.16663	-0.00895745	-0.00895745	-2.19545	-0.546948	-0.455095	-0.0897895	-0.0897895	-2.7509	-1.05536	-0.910844
64	0.797381	0.0547548	0.0547548	-1.69598	-0.130698	-0.107699	0.548862	0.548862	-2.12506	-0.512026	-0.433226
64	1.15963	0.0771425	0.0771425	-2.53792	-0.340912	-0.306059	0.773276	0.773276	-3.18002	-0.787336	-0.665064
64	0.975825	0.231666	0.231666	-2.49236	0.0239896	0.0524689	2.32222	2.32222	-3.12293	0.101226	0.172326
64	0.753954	0.263326	0.263326	-1.18701	0.101717	0.125575	2.63958	2.63958	-1.48732	0.53483	0.577336
64	0.865066	0.216918	0.216918	-2.0238	0.0278381	0.0730666	2.17438	2.17438	-2.53582	0.120469	0.322918
64	1.03929	-0.143645	-0.143645	-2.10755	-0.326196	-0.353594	-1.43989	-1.43989	-2.64076	-1.39424	-1.06885
64	0.642575	0.0092849	0.0092849	-1.66378	-0.132316	-0.111783	0.0930718	0.0930718	-2.08471	-0.750766	-0.570596
64	1.09103	0.0911782	0.0911782	-3.1112	-0.300598	-0.162156	0.91397	0.91397	-3.89834	-0.743984	-0.469091
64	1.12335	-0.055255	-0.055255	-3.12234	-0.393426	-0.323593	-0.553876	-0.553876	-3.91229	-1.1023	-0.876668
64	1.36832	0.034935	-0.0110155	-2.68634	-0.894037	-0.810987	0.350188	-0.109554	-3.36598	-1.69692	-1.4625
64	0.786777	-0.141827	-0.141827	-2.84317	-0.354648	-0.289522	-1.42168	-1.42168	-3.56249	-1.40218	-1.23335
64	0.634955	0.00727419	0.00727419	-1.63853	-0.146909	-0.113495	0.0729164	0.0729164	-2.05308	-0.798634	-0.606184
64	1.18856	0.107588	0.107588	-1.89424	-0.398381	-0.27069	1.07846	1.07846	-2.37348	-0.892995	-0.608953
64	0.87507	-0.193434	-0.193434	-2.97652	-0.365333	-0.338407	-1.93899	-1.93899	-3.72957	-1.6183	-1.49702
64	0.898697	0.117461	0.117461	-1.87989	-0.0550822	-0.0781698	1.17743	1.17743	-2.3555	-0.247028	-0.2701
64	1.08685	-0.0282136	-0.0282136	-1.98286	-0.291376	-0.290911	-0.282813	-0.282813	-2.48452	-0.977981	-0.820847
64	0.81538	-0.0371378	-0.0371378	-1.99603	-0.200152	-0.195412	-0.372269	-0.372269	-2.50102	-0.996459	-0.69266
64	1.12308	-0.146586	-0.146586	-2.14544	-0.532526	-0.510725	-1.46938	-1.46938	-2.68823	-1.38622	-1.10386
64	0.757277	-0.03947	-0.03947	-2.34486	-0.218956	-0.185325	-0.395647	-0.395647	-2.93811	-0.927393	-0.811973
64	1.03235	0.0687422	0.0687422	-1.67318	-0.149629	-0.166194	0.689071	0.689071	-2.09649	-0.585004	-0.474675
64	1.03007	0.123893	0.123893	-2.47651	-0.0879855	-0.082285	1.24191	1.24191	-3.10306	-0.295329	-0.267045
64	1.09368	-0.0585245	-0.0585245	-2.71365	-0.396522	-0.318432	-0.58665	-0.58665	-3.4002	-1.16264	-0.875112
64	0.861563	0.0694174	0.0694174	-1.83238	-0.0986465	-0.0884451	0.69584	0.69584	-2.29597	-0.467436	-0.342316
64	0.784095	-0.114377	-0.114377	-3.0096	-0.319015	-0.266735	-1.14652	-1.14652	-3.77103	-1.20204	-1.20423
64	1.30562	0.016911	0.016911	-2.88814	-0.695052	-0.559518	0.169516	0.169516	-3.61884	-1.41856	-1.03355
64	0.742822	0.228268	0.228268	-2.17138	0.0596835	0.0846748	2.28816	2.28816	-2.72074	0.290612	0.358387
64	1.13535	-0.0311633	-0.0311633	-1.96349	-0.368169	-0.261291	-0.312381	-0.312381	-2.46025	-1.08353	-0.756385
64	1.01364	-0.0627866	-0.0627866	-3.0377	-0.279972	-0.227279	-0.629373	-0.629373	-3.80624	-1.04688	-0.906867
64	1.06822	0.0423979	0.0423979	-2.13256	-0.204727	-0.202703	0.424997	0.424997	-2.6721	-0.649423	-0.585304
64	0.846746	0.0106179	0.0106179	-1.96376	-0.159916	-0.148153	0.106434	0.106434	-2.46059	-0.766777	-0.607883
64	0.879824	-0.177921	-0.177921	-2.51364	-0.371291	-0.348099	-1.78349	-1.78349	-3.1496	-1.58969	-1.42016
64	0.96203	0.0341127	0.0341127	-1.84323	-0.136422	-0.152502	0.341946	0.341946	-2.30957	-0.651297	-0.524398
64	1.01607	0.04187	0.04187	-2.00027	-0.168221	-0.141908	0.419704	0.419704	-2.50634	-0.668578	-0.521772
64	0.930869	-0.298534	-0.298534	-2.30113	-0.504688	-0.448455	-2.9925	-2.9925	-2.88332	-1.94037	-1.823
64	1.08182	0.282775	0.282775	-2.21239	-0.00804482	0.029431	2.83453	2.83453	-2.77212	-0.026273	0.0899406
64	0.844428	-0.00760287	-0.00760287	-2.59556	-0.16859	-0.158951	-0.0762111	-0.0762111	-3.25224	-0.784412	-0.645109
64	0.910851	0.152573	0.152573	-2.7737	-0.0185797	0.0102016	1.52939	1.52939	-3.47545	-0.0857131	0.0418127
64	0.893803	0.117607	0.117607	-1.4309	-0.0753154	-0.0345034	1.1789	1.1789	-1.79291	-0.296827	-0.144461
64	0.956836	0.30233	0.30233	-1.73552	0.0322437	0.121512	3.03056	3.03056	-2.17461	0.0950223	0.436758
64	1.00371	0.08836	0.08836	-1.89506	-0.114015	-0.125095	0.885721	0.885721	-2.37451	-0.429706	-0.368408
64	1.14764	0.0024122	0.0024122	-1.83626	-0.421219	-0.36209	0.0241799	0.0241799	-2.30083	-1.00965	-0.867265
64	0.839898	0.206422	0.206422	-1.79786	0.0443518	0.0607818	2.06917	2.06917	-2.25272	0.222693	0.255075
64	1.06375	0.103182	0.103182	-2.35118	-0.155079	-0.131303	1.03429	1.03429	-2.94603	-0.491833	-0.375433
64	0.882827	0.137923	0.137923	-2.67554	-0.0586959	-0.0204785	1.38254	1.38254	-3.35246	-0.24977	-0.0944167
64	0.903301	-0.21387	-0.21387	-3.03355	-0.427301	-0.361732	-2.14383	-2.14383	-3.80103	-1.6635	-1.58843
64	1.30622	0.102505	0.102505	-2.04306	-0.983842	-0.797549	1.02751	1.02751	-2.55995	-1.80882	-1.47458
64	0.81314	0.10841	0.10841	-1.67166	-0.0482025	-0.0474294	1.08671	1.08671	-2.09459	-0.24892	-0.214265
64	0.901217	-0.0932323	-0.0932323	-1.7292	-0.280845	-0.264075	-0.934561	-0.934561	-2.16669	-1.1641	-1.01398
64	1.08919	0.0897684	0.0897684	-1.93324	-0.207467	-0.147043	0.899839	0.899839	-2.42235	-0.592404	-0.438782
64	0.929133	0.11449	0.11449	-2.20088	-0.0785213	-0.0575526	1.14765	1.14765	-2.75771	-0.311552	-0.211226
64	0.911722	-0.164071	-0.164071	-2.16148	-0.364403	-0.292861	-1.64465	-1.64465	-2.70833	-1.52401	-1.42864
64	0.893139	-0.0661768	-0.0661768	-1.90401	-0.278623	-0.24012	-0.663356	-0.663356	-2.38572	-1.07641	-0.891026
64	1.03097	0.256361	0.256361	-1.91082	-0.00497513	0.112193	2.56976	2.56976	-2.39425	-0.0153039	0.49832
64	0.940408	-0.0217716	-0.0217716	-2.27518	-0.220477	-0.188042	-0.218239	-0.218239	-2.8508	-0.834805	-0.735583
64	0.696661	0.0209384	0.0209384	-2.04614	-0.137229	-0.133207	0.209887	0.209887	-2.56381	-0.70745	-0.562506
64	0.787416	0.288851	0.288851	-1.59591	0.108786	0.133414	2.89544	2.89544	-1.99968	0.4857	0.511379
64	1.02873	0.110503	0.110503	-1.42456	-0.129758	-0.0641876	1.10768	1.10768	-1.78497	-0.449821	-0.238413
64	1.00295	0.295994	0.295994	-2.02036	0.0516519	0.0838911	2.96705	2.96705	-2.53152	0.170818	0.264276
64	0.95431	0.133511	0.133511	-3.09878	-0.0599786	-0.0198559	1.33832	1.33832	-3.88277	-0.24019	-0.083177
64	0.771059	-0.0387291	-0.0387291	-2.43986	-0.217479	-0.198019	-0.38822	-0.38822	-3.05714	-0.997467	-0.711114
64	0.880371	0.290551	0.290551	-1.42515	0.100478	0.129065	2.91248	2.91248	-1.78571	0.43863	0.489177
64	0.91521	0.232577	0.232577	-2.07518	0.0387022	0.0644824	2.33135	2.33135	-2.6002	0.174388	0.24687
64	1.18491	-0.0965405	-0.0965405	-2.03943	-0.633616	-0.457435	-0.967722	-0.967722	-2.55541	-1.35798	-1.0979
64	1.05639	0.0369078	0.0369078	-2.7343	-0.209161	-0.170935	0.369964	0.369964	-3.42607	-0.693439	-0.556451
64	0.795813	-0.0938257	-0.0938257	-1.97832	-0.263419	-0.238333	-0.940509	-0.940509	-2.47884	-1.29912	-1.06685
64	0.936415	-0.150576	-0.150576	-1.8061	-0.346278	-0.311183	-1.50937	-1.50937	-2.26304	-1.43856	-1.27297
64	0.733009	0.0071336	0.0071336	-1.9219	-0.148493	-0.138191	0.0715072	0.0715072	-2.40815	-0.734545	-0.619205
64	1.01431	-0.0422335	-0.0422335	-2.00253	-0.253391	-0.260497	-0.423348	-0.423348	-2.50917	-1.04756	-0.84232
64	0.968248	-0.115203	-0.115203	-2.4209	-0.314641	-0.325615	-1.15479	-1.15479	-3.03339	-1.16245	-1.08627
64	0.737555	0.176236	0.176236	-1.74472	0.0156062	0.0431568	1.76659	1.76659	-2.18613	0.0741131	0.20225
64	0.973613	-0.0696109	-0.0696109	-2.53697	-0.25286	-0.249952	-0.69778	-0.69778	-3.17882	-1.15507	-0.850872
64	0.834085	-0.105325	-0.105325	-2.44252	-0.244172	-0.253646	-1.05578	-1.05578	-3.06048	-1.27878	-1.06645
64	0.907273	0.0227366	0.0227366	-2.20529	-0.187253	-0.131597	0.227912	0.227912	-2.76322	-0.783415	-0.525185
64	0.992876	0.190235	0.190235	-1.86357	-0.0421213	0.00664976	1.90692	1.90692	-2.33505	-0.145201	0.0223405
64	1.29634	0.0705245	0.0705245	-2.82293	-0.895819	-0.559104	0.706937	0.706937	-3.53713	-1.49256	-1.04857
64	1.04457	0.135146	0.135146	-2.56669	-0.148798	-0.0806763	1.3547	1.3547	-3.21606	-0.470953	-0.257806
64	1.14886	0.127527	0.127527	-2.92387	-0.295706	-0.146512	1.27833	1.27833	-3.66361	-0.725295	-0.440609
64	1.06817	0.159358	0.159358	-2.3114	-0.13485	-0.0661516	1.5974	1.5974	-2.89618	-0.401723	-0.204065
64	0.773956	0.0528784	0.0528784	-1.71748	-0.126413	-0.0989492	0.530053	0.530053	-2.152	-0.543839	-0.435822
64	1.04388	0.251126	0.251126	-1.53076	0.0563154	0.0264717	2.51728	2.51728	-1.91804	0.258499	0.0801145
64	0.946632	-0.0428582	-0.0428582	-2.23941	-0.23235	-0.24527	-0.429611	-0.429611	-2.80598	-0.990936	-0.85895
64	1.163	0.0142211	0.0142211	-2.2384	-0.39751	-0.379234	0.142553	0.142553	-2.80472	-0.951263	-0.828769
64	0.694534	0.109003	0.109003	-1.84561	-0.0378969	-0.031917	1.09265	1.09265	-2.31255	-0.191015	-0.151176
64	1.01884	-0.0118291	-0.0118291	-2.61712	-0.214969	-0.214269	-0.118575	-0.118575	-3.27925	-0.813705	-0.669178
64	0.734515	-0.0160194	-0.0160194	-2.06936	-0.173506	-0.149503	-0.160578	-0.160578	-2.59291	-0.864719	-0.725533
64	0.977313	0.0994548	0.0994548	-1.79063	-0.114425	-0.0851023	0.996935	0.996935	-2.24366	-0.452143	-0.293217
64	0.865907	-0.185299	-0.185299	-2.5254	-0.346913	-0.357922	-1.85744	-1.85744	-3.16433	-1.77497	-1.40279
64	1.23208	0.109516	0.109516	-2.90665	-0.457626	-0.329703	1.09779	1.09779	-3.64203	-0.963089	-0.711429
64	1.10092	0.220734	0.220734	-2.34283	-0.0923478	-0.0257693	2.21263	2.21263	-2.93556	-0.27166	-0.0745083
64	0.982327	-0.0107773	-0.0107773	-2.06763	-0.209561	-0.167444	-0.108032	-0.108032	-2.59074	-0.825615	-0.718962
64	1.04489	-0.0604185	-0.0604185	-2.07491	-0.307836	-0.246478	-0.605635	-0.605635	-2.59986	-1.09583	-0.836224
64	1.05895	0.0839634	0.0839634	-2.20539	-0.140764	-0.116631	0.841649	0.841649	-2.76336	-0.508941	-0.396075
64	0.874317	0.000205292	0.000205292	-2.78702	-0.173104	-0.145346	0.00205784	0.00205784	-3.49214	-0.815633	-0.628303
64	1.05747	-0.0387414	-0.0387414	-1.98543	-0.294343	-0.272111	-0.388344	-0.388344	-2.48775	-1.01855	-0.801407
64	1.12505	0.141294	0.141294	-1.84691	-0.174754	-0.1474	1.41633	1.41633	-2.31418	-0.47016	-0.378947
64	0.948206	0.235453	0.235453	-2.26612	0.039727	0.0689902	2.36018	2.36018	-2.83945	0.144773	0.243739
64	0.670165	-0.205884	-0.205884	-1.73214	-0.361398	-0.323898	-2.06378	-2.06378	-2.17037	-1.83464	-1.56833
64	0.987237	-0.0127451	-0.0127451	-2.9725	-0.259261	-0.20091	-0.127756	-0.127756	-3.72454	-0.850707	-0.688342
64	0.871726	-0.0991827	-0.0991827	-1.9588	-0.287216	-0.264887	-0.994207	-0.994207	-2.45438	-1.19897	-1.0523
64	0.760094	-0.0101285	-0.0101285	-1.5535	-0.173584	-0.139817	-0.101528	-0.101528	-1.94654	-0.868381	-0.645392
64	1.49278	0.0949311	0.0100567	-3.07055	-1.17636	-0.884976	0.951589	0.0992205	-3.84739	-2.21681	-1.63492
64	1.07856	0.145545	0.145545	-2.65307	-0.127831	-0.150128	1.45895	1.45895	-3.32429	-0.401659	-0.393537
64	0.594433	-0.135714	-0.135714	-1.94576	-0.288908	-0.259768	-1.3604	-1.3604	-2.43803	-1.392	-1.36049
64	1.20325	-0.0251539	-0.0251539	-2.187	-0.514667	-0.398145	-0.252143	-0.252143	-2.74031	-1.15036	-0.940724
64	0.850708	-0.151601	-0.151601	-1.95161	-0.322702	-0.298804	-1.51965	-1.51965	-2.44537	-1.47008	-1.195
64	1.26531	0.218126	0.218126	-2.42614	-0.535207	-0.306533	2.18649	2.18649	-3.03995	-1.04239	-0.575991
64	0.663241	-0.100442	-0.100442	-2.05983	-0.267391	-0.252725	-1.00683	-1.00683	-2.58097	-1.28876	-1.05648
64	0.905823	-0.101183	-0.101183	-1.83055	-0.291922	-0.239277	-1.01426	-1.01426	-2.29368	-1.16646	-1.06491
64	0.895424	-0.132584	-0.132584	-2.58948	-0.305709	-0.31945	-1.32903	-1.32903	-3.24462	-1.36906	-1.11585
64	1.14882	0.263963	0.263963	-2.08903	-0.0882936	-0.00783565	2.64597	2.64597	-2.61755	-0.248746	-0.0226129
64	0.84944	0.327029	0.327029	-2.25777	0.13689	0.158617	3.27814	3.27814	-2.82898	0.590555	0.619617
64	1.00097	0.0558812	0.0558812	-2.69673	-0.128867	-0.174687	0.560153	0.560153	-3.379	-0.546545	-0.489416
64	0.916219	-0.0133835	-0.0133835	-2.38518	-0.206507	-0.190718	-0.134156	-0.134156	-2.98863	-0.87775	-0.678607
64	0.969697	-0.17391	-0.17391	-2.64868	-0.381933	-0.330723	-1.74328	-1.74328	-3.3188	-1.34293	-1.2377
64	0.966818	-0.0740964	-0.0740964	-2.87782	-0.247496	-0.261813	-0.742742	-0.742742	-3.60591	-1.11941	-0.875596
64	0.988736	0.134773	0.134773	-2.06885	-0.0937201	-0.0438096	1.35096	1.35096	-2.59227	-0.35214	-0.173314
64	1.11998	0.140492	0.140492	-2.12078	-0.215092	-0.215113	1.4083	1.4083	-2.65734	-0.568334	-0.462568
64	0.692005	0.206145	0.206145	-2.39058	0.0424487	0.0597823	2.06639	2.06639	-2.9954	0.208512	0.270194
64	1.14005	0.172217	0.172217	-2.02872	-0.159369	-0.122232	1.7263	1.7263	-2.54199	-0.440383	-0.306506
64	1.08833	-0.0239527	-0.0239527	-3.07942	-0.350312	-0.279818	-0.240102	-0.240102	-3.85852	-0.960899	-0.790983
64	1.1655	0.102868	0.102868	-2.40733	-0.339014	-0.251786	1.03115	1.03115	-3.01638	-0.801879	-0.559788
64	0.863964	0.107202	0.107202	-1.74775	-0.0823509	-0.0571202	1.0746	1.0746	-2.18993	-0.348092	-0.239861
64	1.10372	0.0948621	0.0948621	-2.44722	-0.196371	-0.117682	0.950898	0.950898	-3.06636	-0.557708	-0.398128
64	0.936876	0.141323	0.141323	-1.87969	-0.0548468	-0.0194026	1.41662	1.41662	-2.35525	-0.237545	-0.0776964
64	0.90511	-0.112545	-0.112545	-3.13528	-0.268702	-0.258303	-1.12815	-1.12815	-3.9285	-1.41448	-1.11562
64	0.917716	0.0338648	0.0338648	-1.82295	-0.166357	-0.132196	0.339461	0.339461	-2.28415	-0.657513	-0.480506
64	1.09565	0.0320729	0.0320729	-2.3188	-0.251377	-0.235428	0.321498	0.321498	-2.90546	-0.858666	-0.644439
64	0.814327	0.309201	0.309201	-1.6791	0.116935	0.15131	3.09943	3.09943	-2.10392	0.511325	0.613814
64	1.05879	0.130619	0.130619	-2.34503	-0.144549	-0.136998	1.30933	1.30933	-2.93832	-0.477941	-0.384006
64	1.01545	0.0154521	0.0154521	-1.68823	-0.172542	-0.180681	0.154892	0.154892	-2.11535	-0.770617	-0.614761
64	1.15098	0.115289	0.115289	-2.84844	-0.327885	-0.261892	1.15565	1.15565	-3.56909	-0.809086	-0.618651
64	1.40236	0.0748772	0.0371308	-2.62137	-1.03563	-0.776427	0.750569	0.36928	-3.28458	-1.87283	-1.35035
64	0.899441	0.112664	0.112664	-2.7555	-0.0829115	-0.0654283	1.12934	1.12934	-3.45264	-0.364881	-0.239783
64	0.932275	0.0344188	0.0344188	-2.00884	-0.176156	-0.137769	0.345014	0.345014	-2.51708	-0.690244	-0.502274
64	1.27913	0.10942	0.10942	-2.326	-0.76149	-0.654875	1.09683	1.09683	-2.91448	-1.59739	-1.39314
64	0.834169	-0.107425	-0.107425	-3.07369	-0.28221	-0.259164	-1.07683	-1.07683	-3.85134	-1.27518	-1.15931
64	1.408	0.0523783	0.00842755	-2.34646	-1.13424	-0.90265	0.52504	0.0838152	-2.94011	-2.26344	-1.8016
64	0.969774	-0.000307124	-0.000307124	-2.13752	-0.211719	-0.146496	-0.00307861	-0.00307861	-2.67831	-0.853067	-0.612008
64	0.930922	-0.0496573	-0.0496573	-2.23676	-0.25451	-0.212881	-0.497765	-0.497765	-2.80267	-1.05114	-0.842552
64	1.037	0.0179278	0.0179278	-2.17149	-0.214679	-0.159309	0.179709	0.179709	-2.72088	-0.755524	-0.538346
64	0.882052	0.0740182	0.0740182	-1.72904	-0.126522	-0.0840818	0.741958	0.741958	-2.16649	-0.533368	-0.346093
64	1.50722	0.0367403	-0.0501076	-2.56571	-1.10293	-0.941001	0.368285	-0.494369	-3.21483	-1.98125	-1.81149
64	0.992431	0.152815	0.152815	-2.24623	-0.0544794	-0.0520661	1.53182	1.53182	-2.81453	-0.213916	-0.160595
64	0.724242	0.115662	0.115662	-1.4646	-0.0439507	-0.0481846	1.15939	1.15939	-1.83514	-0.216707	-0.197348
64	1.2754	0.361783	0.361783	-2.40884	-0.633367	-0.452368	3.62651	3.62651	-3.01827	-1.27478	-0.881261
64	0.692467	0.0178845	0.0178845	-2.46325	-0.132364	-0.123376	0.179274	0.179274	-3.08645	-0.741413	-0.532749
64	1.31499	-0.193884	-0.193884	-2.62949	-0.93219	-0.890784	-1.94349	-1.94349	-3.29475	-1.88944	-1.71773
64	1.02326	-0.000702635	-0.000702635	-1.99747	-0.218571	-0.190203	-0.00704321	-0.00704321	-2.50283	-0.767209	-0.698281
64	1.1389	0.15767	0.15767	-2.06122	-0.275248	-0.156903	1.58049	1.58049	-2.5827	-0.672897	-0.411046
64	1.07368	-0.15935	-0.15935	-2.41007	-0.437593	-0.411109	-1.59732	-1.59732	-3.01982	-1.4225	-1.16209
64	0.912814	0.0604469	0.0604469	-1.87222	-0.140188	-0.0960331	0.605919	0.605919	-2.34589	-0.540148	-0.382311
64	1.10599	0.0520583	0.0520583	-2.07875	-0.264364	-0.211718	0.521832	0.521832	-2.60467	-0.711732	-0.559102
64	0.879333	0.255921	0.255921	-1.73233	0.0679277	0.0957586	2.56535	2.56535	-2.1706	0.281923	0.397298
64	1.15415	0.153417	0.153417	-2.10582	-0.214789	-0.21275	1.53785	1.53785	-2.63859	-0.581774	-0.516368
64	0.812829	0.0964899	0.0964899	-2.40489	-0.12651	-0.058032	0.967215	0.967215	-3.01333	-0.473428	-0.26156
64	0.685507	0.149222	0.149222	-1.72696	-0.0269894	0.0211031	1.4958	1.4958	-2.16388	-0.135012	0.104338
64	0.864697	0.112188	0.112188	-2.36265	-0.0999076	-0.0517411	1.12457	1.12457	-2.9604	-0.403136	-0.210082
64	0.9737	-0.0602375	-0.0602375	-2.08984	-0.265338	-0.221305	-0.603821	-0.603821	-2.61857	-0.979959	-0.836967
64	1.05573	0.195836	0.195836	-2.17883	-0.0581068	-0.000458735	1.96306	1.96306	-2.73008	-0.196867	-0.00161842
64	0.990374	-0.123454	-0.123454	-2.4877	-0.364131	-0.298483	-1.23751	-1.23751	-3.11708	-1.25057	-1.112
64	0.853336	0.0344261	0.0344261	-2.65063	-0.130577	-0.129186	0.345087	0.345087	-3.32125	-0.637438	-0.5127
64	1.04745	0.126584	0.126584	-2.39716	-0.116418	-0.118158	1.26888	1.26888	-3.00364	-0.391443	-0.331595
64	0.953912	0.147011	0.147011	-2.274	-0.0360674	0.00489462	1.47363	1.47363	-2.84932	-0.162872	0.0210523
64	1.34402	-0.135212	-0.135212	-3.34285	-1.05127	-0.827451	-1.35537	-1.35537	-4.18859	-1.99234	-1.60383
64	0.992621	0.0217705	0.0217705	-2.54867	-0.199803	-0.156511	0.218228	0.218228	-3.19348	-0.745132	-0.602386
64	0.819608	0.0183751	0.0183751	-2.51552	-0.17406	-0.141678	0.184192	0.184192	-3.15194	-0.728863	-0.572627
64	1.06861	-0.122079	-0.122079	-3.2322	-0.388145	-0.342782	-1.22372	-1.22372	-4.04995	-1.26486	-1.10638
64	1.00431	0.120851	0.120851	-2.48632	-0.0786917	-0.0612039	1.21141	1.21141	-3.11536	-0.293908	-0.227582
64	0.866621	0.0927743	0.0927743	-1.59997	-0.0719901	-0.0586503	0.929969	0.929969	-2.00476	-0.31573	-0.231473
64	1.10516	0.261155	0.261155	-2.08867	-0.117264	-0.0369439	2.61781	2.61781	-2.6171	-0.279278	-0.0944964
64	0.89384	0.0953649	0.0953649	-1.86513	-0.100905	-0.0680287	0.955938	0.955938	-2.337	-0.426975	-0.249328
64	0.925154	0.0700602	0.0700602	-2.09496	-0.164434	-0.0804893	0.702284	0.702284	-2.62499	-0.6025	-0.323977
64	0.723871	-0.0719869	-0.0719869	-2.36392	-0.215334	-0.207729	-0.721597	-0.721597	-2.962	-1.16202	-0.93164
64	1.15522	-0.0507058	-0.0507058	-2.69068	-0.597843	-0.425929	-0.508275	-0.508275	-3.37142	-1.16299	-0.974414
64	0.933801	0.18796	0.18796	-2.00998	-0.0369294	0.0349564	1.88411	1.88411	-2.5185	-0.130594	0.140357
64	0.803869	-0.129911	-0.129911	-2.78109	-0.317041	-0.302052	-1.30223	-1.30223	-3.48471	-1.42635	-1.27384
64	0.959125	0.0398076	0.0398076	-1.89228	-0.18416	-0.129546	0.399032	0.399032	-2.37103	-0.712834	-0.495536
64	1.0822	0.0486379	0.0486379	-2.78147	-0.209268	-0.19324	0.487546	0.487546	-3.48518	-0.700078	-0.567674
64	0.8229	0.363632	0.363632	-1.97356	0.196608	0.191293	3.64505	3.64505	-2.47287	0.93073	0.748944
64	0.924858	0.127078	0.127078	-2.11872	-0.099383	-0.0539954	1.27383	1.27383	-2.65475	-0.371575	-0.201104
64	1.15065	-0.0633394	-0.0633394	-3.15859	-0.440795	-0.382285	-0.634914	-0.634914	-3.95771	-1.13626	-0.906983
64	0.786684	0.0396105	0.0396105	-1.8505	-0.127987	-0.108099	0.397056	0.397056	-2.31867	-0.611213	-0.447
64	1.05169	0.16522	0.16522	-2.23644	-0.0774672	-0.0285717	1.65617	1.65617	-2.80226	-0.285383	-0.10086
64	1.00733	-0.133095	-0.133095	-3.0216	-0.372176	-0.354862	-1.33414	-1.33414	-3.78607	-1.31748	-1.07852
64	0.943526	-0.0026646	-0.0026646	-2.07116	-0.169728	-0.163884	-0.0267099	-0.0267099	-2.59517	-0.824986	-0.666173
64	1.25838	0.0285657	0.0285657	-2.30908	-0.913232	-0.585304	0.286342	0.286342	-2.89328	-1.71443	-1.09286
64	1.10479	-0.0492389	-0.0492389	-2.76444	-0.373569	-0.318327	-0.49357	-0.49357	-3.46384	-1.08299	-0.900748
64	0.957576	0.245188	0.245188	-2.16251	0.0382217	0.0462304	2.45776	2.45776	-2.70963	0.14435	0.154781
64	0.85716	0.0296778	0.0296778	-2.01063	-0.165679	-0.138922	0.297491	0.297491	-2.51932	-0.65621	-0.579854
64	0.901228	0.100228	0.100228	-1.91381	-0.0602096	-0.0582495	1.00468	1.00468	-2.398	-0.295612	-0.216305
64	0.861589	0.0430318	0.0430318	-1.64901	-0.161186	-0.131151	0.431351	0.431351	-2.0662	-0.606064	-0.521088
64	1.01807	0.0485492	0.0485492	-2.5423	-0.163257	-0.138531	0.486657	0.486657	-3.1855	-0.60316	-0.531307
64	0.927054	0.0629542	0.0629542	-2.5582	-0.117863	-0.135297	0.631053	0.631053	-3.20542	-0.533345	-0.451283
64	0.961477	0.170995	0.170995	-2.3288	-0.0299201	0.00276925	1.71406	1.71406	-2.91798	-0.123769	0.0103691
64	0.974291	-0.00172418	-0.00172418	-2.29822	-0.223849	-0.166304	-0.0172832	-0.0172832	-2.87967	-0.833387	-0.608915
64	0.813614	0.0705417	0.0705417	-1.80528	-0.101634	-0.0894802	0.70711	0.70711	-2.26202	-0.475876	-0.370831
64	0.814978	-0.135969	-0.135969	-2.13358	-0.302338	-0.287035	-1.36296	-1.36296	-2.67337	-1.46952	-1.17982
64	0.96417	0.228979	0.228979	-2.18863	0.0619939	0.0466611	2.29528	2.29528	-2.74235	0.291626	0.156003
64	1.26107	0.0706409	0.0706409	-2.67613	-0.586511	-0.422543	0.708104	0.708104	-3.3532	-1.22528	-0.923517
64	0.859979	0.277206	0.277206	-1.52864	0.0761807	0.0965099	2.77871	2.77871	-1.91539	0.303914	0.367124
64	0.714846	-0.0248831	-0.0248831	-1.52635	-0.183437	-0.175062	-0.249428	-0.249428	-1.91252	-0.91652	-0.73371
64	0.870358	0.0261207	0.0261207	-1.90897	-0.144616	-0.126	0.261834	0.261834	-2.39194	-0.668694	-0.499026
64	1.09793	0.13838	0.13838	-2.48788	-0.151078	-0.118928	1.38712	1.38712	-3.11732	-0.444133	-0.335646
64	1.31917	-0.19618	-0.19618	-2.11141	-0.920188	-0.838823	-1.96651	-1.96651	-2.64559	-1.90885	-1.49768
64	0.925017	0.0819285	0.0819285	-1.95662	-0.0884313	-0.100808	0.821251	0.821251	-2.45164	-0.413016	-0.370919
64	0.910216	0.0716655	0.0716655	-2.04505	-0.102598	-0.0870489	0.718375	0.718375	-2.56244	-0.48025	-0.339216
64	0.782516	-0.0437802	-0.0437802	-1.85626	-0.199931	-0.206541	-0.438852	-0.438852	-2.32589	-0.99651	-0.775372
64	1.08713	0.101807	0.101807	-2.4647	-0.220476	-0.130914	1.02051	1.02051	-3.08827	-0.583365	-0.40787
64	0.920113	0.146139	0.146139	-2.31883	-0.0761591	-0.0405785	1.46489	1.46489	-2.90549	-0.274773	-0.14758
64	0.989713	-0.0036502	-0.0036502	-2.35886	-0.198961	-0.180485	-0.0365896	-0.0365896	-2.95565	-0.782364	-0.702019
64	1.4727	-0.32195	-0.369754	-2.66488	-1.6699	-1.41111	-3.22723	-3.67734	-3.3391	-4.08615	-2.82512
64	1.05216	0.0017578	0.0017578	-1.91928	-0.265408	-0.222087	0.0176202	0.0176202	-2.40486	-0.918212	-0.712346
64	1.15404	-0.0313725	-0.0313725	-2.05073	-0.468037	-0.43338	-0.314478	-0.314478	-2.56957	-1.12713	-0.974471
64	1.25839	0.189621	0.189621	-2.90097	-0.383526	-0.377796	1.90077	1.90077	-3.63491	-0.853982	-0.716168
64	1.43677	-0.13562	-0.206479	-3.36449	-1.42131	-1.02917	-1.35946	-2.03715	-4.21571	-2.81196	-1.75051
64	0.951289	0.209325	0.209325	-1.71184	-0.00590214	0.036521	2.09828	2.09828	-2.14494	-0.021337	0.14065
64	1.26133	0.100425	0.100425	-2.96122	-0.632586	-0.591856	1.00666	1.00666	-3.71041	-1.27665	-1.12572
64	1.29336	0.174729	0.174729	-2.40436	-0.75461	-0.513734	1.75148	1.75148	-3.01266	-1.34409	-0.904429
64	0.938967	0.0863616	0.0863616	-2.16071	-0.0946253	-0.0893649	0.865688	0.865688	-2.70738	-0.388	-0.300109
64	0.795191	0.249393	0.249393	-1.64563	0.0686943	0.124626	2.49991	2.49991	-2.06197	0.283098	0.587902
64	1.19554	0.0297792	0.0297792	-2.26792	-0.605442	-0.490102	0.298507	0.298507	-2.84171	-1.20651	-0.943786
64	1.25852	-0.049615	-0.049615	-2.61306	-0.822027	-0.761813	-0.497341	-0.497341	-3.27417	-1.53037	-1.3689
64	0.880833	0.0857149	0.0857149	-1.58113	-0.109461	-0.0662315	0.859206	0.859206	-1.98116	-0.464237	-0.279133
64	1.14906	-0.106865	-0.106865	-2.9456	-0.555522	-0.544069	-1.07122	-1.07122	-3.69084	-1.28528	-1.08937
64	1.16339	0.170855	0.170855	-1.86168	-0.290987	-0.22197	1.71265	1.71265	-2.33268	-0.660522	-0.474738
64	0.895649	0.224373	0.224373	-2.14964	0.065848	0.0551807	2.24912	2.24912	-2.6935	0.331731	0.206623
64	1.29019	-0.0926381	-0.0926381	-2.92543	-0.783485	-0.619187	-0.928604	-0.928604	-3.66556	-1.58531	-1.1533
64	0.965275	0.213039	0.213039	-1.87143	0.00606369	0.00890022	2.13551	2.13551	-2.3449	0.0233383	0.0298448
64	1.0481	0.156365	0.156365	-2.08468	-0.0678271	-0.0560818	1.5674	1.5674	-2.61211	-0.248053	-0.17548
64	0.827624	0.000582709	0.000582709	-2.39188	-0.170293	-0.163916	0.00584108	0.00584108	-2.99703	-0.825272	-0.645365
64	1.21793	0.0345909	0.0345909	-2.21109	-0.678496	-0.57817	0.346739	0.346739	-2.7705	-1.41999	-1.08339
64	1.07794	-0.108927	-0.108927	-2.36092	-0.413176	-0.341611	-1.09189	-1.09189	-2.95823	-1.26366	-1.03593
64	0.873456	0.0408319	0.0408319	-3.08908	-0.154434	-0.126261	0.409299	0.409299	-3.87062	-0.632906	-0.462995
64	1.09726	-0.109675	-0.109675	-2.56146	-0.413402	-0.380267	-1.09938	-1.09938	-3.20951	-1.33664	-1.08712
64	0.786649	-0.0798572	-0.0798572	-2.23067	-0.239557	-0.237958	-0.800488	-0.800488	-2.79503	-1.12974	-0.975133
64	0.999945	-0.0541241	-0.0541241	-2.99422	-0.235678	-0.235126	-0.54254	-0.54254	-3.75176	-1.01782	-0.80624
64	0.937085	-0.0607536	-0.0607536	-1.90355	-0.23926	-0.213784	-0.608994	-0.608994	-2.38515	-1.03989	-0.915475
64	1.03635	0.27366	0.27366	-2.21302	0.0215059	0.0738267	2.74316	2.74316	-2.77292	0.0728568	0.2443
64	1.27367	0.0991527	0.0991527	-2.25493	-0.630936	-0.455815	0.993906	0.993906	-2.82543	-1.16465	-0.883463
64	1.16864	-0.0088348	-0.0088348	-2.89509	-0.52436	-0.43596	-0.08856	-0.08856	-3.62755	-1.16606	-0.88715
64	1.07018	-0.203374	-0.203374	-2.95791	-0.505445	-0.403178	-2.03862	-2.03862	-3.70626	-1.35454	-1.39098
64	1.11138	0.0675332	0.0675332	-2.32723	-0.294325	-0.214921	0.676953	0.676953	-2.91602	-0.791861	-0.544309
64	1.04297	0.0268323	0.0268323	-1.96272	-0.217168	-0.206352	0.268967	0.268967	-2.45929	-0.744881	-0.609117
64	1.08038	-0.050338	-0.050338	-2.64834	-0.420148	-0.273747	-0.504588	-0.504588	-3.31837	-1.09475	-0.853138
64	1.05488	0.213971	0.213971	-2.55946	-0.050135	0.0325339	2.14485	2.14485	-3.207	-0.164511	0.122027
64	0.935488	0.0438944	0.0438944	-2.64253	-0.180781	-0.116321	0.439998	0.439998	-3.31109	-0.660507	-0.435389
64	0.927063	0.108326	0.108326	-1.85139	-0.0856231	-0.0459722	1.08586	1.08586	-2.31979	-0.34672	-0.177019
64	0.822218	0.0369549	0.0369549	-2.23162	-0.125373	-0.128597	0.370436	0.370436	-2.79622	-0.623186	-0.522346
64	1.03933	0.083853	0.083853	-1.82203	-0.184253	-0.130954	0.840543	0.840543	-2.28301	-0.599882	-0.423245
64	0.776913	0.0227691	0.0227691	-1.90669	-0.154865	-0.129325	0.228238	0.228238	-2.38908	-0.731572	-0.555524
64	1.00909	0.0914867	0.0914867	-2.43024	-0.144004	-0.125816	0.917063	0.917063	-3.04509	-0.47346	-0.387371
64	1.10774	0.145999	0.145999	-2.17709	-0.200988	-0.169016	1.46349	1.46349	-2.72789	-0.535147	-0.417945
64	0.61098	-0.0649994	-0.0649994	-2.73078	-0.209636	-0.191445	-0.651554	-0.651554	-3.42167	-1.18106	-0.944435
64	1.3162	0.121801	0.121801	-2.25861	-0.815936	-0.631205	1.22093	1.22093	-2.83004	-1.59629	-1.19855
64	0.860024	-0.0909547	-0.0909547	-2.04679	-0.282676	-0.24734	-0.91173	-0.91173	-2.56462	-1.12486	-1.00193
64	0.869357	0.0304663	0.0304663	-1.69074	-0.160596	-0.14769	0.305394	0.305394	-2.1185	-0.640312	-0.539294
64	1.19127	0.083697	0.083697	-2.68376	-0.518654	-0.427979	0.838979	0.838979	-3.36275	-1.02175	-0.794325
64	1.03206	0.0599706	0.0599706	-2.29304	-0.196862	-0.159862	0.601145	0.601145	-2.87318	-0.656579	-0.457124
64	0.906302	-0.128622	-0.128622	-2.08614	-0.361017	-0.307177	-1.2893	-1.2893	-2.61393	-1.27457	-1.13695
64	1.00781	0.0741538	0.0741538	-2.39544	-0.125578	-0.102981	0.743318	0.743318	-3.00149	-0.493634	-0.374315
64	1.20224	-0.00268854	-0.00268854	-2.62739	-0.505798	-0.412288	-0.0269499	-0.0269499	-3.29212	-1.11749	-0.881234
64	1.06975	0.332842	0.332842	-1.90104	0.071689	0.0923833	3.33641	3.33641	-2.38201	0.236793	0.255494
64	1.57946	-0.100621	-0.202885	-2.79478	-1.47784	-1.15099	-1.00862	-2.00169	-3.50186	-2.79073	-2.11732
64	1.00512	0.221928	0.221928	-2.70287	-0.0127339	0.0339231	2.2246	2.2246	-3.38669	-0.0440068	0.122402
64	1.05526	0.107708	0.107708	-2.58123	-0.119836	-0.108943	1.07966	1.07966	-3.23428	-0.433139	-0.360297
64	0.904959	-0.0429366	-0.0429366	-2.51876	-0.231335	-0.209796	-0.430396	-0.430396	-3.156	-1.06337	-0.802185
64	0.951505	0.1455	0.1455	-2.2818	-0.0591731	-0.0304204	1.45849	1.45849	-2.85909	-0.234401	-0.108279
64	0.859888	-0.0793838	-0.0793838	-2.24964	-0.240773	-0.230564	-0.795743	-0.795743	-2.8188	-1.19086	-0.949937
64	1.28355	-0.035728	-0.035728	-3.29325	-0.625958	-0.620191	-0.358138	-0.358138	-4.12644	-1.32346	-1.16285
64	1.05789	-0.128967	-0.128967	-2.21573	-0.378614	-0.356887	-1.29276	-1.29276	-2.77632	-1.31182	-1.07217
64	0.822851	0.000576063	0.000576063	-2.28626	-0.163635	-0.151411	0.00577445	0.00577445	-2.86468	-0.801077	-0.615703
64	1.0379	0.166501	0.166501	-2.59078	-0.0654303	-0.0429735	1.669	1.669	-3.24624	-0.226628	-0.121849
64	0.967917	0.12859	0.12859	-1.92357	-0.0631314	-0.0704194	1.28899	1.28899	-2.41023	-0.252149	-0.205005
64	1.06306	-0.259565	-0.259565	-2.57333	-0.50932	-0.516212	-2.60188	-2.60188	-3.22438	-1.70786	-1.38538
64	1.40227	0.0535722	0.0113621	-2.49424	-0.990732	-0.826439	0.537008	0.113	-3.12528	-1.81467	-1.49599
64	0.807883	-0.0648706	-0.0648706	-2.68343	-0.224072	-0.212472	-0.650263	-0.650263	-3.36234	-1.12478	-0.884704
64	1.24347	0.149525	0.149525	-2.97289	-0.432095	-0.342192	1.49884	1.49884	-3.72503	-0.880407	-0.682435
64	1.04066	0.395273	0.395273	-2.44303	0.168148	0.19006	3.96222	3.96222	-3.06112	0.595811	0.611238
64	1.06642	0.105937	0.105937	-2.95732	-0.150785	-0.0917699	1.06192	1.06192	-3.70553	-0.564163	-0.315208
64	0.806731	0.233203	0.233203	-1.73485	0.0751973	0.0872361	2.33763	2.33763	-2.17377	0.36174	0.411661
64	1.24564	0.208719	0.208719	-2.75198	-0.451469	-0.272421	2.0922	2.0922	-3.44823	-0.840305	-0.57221
64	0.888688	-0.163834	-0.163834	-2.20836	-0.350008	-0.318834	-1.64228	-1.64228	-2.76707	-1.58558	-1.2858
64	1.09811	0.14783	0.14783	-1.82364	-0.16108	-0.114173	1.48185	1.48185	-2.28502	-0.454227	-0.331786
64	0.958795	0.140216	0.140216	-2.06741	-0.0789623	-0.0342201	1.40553	1.40553	-2.59047	-0.28707	-0.122184
64	0.898842	0.173042	0.173042	-1.3317	-0.0450785	0.00329658	1.73457	1.73457	-1.66862	-0.174879	0.0126287
64	1.00958	0.14817	0.14817	-1.6916	-0.0343032	-0.0224948	1.48525	1.48525	-2.11958	-0.156517	-0.0851027
64	0.865148	-0.140244	-0.140244	-2.00946	-0.324132	-0.302261	-1.4058	-1.4058	-2.51785	-1.34239	-1.19809
64	1.10542	-0.145673	-0.145673	-2.68243	-0.510269	-0.426159	-1.46023	-1.46023	-3.36108	-1.26563	-1.17136
64	1.24501	0.132282	0.132282	-2.14161	-0.671148	-0.664582	1.326	1.326	-2.68343	-1.31698	-1.26206
64	0.879439	0.0462436	0.0462436	-2.42816	-0.164978	-0.103534	0.463545	0.463545	-3.04249	-0.620578	-0.450842
64	0.708219	-0.0232057	-0.0232057	-2.71062	-0.181854	-0.170014	-0.232614	-0.232614	-3.39641	-0.908742	-0.71831
64	0.938807	-0.126466	-0.126466	-2.26149	-0.318599	-0.303302	-1.26769	-1.26769	-2.83364	-1.32532	-1.06819
64	1.26393	0.00987687	0.00987687	-2.74563	-0.839681	-0.640357	0.0990058	0.0990058	-3.44027	-1.51431	-1.16342
64	1.10121	0.0554493	0.0554493	-1.92217	-0.244203	-0.220408	0.555824	0.555824	-2.40848	-0.727569	-0.576626
64	0.860086	-0.104346	-0.104346	-2.33003	-0.289442	-0.270146	-1.04597	-1.04597	-2.91952	-1.25522	-0.97214
64	0.827682	0.157718	0.157718	-1.68475	-0.0250352	0.00562814	1.58096	1.58096	-2.11099	-0.10739	0.023824
64	0.895683	0.129939	0.129939	-2.0218	-0.047171	-0.0351754	1.30251	1.30251	-2.53331	-0.21588	-0.131441
64	0.718378	0.107687	0.107687	-2.28733	-0.0411267	-0.0286084	1.07945	1.07945	-2.86602	-0.213412	-0.130868
64	0.890689	0.298502	0.298502	-1.45869	0.0619292	0.141611	2.99218	2.99218	-1.82774	0.227282	0.56515
64	1.006	0.243226	0.243226	-2.19732	0.044135	0.0514205	2.4381	2.4381	-2.75324	0.172106	0.187193
64	1.17614	0.0324954	0.0324954	-2.31935	-0.426194	-0.364651	0.325734	0.325734	-2.90615	-1.01645	-0.778909
64	0.806435	0.0456155	0.0456155	-1.76146	-0.100633	-0.101258	0.457249	0.457249	-2.2071	-0.507984	-0.434199
64	0.634541	-0.0583336	-0.0583336	-1.86062	-0.206516	-0.183058	-0.584736	-0.584736	-2.33136	-1.02893	-0.911173
64	1.23877	-0.0259387	-0.0259387	-2.08819	-0.676723	-0.62582	-0.260009	-0.260009	-2.6165	-1.35564	-1.11388
64	1.03754	0.173052	0.173052	-2.10793	-0.0441402	-0.00670111	1.73468	1.73468	-2.64123	-0.172456	-0.0240929
64	1.05569	0.107743	0.107743	-2.53003	-0.0974631	-0.116808	1.08002	1.08002	-3.17013	-0.393585	-0.380346
64	1.06219	0.0056929	0.0056929	-1.93336	-0.250176	-0.251731	0.0570656	0.0570656	-2.4225	-0.897091	-0.710808
64	0.852622	-0.0978463	-0.0978463	-2.96447	-0.282449	-0.262275	-0.980811	-0.980811	-3.71448	-1.187	-1.00557
64	0.794188	0.0541456	0.0541456	-2.51455	-0.112083	-0.0898103	0.542755	0.542755	-3.15073	-0.5488	-0.384206
64	1.02865	0.178356	0.178356	-1.81791	-0.0723643	-0.0162497	1.78784	1.78784	-2.27784	-0.233859	-0.0559284
64	1.09283	0.0797148	0.0797148	-1.88246	-0.171453	-0.171468	0.799061	0.799061	-2.35873	-0.593343	-0.506245
64	1.10714	0.0266379	0.0266379	-2.63318	-0.259709	-0.204847	0.267018	0.267018	-3.29938	-0.856819	-0.613639
64	0.927427	0.118404	0.118404	-2.05738	-0.0717289	-0.0633905	1.18688	1.18688	-2.57789	-0.323316	-0.221008
64	0.647291	0.0478592	0.0478592	-1.39439	-0.124271	-0.0874767	0.479741	0.479741	-1.74716	-0.588562	-0.384018
64	0.982869	-0.0801724	-0.0801724	-1.83346	-0.308105	-0.254434	-0.803649	-0.803649	-2.29733	-1.07889	-0.971318
64	0.994876	0.00687925	0.00687925	-2.17991	-0.184381	-0.190703	0.0689576	0.0689576	-2.73142	-0.708239	-0.613211
64	1.23049	-0.073006	-0.073006	-3.01682	-0.597916	-0.493196	-0.731813	-0.731813	-3.78007	-1.245	-1.04186
64	0.872033	-0.193382	-0.193382	-2.502	-0.383819	-0.331282	-1.93846	-1.93846	-3.135	-1.62754	-1.51729
64	1.09502	0.228378	0.228378	-2.45455	-0.0332054	-0.0281892	2.28926	2.28926	-3.07555	-0.108225	-0.0739608
64	0.966345	0.0922342	0.0922342	-1.84495	-0.113515	-0.0711312	0.924555	0.924555	-2.31172	-0.423176	-0.294017
64	0.694103	-0.261418	-0.261418	-2.24361	-0.411686	-0.394836	-2.62046	-2.62046	-2.81124	-2.23598	-1.78813
64	1.03596	0.0832619	0.0832619	-2.86688	-0.126975	-0.0949765	0.834618	0.834618	-3.5922	-0.463352	-0.354055
64	0.867487	0.132009	0.132009	-1.60273	-0.0583792	-0.0301833	1.32326	1.32326	-2.00822	-0.249981	-0.117255
64	0.748435	0.145387	0.145387	-1.78545	-0.0300365	0.0233741	1.45736	1.45736	-2.23716	-0.130847	0.10564
64	0.996628	-0.126596	-0.126596	-2.05512	-0.318683	-0.33494	-1.269	-1.269	-2.57507	-1.2691	-1.07266
64	0.638846	0.181546	0.181546	-1.70855	0.0166875	0.0423983	1.81982	1.81982	-2.14081	0.083484	0.190966
64	1.22232	0.0767175	0.0767175	-2.42132	-0.473069	-0.400307	0.769016	0.769016	-3.03391	-0.977269	-0.810185
64	1.21719	0.15539	0.15539	-2.62029	-0.417621	-0.413201	1.55762	1.55762	-3.28322	-0.867622	-0.770115
64	0.745158	0.088455	0.088455	-1.95651	-0.0804952	-0.0568821	0.886673	0.886673	-2.4515	-0.372469	-0.246849
64	0.765194	0.173494	0.173494	-2.04501	0.00740555	0.0178833	1.7391	1.7391	-2.56239	0.0360993	0.0770235
64	0.985006	0.134687	0.134687	-2.18516	-0.0701146	-0.0553162	1.3501	1.3501	-2.738	-0.261727	-0.177954
64	1.02444	0.175305	0.175305	-1.71165	-0.0452392	-0.0211284	1.75726	1.75726	-2.14469	-0.162933	-0.0733521
64	1.18543	0.0699414	0.0699414	-2.85092	-0.505397	-0.403603	0.701092	0.701092	-3.5722	-1.0746	-0.886646
64	1.20301	0.129855	0.129855	-2.46369	-0.485095	-0.345741	1.30167	1.30167	-3.087	-1.03604	-0.721429
64	0.834194	0.0884283	0.0884283	-1.88232	-0.0982449	-0.0815719	0.886406	0.886406	-2.35854	-0.395043	-0.324643
64	1.17685	0.175667	0.175667	-2.61722	-0.353008	-0.295516	1.76089	1.76089	-3.27938	-0.817459	-0.671317
64	1.35392	-0.032639	-0.032639	-2.63478	-1.02385	-0.861473	-0.327173	-0.327173	-3.30138	-1.97212	-1.72256
64	1.21364	-0.0979442	-0.0979442	-2.13431	-0.752982	-0.684949	-0.981793	-0.981793	-2.6743	-1.67345	-1.33514
64	0.916922	0.0459849	0.0459849	-2.3537	-0.143697	-0.110012	0.460952	0.460952	-2.94918	-0.575355	-0.471491
64	0.943046	0.125132	0.125132	-2.00702	-0.0582684	-0.0311265	1.25432	1.25432	-2.51479	-0.26802	-0.123557
64	0.874298	0.1315	0.1315	-1.99679	-0.0531272	-0.00400757	1.31816	1.31816	-2.50198	-0.234729	-0.0184623
64	0.973277	0.29592	0.29592	-2.11006	0.0975621	0.114629	2.9663	2.9663	-2.6439	0.387376	0.438203
64	1.03857	-0.0151515	-0.0151515	-2.09488	-0.261341	-0.252449	-0.151879	-0.151879	-2.62489	-0.939694	-0.688242
64	1.06557	0.0332366	0.0332366	-2.52578	-0.323156	-0.202831	0.333164	0.333164	-3.16481	-0.887594	-0.616039
64	1.25196	0.021761	0.021761	-2.82692	-0.810753	-0.62983	0.218132	0.218132	-3.54213	-1.4325	-1.16731
64	0.861299	0.183973	0.183973	-2.95977	0.00764757	0.0283839	1.84415	1.84415	-3.7086	0.0350894	0.122987
64	1.20254	0.0658382	0.0658382	-2.41152	-0.421852	-0.334328	0.659962	0.659962	-3.02163	-1.01197	-0.803057
64	0.948464	-0.0957183	-0.0957183	-2.7565	-0.303348	-0.268612	-0.95948	-0.95948	-3.4539	-1.18374	-1.01661
64	0.96162	0.0594524	0.0594524	-2.34035	-0.156977	-0.135986	0.595951	0.595951	-2.93246	-0.592544	-0.458155
64	1.03377	-0.0876322	-0.0876322	-2.54828	-0.292881	-0.341258	-0.878425	-0.878425	-3.193	-1.20955	-0.93741
64	0.930614	0.418179	0.418179	-1.97648	0.222863	0.243226	4.19182	4.19182	-2.47653	0.903416	0.913837
64	1.1927	0.100287	0.100287	-2.34242	-0.418825	-0.341054	1.00527	1.00527	-2.93506	-0.873595	-0.694282
64	0.98964	0.242789	0.242789	-1.6652	0.041816	0.0585834	2.43371	2.43371	-2.08649	0.168686	0.187567
64	0.907289	0.208996	0.208996	-2.07087	-0.00862219	0.0109223	2.09498	2.09498	-2.5948	-0.0324183	0.0374382
64	0.802768	-0.123629	-0.123629	-2.16988	-0.297395	-0.270587	-1.23925	-1.23925	-2.71886	-1.32036	-1.13649
64	0.820642	0.00175264	0.00175264	-2.19905	-0.166581	-0.159694	0.0175685	0.0175685	-2.75541	-0.846641	-0.620886
64	0.867978	-0.0105971	-0.0105971	-2.88321	-0.199921	-0.17823	-0.106225	-0.106225	-3.61267	-0.875259	-0.638136
64	0.96807	-0.0397266	-0.0397266	-2.07016	-0.249023	-0.20923	-0.39822	-0.39822	-2.59391	-0.939074	-0.800488
64	0.873583	0.165581	0.165581	-1.73425	-0.0299147	0.0218582	1.65978	1.65978	-2.17301	-0.123741	0.0949662
64	1.02597	0.290082	0.290082	-1.66721	0.0412698	0.0987868	2.90778	2.90778	-2.08902	0.144367	0.345727
64	0.866786	0.125296	0.125296	-1.72117	-0.0652353	-0.0252881	1.25596	1.25596	-2.15663	-0.295712	-0.100851
64	1.05152	0.047804	0.047804	-2.09932	-0.175161	-0.145925	0.479188	0.479188	-2.63044	-0.661901	-0.50353
64	0.782118	-0.00637505	-0.00637505	-2.2679	-0.183937	-0.142595	-0.0639035	-0.0639035	-2.84168	-0.853835	-0.617846
64	1.04175	0.0406842	0.0406842	-2.60138	-0.208074	-0.145751	0.407819	0.407819	-3.25953	-0.616398	-0.504183
64	0.969219	0.153889	0.153889	-2.07027	-0.0457174	-0.00486195	1.54258	1.54258	-2.59405	-0.187688	-0.0191334
64	0.946027	-0.110034	-0.110034	-2.23668	-0.326997	-0.271066	-1.10298	-1.10298	-2.80256	-1.23993	-1.1333
64	0.972727	0.125263	0.125263	-1.62874	-0.119046	-0.0311714	1.25564	1.25564	-2.04081	-0.410354	-0.120632
64	0.91633	-0.0181877	-0.0181877	-2.02247	-0.217654	-0.183582	-0.182314	-0.182314	-2.53416	-0.922107	-0.673631
64	0.963338	0.178867	0.178867	-2.30317	-0.0392932	0.000594634	1.79296	1.79296	-2.88588	-0.155737	0.00215747
64	1.07664	0.00478969	0.00478969	-2.16885	-0.373557	-0.228069	0.0480118	0.0480118	-2.71756	-0.916952	-0.7016
64	0.955525	-0.22126	-0.22126	-2.73643	-0.43038	-0.393243	-2.21791	-2.21791	-3.42875	-1.73508	-1.41645
64	1.0007	0.25209	0.25209	-1.80683	0.0337803	0.104675	2.52695	2.52695	-2.26396	0.123714	0.445861
64	0.722872	0.103379	0.103379	-1.3446	-0.0624989	-0.045335	1.03627	1.03627	-1.68478	-0.315725	-0.191012
64	1.21163	0.0699333	0.0699333	-2.11032	-0.402133	-0.451825	0.701011	0.701011	-2.64423	-0.960397	-0.850967
64	0.980504	0.0084186	0.0084186	-2.33428	-0.21076	-0.198481	0.0843881	0.0843881	-2.92486	-0.797187	-0.626422
64	1.28373	0.147232	0.147232	-2.12087	-0.446698	-0.36422	1.47586	1.47586	-2.65744	-0.866662	-0.711801
64	1.10449	0.0469341	0.0469341	-3.1963	-0.348434	-0.217534	0.470468	0.470468	-4.00496	-0.821271	-0.568013
64	1.01296	-0.0208887	-0.0208887	-2.69211	-0.23564	-0.181403	-0.209388	-0.209388	-3.37321	-0.860982	-0.686235
64	1.11502	0.116793	0.116793	-1.87189	-0.181301	-0.210665	1.17073	1.17073	-2.34547	-0.557107	-0.480499
64	0.666795	0.0625726	0.0625726	-2.38779	-0.105032	-0.0795324	0.627227	0.627227	-2.9919	-0.500456	-0.374427
64	1.22691	0.350308	0.350308	-2.03145	-0.358496	-0.262207	3.51149	3.51149	-2.54541	-0.664518	-0.503173
64	1.19482	-0.180697	-0.180697	-2.79678	-0.625519	-0.585964	-1.81131	-1.81131	-3.50437	-1.4672	-1.17573
64	0.577397	0.0872702	0.0872702	-1.92967	-0.0590667	-0.0405041	0.874797	0.874797	-2.41788	-0.311061	-0.19622
64	0.944812	0.25817	0.25817	-1.95351	0.0578842	0.0697098	2.5879	2.5879	-2.44775	0.229257	0.277258
64	0.968892	0.20752	0.20752	-2.17463	-0.0130106	0.05823	2.08018	2.08018	-2.72481	-0.0478038	0.239965
64	1.13288	0.130098	0.130098	-2.11537	-0.21636	-0.154977	1.3041	1.3041	-2.65055	-0.601726	-0.404621
64	0.91703	-0.152026	-0.152026	-2.21157	-0.379684	-0.328767	-1.5239	-1.5239	-2.7711	-1.32523	-1.2034
64	1.13854	0.279238	0.279238	-1.92295	-0.0617522	-0.0474937	2.79909	2.79909	-2.40946	-0.17238	-0.110286
64	0.793817	0.0713112	0.0713112	-1.61897	-0.101903	-0.0605461	0.714824	0.714824	-2.02857	-0.503639	-0.278057
64	0.686817	0.0922771	0.0922771	-1.57699	-0.0688845	-0.0367278	0.924986	0.924986	-1.97597	-0.347398	-0.174471
64	1.00493	0.0560205	0.0560205	-1.80615	-0.161649	-0.144615	0.561549	0.561549	-2.2631	-0.632904	-0.507874
64	0.926909	0.105734	0.105734	-2.23032	-0.0610812	-0.0725036	1.05987	1.05987	-2.79459	-0.283433	-0.275581
64	0.776563	0.17538	0.17538	-1.9385	-0.0046815	0.0305121	1.75801	1.75801	-2.42894	-0.021083	0.135506
64	1.12067	0.100828	0.100828	-2.98347	-0.292097	-0.198581	1.01069	1.01069	-3.73829	-0.726233	-0.52272
64	0.881195	-0.0383107	-0.0383107	-2.1745	-0.22758	-0.201641	-0.384026	-0.384026	-2.72464	-0.91505	-0.846331
64	0.920136	0.0559203	0.0559203	-2.6247	-0.158436	-0.1228	0.560545	0.560545	-3.28875	-0.606601	-0.451215
64	1.08404	0.207946	0.207946	-2.33982	-0.0341414	-0.0152605	2.08445	2.08445	-2.93179	-0.111697	-0.0516344
64	0.91824	0.302743	0.302743	-1.70036	0.116459	0.128684	3.0347	3.0347	-2.13055	0.560948	0.482523
64	0.816257	-0.150001	-0.150001	-2.08483	-0.327379	-0.299258	-1.50361	-1.50361	-2.6123	-1.41748	-1.29437
64	0.969412	0.0890584	0.0890584	-2.12861	-0.135898	-0.0690391	0.892722	0.892722	-2.66714	-0.514083	-0.263449
64	0.70152	0.0746893	0.0746893	-1.63874	-0.0982328	-0.0668363	0.748686	0.748686	-2.05334	-0.477908	-0.323653
64	0.910652	-0.0824555	-0.0824555	-2.23385	-0.282704	-0.232599	-0.826534	-0.826534	-2.79901	-1.11382	-0.969441
64	0.769765	0.15212	0.15212	-2.37647	-0.0164796	-0.000870328	1.52485	1.52485	-2.97772	-0.0743481	-0.0037749
64	0.986768	0.0386995	0.0386995	-2.33237	-0.160572	-0.192749	0.387924	0.387924	-2.92246	-0.665773	-0.558399
64	0.794743	-0.0158727	-0.0158727	-1.98426	-0.188476	-0.185726	-0.159108	-0.159108	-2.48627	-0.841997	-0.695599
64	1.09962	0.268823	0.268823	-1.8084	-0.115509	0.0607386	2.69468	2.69468	-2.26593	-0.280637	0.199819
64	1.25478	0.0317573	0.0317573	-2.10419	-0.634569	-0.564225	0.318335	0.318335	-2.63655	-1.29165	-1.0186
64	1.17835	0.273048	0.273048	-2.49054	-0.204222	-0.0862828	2.73704	2.73704	-3.12065	-0.474936	-0.210771
64	1.31613	0.146229	0.146229	-2.97041	-0.619881	-0.484133	1.46579	1.46579	-3.72192	-1.14579	-0.909723
64	1.19164	-0.158806	-0.158806	-2.41066	-0.64037	-0.580491	-1.59187	-1.59187	-3.02056	-1.42553	-1.16371
64	0.99707	-0.0608761	-0.0608761	-3.14178	-0.28609	-0.251004	-0.610222	-0.610222	-3.93665	-1.09442	-0.828433
64	1.02835	0.0876573	0.0876573	-1.73076	-0.115043	-0.107938	0.878676	0.878676	-2.16864	-0.460592	-0.356696
64	1.09686	-0.00915623	-0.00915623	-2.23217	-0.348176	-0.246627	-0.0917821	-0.0917821	-2.7969	-0.944513	-0.70281
64	1.07845	0.188351	0.188351	-2.28859	-0.138196	-0.0373373	1.88803	1.88803	-2.8676	-0.36716	-0.116039
64	0.834965	0.10613	0.10613	-2.09391	-0.115407	-0.0436021	1.06385	1.06385	-2.62367	-0.446199	-0.190077
64	1.11831	0.0156253	0.0156253	-2.39705	-0.305984	-0.281629	0.156628	0.156628	-3.00351	-0.875934	-0.68773
64	1.02372	0.113618	0.113618	-2.09181	-0.128639	-0.0809671	1.13891	1.13891	-2.62104	-0.433958	-0.267198
64	1.00386	0.093705	0.093705	-2.50053	-0.136503	-0.0723618	0.939299	0.939299	-3.13317	-0.521369	-0.273044
64	1.1119	0.0315865	0.0315865	-2.38457	-0.319665	-0.248449	0.316623	0.316623	-2.98787	-0.883567	-0.654897
64	0.867642	0.342926	0.342926	-1.43057	0.172851	0.19154	3.43749	3.43749	-1.79251	0.846419	0.759362
64	1.00296	0.0368473	0.0368473	-2.10223	-0.153565	-0.134708	0.369357	0.369357	-2.6341	-0.60663	-0.478831
64	0.978168	0.0996933	0.0996933	-2.24562	-0.0798253	-0.0672358	0.999326	0.999326	-2.81377	-0.351737	-0.250639
64	1.05456	0.141155	0.141155	-2.27532	-0.144258	-0.0609803	1.41494	1.41494	-2.85098	-0.449929	-0.206229
64	1.03818	-0.0190945	-0.0190945	-1.88571	-0.226126	-0.235472	-0.191404	-0.191404	-2.36279	-0.845724	-0.729709
64	0.932454	0.0380752	0.0380752	-2.62943	-0.149023	-0.119454	0.381666	0.381666	-3.29467	-0.605438	-0.488139
64	0.946249	0.0469678	0.0469678	-2.43374	-0.145954	-0.127675	0.470805	0.470805	-3.04948	-0.618152	-0.475516
64	1.0564	-0.0258688	-0.0258688	-2.93312	-0.261391	-0.232792	-0.259309	-0.259309	-3.6752	-0.883607	-0.743329
64	0.934685	0.0647205	0.0647205	-1.80097	-0.126916	-0.095172	0.648758	0.648758	-2.25661	-0.532966	-0.37332
64	1.10451	0.104418	0.104418	-2.34378	-0.291307	-0.180565	1.04668	1.04668	-2.93676	-0.735088	-0.497518
64	0.971433	0.102231	0.102231	-2.54809	-0.0928829	-0.0606346	1.02476	1.02476	-3.19275	-0.362194	-0.234747
64	0.936528	-0.0423464	-0.0423464	-1.66568	-0.222045	-0.206929	-0.42448	-0.42448	-2.08709	-1.03945	-0.803051
64	0.781062	0.0421807	0.0421807	-1.80537	-0.143012	-0.0958213	0.42282	0.42282	-2.26213	-0.62354	-0.428117
64	0.779626	0.076557	0.076557	-2.04297	-0.103039	-0.0667074	0.767407	0.767407	-2.55985	-0.468104	-0.285408
64	0.966197	0.111298	0.111298	-1.94101	-0.0909909	-0.0531013	1.11565	1.11565	-2.43209	-0.336098	-0.206905
64	0.671364	-0.0207103	-0.0207103	-2.14846	-0.170884	-0.145752	-0.2076	-0.2076	-2.69202	-0.971948	-0.688461
64	1.03314	0.134567	0.134567	-2.07513	-0.0865365	-0.0766242	1.3489	1.3489	-2.60014	-0.36111	-0.249372
64	0.783474	0.0456986	0.0456986	-2.29702	-0.132357	-0.0988083	0.458083	0.458083	-2.87817	-0.612021	-0.442262
64	0.797344	-0.088067	-0.088067	-1.81793	-0.252942	-0.239899	-0.882783	-0.882783	-2.27787	-1.21484	-1.09656
64	1.06036	0.123717	0.123717	-1.76681	-0.126772	-0.13624	1.24014	1.24014	-2.21381	-0.433983	-0.381619
64	1.09954	0.203308	0.203308	-3.30419	-0.0992812	-0.0605057	2.03796	2.03796	-4.14015	-0.289494	-0.167325
64	1.02016	0.111264	0.111264	-2.3021	-0.144131	-0.0752937	1.11531	1.11531	-2.88453	-0.484081	-0.267989
64	0.898316	0.209936	0.209936	-1.67632	0.0113448	0.0456396	2.1044	2.1044	-2.10043	0.0477077	0.169851
64	0.995488	-0.0143128	-0.0143128	-2.42366	-0.209057	-0.173879	-0.143471	-0.143471	-3.03685	-0.817419	-0.712593
64	0.942657	-0.0100658	-0.0100658	-1.9501	-0.22328	-0.177079	-0.100899	-0.100899	-2.44348	-0.852397	-0.687439
64	1.01116	0.0871822	0.0871822	-2.24719	-0.116516	-0.0900773	0.873915	0.873915	-2.81572	-0.480034	-0.328138
64	1.0184	0.0989804	0.0989804	-2.46577	-0.121581	-0.0771988	0.992179	0.992179	-3.08961	-0.464962	-0.268246
64	1.32552	0.0495673	0.0495673	-2.40023	-0.909119	-0.778241	0.496863	0.496863	-3.00749	-1.74653	-1.47396
64	1.11799	0.0610689	0.0610689	-2.19721	-0.21718	-0.251672	0.612155	0.612155	-2.75311	-0.70409	-0.595706
64	0.925456	0.126302	0.126302	-1.75863	-0.0747897	-0.0345812	1.26605	1.26605	-2.20357	-0.306226	-0.138648
64	1.51117	0.132642	0.0496588	-2.90079	-1.38378	-1.10855	1.32961	0.48994	-3.63469	-3.06911	-2.43888
64	0.901733	0.073395	0.073395	-2.15637	-0.092544	-0.0976926	0.735711	0.735711	-2.70193	-0.42626	-0.380772
64	1.11966	-0.0395888	-0.0395888	-2.76614	-0.447077	-0.395207	-0.396838	-0.396838	-3.46598	-1.13686	-0.891959
64	1.13167	0.137739	0.137739	-2.17606	-0.220159	-0.157372	1.38069	1.38069	-2.72661	-0.607546	-0.419515
64	1.14129	-0.211001	-0.211001	-2.37464	-0.571283	-0.557173	-2.11507	-2.11507	-2.97542	-1.5256	-1.29211
64	0.980298	0.125456	0.125456	-1.83778	-0.0631549	-0.0415246	1.25757	1.25757	-2.30273	-0.279328	-0.146011
64	1.0553	0.143253	0.143253	-2.33101	-0.101914	-0.0451876	1.43597	1.43597	-2.92075	-0.32484	-0.165262
64	1.0529	0.144892	0.144892	-2.51705	-0.122466	-0.078054	1.4524	1.4524	-3.15386	-0.35522	-0.243506
64	1.04135	-0.00154345	-0.00154345	-2.39032	-0.223885	-0.191624	-0.0154715	-0.0154715	-2.99508	-0.811681	-0.633041
64	0.880639	-0.104047	-0.104047	-2.07606	-0.29275	-0.241611	-1.04296	-1.04296	-2.60131	-1.24834	-1.10072
64	1.0205	-0.126475	-0.126475	-2.66531	-0.389643	-0.32609	-1.26779	-1.26779	-3.33964	-1.32053	-1.0652
64	0.823878	-0.0227134	-0.0227134	-2.18922	-0.17648	-0.186381	-0.227679	-0.227679	-2.7431	-0.879554	-0.735718
64	1.10588	0.231671	0.231671	-2.11671	-0.114078	-0.0326461	2.32227	2.32227	-2.65224	-0.313683	-0.0922507
64	1.09123	0.0694024	0.0694024	-2.47983	-0.207888	-0.209694	0.695689	0.695689	-3.10723	-0.664812	-0.594239
64	1.22171	0.0984584	0.0984584	-2.7049	-0.710954	-0.566714	0.986947	0.986947	-3.38923	-1.3378	-1.06759
64	0.952936	0.265219	0.265219	-1.95111	0.0758373	0.0925013	2.65855	2.65855	-2.44475	0.309336	0.350995
64	0.944419	0.244561	0.244561	-1.6362	0.0323847	0.0729639	2.45148	2.45148	-2.05016	0.12429	0.302983
64	1.09912	0.0706939	0.0706939	-1.8382	-0.226382	-0.153501	0.708636	0.708636	-2.30327	-0.679981	-0.496781
64	1.25687	-0.128243	-0.128243	-2.85038	-1.05238	-0.861679	-1.28551	-1.28551	-3.57153	-2.09523	-1.58759
64	1.04962	0.258407	0.258407	-2.06582	0.0215666	0.0681051	2.59027	2.59027	-2.58848	0.0773814	0.24686
64	1.33143	0.0920333	0.0920333	-2.12186	-0.852532	-0.685116	0.922542	0.922542	-2.65869	-1.71484	-1.34818
64	1.18433	0.126921	0.126921	-2.23144	-0.395701	-0.247535	1.27226	1.27226	-2.79599	-0.871313	-0.534651
64	1.02657	-0.117126	-0.117126	-2.32044	-0.337906	-0.304476	-1.17407	-1.17407	-2.90751	-1.34938	-1.07928
64	0.937817	0.0287677	0.0287677	-2.10255	-0.183516	-0.159781	0.288367	0.288367	-2.63449	-0.689188	-0.545393
64	0.762618	0.12266	0.12266	-1.96939	-0.0748706	-0.0285803	1.22954	1.22954	-2.46764	-0.278153	-0.12613
64	0.857764	0.215184	0.215184	-1.99666	0.0419585	0.0627987	2.15701	2.15701	-2.50181	0.195793	0.264282
64	0.736883	0.0294896	0.0294896	-1.4968	-0.138367	-0.122852	0.295603	0.295603	-1.87549	-0.675461	-0.519744
64	1.17455	-0.125575	-0.125575	-2.31039	-0.543788	-0.559428	-1.25877	-1.25877	-2.89492	-1.30453	-1.1671
64	0.965457	0.0668477	0.0668477	-2.69282	-0.125131	-0.117447	0.670082	0.670082	-3.3741	-0.539334	-0.443579
64	1.17676	0.0209672	0.0209672	-2.20099	-0.481958	-0.353583	0.210175	0.210175	-2.75785	-1.09759	-0.798405
64	1.04818	0.1556	0.1556	-1.96783	-0.0604079	-0.0458029	1.55973	1.55973	-2.46569	-0.229571	-0.161376
64	0.665949	0.123125	0.123125	-1.94367	-0.0157779	-0.0153362	1.23421	1.23421	-2.43542	-0.0849507	-0.0720764
64	0.883167	-0.00954182	-0.00954182	-2.52475	-0.21759	-0.170852	-0.0956472	-0.0956472	-3.16351	-0.919366	-0.684932
64	1.02131	0.177293	0.177293	-1.84774	-0.0536205	-0.0108908	1.77718	1.77718	-2.31522	-0.194644	-0.0368854
64	1.00777	0.410039	0.410039	-2.08367	0.19136	0.262375	4.11023	4.11023	-2.61083	0.698645	1.04797
64	1.15579	0.0827676	0.0827676	-2.59731	-0.34079	-0.264726	0.829663	0.829663	-3.25443	-0.813661	-0.591204
64	0.858414	-0.0788908	-0.0788908	-2.37724	-0.246116	-0.259172	-0.790801	-0.790801	-2.97868	-1.24262	-0.93137
64	0.905078	0.145896	0.145896	-1.67661	-0.0486898	-0.013881	1.46247	1.46247	-2.10079	-0.206256	-0.0531275
64	1.09341	0.0565061	0.0565061	-2.85157	-0.271729	-0.228996	0.566417	0.566417	-3.57301	-0.761613	-0.603684
64	0.878778	0.0207677	0.0207677	-2.11711	-0.20131	-0.161973	0.208176	0.208176	-2.65274	-0.772147	-0.552304
64	0.857878	0.189523	0.189523	-2.19362	-0.0129222	0.0518406	1.89978	1.89978	-2.7486	-0.0498994	0.239855
64	0.874477	0.179407	0.179407	-1.41027	-0.0321698	0.0134618	1.79837	1.79837	-1.76707	-0.125736	0.0525604
64	0.843216	0.0979735	0.0979735	-2.41863	-0.0789488	-0.0648151	0.982086	0.982086	-3.03054	-0.355742	-0.266596
64	0.832273	0.157615	0.157615	-1.89263	-0.0180087	-0.0270028	1.57993	1.57993	-2.37147	-0.0785866	-0.102147
64	0.742085	0.0184587	0.0184587	-1.9426	-0.119543	-0.125547	0.18503	0.18503	-2.43408	-0.71152	-0.521898
64	0.91108	-0.0126381	-0.0126381	-2.53188	-0.1984	-0.188157	-0.126684	-0.126684	-3.17245	-0.848868	-0.710671
64	1.03086	-0.031422	-0.031422	-2.41216	-0.252071	-0.224307	-0.314974	-0.314974	-3.02244	-1.00304	-0.735403
64	1.02481	0.170345	0.170345	-1.99497	-0.0497624	-0.0180122	1.70754	1.70754	-2.4997	-0.175902	-0.0643524
64	1.06814	0.0155447	0.0155447	-1.7999	-0.272758	-0.24427	0.15582	0.15582	-2.25528	-0.934397	-0.70833
64	1.06067	0.294762	0.294762	-2.36138	-0.00810889	0.0698502	2.9547	2.9547	-2.95881	-0.0236279	0.206888
64	0.801234	0.0815819	0.0815819	-1.58603	-0.0866135	-0.0671007	0.817777	0.817777	-1.9873	-0.402664	-0.274688
64	0.952424	0.110694	0.110694	-2.14178	-0.0871386	-0.0739225	1.1096	1.1096	-2.68365	-0.383808	-0.260778
64	1.27255	-0.122848	-0.122848	-2.37028	-0.941243	-0.796322	-1.23143	-1.23143	-2.96996	-1.58254	-1.44247
64	0.758219	0.11579	0.11579	-2.11566	-0.0615847	-0.0285221	1.16068	1.16068	-2.65092	-0.29148	-0.128629
64	1.07694	0.110741	0.110741	-1.88299	-0.146407	-0.130623	1.11007	1.11007	-2.35939	-0.500467	-0.387491
64	0.998645	-0.00954602	-0.00954602	-2.13361	-0.231894	-0.176208	-0.0956894	-0.0956894	-2.67341	-0.775141	-0.681331
64	1.11425	0.0657175	0.0657175	-2.94513	-0.235546	-0.270601	0.658753	0.658753	-3.69024	-0.670023	-0.620735
64	1.31855	0.0193954	0.0193954	-2.53185	-1.05512	-0.828983	0.194419	0.194419	-3.17241	-1.94478	-1.68092
64	0.994686	0.0934378	0.0934378	-2.02781	-0.0910721	-0.0889112	0.936621	0.936621	-2.54084	-0.410553	-0.304304
64	1.20677	-0.0744281	-0.0744281	-2.29244	-0.588447	-0.459175	-0.746067	-0.746067	-2.87243	-1.23232	-0.924478
64	0.866439	-0.0309279	-0.0309279	-2.07493	-0.215156	-0.206063	-0.310022	-0.310022	-2.59989	-1.01619	-0.852841
64	0.924176	-0.229405	-0.229405	-2.42019	-0.438063	-0.387605	-2.29956	-2.29956	-3.0325	-1.68218	-1.52488
64	0.661096	-0.0928132	-0.0928132	-1.93392	-0.260118	-0.248548	-0.930359	-0.930359	-2.4232	-1.22537	-1.04836
64	0.885091	-0.118477	-0.118477	-1.90759	-0.325098	-0.273511	-1.18761	-1.18761	-2.39021	-1.35129	-1.12856
64	0.853978	-0.177924	-0.177924	-2.26308	-0.393649	-0.345118	-1.78351	-1.78351	-2.83564	-1.55775	-1.40466
64	0.891154	0.288764	0.288764	-1.34946	0.0779782	0.117402	2.89457	2.89457	-1.69088	0.304269	0.440207
64	1.12025	0.136742	0.136742	-1.92148	-0.218516	-0.173935	1.3707	1.3707	-2.40761	-0.615687	-0.440816
64	0.943213	-0.1341	-0.1341	-2.34142	-0.318787	-0.276304	-1.34422	-1.34422	-2.9338	-1.33033	-1.21883
64	0.882304	0.0339807	0.0339807	-2.68217	-0.159532	-0.0964861	0.340623	0.340623	-3.36076	-0.684313	-0.456135
64	1.12241	0.166816	0.166816	-2.45631	-0.159118	-0.117758	1.67216	1.67216	-3.07776	-0.452975	-0.309504
64	1.18859	0.134053	0.134053	-2.43276	-0.338476	-0.335697	1.34374	1.34374	-3.04825	-0.820725	-0.761063
64	1.05809	-0.177585	-0.177585	-2.07068	-0.449904	-0.40836	-1.78011	-1.78011	-2.59456	-1.42147	-1.19173
64	0.994834	0.0775891	0.0775891	-2.34255	-0.171448	-0.108564	0.777753	0.777753	-2.93522	-0.51746	-0.36503
64	1.00159	-0.0946201	-0.0946201	-2.26271	-0.311039	-0.26952	-0.948472	-0.948472	-2.83518	-1.08806	-1.02784
64	0.881851	0.153009	0.153009	-1.97367	-0.0231814	-0.0228093	1.53376	1.53376	-2.47301	-0.114538	-0.0830011
64	1.13625	0.0750983	0.0750983	-2.89372	-0.36918	-0.216807	0.752786	0.752786	-3.62584	-0.899663	-0.558543
64	1.21103	0.173238	0.173238	-2.79836	-0.333381	-0.216456	1.73654	1.73654	-3.50635	-0.697627	-0.439854
64	1.37652	-0.00850394	-0.053727	-2.86616	-1.03333	-0.888596	-0.0852435	-0.534335	-3.5913	-2.08026	-1.57545
64	0.810184	0.191265	0.191265	-1.56932	0.0135058	0.0468968	1.91724	1.91724	-1.96636	0.0626835	0.208478
64	0.762315	-0.0476664	-0.0476664	-1.76007	-0.22477	-0.201425	-0.477808	-0.477808	-2.20537	-1.03074	-0.842381
64	0.940496	0.174067	0.174067	-2.22519	-0.0297755	0.0142788	1.74484	1.74484	-2.78816	-0.116437	0.0540733
64	1.42089	-0.152588	-0.194753	-2.11042	-1.2621	-1.0929	-1.52954	-1.93689	-2.64436	-2.57592	-2.22109
64	1.13025	0.11216	0.11216	-2.3259	-0.241337	-0.14948	1.12429	1.12429	-2.91436	-0.602356	-0.41586
64	1.04228	-0.0166041	-0.0166041	-1.94987	-0.283425	-0.208472	-0.16644	-0.16644	-2.44319	-0.876423	-0.677914
64	1.08237	0.0222442	0.0222442	-2.9547	-0.212581	-0.198659	0.222976	0.222976	-3.70224	-0.775502	-0.593806
64	0.872894	0.034045	0.034045	-1.91344	-0.140133	-0.113537	0.341267	0.341267	-2.39754	-0.638273	-0.496879
64	1.29243	0.251401	0.251401	-2.75982	-0.449466	-0.410193	2.52004	2.52004	-3.45805	-0.877795	-0.77183
64	0.837329	0.139588	0.139588	-1.56987	-0.0517747	0.00668997	1.39923	1.39923	-1.96705	-0.226658	0.0296209
64	1.06749	0.0821518	0.0821518	-3.06075	-0.160199	-0.138135	0.82349	0.82349	-3.83512	-0.534559	-0.445085
64	0.919281	-0.144178	-0.144178	-2.38745	-0.344271	-0.309853	-1.44524	-1.44524	-2.99148	-1.29294	-1.27829
64	0.914619	0.316383	0.316383	-1.74434	0.114637	0.159129	3.17143	3.17143	-2.18566	0.478844	0.596828
64	0.847643	-0.040274	-0.040274	-1.74171	-0.20967	-0.205568	-0.403707	-0.403707	-2.18237	-1.08061	-0.821182
64	1.02522	0.0165335	0.0165335	-2.27104	-0.179705	-0.135397	0.165731	0.165731	-2.84561	-0.710548	-0.523913
64	0.845137	0.0249799	0.0249799	-2.25907	-0.162202	-0.11974	0.250398	0.250398	-2.83061	-0.669942	-0.547935
64	1.21683	0.154376	0.154376	-2.35736	-0.449892	-0.351448	1.54746	1.54746	-2.95377	-0.889715	-0.726906
64	0.981316	-0.176614	-0.176614	-2.58902	-0.393448	-0.343337	-1.77038	-1.77038	-3.24405	-1.4783	-1.33687
64	0.648253	0.0699009	0.0699009	-2.12585	-0.0662237	-0.0640615	0.700687	0.700687	-2.66368	-0.375103	-0.304357
64	1.14674	0.043797	0.043797	-2.53162	-0.29679	-0.257363	0.439021	0.439021	-3.17212	-0.81428	-0.704542
64	0.868738	0.203017	0.203017	-1.68592	0.0238669	0.0560279	2.03504	2.03504	-2.11246	0.104741	0.246217
64	1.0131	0.0501325	0.0501325	-2.62802	-0.139733	-0.120887	0.502529	0.502529	-3.29291	-0.656768	-0.461328
64	0.946329	0.0769791	0.0769791	-3.06334	-0.125603	-0.0899191	0.771639	0.771639	-3.83836	-0.487362	-0.348735
64	1.01814	-0.181078	-0.181078	-2.14689	-0.383285	-0.349944	-1.81513	-1.81513	-2.69006	-1.42767	-1.33074
64	1.05126	-0.0884642	-0.0884642	-2.52635	-0.315231	-0.290162	-0.886765	-0.886765	-3.16552	-1.12483	-0.994992
64	1.15228	0.278524	0.278524	-2.34448	-0.084232	-0.0624029	2.79192	2.79192	-2.93764	-0.211372	-0.151649
64	0.933254	0.0204137	0.0204137	-1.61689	-0.213766	-0.148159	0.204627	0.204627	-2.02596	-0.714109	-0.581647
64	0.991766	0.165611	0.165611	-2.2568	-0.056012	-0.00918545	1.66008	1.66008	-2.82777	-0.192079	-0.0350946
64	1.045	0.0911281	0.0911281	-2.27837	-0.145937	-0.117875	0.913468	0.913468	-2.8548	-0.504848	-0.406382
64	1.0002	0.064106	0.064106	-2.09817	-0.184482	-0.124781	0.642598	0.642598	-2.62901	-0.645127	-0.433045
64	1.14124	0.284307	0.284307	-2.2735	-0.107875	-0.031082	2.84989	2.84989	-2.8487	-0.258799	-0.0758087
64	0.983665	-0.0811965	-0.0811965	-2.02705	-0.277378	-0.268827	-0.813914	-0.813914	-2.5399	-1.07968	-0.953985
64	1.03768	0.0474448	0.0474448	-2.28599	-0.217524	-0.158805	0.475586	0.475586	-2.86435	-0.702322	-0.488674
64	0.682616	0.180062	0.180062	-1.33826	0.00834381	0.0532105	1.80494	1.80494	-1.67684	0.0414226	0.260771
64	0.833242	-0.0625364	-0.0625364	-2.74349	-0.235823	-0.209494	-0.626865	-0.626865	-3.43759	-1.10451	-0.886737
64	0.868213	0.115236	0.115236	-1.6438	-0.0532273	-0.0526737	1.15513	1.15513	-2.05968	-0.25883	-0.211745
64	1.17243	-0.187443	-0.187443	-2.20377	-0.545929	-0.610162	-1.87893	-1.87893	-2.76132	-1.48763	-1.20988
64	0.803562	0.133483	0.133483	-1.845	-0.0348448	-0.0186937	1.33804	1.33804	-2.31179	-0.169444	-0.076673
64	1.32609	0.0927475	0.0927475	-2.57681	-0.917617	-0.72257	0.929701	0.929701	-3.22874	-1.71749	-1.35955
64	0.855745	0.264282	0.264282	-1.54168	0.0841995	0.0814769	2.64916	2.64916	-1.93172	0.374239	0.287455
64	0.782496	0.194117	0.194117	-2.05673	0.0336261	0.0186008	1.94583	1.94583	-2.57708	0.167962	0.0748106
64	0.909001	0.0359111	0.0359111	-1.5499	-0.181332	-0.111394	0.359973	0.359973	-1.94203	-0.728891	-0.483612
64	0.967888	-0.0648477	-0.0648477	-2.30295	-0.265266	-0.193499	-0.650033	-0.650033	-2.8856	-1.14715	-0.913471
64	1.3617	0.0295183	-0.0159902	-2.92404	-1.11043	-0.894755	0.295892	-0.159028	-3.66382	-2.36384	-1.8058
64	1.01394	0.0331021	0.0331021	-1.73571	-0.235639	-0.148974	0.331816	0.331816	-2.17485	-0.751893	-0.54082
64	0.840594	-0.0942022	-0.0942022	-1.81433	-0.287383	-0.269616	-0.944282	-0.944282	-2.27336	-1.25853	-1.00676
64	0.947893	0.00406116	0.00406116	-2.0054	-0.192846	-0.155554	0.0407091	0.0407091	-2.51277	-0.733048	-0.618782
64	1.09702	0.0848537	0.0848537	-2.54817	-0.289993	-0.149687	0.850573	0.850573	-3.19285	-0.74665	-0.44133
64	0.941239	0.166338	0.166338	-1.8892	0.00529863	0.0142253	1.66737	1.66737	-2.36717	0.023201	0.0631503
64	1.21753	0.298196	0.298196	-2.18136	-0.312672	-0.244832	2.98911	2.98911	-2.73325	-0.624482	-0.484145
64	0.998278	-0.0438815	-0.0438815	-2.69868	-0.252162	-0.21938	-0.439868	-0.439868	-3.38144	-1.02445	-0.785874
64	0.78881	-0.012043	-0.012043	-2.42243	-0.188876	-0.158605	-0.120719	-0.120719	-3.03531	-0.943893	-0.753244
64	0.949935	-0.0459197	-0.0459197	-2.11176	-0.221544	-0.210111	-0.460299	-0.460299	-2.64603	-0.99818	-0.829585
64	0.748424	-0.029013	-0.029013	-2.08162	-0.229462	-0.185221	-0.290826	-0.290826	-2.60826	-0.863534	-0.78295
64	0.675439	0.154435	0.154435	-1.29706	-0.00901356	0.0226289	1.54806	1.54806	-1.62521	-0.0425821	0.103248
64	1.16477	0.0565485	0.0565485	-2.98132	-0.42429	-0.290304	0.566843	0.566843	-3.7356	-0.959409	-0.696726
64	1.09653	0.169169	0.169169	-2.24715	-0.212308	-0.118121	1.69575	1.69575	-2.81568	-0.527009	-0.300866
64	0.827451	-0.0860298	-0.0860298	-2.21075	-0.297203	-0.233504	-0.862362	-0.862362	-2.77007	-1.15229	-0.964718
64	1.09559	0.161022	0.161022	-3.17154	-0.105059	-0.102802	1.61408	1.61408	-3.97394	-0.335303	-0.285788
64	0.70914	0.033547	0.033547	-2.09254	-0.121705	-0.103955	0.336275	0.336275	-2.62195	-0.580668	-0.484219
64	0.906604	0.0231267	0.0231267	-2.22177	-0.163576	-0.131027	0.231822	0.231822	-2.78388	-0.654804	-0.523896
64	1.55787	0.101438	-0.00883484	-2.25414	-1.385	-1.05085	1.01681	-0.0864599	-2.82443	-3.00068	-1.78819
64	1.11793	0.128009	0.128009	-2.66328	-0.208256	-0.18057	1.28317	1.28317	-3.33709	-0.540554	-0.44843
64	1.33181	-0.0515621	-0.0515621	-2.60562	-1.11262	-0.813855	-0.516859	-0.516859	-3.26484	-2.13246	-1.54329
64	0.935249	0.00427952	0.00427952	-2.36527	-0.171645	-0.155199	0.0428979	0.0428979	-2.96368	-0.716547	-0.629699
64	1.17329	-0.0598384	-0.0598384	-3.34196	-0.620052	-0.447524	-0.59982	-0.59982	-4.18747	-1.32753	-1.05469
64	0.676036	0.386037	0.386037	-2.00687	0.230486	0.257234	3.86964	3.86964	-2.5146	1.16846	1.26499
64	0.74437	0.00997985	0.00997985	-1.52933	-0.154223	-0.129826	0.100038	0.100038	-1.91626	-0.744352	-0.612305
64	0.842492	-0.0453564	-0.0453564	-2.0781	-0.222297	-0.209483	-0.454652	-0.454652	-2.60386	-0.978117	-0.831425
64	1.07424	0.00140243	0.00140243	-2.27011	-0.303358	-0.241796	0.014058	0.014058	-2.84445	-0.926658	-0.745482
64	1.13429	0.105712	0.105712	-2.75767	-0.255218	-0.268603	1.05966	1.05966	-3.45536	-0.706343	-0.638306
64	0.686619	-0.00860609	-0.00860609	-1.85862	-0.169961	-0.147006	-0.0862675	-0.0862675	-2.32886	-0.830169	-0.643436
64	0.87588	0.122514	0.122514	-2.07575	-0.0719691	-0.0427738	1.22808	1.22808	-2.60091	-0.30895	-0.169005
64	1.21723	-0.200803	-0.200803	-2.99523	-0.642488	-0.640864	-2.01285	-2.01285	-3.75302	-1.53199	-1.39247
64	1.09498	0.104345	0.104345	-2.75336	-0.240187	-0.184337	1.04596	1.04596	-3.44996	-0.655275	-0.478183
64	0.900313	0.19042	0.19042	-2.36037	-0.0117238	0.01498	1.90877	1.90877	-2.95755	-0.0470298	0.0564008
64	1.08401	-0.0995426	-0.0995426	-2.24438	-0.358594	-0.324793	-0.997815	-0.997815	-2.81221	-1.18413	-0.956896
64	0.868776	0.0599487	0.0599487	-1.66421	-0.138484	-0.111411	0.600926	0.600926	-2.08526	-0.585256	-0.402995
64	0.945164	-0.0397433	-0.0397433	-2.27856	-0.229712	-0.200099	-0.398386	-0.398386	-2.85503	-0.958045	-0.867138
64	0.725033	0.281325	0.281325	-1.34531	0.115026	0.132845	2.82001	2.82001	-1.68568	0.610541	0.549575
64	0.830807	-0.13932	-0.13932	-2.91951	-0.314128	-0.292772	-1.39654	-1.39654	-3.65814	-1.53632	-1.30325
64	1.12033	0.0598452	0.0598452	-3.02025	-0.245252	-0.219965	0.599888	0.599888	-3.78437	-0.673031	-0.585507
64	0.903577	0.111705	0.111705	-2.07677	-0.103314	-0.034063	1.11973	1.11973	-2.60219	-0.373363	-0.143143
64	0.951861	-0.103902	-0.103902	-2.61866	-0.273141	-0.290945	-1.04152	-1.04152	-3.28118	-1.23577	-1.01695
64	1.54839	-0.117372	-0.23729	-3.42987	-1.56677	-1.23336	-1.17654	-2.32218	-4.29763	-2.79289	-2.46866
64	1.18643	0.0908585	0.0908585	-2.19778	-0.372325	-0.272563	0.910766	0.910766	-2.75382	-0.89091	-0.63381
64	1.02019	0.055185	0.055185	-2.45237	-0.17759	-0.170004	0.553175	0.553175	-3.07283	-0.595986	-0.519596
64	0.812331	0.125732	0.125732	-1.91161	-0.0547517	-0.0257912	1.26034	1.26034	-2.39525	-0.251598	-0.112894
64	0.878281	-0.116433	-0.116433	-2.45915	-0.316611	-0.262734	-1.16712	-1.16712	-3.08132	-1.40362	-1.15068
64	0.856777	0.0439088	0.0439088	-2.01713	-0.12968	-0.116962	0.440142	0.440142	-2.52746	-0.570002	-0.447868
64	1.1963	0.0291231	0.0291231	-2.79347	-0.56358	-0.381678	0.29193	0.29193	-3.50022	-1.12243	-0.765075
64	0.811115	0.0526589	0.0526589	-1.53327	-0.127153	-0.106545	0.527853	0.527853	-1.92119	-0.578239	-0.449274
64	0.830647	-0.184216	-0.184216	-2.91874	-0.332832	-0.341709	-1.84658	-1.84658	-3.65718	-1.67372	-1.42619
64	1.04598	0.118918	0.118918	-2.2108	-0.124677	-0.0965673	1.19203	1.19203	-2.77014	-0.460706	-0.303437
64	0.837027	0.125598	0.125598	-2.41152	-0.049914	-0.0213075	1.25899	1.25899	-3.02163	-0.23558	-0.0842479
64	1.04145	0.0768967	0.0768967	-1.92608	-0.159441	-0.146056	0.770812	0.770812	-2.41338	-0.592127	-0.45071
64	0.916137	0.00476785	0.00476785	-2.17469	-0.187946	-0.13839	0.0477929	0.0477929	-2.72488	-0.810887	-0.565681
64	0.825194	-0.0962031	-0.0962031	-2.53271	-0.280631	-0.263662	-0.96434	-0.96434	-3.17349	-1.19908	-1.06237
64	1.08109	0.0788956	0.0788956	-2.11709	-0.211988	-0.162964	0.790849	0.790849	-2.65271	-0.638102	-0.495917
64	1.37318	0.117316	0.0753311	-2.50248	-0.912121	-0.819789	1.17598	0.749196	-3.1356	-1.72018	-1.47338
64	1.12705	0.114286	0.114286	-2.56944	-0.310259	-0.258879	1.1456	1.1456	-3.21951	-0.786166	-0.587689
64	1.12648	-0.187331	-0.187331	-2.85074	-0.51157	-0.508351	-1.87781	-1.87781	-3.57197	-1.42733	-1.24635
64	1.06902	-0.0171379	-0.0171379	-1.91006	-0.279256	-0.256457	-0.171791	-0.171791	-2.3933	-0.939258	-0.737699
64	0.883894	0.243485	0.243485	-1.72935	0.0669738	0.0939464	2.4407	2.4407	-2.16688	0.298225	0.406715
64	0.923443	0.0843171	0.0843171	-1.8268	-0.115503	-0.0720628	0.845195	0.845195	-2.28898	-0.481274	-0.291715
64	1.05433	-0.0286676	-0.0286676	-2.75864	-0.301881	-0.254311	-0.287364	-0.287364	-3.45657	-0.953738	-0.717775
64	0.917923	0.157344	0.157344	-1.91377	-0.0163073	-0.0326039	1.57722	1.57722	-2.39796	-0.0784443	-0.11233
64	1.05604	-0.00431519	-0.00431519	-2.13494	-0.254068	-0.230124	-0.0432555	-0.0432555	-2.67508	-0.875905	-0.675543
64	1.00616	0.240962	0.240962	-2.40174	0.0353952	0.0654284	2.4154	2.4154	-3.00938	0.135755	0.241427
64	1.39583	0.0773364	0.0345864	-3.3674	-1.06144	-0.80084	0.77522	0.343975	-4.21936	-2.23701	-1.7125
64	1.04403	0.238278	0.238278	-2.28712	-0.0241279	0.0226476	2.3885	2.3885	-2.86576	-0.0786571	0.0689335
64	0.953583	0.100623	0.100623	-2.84466	-0.109284	-0.061227	1.00865	1.00865	-3.56436	-0.413009	-0.250461
64	0.975112	0.127044	0.127044	-2.46507	-0.0799218	-0.0299209	1.27349	1.27349	-3.08874	-0.306982	-0.119032
64	1.25788	0.120455	0.120455	-3.0867	-0.536939	-0.429558	1.20744	1.20744	-3.86763	-0.997634	-0.750775
64	1.13225	0.050001	0.050001	-2.2701	-0.333095	-0.281851	0.501211	0.501211	-2.84443	-0.883758	-0.685034
64	1.12303	-0.0634879	-0.0634879	-2.6775	-0.419983	-0.351171	-0.636403	-0.636403	-3.35491	-1.1796	-0.937725
64	0.877777	0.132174	0.132174	-1.89134	-0.0350422	-0.0212173	1.32491	1.32491	-2.36985	-0.161173	-0.0878353
64	0.843705	0.106822	0.106822	-2.30003	-0.0787712	-0.0427011	1.07078	1.07078	-2.88193	-0.350817	-0.181659
64	0.879465	-0.164458	-0.164458	-1.98924	-0.370852	-0.299997	-1.64853	-1.64853	-2.49252	-1.4862	-1.3243
64	1.18154	0.183921	0.183921	-1.84153	-0.219032	-0.163795	1.84363	1.84363	-2.30744	-0.579497	-0.38914
64	1.24931	-0.0724624	-0.0724624	-2.78832	-0.736444	-0.647412	-0.726363	-0.726363	-3.49377	-1.46533	-1.26458
64	1.05919	0.105542	0.105542	-1.99158	-0.179874	-0.107375	1.05795	1.05795	-2.49545	-0.525486	-0.332255
64	0.937909	0.217217	0.217217	-1.86995	0.0330047	0.0349897	2.17738	2.17738	-2.34305	0.144536	0.119631
64	1.34342	0.0266035	0.0266035	-2.44357	-0.928154	-0.796041	0.266674	0.266674	-3.06179	-1.87972	-1.55246
64	1.03966	0.306254	0.306254	-1.95791	0.0261329	0.0982501	3.06989	3.06989	-2.45326	0.084248	0.336417
64	0.814454	0.125003	0.125003	-2.06571	-0.0561816	-0.0391605	1.25303	1.25303	-2.58834	-0.244959	-0.166245
64	0.795876	0.0730971	0.0730971	-1.77147	-0.10847	-0.0787148	0.732725	0.732725	-2.21965	-0.488432	-0.347911
64	1.14378	0.149734	0.149734	-1.86022	-0.195973	-0.153066	1.50094	1.50094	-2.33085	-0.535403	-0.367496
64	1.13924	-0.125257	-0.125257	-2.1211	-0.484416	-0.45817	-1.25557	-1.25557	-2.65773	-1.35087	-1.10664
64	0.850768	0.116487	0.116487	-2.09479	-0.052403	-0.0305436	1.16766	1.16766	-2.62477	-0.243635	-0.122271
64	0.782823	0.140363	0.140363	-2.37067	-0.0106142	-0.00309533	1.40699	1.40699	-2.97045	-0.0559615	-0.0125694
64	0.892646	-0.0136643	-0.0136643	-2.02774	-0.214802	-0.199295	-0.136971	-0.136971	-2.54076	-0.90559	-0.700717
64	0.715512	-0.0725171	-0.0725171	-1.92534	-0.239669	-0.228442	-0.726912	-0.726912	-2.41245	-1.19995	-1.05237
64	0.980492	0.0635932	0.0635932	-2.12905	-0.135403	-0.122949	0.637458	0.637458	-2.6677	-0.540402	-0.432991
64	1.16417	0.196562	0.196562	-2.42306	-0.193828	-0.122067	1.97034	1.97034	-3.03609	-0.51642	-0.3092
64	1.30991	0.0717527	0.0717527	-2.53549	-0.736008	-0.548063	0.719249	0.719249	-3.17696	-1.3591	-0.940546
64	1.0936	0.121509	0.121509	-2.87803	-0.170305	-0.0820742	1.21801	1.21801	-3.60617	-0.518929	-0.278276
64	0.871052	-0.0204848	-0.0204848	-2.21566	-0.199973	-0.18412	-0.205339	-0.205339	-2.77623	-0.915195	-0.722539
64	0.775734	-0.0240391	-0.0240391	-2.36474	-0.180681	-0.156806	-0.240968	-0.240968	-2.96302	-0.843757	-0.707823
64	0.723685	-0.105516	-0.105516	-2.06883	-0.274349	-0.234204	-1.05769	-1.05769	-2.59225	-1.38577	-1.11598
64	0.876305	-0.0498186	-0.0498186	-2.19949	-0.223413	-0.220842	-0.499381	-0.499381	-2.75596	-1.05567	-0.832181
64	0.905616	0.165851	0.165851	-2.01569	-0.0211754	0.00228968	1.66249	1.66249	-2.52565	-0.0891231	0.00902139
64	0.925334	-0.00415147	-0.00415147	-2.01554	-0.193979	-0.1978	-0.0416144	-0.0416144	-2.52547	-0.785844	-0.665144
64	0.96559	0.00832967	0.00832967	-2.18134	-0.231714	-0.152624	0.0834966	0.0834966	-2.73322	-0.809425	-0.642873
64	1.36205	-0.053021	-0.0948985	-2.28506	-1.06129	-0.965326	-0.531482	-0.943802	-2.86318	-2.02906	-1.81793
64	0.862417	-0.0551045	-0.0551045	-2.28369	-0.253502	-0.201092	-0.552367	-0.552367	-2.86147	-1.07605	-0.802193
64	1.00854	-0.120232	-0.120232	-2.29452	-0.332592	-0.312292	-1.2052	-1.2052	-2.87503	-1.29104	-0.974466
64	1.11817	-0.088016	-0.088016	-2.50232	-0.3684	-0.369396	-0.882272	-0.882272	-3.1354	-1.2204	-0.993056
64	1.12723	-0.115938	-0.115938	-2.71732	-0.444273	-0.45243	-1.16216	-1.16216	-3.4048	-1.27244	-1.07964
64	0.921207	0.191795	0.191795	-2.56859	0.0100292	0.0186812	1.92256	1.92256	-3.21844	0.0434622	0.0646211
64	0.976776	-0.0131551	-0.0131551	-2.09752	-0.221767	-0.163587	-0.131867	-0.131867	-2.62819	-0.845027	-0.700096
64	1.3093	0.0468484	0.0468484	-2.50835	-0.587388	-0.5735	0.469609	0.469609	-3.14297	-1.2784	-1.10927
64	0.998389	0.000347459	0.000347459	-2.25643	-0.232798	-0.198204	0.00348293	0.00348293	-2.82731	-0.786736	-0.650494
64	0.99524	0.255469	0.255469	-2.23665	0.0317828	0.0615045	2.56082	2.56082	-2.80252	0.117733	0.205783
64	0.903399	0.0126488	0.0126488	-2.73981	-0.201426	-0.179934	0.126791	0.126791	-3.43299	-0.808866	-0.620907
64	1.0201	0.0174391	0.0174391	-2.69295	-0.21417	-0.17751	0.174809	0.174809	-3.37426	-0.71569	-0.603031
64	1.04612	-0.0121249	-0.0121249	-2.21076	-0.256538	-0.204503	-0.12154	-0.12154	-2.77009	-0.883541	-0.715207
64	1.01136	0.304539	0.304539	-2.97929	0.0909013	0.116126	3.0527	3.0527	-3.73305	0.340251	0.381997
64	0.829217	-0.121496	-0.121496	-2.08919	-0.311313	-0.303907	-1.21787	-1.21787	-2.61775	-1.43566	-1.16231
64	0.977258	-0.143507	-0.143507	-2.24092	-0.341625	-0.304666	-1.43851	-1.43851	-2.80788	-1.37664	-1.22594
64	0.845913	-0.0309926	-0.0309926	-2.52927	-0.196012	-0.173676	-0.31067	-0.31067	-3.16917	-0.911187	-0.786423
64	0.89018	0.011432	0.011432	-2.06687	-0.146821	-0.162457	0.114595	0.114595	-2.58979	-0.727447	-0.574523
64	0.941615	0.147449	0.147449	-2.4944	-0.0461286	-0.0074658	1.47803	1.47803	-3.12549	-0.181867	-0.0296162
64	0.779997	0.0976869	0.0976869	-1.82225	-0.052789	-0.0432762	0.979214	0.979214	-2.28328	-0.286492	-0.204252
64	0.820629	0.246463	0.246463	-1.6544	0.0794997	0.0840093	2.47054	2.47054	-2.07297	0.384011	0.335943
64	0.835021	0.125622	0.125622	-2.28944	-0.0680845	-0.0350703	1.25923	1.25923	-2.86867	-0.303749	-0.138801
64	0.952458	0.134325	0.134325	-1.86274	-0.066009	-0.0243229	1.34648	1.34648	-2.33401	-0.290836	-0.0948816
64	1.02194	-0.0661734	-0.0661734	-2.34477	-0.325899	-0.227429	-0.663322	-0.663322	-2.938	-1.04783	-0.865174
64	0.941602	-0.0651343	-0.0651343	-2.23018	-0.310193	-0.24127	-0.652906	-0.652906	-2.79442	-1.1705	-0.866906
64	0.922374	-0.118729	-0.118729	-2.75773	-0.328615	-0.318876	-1.19013	-1.19013	-3.45544	-1.32137	-0.998853
64	0.732231	-0.0579884	-0.0579884	-2.21122	-0.207163	-0.214265	-0.581275	-0.581275	-2.77066	-1.04322	-0.901535
64	1.12697	-0.0153861	-0.0153861	-1.71658	-0.344133	-0.317945	-0.15423	-0.15423	-2.15088	-0.972162	-0.840947
64	0.816662	-0.13307	-0.13307	-1.99129	-0.293262	-0.272611	-1.33389	-1.33389	-2.49509	-1.60558	-1.12662
64	1.071	0.184713	0.184713	-2.22287	-0.101366	-0.0415602	1.85156	1.85156	-2.78526	-0.316954	-0.129682
64	0.978922	0.192592	0.192592	-1.94764	0.0210627	0.0138147	1.93054	1.93054	-2.4404	0.0958726	0.0505032
64	0.89207	0.21868	0.21868	-1.97462	0.0586424	0.0535957	2.19205	2.19205	-2.4742	0.27494	0.189974
64	1.18041	-0.0414572	-0.0414572	-2.04681	-0.520494	-0.559449	-0.415567	-0.415567	-2.56466	-1.13453	-1.12504
64	1.14227	-0.156758	-0.156758	-3.1988	-0.619708	-0.487114	-1.57135	-1.57135	-4.00809	-1.56913	-1.24206
64	1.19735	0.148821	0.148821	-2.20827	-0.357684	-0.300709	1.49178	1.49178	-2.76697	-0.785294	-0.639142
64	1.4359	0.164624	0.111766	-3.40304	-0.83408	-0.70248	1.65019	1.11156	-4.26401	-1.49503	-1.28383
64	0.877027	0.0907361	0.0907361	-2.17003	-0.0905909	-0.0496954	0.909539	0.909539	-2.71905	-0.391102	-0.21273
64	0.849478	0.220909	0.220909	-1.7686	0.0296581	0.0673819	2.21439	2.21439	-2.21605	0.130325	0.26477
64	1.19243	0.137109	0.137109	-2.21169	-0.341513	-0.280876	1.37438	1.37438	-2.77124	-0.800764	-0.59579
64	0.934545	0.11453	0.11453	-2.05707	-0.124158	-0.0596683	1.14805	1.14805	-2.5775	-0.441796	-0.244547
64	0.808048	-0.0582579	-0.0582579	-2.1218	-0.233931	-0.209682	-0.583977	-0.583977	-2.65862	-1.04323	-0.911115
64	1.24421	0.103357	0.103357	-2.46913	-0.53984	-0.523746	1.03605	1.03605	-3.09382	-1.12722	-1.0409
64	0.883231	-0.0605906	-0.0605906	-2.59421	-0.24272	-0.212603	-0.60736	-0.60736	-3.25055	-1.01868	-0.92236
64	0.663201	-0.0217042	-0.0217042	-2.10182	-0.158844	-0.156511	-0.217563	-0.217563	-2.63358	-0.942712	-0.715148
64	1.12833	-0.041819	-0.041819	-1.97173	-0.408704	-0.327117	-0.419193	-0.419193	-2.47058	-1.14985	-0.926933
64	0.637009	0.0827064	0.0827064	-1.9447	-0.0728881	-0.0495658	0.829049	0.829049	-2.43671	-0.371981	-0.22879
64	0.991299	0.0371158	0.0371158	-2.70685	-0.127701	-0.148413	0.372049	0.372049	-3.39168	-0.596067	-0.528836
64	0.978727	0.120335	0.120335	-2.94749	-0.118384	-0.0564525	1.20624	1.20624	-3.6932	-0.411024	-0.216996
64	0.945067	0.194075	0.194075	-2.28614	-0.00951918	0.0411169	1.94541	1.94541	-2.86453	-0.0359512	0.171966
64	0.815196	0.233458	0.233458	-2.18802	0.0454801	0.0897498	2.34018	2.34018	-2.74158	0.194985	0.429701
64	1.38065	0.186218	0.14102	-2.76043	-0.877654	-0.669037	1.86665	1.4025	-3.45882	-1.47706	-1.25033
64	1.41992	0.0545709	0.0127844	-2.3842	-0.998145	-0.87106	0.547018	0.127145	-2.9874	-1.9391	-1.6673
64	0.752206	-0.104483	-0.104483	-2.13025	-0.269767	-0.257774	-1.04733	-1.04733	-2.6692	-1.25013	-1.09116
64	0.978173	-0.0453773	-0.0453773	-2.40898	-0.258622	-0.240688	-0.454862	-0.454862	-3.01846	-1.05667	-0.828365
64	0.948062	0.240144	0.240144	-2.79025	0.041941	0.0797799	2.40721	2.40721	-3.49618	0.173193	0.32706
64	0.682652	0.0460473	0.0460473	-1.75205	-0.131371	-0.0902584	0.461578	0.461578	-2.19532	-0.589194	-0.416049
64	1.08031	-0.0470086	-0.0470086	-1.67932	-0.307897	-0.264201	-0.471214	-0.471214	-2.10418	-1.04344	-0.878257
64	0.953148	-0.0507184	-0.0507184	-2.28313	-0.241828	-0.215359	-0.508401	-0.508401	-2.86076	-1.06761	-0.82209
64	1.17654	0.255845	0.255845	-1.95452	-0.170888	-0.104928	2.56459	2.56459	-2.44902	-0.405017	-0.245123
64	0.950947	-0.0140936	-0.0140936	-2.16892	-0.223115	-0.194327	-0.141275	-0.141275	-2.71765	-0.848625	-0.693876
64	1.04256	0.127346	0.127346	-2.42133	-0.120074	-0.0681356	1.27651	1.27651	-3.03392	-0.37731	-0.213904
64	1.21754	-0.0835277	-0.0835277	-3.10327	-0.663373	-0.552209	-0.837282	-0.837282	-3.8884	-1.36365	-1.08395
64	1.32064	-0.135851	-0.135851	-2.43906	-0.805943	-0.721472	-1.36177	-1.36177	-3.05615	-1.641	-1.4246
64	1.03032	-0.0464847	-0.0464847	-1.98616	-0.2652	-0.243643	-0.465963	-0.465963	-2.48865	-0.915409	-0.847557
64	0.885954	-0.260899	-0.260899	-2.70005	-0.468173	-0.418832	-2.61525	-2.61525	-3.38317	-1.85194	-1.47647
64	0.780165	0.0507879	0.0507879	-1.74841	-0.112441	-0.0900091	0.509098	0.509098	-2.19075	-0.551227	-0.411685
64	1.00801	-0.0246219	-0.0246219	-2.55908	-0.271281	-0.19663	-0.24681	-0.24681	-3.20653	-0.915911	-0.726064
64	0.837562	0.10484	0.10484	-2.20405	-0.0455166	-0.0560748	1.05091	1.05091	-2.76167	-0.236941	-0.216587
64	1.0455	-0.00574719	-0.00574719	-2.45446	-0.267081	-0.210726	-0.0576098	-0.0576098	-3.07544	-0.869019	-0.645474
64	1.13897	0.188626	0.188626	-2.12746	-0.230689	-0.163841	1.89079	1.89079	-2.66571	-0.527786	-0.35234
64	0.970122	0.0245544	0.0245544	-2.27236	-0.169353	-0.143922	0.246133	0.246133	-2.84727	-0.675257	-0.530933
64	0.931908	0.155951	0.155951	-3.12522	-0.0388868	0.00740897	1.56325	1.56325	-3.9159	-0.161159	0.0303923
64	1.06233	-0.0203457	-0.0203457	-2.43739	-0.309249	-0.239401	-0.203945	-0.203945	-3.05405	-0.988189	-0.735717
64	1.24108	-0.127322	-0.127322	-2.65388	-0.795882	-0.669643	-1.27628	-1.27628	-3.32532	-1.6431	-1.42059
64	1.02749	-0.115637	-0.115637	-2.52569	-0.33124	-0.309588	-1.15915	-1.15915	-3.16469	-1.24804	-1.02953
64	1.40731	0.154444	0.115973	-2.99104	-0.923936	-0.7773	1.54815	1.15339	-3.74777	-1.56746	-1.36461
64	0.782413	0.234009	0.234009	-1.5496	0.0663528	0.058977	2.34571	2.34571	-1.94165	0.312828	0.231621
64	0.859699	0.0888065	0.0888065	-2.52809	-0.0766826	-0.0555848	0.890197	0.890197	-3.16769	-0.38702	-0.25144
64	1.04653	0.238734	0.238734	-1.72357	-0.0111898	0.0113302	2.39307	2.39307	-2.15964	-0.0393194	0.0366796
64	0.77499	0.0882857	0.0882857	-1.61048	-0.104581	-0.0595759	0.884976	0.884976	-2.01793	-0.452857	-0.254521
64	0.841672	0.28283	0.28283	-2.65098	0.0955014	0.110572	2.83509	2.83509	-3.32168	0.416429	0.436018
64	0.811753	0.199957	0.199957	-1.98873	0.0163766	0.0447892	2.00437	2.00437	-2.49188	0.07206	0.181213
64	0.958893	-0.21143	-0.21143	-1.98224	-0.396435	-0.374756	-2.11938	-2.11938	-2.48374	-1.63006	-1.43665
64	0.887624	-0.0893729	-0.0893729	-2.06224	-0.284002	-0.255897	-0.895874	-0.895874	-2.58399	-1.11197	-0.969076
64	0.910129	-0.136333	-0.136333	-2.28872	-0.321883	-0.310177	-1.3666	-1.3666	-2.86776	-1.4086	-1.18601
64	0.878628	-0.00428511	-0.00428511	-1.92522	-0.160684	-0.186305	-0.0429539	-0.0429539	-2.4123	-0.770808	-0.692882
64	0.927621	0.0180596	0.0180596	-2.76631	-0.156349	-0.161087	0.181029	0.181029	-3.46618	-0.735529	-0.604901
64	0.669767	0.0316458	0.0316458	-1.8253	-0.115391	-0.0885308	0.317217	0.317217	-2.2871	-0.672625	-0.420481
64	0.837279	0.0544804	0.0544804	-2.25972	-0.136165	-0.137053	0.546112	0.546112	-2.83143	-0.546048	-0.451139
64	1.14019	0.144382	0.144382	-2.15141	-0.223728	-0.136365	1.44729	1.44729	-2.69571	-0.601614	-0.341565
64	1.29023	-0.0135951	-0.0135951	-3.08364	-0.833842	-0.675391	-0.136277	-0.136277	-3.8638	-1.54668	-1.31222
64	0.976197	0.111748	0.111748	-1.59915	-0.112961	-0.0602925	1.12016	1.12016	-2.00373	-0.421011	-0.249514
64	0.880915	0.235227	0.235227	-1.67098	0.0509792	0.0588777	2.35791	2.35791	-2.09374	0.217254	0.224118
64	0.770488	-0.0847703	-0.0847703	-2.28784	-0.251888	-0.236667	-0.849738	-0.849738	-2.86666	-1.20867	-1.00488
64	0.930939	0.0814921	0.0814921	-2.17904	-0.125234	-0.120515	0.816877	0.816877	-2.73033	-0.472871	-0.402785
64	0.902402	0.108699	0.108699	-1.5003	-0.0642739	-0.0726384	1.08959	1.08959	-1.87988	-0.287789	-0.258652
64	0.951025	0.168879	0.168879	-2.109	-0.0263673	-0.0183916	1.69284	1.69284	-2.64257	-0.102957	-0.0653136
64	1.16424	0.0426227	0.0426227	-2.35935	-0.38149	-0.308225	0.42725	0.42725	-2.95626	-0.943535	-0.728093
64	1.01757	0.280697	0.280697	-2.4504	0.0690105	0.0945231	2.81371	2.81371	-3.07035	0.277144	0.315489
64	0.974616	-0.0360168	-0.0360168	-2.53142	-0.224186	-0.208994	-0.361033	-0.361033	-3.17187	-0.925189	-0.760958
64	1.36231	-0.1762	-0.213576	-3.15409	-1.18095	-0.937621	-1.76623	-2.1241	-3.95208	-2.20187	-1.66114
64	0.566894	-0.0253456	-0.0253456	-1.87927	-0.162268	-0.158765	-0.254065	-0.254065	-2.35473	-0.953143	-0.722953
64	0.850608	0.174033	0.174033	-1.86592	-0.006374	0.00734141	1.74451	1.74451	-2.338	-0.0293988	0.0280465
64	0.958817	0.0578102	0.0578102	-1.92596	-0.144022	-0.115543	0.579489	0.579489	-2.41323	-0.595511	-0.407835
64	1.29196	0.151924	0.151924	-2.63417	-0.536912	-0.399753	1.52289	1.52289	-3.30062	-1.03476	-0.805431
64	0.955428	-0.0145677	-0.0145677	-3.0075	-0.200458	-0.197449	-0.146026	-0.146026	-3.7684	-0.794033	-0.721887
64	0.657262	0.178527	0.178527	-1.47955	0.0359741	0.0557242	1.78956	1.78956	-1.85388	0.200739	0.254412
64	1.00809	0.166915	0.166915	-1.94294	-0.0304443	-0.0313936	1.67316	1.67316	-2.4345	-0.128959	-0.0977939
64	0.849771	0.113739	0.113739	-2.24649	-0.0600581	-0.0457731	1.14012	1.14012	-2.81485	-0.276092	-0.195198
64	1.20715	-0.0689493	-0.0689493	-2.19114	-0.59011	-0.505622	-0.691148	-0.691148	-2.7455	-1.36447	-1.0324
64	1.11346	0.219604	0.219604	-2.00379	-0.109268	-0.077135	2.20131	2.20131	-2.51075	-0.292145	-0.196064
64	1.08819	0.117871	0.117871	-2.23414	-0.144661	-0.11754	1.18154	1.18154	-2.79938	-0.445644	-0.343521
64	0.601317	0.00721426	0.00721426	-1.72957	-0.143847	-0.132774	0.0723158	0.0723158	-2.16716	-0.761339	-0.62002
64	1.0704	0.0952791	0.0952791	-2.03046	-0.188153	-0.0975527	0.955077	0.955077	-2.54416	-0.585016	-0.339865
64	0.845421	-0.043289	-0.043289	-2.30763	-0.229686	-0.207311	-0.433929	-0.433929	-2.89146	-0.964658	-0.78964
64	0.959713	0.114022	0.114022	-1.98887	-0.122147	-0.0504251	1.14295	1.14295	-2.49206	-0.446938	-0.192914
64	1.03746	0.00432247	0.00432247	-2.43441	-0.287291	-0.226808	0.0433284	0.0433284	-3.05032	-0.88742	-0.655945
64	1.02259	0.0549945	0.0549945	-2.26698	-0.175449	-0.15618	0.551265	0.551265	-2.84053	-0.659262	-0.496897
64	0.776949	0.173639	0.173639	-1.67005	0.000723439	0.0248854	1.74056	1.74056	-2.09257	0.0034552	0.113207
64	1.40941	0.0375792	0.00177879	-2.59449	-1.23239	-1.0061	0.376694	0.0176907	-3.2509	-2.34576	-1.91069
64	0.730934	0.128108	0.128108	-1.6007	-0.0221999	-0.00489383	1.28415	1.28415	-2.00567	-0.117593	-0.0229301
64	1.31568	0.214454	0.214454	-1.97705	-0.5981	-0.513802	2.14969	2.14969	-2.47724	-1.1359	-0.976105
64	0.88525	0.073486	0.073486	-2.0444	-0.100847	-0.0884721	0.736624	0.736624	-2.56164	-0.491022	-0.347424
64	0.531901	0.0148521	0.0148521	-1.87464	-0.142045	-0.109957	0.148877	0.148877	-2.34893	-0.718644	-0.560085
64	0.756236	-0.0784532	-0.0784532	-2.05188	-0.253303	-0.215457	-0.786415	-0.786415	-2.57101	-1.15787	-0.981648
64	0.783594	-0.105994	-0.105994	-2.48148	-0.268426	-0.248493	-1.06248	-1.06248	-3.10929	-1.189	-1.07341
64	0.887932	-0.0157545	-0.0157545	-2.35442	-0.184163	-0.176432	-0.157923	-0.157923	-2.95009	-0.84199	-0.698052
64	0.929982	0.122912	0.122912	-2.68831	-0.113686	-0.044352	1.23207	1.23207	-3.36845	-0.407525	-0.168796
64	0.983316	0.147969	0.147969	-2.53714	-0.12334	-0.0275578	1.48324	1.48324	-3.17903	-0.338654	-0.0998286
64	0.895647	0.128875	0.128875	-1.85366	-0.0646414	-0.035058	1.29184	1.29184	-2.32264	-0.276926	-0.146015
64	0.895961	0.13551	0.13551	-1.85583	-0.0374596	0.00310843	1.35836	1.35836	-2.32535	-0.165301	0.0136912
64	0.850278	0.090162	0.090162	-1.70661	-0.0710478	-0.0678578	0.903784	0.903784	-2.13838	-0.332958	-0.273045
64	1.07645	-0.0953339	-0.0953339	-2.16077	-0.32268	-0.334759	-0.955627	-0.955627	-2.70745	-1.17535	-1.03053
64	1.0167	-0.0616068	-0.0616068	-2.123	-0.317508	-0.274208	-0.617546	-0.617546	-2.66011	-1.02165	-0.918735
64	1.05365	0.129649	0.129649	-1.50986	-0.0887425	-0.0632621	1.2996	1.2996	-1.89185	-0.328201	-0.205423
64	0.868344	0.237447	0.237447	-1.87671	0.0419061	0.0547641	2.38017	2.38017	-2.35152	0.172761	0.194082
64	1.16054	-0.064837	-0.064837	-2.20205	-0.569346	-0.567592	-0.649926	-0.649926	-2.75917	-1.29609	-1.09795
64	0.884553	0.0922677	0.0922677	-2.06602	-0.0681367	-0.0550338	0.924891	0.924891	-2.58872	-0.324361	-0.251607
64	1.34912	0.153862	0.153862	-1.93832	-0.879818	-0.72987	1.54231	1.54231	-2.42871	-1.89024	-1.64758
64	1.04235	0.194176	0.194176	-2.34658	-0.0839255	-0.015291	1.94642	1.94642	-2.94026	-0.255386	-0.0450666
64	0.845835	0.259802	0.259802	-1.42298	0.0765231	0.0988918	2.60426	2.60426	-1.78299	0.324081	0.442096
64	1.15108	-0.0401953	-0.0401953	-1.9068	-0.503456	-0.426997	-0.402918	-0.402918	-2.38922	-1.15068	-0.985163
64	1.1821	0.0680224	0.0680224	-2.91957	-0.390782	-0.261096	0.681857	0.681857	-3.65822	-0.952773	-0.622637
64	0.658011	-0.0318335	-0.0318335	-2.04266	-0.182554	-0.179182	-0.319099	-0.319099	-2.55945	-0.972196	-0.828746
64	0.916705	0.0831432	0.0831432	-2.0667	-0.128369	-0.0558426	0.833427	0.833427	-2.58957	-0.503533	-0.236039
64	1.06911	-0.112543	-0.112543	-3.01867	-0.460014	-0.306418	-1.12813	-1.12813	-3.78239	-1.21758	-0.984818
64	0.756484	0.153854	0.153854	-1.8172	-0.0177437	0.000711436	1.54223	1.54223	-2.27695	-0.0823832	0.00301153
64	1.01418	0.00846636	0.00846636	-2.83663	-0.236482	-0.172814	0.0848668	0.0848668	-3.5543	-0.790193	-0.593349
64	0.771606	0.198038	0.198038	-1.9262	0.0392576	0.0385619	1.98513	1.98513	-2.41353	0.184147	0.155659
64	0.764456	0.0055119	0.0055119	-1.82195	-0.164899	-0.137943	0.0552513	0.0552513	-2.2829	-0.835941	-0.641409
64	0.654435	0.151744	0.151744	-1.31277	0.00611349	0.00599931	1.52108	1.52108	-1.6449	0.0333603	0.0251114
64	0.896427	0.0507797	0.0507797	-2.17584	-0.178058	-0.134111	0.509016	0.509016	-2.72633	-0.67537	-0.457789
64	0.893908	0.0109023	0.0109023	-2.6693	-0.162578	-0.12625	0.109284	0.109284	-3.34463	-0.766607	-0.537627
64	1.23396	0.186426	0.186426	-2.05434	-0.592219	-0.341635	1.86873	1.86873	-2.57409	-1.08833	-0.667428
64	1.14277	0.30233	0.30233	-2.47661	-0.0684209	0.0139177	3.03055	3.03055	-3.10319	-0.175023	0.0357704
64	0.932003	0.0961907	0.0961907	-2.03404	-0.0938598	-0.0705586	0.964215	0.964215	-2.54865	-0.402707	-0.2756
64	0.906054	0.0641303	0.0641303	-1.93693	-0.13963	-0.101199	0.642842	0.642842	-2.42697	-0.556445	-0.414402
64	1.0267	0.141844	0.141844	-2.55179	-0.0880403	-0.0597586	1.42185	1.42185	-3.19739	-0.304679	-0.197984
64	0.837037	-0.155207	-0.155207	-2.29869	-0.303309	-0.312032	-1.55579	-1.55579	-2.88026	-1.56748	-1.30769
64	0.766679	0.0510273	0.0510273	-1.75126	-0.106453	-0.0944795	0.511498	0.511498	-2.19433	-0.54458	-0.421618
64	1.07237	0.325971	0.325971	-2.55135	0.086332	0.0859853	3.26753	3.26753	-3.19684	0.286489	0.243168
64	0.970373	-0.105122	-0.105122	-2.20182	-0.288692	-0.295112	-1.05374	-1.05374	-2.75888	-1.18835	-0.9507
64	0.819896	0.101083	0.101083	-2.04639	-0.074492	-0.0431193	1.01325	1.01325	-2.56413	-0.329436	-0.173498
64	1.42189	0.0149989	-0.0261631	-3.13919	-1.19408	-1.00914	0.150349	-0.260202	-3.93341	-2.55227	-1.96406
64	1.12967	0.0198348	0.0198348	-3.01842	-0.388849	-0.33794	0.198824	0.198824	-3.78209	-0.969641	-0.834142
64	0.880009	0.186896	0.186896	-1.61143	0.0038569	0.00795755	1.87344	1.87344	-2.01912	0.0164364	0.0296363
64	0.996009	0.0248029	0.0248029	-2.95981	-0.219549	-0.187414	0.248624	0.248624	-3.70865	-0.763366	-0.613542
64	1.06314	0.125249	0.125249	-2.50552	-0.121815	-0.0974007	1.25549	1.25549	-3.13942	-0.410629	-0.304475
64	0.796352	0.00553872	0.00553872	-2.65704	-0.164808	-0.144217	0.0555201	0.0555201	-3.32927	-0.832431	-0.594061
64	0.847369	-0.0451191	-0.0451191	-2.81225	-0.237711	-0.199815	-0.452274	-0.452274	-3.52375	-0.970527	-0.773366
64	0.853015	0.0528172	0.0528172	-2.40104	-0.141917	-0.0961408	0.52944	0.52944	-3.0085	-0.612061	-0.425959
64	0.930783	0.0748529	0.0748529	-2.0687	-0.130417	-0.108804	0.750325	0.750325	-2.59208	-0.567888	-0.419083
64	1.08421	0.20428	0.20428	-2.01428	-0.111794	-0.0325692	2.0477	2.0477	-2.52389	-0.314671	-0.0961064
64	0.665346	0.250407	0.250407	-1.55755	0.0937499	0.114112	2.51008	2.51008	-1.95161	0.476463	0.52797
64	0.87708	0.1526	0.1526	-2.02841	-0.0336268	-0.00957619	1.52966	1.52966	-2.5416	-0.146571	-0.0353513
64	1.25989	-0.0105254	-0.0105254	-1.94496	-0.635007	-0.613015	-0.105507	-0.105507	-2.43704	-1.40784	-1.25208
64	0.785919	0.137974	0.137974	-1.69433	-0.0293228	-0.00529044	1.38305	1.38305	-2.123	-0.147123	-0.0213054
64	1.30937	0.332273	0.332273	-2.19829	-0.367446	-0.326964	3.3307	3.3307	-2.75446	-0.710957	-0.582239
64	1.08754	0.0504733	0.0504733	-2.18391	-0.259743	-0.196244	0.505944	0.505944	-2.73644	-0.735903	-0.57981
64	1.23207	0.117902	0.117902	-2.69037	-0.591038	-0.463052	1.18185	1.18185	-3.37103	-1.2007	-0.897216
64	1.01705	0.145716	0.145716	-2.16881	-0.100793	-0.0957124	1.46066	1.46066	-2.71752	-0.344073	-0.275606
64	0.847967	0.0312829	0.0312829	-2.06297	-0.144176	-0.12582	0.31358	0.31358	-2.5849	-0.710404	-0.531101
64	0.997026	0.138706	0.138706	-2.17341	-0.08705	-0.0271905	1.39039	1.39039	-2.72328	-0.292543	-0.0953973
64	0.783709	0.185039	0.185039	-2.09934	-0.030333	0.04116	1.85483	1.85483	-2.63047	-0.120404	0.178868
64	1.22201	-0.27819	-0.27819	-2.33798	-0.897065	-0.758913	-2.78857	-2.78857	-2.92949	-1.97829	-1.63175
64	1.01851	-0.114276	-0.114276	-2.70048	-0.363662	-0.274653	-1.1455	-1.1455	-3.3837	-1.19217	-1.12137
64	1.0615	-0.174931	-0.174931	-2.4781	-0.45375	-0.39917	-1.75351	-1.75351	-3.10506	-1.40894	-1.23416
64	0.761867	-0.0360067	-0.0360067	-2.30428	-0.235987	-0.186239	-0.360931	-0.360931	-2.88726	-0.868305	-0.769214
64	0.824641	-0.103537	-0.103537	-1.92959	-0.290551	-0.279375	-1.03785	-1.03785	-2.41778	-1.17026	-1.03104
64	0.830955	0.135375	0.135375	-2.56412	-0.0459294	-0.00203802	1.357	1.357	-3.21284	-0.203294	-0.00926369
64	0.963728	0.0748827	0.0748827	-1.96383	-0.142889	-0.111448	0.750624	0.750624	-2.46068	-0.529743	-0.420174
64	0.923791	0.147281	0.147281	-2.12439	-0.060932	-0.0193788	1.47634	1.47634	-2.66186	-0.245579	-0.0798877
64	0.897037	0.0643978	0.0643978	-1.9274	-0.121724	-0.0980903	0.645523	0.645523	-2.41503	-0.529783	-0.390444
64	0.895114	0.00946897	0.00946897	-2.51253	-0.181962	-0.138889	0.094917	0.094917	-3.1482	-0.767073	-0.593153
64	0.981591	-0.0287723	-0.0287723	-1.79531	-0.234596	-0.225863	-0.288413	-0.288413	-2.24952	-0.857185	-0.743517
64	0.704686	0.170312	0.170312	-1.22928	0.0135058	0.0455622	1.70721	1.70721	-1.54028	0.0707693	0.20865
64	1.12314	0.0256712	0.0256712	-2.2279	-0.309786	-0.280365	0.257328	0.257328	-2.79156	-0.873685	-0.684273
64	1.16071	0.221848	0.221848	-2.7373	-0.208673	-0.132208	2.2238	2.2238	-3.42984	-0.496413	-0.313065
64	1.1134	0.0371241	0.0371241	-2.01866	-0.306897	-0.198098	0.372132	0.372132	-2.52939	-0.881313	-0.587318
64	0.923653	0.402396	0.402396	-2.23745	0.192401	0.239052	4.03362	4.03362	-2.80353	0.753487	0.922181
64	0.61568	-0.0366056	-0.0366056	-1.56236	-0.197771	-0.160489	-0.366935	-0.366935	-1.95763	-0.936854	-0.775946
64	0.868617	0.0216653	0.0216653	-2.75998	-0.148892	-0.133215	0.217173	0.217173	-3.45826	-0.684261	-0.486269
64	0.653745	0.0352798	0.0352798	-2.17079	-0.128075	-0.096561	0.353645	0.353645	-2.72	-0.625957	-0.451524
64	0.837743	0.129348	0.129348	-1.47825	-0.0674632	-0.00717785	1.29659	1.29659	-1.85225	-0.277264	-0.0327398
64	0.840361	0.0568245	0.0568245	-1.83283	-0.11591	-0.0941095	0.569608	0.569608	-2.29654	-0.549334	-0.381973
64	0.892258	-0.0206609	-0.0206609	-2.15708	-0.243089	-0.173623	-0.207105	-0.207105	-2.70282	-0.925312	-0.766447
64	1.02516	-0.12321	-0.12321	-2.19382	-0.344884	-0.311736	-1.23505	-1.23505	-2.74886	-1.30763	-1.05706
64	1.04308	-0.0431647	-0.0431647	-1.93851	-0.356379	-0.251937	-0.432683	-0.432683	-2.42895	-1.00383	-0.750951
64	0.893998	-0.177797	-0.177797	-2.08632	-0.370391	-0.344943	-1.78224	-1.78224	-2.61415	-1.5117	-1.29599
64	1.16644	0.0970008	0.0970008	-2.3658	-0.340219	-0.267944	0.972336	0.972336	-2.96435	-0.839259	-0.655124
64	1.0635	0.0300087	0.0300087	-2.28214	-0.235201	-0.169244	0.300807	0.300807	-2.85953	-0.774742	-0.562368
64	1.01979	-0.0353342	-0.0353342	-2.18659	-0.24368	-0.23801	-0.35419	-0.35419	-2.7398	-0.979927	-0.790559
64	0.88962	0.132523	0.132523	-1.58598	-0.0413395	-0.0411348	1.32841	1.32841	-1.98724	-0.183022	-0.153989
64	0.804464	0.0577263	0.0577263	-2.1036	-0.120553	-0.121617	0.578648	0.578648	-2.63581	-0.547282	-0.450311
64	1.01509	0.202059	0.202059	-2.56877	-0.0143415	0.00152064	2.02544	2.02544	-3.21867	-0.0524721	0.00520715
64	0.992767	-0.118001	-0.118001	-2.29937	-0.362417	-0.303999	-1.18284	-1.18284	-2.88111	-1.13931	-1.02807
64	1.46366	-0.0784925	-0.158088	-3.26135	-1.47853	-1.20805	-0.786809	-1.55972	-4.08647	-3.42051	-2.29241
64	1.03089	0.0614071	0.0614071	-1.86888	-0.175724	-0.129561	0.615545	0.615545	-2.34171	-0.544719	-0.426031
64	0.975141	0.103328	0.103328	-1.97856	-0.119515	-0.0938133	1.03576	1.03576	-2.47913	-0.455608	-0.298113
64	1.23227	0.101516	0.101516	-2.23063	-0.488128	-0.446441	1.0176	1.0176	-2.79497	-1.08191	-0.92831
64	1.01113	0.245548	0.245548	-2.41077	0.00648257	0.063131	2.46137	2.46137	-3.02069	0.023873	0.228321
64	0.753745	0.22714	0.22714	-2.08102	0.0632974	0.0897328	2.27685	2.27685	-2.60752	0.299503	0.410432
64	0.941983	-0.0387586	-0.0387586	-2.11134	-0.2421	-0.231604	-0.388516	-0.388516	-2.64551	-1.01533	-0.829225
64	1.08575	0.0290213	0.0290213	-2.20579	-0.250795	-0.235135	0.290909	0.290909	-2.76385	-0.820346	-0.667756
64	1.06006	0.0757697	0.0757697	-2.14513	-0.187768	-0.145092	0.759515	0.759515	-2.68785	-0.609569	-0.450782
64	1.19179	0.154528	0.154528	-2.56269	-0.376736	-0.227836	1.54899	1.54899	-3.21105	-0.831214	-0.510777
64	0.885067	-0.283631	-0.283631	-2.47639	-0.464242	-0.447436	-2.84312	-2.84312	-3.10292	-2.12812	-1.79398
64	1.00079	-0.0604956	-0.0604956	-2.93751	-0.271227	-0.252181	-0.606407	-0.606407	-3.6807	-1.08549	-0.901797
64	1.11509	0.0210983	0.0210983	-1.77117	-0.351869	-0.252054	0.21149	0.21149	-2.21928	-0.886142	-0.688776
64	1.29747	0.189238	0.189238	-3.14837	-0.498749	-0.343824	1.89692	1.89692	-3.94491	-1.00876	-0.700628
64	1.08884	0.0264941	0.0264941	-3.08772	-0.247686	-0.238226	0.265577	0.265577	-3.86891	-0.826711	-0.658083
64	1.09347	-0.260947	-0.260947	-2.72512	-0.560458	-0.475366	-2.61573	-2.61573	-3.41457	-1.61191	-1.46412
64	0.785896	0.247515	0.247515	-1.51115	0.0707071	0.109483	2.4811	2.4811	-1.89347	0.322842	0.502539
64	1.04189	-0.0439332	-0.0439332	-1.96925	-0.275063	-0.214777	-0.440387	-0.440387	-2.46746	-0.944519	-0.769874
64	0.942412	-0.218712	-0.218712	-2.18405	-0.410659	-0.39178	-2.19236	-2.19236	-2.73661	-1.65815	-1.52159
64	1.25869	-0.0719439	-0.0719439	-2.14139	-0.86425	-0.650332	-0.721166	-0.721166	-2.68316	-1.47357	-1.25659
64	0.931651	0.0711479	0.0711479	-1.97751	-0.112836	-0.0799398	0.713187	0.713187	-2.47782	-0.494416	-0.345086
64	0.979563	0.184807	0.184807	-2.45324	-0.0194447	-0.00250365	1.85251	1.85251	-3.07391	-0.0751062	-0.00925388
64	1.32775	-0.00661933	-0.00661933	-3.40041	-1.03434	-0.779946	-0.0663522	-0.0663522	-4.26071	-1.70796	-1.41039
64	1.1297	-0.0560158	-0.0560158	-2.00217	-0.438101	-0.334968	-0.561502	-0.561502	-2.50872	-1.13612	-0.898114
64	0.902175	0.0224867	0.0224867	-2.4004	-0.156634	-0.153135	0.225407	0.225407	-3.00771	-0.660376	-0.601364
64	1.17237	0.300556	0.300556	-2.16906	-0.125973	-0.0517005	3.01277	3.01277	-2.71783	-0.318644	-0.115877
64	0.884447	0.225696	0.225696	-2.83536	-0.00408332	0.0738804	2.26237	2.26237	-3.55271	-0.0153547	0.335991
64	0.874028	0.0142871	0.0142871	-2.1026	-0.180274	-0.151818	0.143214	0.143214	-2.63455	-0.713437	-0.583887
64	0.786591	0.165351	0.165351	-1.63518	-0.0287033	0.0188965	1.65747	1.65747	-2.04888	-0.122903	0.0760772
64	1.10957	-0.0230208	-0.0230208	-2.80131	-0.344943	-0.309812	-0.230761	-0.230761	-3.51004	-0.970966	-0.790642
64	1.03843	0.074221	0.074221	-2.10472	-0.171582	-0.13096	0.743991	0.743991	-2.63722	-0.551779	-0.424441
64	0.947102	0.00525333	0.00525333	-2.32747	-0.205163	-0.179171	0.0526593	0.0526593	-2.91632	-0.766576	-0.662977
64	0.601116	0.103258	0.103258	-1.81669	-0.0405307	-0.0350555	1.03506	1.03506	-2.27631	-0.213316	-0.166759
64	0.58803	0.0801695	0.0801695	-1.37203	-0.0597365	-0.0471725	0.803619	0.803619	-1.71915	-0.355917	-0.23484
64	1.03624	-0.037224	-0.037224	-2.02514	-0.233022	-0.289583	-0.373133	-0.373133	-2.53751	-1.01334	-0.823999
64	1.04878	-0.0413149	-0.0413149	-2.08644	-0.305025	-0.264627	-0.41414	-0.41414	-2.61431	-1.03966	-0.815669
64	0.996998	0.286211	0.286211	-1.92252	0.0806711	0.0902715	2.86898	2.86898	-2.40892	0.338334	0.298894
64	0.932589	0.145796	0.145796	-2.86883	-0.0425405	-0.0282515	1.46146	1.46146	-3.59464	-0.203676	-0.0902441
64	1.01762	0.00489193	0.00489193	-2.15012	-0.213619	-0.145513	0.0490367	0.0490367	-2.6941	-0.911813	-0.624323
64	0.710657	0.0689739	0.0689739	-1.68843	-0.0775417	-0.0525229	0.691395	0.691395	-2.1156	-0.399254	-0.250418
64	1.25793	0.0899356	0.0899356	-2.75217	-0.507522	-0.408381	0.901514	0.901514	-3.44847	-1.0024	-0.845525
64	0.936534	-0.0528477	-0.0528477	-2.08195	-0.242494	-0.23532	-0.529746	-0.529746	-2.60868	-1.0281	-0.801822
64	1.013	0.168689	0.168689	-2.15928	-0.0517825	-0.0344715	1.69094	1.69094	-2.70558	-0.213427	-0.108261
64	1.06228	0.113843	0.113843	-2.25484	-0.108761	-0.108416	1.14116	1.14116	-2.82531	-0.399258	-0.311661
64	0.816361	-0.168383	-0.168383	-2.28037	-0.358285	-0.314996	-1.68787	-1.68787	-2.8573	-1.34887	-1.33177
64	1.09602	-0.0239838	-0.0239838	-2.15202	-0.342507	-0.296222	-0.240414	-0.240414	-2.69648	-0.971138	-0.834622
64	1.1403	-0.0324474	-0.0324474	-2.29731	-0.348209	-0.332995	-0.325252	-0.325252	-2.87853	-1.03607	-0.843885
64	1.04986	-0.000933692	-0.000933692	-2.61454	-0.297863	-0.195083	-0.00935932	-0.00935932	-3.27602	-0.978078	-0.659854
64	1.03945	0.00332972	0.00332972	-2.36053	-0.242237	-0.192563	0.0333772	0.0333772	-2.95775	-0.771493	-0.644731
64	0.80138	-0.138227	-0.138227	-2.1359	-0.311079	-0.280739	-1.38559	-1.38559	-2.67628	-1.60139	-1.28868
64	0.894725	0.174209	0.174209	-2.47452	-0.0100295	0.0263848	1.74627	1.74627	-3.10057	-0.0397702	0.11333
64	0.692185	0.188704	0.188704	-2.17299	0.0332968	0.0444436	1.89157	1.89157	-2.72276	0.171701	0.200383
64	0.969089	-0.000119657	-0.000119657	-2.85144	-0.220756	-0.172521	-0.00119944	-0.00119944	-3.57286	-0.869845	-0.639828
64	0.878527	0.0266551	0.0266551	-1.96014	-0.184578	-0.120687	0.267191	0.267191	-2.45605	-0.773031	-0.52168
64	0.89572	-0.00581038	-0.00581038	-1.74347	-0.185171	-0.17871	-0.0582432	-0.0582432	-2.18457	-0.752166	-0.686952
64	1.15082	-0.0306632	-0.0306632	-2.2604	-0.539707	-0.386145	-0.307368	-0.307368	-2.83228	-1.16148	-0.910658
64	1.33071	0.107387	0.107387	-3.13304	-0.813933	-0.599732	1.07645	1.07645	-3.9257	-1.43147	-1.09994
64	1.02114	0.284264	0.284264	-1.76708	0.0672078	0.086647	2.84947	2.84947	-2.21415	0.262268	0.280043
64	1.23296	0.166637	0.166637	-2.31653	-0.388644	-0.421159	1.67037	1.67037	-2.90262	-0.942614	-0.818963
64	1.08091	0.165817	0.165817	-1.99929	-0.118968	-0.0856655	1.66215	1.66215	-2.50511	-0.351265	-0.238501
64	1.00543	0.0263098	0.0263098	-2.30678	-0.193841	-0.154859	0.26373	0.26373	-2.89039	-0.740292	-0.600339
64	1.03669	0.0400594	0.0400594	-1.99073	-0.19568	-0.222705	0.401555	0.401555	-2.49439	-0.702821	-0.604651
64	0.894681	-0.119617	-0.119617	-1.82824	-0.297201	-0.314481	-1.19905	-1.19905	-2.29078	-1.36304	-1.14217
64	1.06482	0.125151	0.125151	-1.83614	-0.123879	-0.0665022	1.25451	1.25451	-2.30068	-0.424064	-0.227831
64	1.05629	0.15494	0.15494	-2.05909	-0.120443	-0.0880902	1.55312	1.55312	-2.58005	-0.379768	-0.259743
64	0.953228	-0.0169766	-0.0169766	-1.84709	-0.210153	-0.192113	-0.170174	-0.170174	-2.3144	-0.8707	-0.725723
64	0.726458	0.186839	0.186839	-1.99943	0.0399725	0.0536376	1.87288	1.87288	-2.50528	0.21941	0.263022
64	0.981558	0.0221576	0.0221576	-2.31975	-0.179349	-0.164994	0.222108	0.222108	-2.90664	-0.704177	-0.542607
64	0.942985	0.0218313	0.0218313	-2.17806	-0.162158	-0.167481	0.218837	0.218837	-2.72911	-0.661295	-0.595453
64	1.1758	-0.0242977	-0.0242977	-3.35756	-0.544861	-0.403819	-0.24356	-0.24356	-4.20703	-1.16936	-0.896292
64	0.705814	0.0156686	0.0156686	-2.40133	-0.151534	-0.111561	0.157062	0.157062	-3.00886	-0.774548	-0.527452
64	0.845864	0.165861	0.165861	-1.82107	-0.00332704	-0.00359414	1.66259	1.66259	-2.28181	-0.016171	-0.0143527
64	1.09764	-0.0417724	-0.0417724	-2.06811	-0.336498	-0.299513	-0.418726	-0.418726	-2.59135	-1.06614	-0.801734
64	0.910873	-0.0535117	-0.0535117	-1.53075	-0.246766	-0.199348	-0.536401	-0.536401	-1.91803	-1.03683	-0.856791
64	1.25334	0.128336	0.128336	-2.14053	-0.431825	-0.367513	1.28644	1.28644	-2.68208	-0.925016	-0.706455
64	1.03386	0.134879	0.134879	-1.60808	-0.128689	-0.0765979	1.35203	1.35203	-2.01493	-0.379293	-0.22634
64	1.34182	-0.0171218	-0.0171218	-2.06374	-0.889391	-0.80937	-0.171629	-0.171629	-2.58586	-1.70309	-1.58554
64	0.874739	-0.0867037	-0.0867037	-1.70385	-0.259957	-0.243544	-0.869117	-0.869117	-2.13492	-1.1603	-0.976141
64	0.90379	-0.0489674	-0.0489674	-2.19832	-0.275069	-0.213235	-0.49085	-0.49085	-2.7545	-1.00666	-0.860359
64	0.718254	0.0884154	0.0884154	-2.4434	-0.0791648	-0.0534844	0.886276	0.886276	-3.06158	-0.409741	-0.227813
64	0.751287	0.0290323	0.0290323	-2.05452	-0.141806	-0.113622	0.29102	0.29102	-2.57432	-0.648251	-0.482069
64	1.20177	-0.0469692	-0.0469692	-2.0073	-0.524586	-0.509448	-0.47082	-0.47082	-2.51515	-1.23067	-1.06278
64	1.15629	-0.0313962	-0.0313962	-2.25412	-0.454508	-0.355796	-0.314715	-0.314715	-2.82442	-1.08269	-0.890431
64	1.07874	-0.0878534	-0.0878534	-1.94023	-0.369537	-0.330249	-0.880643	-0.880643	-2.43111	-1.15709	-0.909263
64	1.07509	0.0356068	0.0356068	-2.50625	-0.230788	-0.211983	0.356922	0.356922	-3.14034	-0.731578	-0.604422
64	0.915226	0.236989	0.236989	-1.87901	0.0409884	0.0529132	2.37557	2.37557	-2.3544	0.174622	0.188501
64	1.11549	0.126966	0.126966	-2.09329	-0.202966	-0.135121	1.27271	1.27271	-2.62289	-0.53734	-0.375971
64	0.917294	0.0803426	0.0803426	-2.09837	-0.116306	-0.0987023	0.805354	0.805354	-2.62926	-0.458752	-0.371769
64	1.03742	-0.0501024	-0.0501024	-2.87485	-0.323623	-0.262647	-0.502227	-0.502227	-3.60218	-1.01351	-0.845193
64	1.21323	0.0856971	0.0856971	-3.25972	-0.488804	-0.392289	0.859028	0.859028	-4.08443	-1.10691	-0.79138
64	1.08347	-0.145131	-0.145131	-2.35602	-0.452088	-0.348876	-1.45479	-1.45479	-2.95209	-1.30317	-1.17186
64	1.16864	-0.115629	-0.115629	-2.84978	-0.524641	-0.4933	-1.15907	-1.15907	-3.57078	-1.32679	-1.12748
64	0.965973	0.00103686	0.00103686	-2.28823	-0.206907	-0.17398	0.0103935	0.0103935	-2.86716	-0.753682	-0.685028
64	0.841073	0.0752819	0.0752819	-1.81923	-0.111713	-0.0523041	0.754625	0.754625	-2.2795	-0.507497	-0.233956
64	0.738185	0.109702	0.109702	-2.28214	-0.0641332	-0.0237711	1.09965	1.09965	-2.85952	-0.297728	-0.106515
64	0.888887	0.152365	0.152365	-1.78651	-0.0463763	-0.0160609	1.52731	1.52731	-2.2385	-0.187715	-0.0548258
64	0.92225	0.114823	0.114823	-2.72392	-0.086068	-0.0394733	1.15099	1.15099	-3.41307	-0.34989	-0.170921
64	1.32375	0.120061	0.120061	-2.54681	-0.904863	-0.721213	1.20349	1.20349	-3.19116	-1.72142	-1.28385
64	0.807024	0.0391435	0.0391435	-1.69111	-0.13593	-0.109172	0.392374	0.392374	-2.11896	-0.61395	-0.482015
64	0.757023	-0.0346717	-0.0346717	-1.95569	-0.2051	-0.16888	-0.347549	-0.347549	-2.45048	-1.00558	-0.736746
64	1.51262	0.13704	0.0269625	-2.6199	-1.29232	-0.979314	1.37369	0.263862	-3.28274	-2.42739	-1.86038
64	1.07153	0.241038	0.241038	-1.54024	-0.0676454	-0.00972406	2.41616	2.41616	-1.92993	-0.189416	-0.0274367
64	0.686138	-0.000528248	-0.000528248	-1.72648	-0.160493	-0.119516	-0.00529516	-0.00529516	-2.16328	-0.769234	-0.61923
64	1.39171	0.0341264	-0.00711161	-2.22268	-1.19857	-1.02834	0.342083	-0.0707277	-2.78502	-2.21158	-1.92831
64	0.891589	-0.128781	-0.128781	-2.95987	-0.331608	-0.298512	-1.2909	-1.2909	-3.70872	-1.32648	-1.19805
64	1.15353	0.266284	0.266284	-2.46054	-0.0896088	-0.0626676	2.66923	2.66923	-3.08305	-0.234403	-0.158205
64	0.797436	0.0347551	0.0347551	-2.27132	-0.141359	-0.0873702	0.348386	0.348386	-2.84596	-0.677589	-0.440956
64	0.999319	0.0884552	0.0884552	-2.25603	-0.119567	-0.0797332	0.886675	0.886675	-2.82681	-0.472656	-0.310989
64	1.19332	0.170802	0.170802	-1.98681	-0.548476	-0.288175	1.71211	1.71211	-2.48948	-1.11563	-0.623786
64	1.0761	0.149753	0.149753	-2.50355	-0.086339	-0.083173	1.50113	1.50113	-3.13695	-0.306499	-0.245778
64	1.11864	0.101174	0.101174	-1.6006	-0.216109	-0.168955	1.01417	1.01417	-2.00556	-0.704318	-0.48866
64	1.06074	-0.00335737	-0.00335737	-1.92378	-0.259213	-0.233804	-0.0336543	-0.0336543	-2.41049	-0.904434	-0.656031
64	1.09956	0.0485965	0.0485965	-2.72537	-0.260901	-0.210172	0.487131	0.487131	-3.41489	-0.728317	-0.626846
64	0.903508	0.0757825	0.0757825	-2.88632	-0.125793	-0.0882478	0.759644	0.759644	-3.61656	-0.536395	-0.354318
64	1.0634	0.15485	0.15485	-2.27714	-0.0901762	-0.0726482	1.55222	1.55222	-2.85326	-0.306974	-0.216741
64	0.991188	0.0478407	0.0478407	-2.58807	-0.171096	-0.129099	0.479556	0.479556	-3.24285	-0.60951	-0.472428
64	0.976106	0.107839	0.107839	-2.09027	-0.0933968	-0.0556954	1.08098	1.08098	-2.61911	-0.359238	-0.214137
64	0.740224	0.171919	0.171919	-1.64943	-0.0259245	0.0463266	1.72332	1.72332	-2.06674	-0.108345	0.215599
64	0.901866	0.0950759	0.0950759	-2.0385	-0.0945627	-0.071253	0.953041	0.953041	-2.55425	-0.402503	-0.285057
64	0.945441	0.0247093	0.0247093	-1.75445	-0.181396	-0.136874	0.247686	0.247686	-2.19833	-0.75253	-0.554032
64	0.874971	0.0501439	0.0501439	-2.24012	-0.152656	-0.120592	0.502642	0.502642	-2.80686	-0.650246	-0.442032
64	0.920208	0.16877	0.16877	-1.3476	-0.0199454	0.0127902	1.69175	1.69175	-1.68855	-0.0875679	0.0485815
64	1.06826	0.143555	0.143555	-1.61299	-0.11121	-0.0609188	1.439	1.439	-2.02108	-0.383672	-0.205516
64	1.18479	0.0454735	0.0454735	-2.46184	-0.418962	-0.324132	0.455827	0.455827	-3.08468	-0.885952	-0.761773
64	0.952032	0.0379931	0.0379931	-2.3513	-0.172742	-0.154055	0.380843	0.380843	-2.94617	-0.634723	-0.514876
64	1.04802	0.0628436	0.0628436	-1.85622	-0.203532	-0.155496	0.629945	0.629945	-2.32585	-0.678752	-0.494245
64	1.45568	0.0584946	-0.0358608	-2.30158	-1.11499	-1.03361	0.58635	-0.350943	-2.88388	-1.89189	-1.98418
64	0.776175	0.0136586	0.0136586	-1.90207	-0.155155	-0.136369	0.136914	0.136914	-2.38329	-0.788952	-0.597328
64	0.653431	0.00127112	0.00127112	-1.72561	-0.158516	-0.130882	0.0127417	0.0127417	-2.16219	-0.829142	-0.646086
64	0.86709	-0.112178	-0.112178	-1.9952	-0.303967	-0.260912	-1.12448	-1.12448	-2.49999	-1.33945	-1.10408
64	1.05918	0.159058	0.159058	-2.12388	-0.0938867	-0.0347693	1.5944	1.5944	-2.66122	-0.303734	-0.119368
64	0.952238	0.186717	0.186717	-1.7179	-0.0316379	-0.00770263	1.87165	1.87165	-2.15253	-0.127137	-0.0261262
64	0.972311	-0.0116311	-0.0116311	-2.40206	-0.202757	-0.19186	-0.11659	-0.11659	-3.00979	-0.879764	-0.706921
64	1.05394	0.0560706	0.0560706	-1.78112	-0.179068	-0.12119	0.562051	0.562051	-2.23174	-0.628141	-0.412974
64	1.1359	-0.123904	-0.123904	-2.87115	-0.500968	-0.435171	-1.24201	-1.24201	-3.59755	-1.33254	-1.14177
64	1.27572	0.209568	0.209568	-2.65408	-0.579221	-0.424563	2.10071	2.10071	-3.32557	-1.01827	-0.755891
64	0.829911	0.16873	0.16873	-1.49384	-0.000957526	0.021828	1.69135	1.69135	-1.87179	-0.00463464	0.0936516
64	0.950885	0.168027	0.168027	-2.40068	-0.0181203	-0.00729093	1.68431	1.68431	-3.00805	-0.0777747	-0.0273269
64	1.10293	0.0342215	0.0342215	-2.50677	-0.285588	-0.226156	0.343037	0.343037	-3.14098	-0.775949	-0.659765
64	0.833552	0.210444	0.210444	-1.75709	0.0270629	0.0739749	2.10949	2.10949	-2.20164	0.116693	0.332327
64	0.888888	0.0323735	0.0323735	-2.05901	-0.142051	-0.126818	0.324512	0.324512	-2.57994	-0.63963	-0.510497
64	0.832215	0.163769	0.163769	-2.14534	0.00137471	0.0148133	1.64163	1.64163	-2.68811	0.00695661	0.0618014
64	1.06515	-0.0136593	-0.0136593	-2.85102	-0.29928	-0.230175	-0.13692	-0.13692	-3.57233	-0.963455	-0.69286
64	0.792391	-0.0859986	-0.0859986	-2.21131	-0.274271	-0.220928	-0.862049	-0.862049	-2.77077	-1.15629	-0.957089
64	0.722455	0.146841	0.146841	-1.64777	-0.0277884	0.0112382	1.47194	1.47194	-2.06465	-0.127419	0.053186
64	1.03984	0.0856224	0.0856224	-2.23981	-0.194616	-0.0899086	0.858279	0.858279	-2.80649	-0.622991	-0.327047
64	1.06699	0.00584819	0.00584819	-2.04089	-0.326895	-0.22967	0.0586223	0.0586223	-2.55723	-0.921705	-0.661969
64	1.00393	0.381803	0.381803	-1.37742	0.161716	0.198365	3.8272	3.8272	-1.72591	0.643936	0.695619
64	0.841756	0.0790557	0.0790557	-2.04334	-0.101302	-0.0695848	0.792454	0.792454	-2.5603	-0.445837	-0.288237
64	0.941934	0.0538723	0.0538723	-2.23233	-0.150997	-0.11159	0.540016	0.540016	-2.79711	-0.587049	-0.436585
64	0.950338	-0.0910644	-0.0910644	-2.4861	-0.293339	-0.24954	-0.912829	-0.912829	-3.11508	-1.16383	-0.940705
64	1.16484	0.28884	0.28884	-2.74116	-0.226685	-0.103044	2.89533	2.89533	-3.43468	-0.465307	-0.213554
64	0.882488	-0.0485543	-0.0485543	-1.98861	-0.21449	-0.186223	-0.486708	-0.486708	-2.49173	-0.985516	-0.850872
64	0.736151	0.0687479	0.0687479	-1.75275	-0.109947	-0.0907725	0.689129	0.689129	-2.1962	-0.487589	-0.39235
64	0.967869	0.0971139	0.0971139	-2.37956	-0.12559	-0.088019	0.97347	0.97347	-2.98159	-0.478862	-0.309991
64	0.70206	0.108073	0.108073	-1.72962	-0.0633777	-0.0403246	1.08332	1.08332	-2.16722	-0.313817	-0.177863
64	0.733857	0.0317446	0.0317446	-2.10592	-0.13922	-0.110953	0.318208	0.318208	-2.63872	-0.670114	-0.492778
64	0.986614	0.271821	0.271821	-2.45166	0.0742251	0.0842259	2.72473	2.72473	-3.07193	0.296874	0.297374
64	0.693939	0.328759	0.328759	-1.92619	0.152957	0.192633	3.29548	3.29548	-2.41352	0.745101	0.868469
64	1.04756	0.137346	0.137346	-2.2769	-0.0622833	-0.109022	1.37676	1.37676	-2.85296	-0.266147	-0.30036
64	1.00765	-0.222751	-0.222751	-2.79115	-0.410401	-0.396871	-2.23285	-2.23285	-3.49731	-1.72741	-1.50516
64	1.02424	0.0598164	0.0598164	-2.26103	-0.197003	-0.149799	0.5996	0.5996	-2.83308	-0.63137	-0.48069
64	0.733657	0.00749953	0.00749953	-1.9678	-0.170234	-0.12311	0.0751753	0.0751753	-2.46565	-0.79363	-0.551376
64	0.887009	0.000992787	0.000992787	-2.05532	-0.165187	-0.151552	0.0099517	0.0099517	-2.57531	-0.76359	-0.633216
64	0.757961	-0.0440403	-0.0440403	-2.14429	-0.215134	-0.184341	-0.44146	-0.44146	-2.6868	-0.950193	-0.87882
64	1.17457	-0.0555127	-0.0555127	-2.48033	-0.530812	-0.447322	-0.556459	-0.556459	-3.10785	-1.20805	-0.97888
64	1.02985	0.115123	0.115123	-2.02418	-0.108053	-0.124437	1.15399	1.15399	-2.5363	-0.391135	-0.36808
64	0.846502	0.115651	0.115651	-1.56036	-0.0530781	-0.0447	1.15928	1.15928	-1.95514	-0.248073	-0.189218
64	1.0806	0.0902752	0.0902752	-2.05706	-0.170723	-0.158096	0.904919	0.904919	-2.57749	-0.558995	-0.458568
64	0.946365	0.136948	0.136948	-2.25488	-0.061217	-0.0598993	1.37276	1.37276	-2.82536	-0.234038	-0.190822
64	1.01183	0.124806	0.124806	-2.63434	-0.0652757	-0.0388232	1.25106	1.25106	-3.30082	-0.285212	-0.147517
64	1.11081	0.193553	0.193553	-2.18766	-0.176779	-0.0524453	1.94017	1.94017	-2.74114	-0.453701	-0.163169
64	0.904864	-0.0522296	-0.0522296	-1.88685	-0.206652	-0.223157	-0.52355	-0.52355	-2.36423	-1.02533	-0.821622
64	0.785713	0.0928641	0.0928641	-1.8355	-0.0797916	-0.0573886	0.93087	0.93087	-2.29989	-0.389311	-0.237046
64	1.12168	-0.0791583	-0.0791583	-2.31144	-0.428251	-0.369445	-0.793483	-0.793483	-2.89623	-1.12418	-1.02309
64	1.20424	0.161704	0.161704	-2.72152	-0.401961	-0.26041	1.62092	1.62092	-3.41006	-0.900914	-0.572818
64	1.03021	0.306252	0.306252	-1.84636	0.0820111	0.0964553	3.06987	3.06987	-2.31348	0.299834	0.309422
64	0.958544	0.0197735	0.0197735	-2.36857	-0.178283	-0.135448	0.198209	0.198209	-2.96782	-0.690878	-0.553597
64	1.10006	0.12145	0.12145	-2.51606	-0.214745	-0.172466	1.21742	1.21742	-3.15263	-0.627451	-0.419121
64	1.14623	0.299017	0.299017	-1.84314	-0.0564984	-0.0180068	2.99735	2.99735	-2.30945	-0.150882	-0.046471
64	0.973588	0.0714858	0.0714858	-2.27227	-0.1481	-0.0760482	0.716573	0.716573	-2.84715	-0.522936	-0.313449
64	0.868947	-0.126215	-0.126215	-2.88027	-0.321705	-0.286262	-1.26518	-1.26518	-3.60898	-1.28678	-1.22483
64	0.841316	0.0307214	0.0307214	-2.01056	-0.143556	-0.1374	0.307951	0.307951	-2.51923	-0.672667	-0.536648
64	0.988197	0.213341	0.213341	-2.2866	-0.0279525	0.0502802	2.13853	2.13853	-2.86511	-0.0922424	0.20299
64	1.11947	0.0213226	0.0213226	-3.00806	-0.395211	-0.263893	0.213738	0.213738	-3.7691	-0.947962	-0.745053
64	0.988317	0.261323	0.261323	-1.93456	0.0348537	0.0773249	2.6195	2.6195	-2.42401	0.115254	0.273846
64	0.876554	-0.0535981	-0.0535981	-2.39656	-0.2409	-0.211066	-0.537267	-0.537267	-3.00289	-1.07175	-0.81784
64	0.883837	0.0364321	0.0364321	-2.23017	-0.165767	-0.131609	0.365195	0.365195	-2.7944	-0.686541	-0.520401
64	1.12562	0.183679	0.183679	-2.68006	-0.177125	-0.0886893	1.8412	1.8412	-3.35811	-0.442586	-0.225849
64	0.885862	0.170258	0.170258	-2.20538	-0.0134377	-0.00867623	1.70667	1.70667	-2.76334	-0.0562813	-0.0321086
64	1.02012	0.169451	0.169451	-2.33887	-0.0499436	-0.0375763	1.69858	1.69858	-2.9306	-0.192098	-0.119669
64	1.19142	0.0710125	0.0710125	-3.171	-0.434503	-0.267705	0.71183	0.71183	-3.97326	-0.931545	-0.664918
64	0.916378	-0.0276693	-0.0276693	-2.74841	-0.233027	-0.193277	-0.277357	-0.277357	-3.44376	-0.957299	-0.809754
64	0.990483	-0.137187	-0.137187	-2.35373	-0.359964	-0.342991	-1.37516	-1.37516	-2.94922	-1.26057	-1.01234
64	1.02419	0.143663	0.143663	-2.41214	-0.0885696	-0.0401524	1.44008	1.44008	-3.02241	-0.330119	-0.13913
64	0.791391	-0.069918	-0.069918	-1.97208	-0.240702	-0.230488	-0.700858	-0.700858	-2.47101	-1.03002	-0.891931
64	0.944874	-0.0405482	-0.0405482	-2.32475	-0.239971	-0.197586	-0.406456	-0.406456	-2.91291	-0.995101	-0.749736
64	0.828427	0.179706	0.179706	-1.89038	-0.000808791	0.0085983	1.80138	1.80138	-2.36865	-0.00349223	0.0336426
64	0.933975	0.0438667	0.0438667	-2.38067	-0.157263	-0.132719	0.43972	0.43972	-2.98298	-0.601234	-0.505958
64	1.01187	-0.113945	-0.113945	-2.99148	-0.344181	-0.334956	-1.14218	-1.14218	-3.74833	-1.17238	-1.00236
64	1.22553	-0.0324767	-0.0324767	-2.13175	-0.51179	-0.562131	-0.325546	-0.325546	-2.67108	-1.11701	-1.02286
64	0.924141	-0.108363	-0.108363	-2.54348	-0.302179	-0.26281	-1.08623	-1.08623	-3.18698	-1.1765	-1.11798
64	1.04209	0.146444	0.146444	-2.33306	-0.129609	-0.0640559	1.46796	1.46796	-2.92332	-0.397466	-0.195761
64	1.06831	0.0857879	0.0857879	-3.32929	-0.23813	-0.125508	0.859937	0.859937	-4.1716	-0.64937	-0.39024
64	0.976241	-0.0591731	-0.0591731	-1.7955	-0.252372	-0.232386	-0.593151	-0.593151	-2.24976	-1.0423	-0.85707
64	1.07571	-0.0399022	-0.0399022	-2.30888	-0.314662	-0.27536	-0.39998	-0.39998	-2.89302	-0.95537	-0.843485
64	0.755587	0.144199	0.144199	-1.89329	-0.0335002	-0.0144388	1.44546	1.44546	-2.37229	-0.155187	-0.060424
64	0.830932	0.0452291	0.0452291	-1.61746	-0.113577	-0.106838	0.453376	0.453376	-2.02667	-0.555939	-0.467548
64	1.53919	0.201218	0.0838571	-2.74735	-1.14497	-0.872845	2.01701	0.820646	-3.44243	-2.39532	-1.81348
64	0.871111	-0.0264275	-0.0264275	-2.3721	-0.189287	-0.173563	-0.264909	-0.264909	-2.97224	-0.883804	-0.755737
64	1.1627	-0.131952	-0.131952	-2.56551	-0.600327	-0.571347	-1.32268	-1.32268	-3.21458	-1.25495	-1.17996
64	1.09162	-0.0578576	-0.0578576	-2.25245	-0.359849	-0.280077	-0.579965	-0.579965	-2.82232	-1.02862	-0.841342
64	1.28602	0.0674063	0.0674063	-2.64956	-0.967984	-0.776584	0.675681	0.675681	-3.3199	-1.95914	-1.42694
64	1.15551	0.202923	0.202923	-2.41841	-0.237092	-0.10943	2.0341	2.0341	-3.03027	-0.536082	-0.277475
64	1.16914	-0.0209622	-0.0209622	-2.4031	-0.514837	-0.439081	-0.210125	-0.210125	-3.01109	-1.20627	-0.980024
64	0.897128	0.104438	0.104438	-1.92293	-0.0926544	-0.0366503	1.04689	1.04689	-2.40943	-0.392895	-0.159325
64	1.12351	-0.0313025	-0.0313025	-2.66195	-0.328148	-0.326444	-0.313776	-0.313776	-3.33543	-0.957991	-0.842795
64	0.863589	0.187454	0.187454	-1.53995	0.0280067	0.0227967	1.87904	1.87904	-1.92956	0.142167	0.0908486
64	0.78934	0.204096	0.204096	-2.58804	0.0212196	0.0593922	2.04586	2.04586	-3.24282	0.100496	0.262453
64	0.811006	-0.00775036	-0.00775036	-2.30731	-0.16517	-0.171486	-0.0776896	-0.0776896	-2.89106	-0.827019	-0.677237
64	0.907353	0.325103	0.325103	-1.99261	0.13643	0.180916	3.25884	3.25884	-2.49674	0.586812	0.805864
64	1.00143	-0.0546067	-0.0546067	-2.62877	-0.252632	-0.21953	-0.547377	-0.547377	-3.29385	-1.02342	-0.789585
64	0.993348	0.173158	0.173158	-2.14595	-0.0230561	-0.0262182	1.73574	1.73574	-2.68887	-0.0953818	-0.0890505
64	1.15374	0.0204108	0.0204108	-2.69482	-0.398263	-0.39232	0.204598	0.204598	-3.37661	-1.03414	-0.857416
64	0.840071	0.0568658	0.0568658	-2.06642	-0.111574	-0.0751659	0.570023	0.570023	-2.58922	-0.548183	-0.341459
64	1.11122	-0.0474659	-0.0474659	-3.13834	-0.398938	-0.362827	-0.475799	-0.475799	-3.93234	-1.07372	-0.900899
64	0.981303	0.275535	0.275535	-1.69239	0.0335056	0.129941	2.76196	2.76196	-2.12057	0.11224	0.542035
64	1.08925	-0.010649	-0.010649	-2.18451	-0.299484	-0.231533	-0.106746	-0.106746	-2.7372	-0.992256	-0.67918
64	0.931654	0.0470711	0.0470711	-2.10036	-0.138017	-0.109274	0.471841	0.471841	-2.63175	-0.500383	-0.426439
64	0.877279	0.0351681	0.0351681	-2.07176	-0.173487	-0.1207	0.352525	0.352525	-2.59591	-0.642887	-0.488579
64	0.645163	0.0495407	0.0495407	-2.55729	-0.0935811	-0.0916578	0.496596	0.496596	-3.20429	-0.501892	-0.435735
91	0.632555	-0.197713	-0.197713	-2.0786	-0.328407	-0.322381	-2.36324	-2.36324	-2.60448	-1.88743	-1.70523
91	1.21167	0.184002	0.184002	-2.97639	-0.368013	-0.201023	2.19935	2.19935	-3.72942	-0.892423	-0.499677
91	0.945387	0.0550316	0.0550316	-1.85284	-0.141065	-0.0768808	0.657785	0.657785	-2.32161	-0.594153	-0.357068
91	1.11031	0.106494	0.106494	-2.21994	-0.210356	-0.181932	1.27291	1.27291	-2.78158	-0.618141	-0.498888
91	0.910022	0.0137925	0.0137925	-1.78364	-0.152299	-0.137569	0.16486	0.16486	-2.2349	-0.76036	-0.612482
91	0.899578	0.0200799	0.0200799	-2.02877	-0.190659	-0.143695	0.240013	0.240013	-2.54205	-0.802363	-0.578152
91	0.903016	0.242348	0.242348	-1.76593	0.0701208	0.0414076	2.89675	2.89675	-2.21271	0.319995	0.151296
91	0.891461	0.14998	0.14998	-2.22021	-0.0172632	-0.000594364	1.79269	1.79269	-2.78193	-0.0819366	-0.00257264
91	0.731504	-0.0627544	-0.0627544	-2.43098	-0.213712	-0.182343	-0.750094	-0.750094	-3.04601	-1.18358	-0.917649
91	0.933907	0.128793	0.128793	-2.38068	-0.0572653	-0.0370153	1.53945	1.53945	-2.98299	-0.250709	-0.153211
91	1.07844	0.00434496	0.00434496	-2.23654	-0.270489	-0.221662	0.0519347	0.0519347	-2.80239	-0.880997	-0.65738
91	1.10137	-0.0291457	-0.0291457	-2.91411	-0.352039	-0.298905	-0.348375	-0.348375	-3.65138	-1.0318	-0.847652
91	0.927796	0.0268091	0.0268091	-2.44676	-0.142692	-0.126907	0.320445	0.320445	-3.06579	-0.708596	-0.523498
91	0.772547	0.119595	0.119595	-2.07385	-0.0311676	-0.0252002	1.4295	1.4295	-2.59853	-0.180721	-0.115453
91	1.0595	0.00123242	0.00123242	-2.81462	-0.223936	-0.192296	0.014731	0.014731	-3.52672	-0.906372	-0.64698
91	0.917978	0.00733043	0.00733043	-2.617	-0.217038	-0.151006	0.0876196	0.0876196	-3.2791	-0.798901	-0.660103
91	1.11813	0.281983	0.281983	-1.96909	-0.0490751	-0.0104832	3.37051	3.37051	-2.46727	-0.147821	-0.026179
91	1.0457	-0.0144042	-0.0144042	-1.92419	-0.226618	-0.188742	-0.172172	-0.172172	-2.41102	-0.904625	-0.765383
91	0.972986	0.0290614	0.0290614	-3.07778	-0.164723	-0.131484	0.347367	0.347367	-3.85646	-0.704569	-0.605539
91	0.77784	0.191017	0.191017	-1.91496	0.0276846	0.0574095	2.2832	2.2832	-2.39945	0.144202	0.26532
91	0.969915	-0.0165268	-0.0165268	-2.27747	-0.213332	-0.205724	-0.197543	-0.197543	-2.85367	-0.872058	-0.73538
91	1.02139	0.107434	0.107434	-2.36976	-0.0866224	-0.042982	1.28415	1.28415	-2.9693	-0.36876	-0.187008
91	1.10976	-0.0230121	-0.0230121	-2.75429	-0.407584	-0.330395	-0.27506	-0.27506	-3.45113	-1.07458	-0.859456
91	0.992674	0.114608	0.114608	-2.03025	-0.0658074	-0.075751	1.36989	1.36989	-2.5439	-0.289157	-0.26236
91	0.90717	0.0916861	0.0916861	-2.09702	-0.079665	-0.0766487	1.09591	1.09591	-2.62757	-0.39106	-0.301828
91	0.788925	0.0272993	0.0272993	-2.07114	-0.131231	-0.102518	0.326305	0.326305	-2.59514	-0.661989	-0.53573
91	0.950333	-0.0430729	-0.0430729	-2.27859	-0.247992	-0.198703	-0.514844	-0.514844	-2.85507	-1.04519	-0.833555
91	0.806964	0.156934	0.156934	-1.67259	0.0269175	0.00517403	1.87581	1.87581	-2.09575	0.166604	0.0213696
91	0.740567	0.156305	0.156305	-1.46167	0.00710016	0.037765	1.86829	1.86829	-1.83147	0.0399312	0.200323
91	0.908081	0.0759507	0.0759507	-1.72777	-0.0785101	-0.0586529	0.907827	0.907827	-2.16489	-0.422222	-0.262338
91	1.21381	0.0369864	0.0369864	-2.53862	-0.546507	-0.437503	0.442093	0.442093	-3.18089	-1.26513	-1.05342
91	0.965851	0.0763601	0.0763601	-2.11984	-0.104369	-0.116695	0.912721	0.912721	-2.65616	-0.479683	-0.394609
91	0.958709	0.117379	0.117379	-2.22217	-0.0511979	-0.0533592	1.40302	1.40302	-2.78439	-0.262749	-0.211135
91	1.04735	0.0866816	0.0866816	-2.59162	-0.170747	-0.116876	1.03609	1.03609	-3.2473	-0.564088	-0.395545
91	0.969176	0.0407543	0.0407543	-2.62731	-0.155544	-0.11677	0.48713	0.48713	-3.29202	-0.62073	-0.496019
91	1.13215	-0.1427	-0.1427	-2.99051	-0.692767	-0.491132	-1.70567	-1.70567	-3.74711	-1.53223	-1.16673
91	1.00472	0.16568	0.16568	-2.60901	-0.0222836	-0.00144817	1.98035	1.98035	-3.26909	-0.0923451	-0.00565639
91	0.918078	-0.0193197	-0.0193197	-2.27646	-0.174834	-0.17496	-0.230926	-0.230926	-2.85241	-0.875249	-0.698004
91	0.762093	0.00703996	0.00703996	-2.26574	-0.140103	-0.114661	0.0841476	0.0841476	-2.83897	-0.809624	-0.589188
91	1.00856	0.0313211	0.0313211	-2.38122	-0.167314	-0.146841	0.374377	0.374377	-2.98367	-0.740156	-0.543884
91	0.81309	0.090715	0.090715	-2.05319	-0.057018	-0.0510743	1.0843	1.0843	-2.57264	-0.304742	-0.236443
91	0.820472	-0.134674	-0.134674	-1.91259	-0.272882	-0.269141	-1.60974	-1.60974	-2.39647	-1.5269	-1.19039
91	0.746129	0.0415923	0.0415923	-1.85468	-0.108417	-0.0875254	0.497147	0.497147	-2.32392	-0.629373	-0.426513
91	0.94544	0.0187102	0.0187102	-2.82066	-0.183276	-0.136443	0.22364	0.22364	-3.53429	-0.831591	-0.606375
91	1.00765	0.104999	0.104999	-2.1421	-0.0940355	-0.0874569	1.25504	1.25504	-2.68405	-0.396209	-0.309192
91	0.810562	0.101224	0.101224	-1.67293	-0.0478436	-0.022105	1.20992	1.20992	-2.09618	-0.255267	-0.108833
91	0.955445	-0.0323625	-0.0323625	-2.40036	-0.229857	-0.20057	-0.386824	-0.386824	-3.00765	-0.978743	-0.790888
91	0.764134	-0.0901894	-0.0901894	-2.08242	-0.234193	-0.241757	-1.07802	-1.07802	-2.60927	-1.32497	-1.0174
91	1.18433	0.166495	0.166495	-3.10837	-0.368964	-0.219123	1.99009	1.99009	-3.89479	-0.838766	-0.527351
91	0.893212	0.126996	0.126996	-2.25518	-0.0206369	-0.0338645	1.51796	1.51796	-2.82574	-0.117648	-0.141359
91	1.08296	0.0133921	0.0133921	-2.94332	-0.242248	-0.216794	0.160074	0.160074	-3.68798	-0.834534	-0.646385
91	0.627898	0.19975	0.19975	-1.75959	0.0524097	0.0785362	2.38759	2.38759	-2.20477	0.28425	0.438289
91	0.888349	0.133582	0.133582	-1.97651	-0.0497882	-0.00510502	1.59669	1.59669	-2.47657	-0.221161	-0.0250235
91	0.9132	0.0582779	0.0582779	-1.8564	-0.104651	-0.101142	0.696587	0.696587	-2.32606	-0.495445	-0.430004
91	1.0089	0.212155	0.212155	-2.11294	0.0300738	0.0276455	2.53585	2.53585	-2.64751	0.128266	0.103376
91	0.978861	0.151993	0.151993	-1.93448	-0.0472737	0.00870423	1.81676	1.81676	-2.42391	-0.208749	0.0400275
91	0.899394	0.0325348	0.0325348	-2.18407	-0.132156	-0.106085	0.388883	0.388883	-2.73664	-0.701893	-0.520907
91	1.12569	0.184418	0.184418	-2.28882	-0.174726	-0.167757	2.20432	2.20432	-2.86789	-0.493534	-0.409932
91	0.748728	0.098744	0.098744	-2.08719	-0.0820863	-0.0277104	1.18027	1.18027	-2.61525	-0.400569	-0.148153
91	0.975663	0.00287422	0.00287422	-2.44973	-0.173758	-0.161362	0.0343551	0.0343551	-3.06952	-0.807987	-0.654614
91	1.00471	0.175978	0.175978	-2.23984	-0.0626684	0.00107727	2.10345	2.10345	-2.80653	-0.235232	0.00423575
91	1.12792	0.0624276	0.0624276	-2.88184	-0.418589	-0.288769	0.746189	0.746189	-3.61094	-0.9629	-0.719926
91	0.925616	0.0828697	0.0828697	-1.99616	-0.109984	-0.0779683	0.990529	0.990529	-2.50119	-0.478786	-0.342513
91	1.28169	-0.0201651	-0.0201651	-2.77772	-0.740105	-0.693219	-0.241031	-0.241031	-3.48049	-1.63545	-1.48107
91	0.935587	0.0661286	0.0661286	-2.33149	-0.100983	-0.103358	0.790426	0.790426	-2.92136	-0.487977	-0.404107
91	0.924972	0.187183	0.187183	-2.48161	0.0216371	0.0514447	2.23737	2.23737	-3.10946	0.107199	0.24757
91	0.954325	0.0798697	0.0798697	-2.12516	-0.0694865	-0.0945039	0.954671	0.954671	-2.66283	-0.311566	-0.370624
91	0.9666	0.0553993	0.0553993	-2.27207	-0.101523	-0.108331	0.662179	0.662179	-2.8469	-0.472916	-0.42926
91	0.911786	0.143394	0.143394	-1.94879	-0.0191667	-0.0275197	1.71397	1.71397	-2.44183	-0.100685	-0.113218
91	1.0473	0.0491407	0.0491407	-2.03786	-0.179057	-0.159406	0.587372	0.587372	-2.55343	-0.647518	-0.526729
91	0.722928	-0.0627373	-0.0627373	-2.10212	-0.199284	-0.192917	-0.74989	-0.74989	-2.63396	-1.20747	-0.990999
91	1.20277	0.0597998	0.0597998	-3.25448	-0.635206	-0.456774	0.714778	0.714778	-4.07786	-1.28858	-0.912964
91	1.1693	0.168216	0.168216	-2.14506	-0.374364	-0.245279	2.01066	2.01066	-2.68776	-0.833999	-0.557287
91	0.969483	0.067837	0.067837	-1.93133	-0.139229	-0.103571	0.810846	0.810846	-2.41995	-0.55991	-0.392521
91	0.944335	-0.0397695	-0.0397695	-2.64764	-0.212338	-0.221421	-0.475359	-0.475359	-3.3175	-1.03365	-0.882812
91	1.12137	0.00304429	0.00304429	-2.48909	-0.312438	-0.234225	0.0363879	0.0363879	-3.11882	-0.968699	-0.701087
91	0.874977	0.15188	0.15188	-2.5297	-0.0139658	-0.0154305	1.8154	1.8154	-3.16971	-0.0699615	-0.0632185
91	0.857664	0.118168	0.118168	-2.05568	-0.0519183	-0.0195906	1.41244	1.41244	-2.57577	-0.262131	-0.0872112
91	0.929168	0.139544	0.139544	-1.96822	-0.0547355	0.00146379	1.66795	1.66795	-2.46618	-0.236947	0.00689754
91	0.832889	-0.213259	-0.213259	-2.81008	-0.375478	-0.333205	-2.54905	-2.54905	-3.52103	-1.9157	-1.60367
91	0.912167	0.112921	0.112921	-2.36665	-0.0279864	-0.067523	1.34973	1.34973	-2.96541	-0.146175	-0.25822
91	0.707707	0.0740582	0.0740582	-1.70633	-0.0707172	-0.043257	0.885207	0.885207	-2.13804	-0.42107	-0.223159
91	0.989812	0.171013	0.171013	-2.24124	-0.0233628	-0.0183329	2.04409	2.04409	-2.80828	-0.0928571	-0.0704236
91	0.948442	0.0353346	0.0353346	-2.38333	-0.187829	-0.117528	0.422349	0.422349	-2.98631	-0.644933	-0.512559
91	1.02176	0.0844268	0.0844268	-2.18732	-0.0821996	-0.115051	1.00914	1.00914	-2.74071	-0.383657	-0.419486
91	0.909833	0.0607542	0.0607542	-2.32517	-0.0871995	-0.107179	0.726186	0.726186	-2.91343	-0.476922	-0.399162
91	1.22643	0.267733	0.267733	-2.52826	-0.551182	-0.398085	3.20018	3.20018	-3.16791	-1.32094	-0.821084
91	0.692484	0.058451	0.058451	-2.26679	-0.0724556	-0.0550915	0.698657	0.698657	-2.84029	-0.450733	-0.311907
91	1.1625	0.154736	0.154736	-2.49944	-0.407768	-0.315053	1.84953	1.84953	-3.13179	-0.96314	-0.677772
91	1.10874	0.0405023	0.0405023	-2.46219	-0.313541	-0.215657	0.484119	0.484119	-3.08512	-0.834396	-0.66955
91	0.882647	0.151446	0.151446	-2.33078	-0.0242119	0.0053583	1.81021	1.81021	-2.92046	-0.111687	0.0225093
91	1.0191	0.031514	0.031514	-2.16465	-0.221876	-0.165663	0.376683	0.376683	-2.71231	-0.73476	-0.575229
91	0.80744	0.0702589	0.0702589	-2.16082	-0.0994648	-0.0562383	0.839795	0.839795	-2.70751	-0.514329	-0.303587
91	1.07458	0.0809876	0.0809876	-2.5388	-0.197064	-0.141017	0.968033	0.968033	-3.18112	-0.628166	-0.445057
91	1.00705	0.177161	0.177161	-2.01614	-0.0394619	0.00534308	2.11758	2.11758	-2.52623	-0.15714	0.0198671
91	1.32071	-0.0873552	-0.115611	-2.49512	-1.30858	-1.10134	-1.04414	-1.37427	-3.12639	-2.81694	-2.57694
91	1.15012	0.272216	0.272216	-2.11382	-0.171246	-0.125001	3.25375	3.25375	-2.64862	-0.423289	-0.291695
91	0.970064	-0.0540132	-0.0540132	-2.23805	-0.237374	-0.204052	-0.645612	-0.645612	-2.80428	-1.06939	-0.822325
91	1.13499	0.0574587	0.0574587	-2.27378	-0.364801	-0.308429	0.686795	0.686795	-2.84905	-0.955897	-0.694742
91	1.24238	0.0998919	0.0998919	-2.72225	-0.746983	-0.671377	1.19399	1.19399	-3.41098	-1.7037	-1.5647
91	0.91726	-0.156698	-0.156698	-2.71647	-0.326573	-0.310157	-1.87299	-1.87299	-3.40374	-1.58834	-1.31643
91	0.900042	0.139285	0.139285	-1.91201	-0.0415799	-0.0294623	1.66486	1.66486	-2.39574	-0.187158	-0.117719
91	1.1081	-0.103792	-0.103792	-2.81139	-0.44701	-0.402912	-1.24062	-1.24062	-3.52267	-1.29648	-1.05234
91	0.94769	0.145864	0.145864	-2.1903	-0.0384181	-0.00877598	1.74349	1.74349	-2.74445	-0.162979	-0.0381881
91	0.967168	0.0978976	0.0978976	-2.27879	-0.0633866	-0.0551951	1.17016	1.17016	-2.85532	-0.339924	-0.250269
91	1.07672	0.0158793	0.0158793	-2.69803	-0.279517	-0.215351	0.189803	0.189803	-3.38063	-0.876919	-0.595423
91	1.16771	0.079001	0.079001	-1.90228	-0.472358	-0.345601	0.944287	0.944287	-2.38356	-1.10312	-0.778055
91	0.961197	0.0561519	0.0561519	-2.16207	-0.142598	-0.0903509	0.671176	0.671176	-2.70907	-0.625995	-0.364153
91	1.07121	-0.0164701	-0.0164701	-2.46635	-0.342827	-0.247488	-0.196865	-0.196865	-3.09033	-0.949547	-0.802122
91	1.01136	0.181513	0.181513	-2.59515	-0.0258668	0.0288754	2.1696	2.1696	-3.25172	-0.105026	0.127819
91	0.936402	0.0731102	0.0731102	-2.81745	-0.0973295	-0.0732336	0.873876	0.873876	-3.53026	-0.430568	-0.318755
91	0.867753	-0.0393332	-0.0393332	-2.06325	-0.198133	-0.155918	-0.470144	-0.470144	-2.58525	-1.00959	-0.82731
91	1.1556	0.0259086	0.0259086	-2.73633	-0.369708	-0.366901	0.309681	0.309681	-3.42862	-0.895713	-0.845483
91	0.916401	0.000734594	0.000734594	-2.67985	-0.169174	-0.146148	0.0087805	0.0087805	-3.35785	-0.802699	-0.652605
91	1.08127	0.102471	0.102471	-3.02242	-0.177803	-0.0895193	1.22482	1.22482	-3.78709	-0.595466	-0.322068
91	1.22079	-0.0262117	-0.0262117	-2.89408	-0.817511	-0.597669	-0.313304	-0.313304	-3.62628	-1.73984	-1.17239
91	0.875447	0.0870354	0.0870354	-1.93074	-0.0735374	-0.0515575	1.04032	1.04032	-2.41922	-0.346813	-0.240064
91	0.814597	0.0578659	0.0578659	-2.27662	-0.119814	-0.0930371	0.691663	0.691663	-2.85261	-0.642124	-0.399586
91	0.764503	0.268751	0.268751	-2.1422	0.141852	0.153207	3.21235	3.21235	-2.68418	0.887695	0.794223
91	1.02173	0.325499	0.325499	-1.75099	0.101546	0.135175	3.89065	3.89065	-2.19399	0.378191	0.490213
91	0.91623	0.0908363	0.0908363	-2.32947	-0.0761077	-0.0650922	1.08575	1.08575	-2.91882	-0.404539	-0.280109
91	0.91872	-0.0142225	-0.0142225	-2.31885	-0.17698	-0.155076	-0.17	-0.17	-2.90552	-0.805982	-0.799782
91	1.0197	-0.213998	-0.213998	-2.23916	-0.408948	-0.405914	-2.55789	-2.55789	-2.80566	-1.82272	-1.47895
91	0.909154	0.104276	0.104276	-2.0839	-0.0376161	-0.0619362	1.24639	1.24639	-2.61113	-0.229879	-0.243138
91	0.943754	0.141724	0.141724	-1.99928	-0.0296925	-0.0291549	1.69401	1.69401	-2.5051	-0.130067	-0.118826
91	0.944743	-0.0854738	-0.0854738	-2.50083	-0.280277	-0.233398	-1.02166	-1.02166	-3.13354	-1.12661	-1.07509
91	1.00977	0.124021	0.124021	-2.18221	-0.0891562	-0.0524706	1.48241	1.48241	-2.73431	-0.369171	-0.196211
91	1.12458	0.226718	0.226718	-2.30555	-0.195435	-0.108668	2.70993	2.70993	-2.88885	-0.487797	-0.27129
91	1.23701	0.0954154	0.0954154	-2.59577	-0.488565	-0.37921	1.14049	1.14049	-3.2525	-1.13395	-0.802715
91	1.04165	0.0623286	0.0623286	-2.29426	-0.149027	-0.187599	0.745005	0.745005	-2.87471	-0.59702	-0.560479
91	0.93066	-0.0844633	-0.0844633	-2.50585	-0.280744	-0.260647	-1.00958	-1.00958	-3.13983	-1.14045	-1.06487
91	0.866725	0.0710969	0.0710969	-2.06158	-0.105419	-0.0850522	0.849811	0.849811	-2.58316	-0.513307	-0.378719
91	1.13838	0.246787	0.246787	-2.20554	-0.112375	-0.111362	2.94981	2.94981	-2.76354	-0.293454	-0.274657
91	1.10633	0.0224852	0.0224852	-1.90263	-0.261903	-0.241721	0.268763	0.268763	-2.38399	-0.831182	-0.723268
91	0.983291	0.121108	0.121108	-2.6293	-0.0767179	-0.0260125	1.44758	1.44758	-3.29452	-0.320567	-0.116256
91	1.06924	-0.00408262	-0.00408262	-2.81207	-0.262909	-0.250844	-0.048799	-0.048799	-3.52353	-0.901434	-0.806371
91	1.26031	0.035481	0.035481	-2.50802	-0.689671	-0.547368	0.4241	0.4241	-3.14255	-1.38024	-1.08054
91	1.08346	-0.0366305	-0.0366305	-2.21937	-0.350567	-0.304091	-0.437839	-0.437839	-2.78087	-1.08017	-0.875687
91	1.06733	0.00703102	0.00703102	-2.30921	-0.269217	-0.208194	0.0840408	0.0840408	-2.89344	-0.957719	-0.677925
91	1.015	-0.0845917	-0.0845917	-2.2338	-0.298929	-0.262753	-1.01111	-1.01111	-2.79896	-1.13069	-1.00219
91	1.02304	0.0261641	0.0261641	-2.56868	-0.205918	-0.14799	0.312735	0.312735	-3.21855	-0.749292	-0.533959
91	0.826629	0.0353241	0.0353241	-1.9812	-0.107856	-0.0987322	0.422224	0.422224	-2.48245	-0.614825	-0.494295
91	0.758085	-0.0603964	-0.0603964	-1.85292	-0.211632	-0.17416	-0.721909	-0.721909	-2.3217	-1.14496	-0.97526
91	0.83625	0.295148	0.295148	-2.27018	0.136659	0.150761	3.52786	3.52786	-2.84454	0.690157	0.680063
91	1.04505	0.247026	0.247026	-2.33372	-0.0203246	0.0626288	2.95266	2.95266	-2.92416	-0.0652802	0.233835
91	1.00137	0.036489	0.036489	-2.50206	-0.162518	-0.132239	0.436147	0.436147	-3.13508	-0.654399	-0.548902
91	0.903594	0.000561185	0.000561185	-2.20651	-0.155848	-0.145278	0.00670776	0.00670776	-2.76475	-0.817587	-0.689913
91	1.10348	-0.109387	-0.109387	-2.37972	-0.438863	-0.357009	-1.30749	-1.30749	-2.98179	-1.21089	-1.06765
91	1.0324	0.0423141	0.0423141	-2.31293	-0.175166	-0.157413	0.505775	0.505775	-2.89811	-0.681549	-0.611215
91	1.01536	0.139542	0.139542	-2.47605	-0.0644138	-0.0624286	1.66793	1.66793	-3.10249	-0.247465	-0.205132
91	1.07645	0.108264	0.108264	-2.57894	-0.185989	-0.148727	1.29407	1.29407	-3.23141	-0.578237	-0.465598
91	0.876411	0.015289	0.015289	-2.23845	-0.138643	-0.117714	0.182748	0.182748	-2.80478	-0.769623	-0.557421
91	0.628434	0.0093949	0.0093949	-2.13984	-0.130732	-0.0984839	0.112296	0.112296	-2.68122	-0.786432	-0.574673
91	1.00227	0.175153	0.175153	-1.72097	-0.0383353	0.00359561	2.09358	2.09358	-2.15638	-0.159961	0.0144243
91	0.801749	-0.0343468	-0.0343468	-2.35491	-0.198894	-0.158463	-0.410543	-0.410543	-2.9507	-1.09606	-0.816854
91	1.02046	0.0529757	0.0529757	-1.62166	-0.143526	-0.115025	0.633211	0.633211	-2.03194	-0.65278	-0.470175
91	1.0197	0.119742	0.119742	-2.69044	-0.105659	-0.0688581	1.43126	1.43126	-3.37112	-0.404487	-0.245898
91	0.850867	-0.0165945	-0.0165945	-1.74447	-0.196767	-0.172628	-0.198352	-0.198352	-2.18582	-0.930778	-0.682457
91	1.02091	0.317772	0.317772	-1.8577	0.11917	0.120961	3.79828	3.79828	-2.3277	0.477908	0.417102
91	0.897407	0.0797581	0.0797581	-1.91137	-0.0777911	-0.0778846	0.953337	0.953337	-2.39495	-0.387196	-0.333305
91	1.03757	0.153407	0.153407	-2.13495	-0.070064	-0.0578725	1.83366	1.83366	-2.67509	-0.263778	-0.196768
91	1.04514	-0.0346895	-0.0346895	-2.81761	-0.286987	-0.224956	-0.414638	-0.414638	-3.53047	-0.970389	-0.829443
91	0.794365	0.111719	0.111719	-2.33606	-0.0132103	-0.0309307	1.33536	1.33536	-2.92708	-0.0820557	-0.138951
91	1.07431	0.0253781	0.0253781	-1.96621	-0.222178	-0.187783	0.303341	0.303341	-2.46366	-0.762168	-0.682688
91	0.768013	0.0618292	0.0618292	-2.00611	-0.109046	-0.0557556	0.739035	0.739035	-2.51366	-0.553286	-0.306595
91	0.883342	0.091651	0.091651	-2.04646	-0.0690176	-0.0544741	1.09549	1.09549	-2.56421	-0.339821	-0.231445
91	0.928063	0.155638	0.155638	-2.08634	-0.0156663	0.0216386	1.86032	1.86032	-2.61418	-0.0724732	0.0983174
91	1.09539	0.244175	0.244175	-2.54464	-0.0717656	-0.0555279	2.91859	2.91859	-3.18843	-0.223883	-0.150847
91	0.693307	0.152027	0.152027	-2.05703	-0.0151658	0.0425744	1.81716	1.81716	-2.57746	-0.0773851	0.251865
91	1.10841	0.0865556	0.0865556	-2.54879	-0.301791	-0.218952	1.03459	1.03459	-3.19363	-0.826372	-0.624083
91	1.1013	0.217348	0.217348	-2.15949	-0.0818873	-0.0541527	2.59793	2.59793	-2.70584	-0.237742	-0.158253
91	0.957395	-0.0171664	-0.0171664	-2.72207	-0.197509	-0.191159	-0.205188	-0.205188	-3.41076	-0.890597	-0.72838
91	1.04987	0.0939655	0.0939655	-2.64643	-0.173967	-0.12766	1.12316	1.12316	-3.31598	-0.594247	-0.385998
91	1.2707	-0.0536311	-0.0536311	-3.01711	-0.99954	-0.779968	-0.641045	-0.641045	-3.78043	-2.16549	-1.67962
91	1.04395	0.275324	0.275324	-2.17585	0.0675993	0.0833752	3.29091	3.29091	-2.72634	0.282887	0.300617
91	0.908355	0.117803	0.117803	-2.68284	-0.0654452	-0.0444378	1.40809	1.40809	-3.36159	-0.297421	-0.189222
91	0.940039	-0.0117097	-0.0117097	-2.12692	-0.229682	-0.146465	-0.139965	-0.139965	-2.66503	-0.906049	-0.721288
91	0.960133	0.174484	0.174484	-1.82972	-0.0194949	-0.0284097	2.08558	2.08558	-2.29264	-0.0834985	-0.101652
91	1.01216	0.0342153	0.0342153	-1.89843	-0.169008	-0.147747	0.408971	0.408971	-2.37873	-0.650695	-0.577882
91	0.893015	0.141954	0.141954	-1.94568	-0.0371144	-0.0162286	1.69675	1.69675	-2.43793	-0.163884	-0.0619977
91	0.864123	0.304495	0.304495	-2.17362	0.106767	0.14527	3.63959	3.63959	-2.72354	0.433732	0.559778
91	1.14573	0.0634942	0.0634942	-3.05028	-0.328684	-0.288229	0.758937	0.758937	-3.82201	-0.880186	-0.735013
91	0.886524	0.0395161	0.0395161	-2.3061	-0.131642	-0.101802	0.47233	0.47233	-2.88954	-0.676384	-0.459856
91	0.887835	0.117808	0.117808	-1.85328	-0.0532091	-0.0257876	1.40814	1.40814	-2.32216	-0.24713	-0.111126
91	1.01397	0.0500461	0.0500461	-2.75772	-0.196707	-0.14037	0.598194	0.598194	-3.45543	-0.667785	-0.53487
91	1.04271	0.12013	0.12013	-2.32301	-0.10701	-0.065335	1.4359	1.4359	-2.91073	-0.335705	-0.243724
91	1.05318	0.0939136	0.0939136	-2.54522	-0.12117	-0.11779	1.12254	1.12254	-3.18916	-0.501576	-0.35482
91	0.931833	0.0688956	0.0688956	-1.991	-0.115715	-0.0756388	0.8235	0.8235	-2.49472	-0.552819	-0.351359
91	1.18549	0.0440724	0.0440724	-2.10318	-0.525489	-0.505141	0.526791	0.526791	-2.63528	-1.23137	-1.02643
91	0.760224	-0.049907	-0.049907	-2.27902	-0.185717	-0.182179	-0.596531	-0.596531	-2.85561	-1.12684	-0.815754
91	1.0938	-0.0384592	-0.0384592	-2.52993	-0.406796	-0.288949	-0.459697	-0.459697	-3.17001	-1.18113	-0.870822
91	1.27769	0.0125016	0.0125016	-2.55737	-0.859665	-0.603712	0.14943	0.14943	-3.20438	-1.76743	-1.21042
91	0.999762	0.0414413	0.0414413	-1.98534	-0.161355	-0.160392	0.495342	0.495342	-2.48763	-0.636371	-0.59069
91	0.975102	0.289358	0.289358	-2.40623	0.119193	0.117887	3.45866	3.45866	-3.01501	0.546734	0.49216
91	0.979529	0.0314911	0.0314911	-1.9106	-0.157176	-0.124887	0.376409	0.376409	-2.39398	-0.66977	-0.549014
91	1.09046	0.0168739	0.0168739	-2.46398	-0.272292	-0.246204	0.201692	0.201692	-3.08736	-0.854344	-0.693578
91	0.9546	-0.01009	-0.01009	-2.3054	-0.205311	-0.167643	-0.120604	-0.120604	-2.88867	-0.784544	-0.662106
91	1.098	0.0578375	0.0578375	-2.31409	-0.241179	-0.286351	0.691323	0.691323	-2.89956	-0.80151	-0.7819
91	0.776217	0.303167	0.303167	-2.13203	0.139154	0.156406	3.62371	3.62371	-2.67143	0.640286	0.695547
91	1.0434	-0.0302458	-0.0302458	-2.33335	-0.282618	-0.233822	-0.361524	-0.361524	-2.92369	-0.952212	-0.784848
91	0.892531	0.181176	0.181176	-2.03696	0.0278801	0.0485696	2.16557	2.16557	-2.55231	0.135212	0.240186
91	0.804483	-0.0278662	-0.0278662	-2.13363	-0.194134	-0.166764	-0.333081	-0.333081	-2.67344	-1.01703	-0.795761
91	1.01857	0.00505836	0.00505836	-1.80731	-0.214014	-0.191092	0.0604619	0.0604619	-2.26456	-0.815905	-0.701994
91	1.06529	0.120484	0.120484	-1.97653	-0.137822	-0.122424	1.44012	1.44012	-2.4766	-0.459037	-0.368789
91	0.753273	0.118673	0.118673	-1.81676	-0.0279238	-0.0159843	1.41848	1.41848	-2.2764	-0.162144	-0.0799365
91	0.957511	0.136605	0.136605	-2.47526	-0.0677395	-0.0174027	1.63282	1.63282	-3.10151	-0.275627	-0.077452
91	1.09122	0.108404	0.108404	-2.09864	-0.141139	-0.160243	1.29574	1.29574	-2.62959	-0.494771	-0.477356
91	0.801498	0.238045	0.238045	-1.78872	0.0903472	0.11465	2.84532	2.84532	-2.24126	0.518634	0.571239
91	0.814484	-0.0436655	-0.0436655	-2.89927	-0.200292	-0.180297	-0.521927	-0.521927	-3.63279	-1.06775	-0.900673
91	0.756599	0.00385661	0.00385661	-1.71668	-0.177054	-0.118491	0.0460975	0.0460975	-2.151	-0.858561	-0.643576
91	0.978632	0.311893	0.311893	-2.1863	0.0920436	0.13424	3.72801	3.72801	-2.73944	0.325911	0.512484
91	1.01094	0.0361122	0.0361122	-2.02721	-0.155588	-0.16441	0.431645	0.431645	-2.5401	-0.66905	-0.531193
91	1.02292	-0.116749	-0.116749	-2.7764	-0.363918	-0.28095	-1.39549	-1.39549	-3.47883	-1.33411	-1.06212
91	0.929879	0.0981342	0.0981342	-2.23023	-0.0818442	-0.0461554	1.17298	1.17298	-2.79448	-0.37768	-0.203249
91	0.812739	0.134439	0.134439	-2.60424	-0.0217452	0.00456841	1.60694	1.60694	-3.26312	-0.115144	0.023004
91	0.86767	0.0305183	0.0305183	-2.09869	-0.133588	-0.125232	0.36478	0.36478	-2.62966	-0.630046	-0.510391
91	1.00432	0.135341	0.135341	-2.85831	-0.0642199	-0.0364697	1.61771	1.61771	-3.58147	-0.274149	-0.142498
91	0.88361	0.178433	0.178433	-2.54884	0.0289438	0.0353894	2.13278	2.13278	-3.1937	0.165579	0.165356
91	0.749001	-0.104069	-0.104069	-2.41984	-0.248889	-0.249104	-1.24392	-1.24392	-3.03206	-1.34066	-1.22482
91	1.18654	-0.0427152	-0.0427152	-2.67116	-0.758865	-0.509893	-0.510569	-0.510569	-3.34697	-1.40273	-1.15357
91	0.938505	-0.00852742	-0.00852742	-2.08485	-0.174902	-0.164694	-0.101927	-0.101927	-2.61231	-0.873708	-0.655288
91	1.02152	0.0839943	0.0839943	-2.10782	-0.137608	-0.0996446	1.00397	1.00397	-2.6411	-0.507352	-0.36048
91	0.835325	0.0341489	0.0341489	-2.42583	-0.159684	-0.0942113	0.408177	0.408177	-3.03956	-0.666468	-0.430044
91	0.964675	0.206649	0.206649	-1.85086	0.0115288	0.0200559	2.47004	2.47004	-2.31913	0.0500305	0.0706061
91	0.905212	0.181758	0.181758	-1.84835	0.0154708	0.0617423	2.17253	2.17253	-2.31598	0.0746821	0.310805
91	0.792509	0.133258	0.133258	-2.15174	-0.0180234	0.00318044	1.59282	1.59282	-2.69613	-0.095201	0.0167267
91	1.0338	0.0505181	0.0505181	-2.0831	-0.148467	-0.141286	0.603835	0.603835	-2.61012	-0.62194	-0.528075
91	0.81408	-0.0921505	-0.0921505	-2.34178	-0.25097	-0.222755	-1.10146	-1.10146	-2.93424	-1.38868	-1.12427
91	1.08563	0.0554282	0.0554282	-2.39586	-0.164581	-0.182038	0.662525	0.662525	-3.00201	-0.616857	-0.566106
91	1.1478	0.130349	0.130349	-1.94396	-0.408318	-0.254131	1.55805	1.55805	-2.43578	-0.998252	-0.577694
91	0.995259	0.111365	0.111365	-2.26514	-0.0733253	-0.0775241	1.33113	1.33113	-2.83822	-0.322176	-0.298619
91	0.846181	-0.0104057	-0.0104057	-2.19439	-0.191856	-0.135044	-0.124378	-0.124378	-2.74957	-0.889412	-0.687104
91	0.936909	0.0268079	0.0268079	-2.69017	-0.165199	-0.134918	0.320431	0.320431	-3.37078	-0.717166	-0.566996
91	0.867504	-0.0214098	-0.0214098	-2.28565	-0.180084	-0.169785	-0.255909	-0.255909	-2.86392	-0.939437	-0.757416
91	0.896375	0.138291	0.138291	-1.9717	-0.0428263	-0.0134589	1.65298	1.65298	-2.47054	-0.192123	-0.0573822
91	0.915478	0.0950355	0.0950355	-2.25084	-0.122881	-0.062296	1.13595	1.13595	-2.82031	-0.467973	-0.252177
91	1.23434	0.242288	0.242288	-2.66329	-0.359224	-0.263155	2.89603	2.89603	-3.3371	-0.797001	-0.560814
91	1.04392	-0.158855	-0.158855	-2.60556	-0.376113	-0.332214	-1.89877	-1.89877	-3.26477	-1.59709	-1.30835
91	1.0901	0.00628482	0.00628482	-3.03281	-0.311116	-0.211846	0.0751216	0.0751216	-3.80011	-0.998098	-0.737047
91	1.29993	0.00130047	-0.0277251	-3.0634	-0.929035	-0.722243	0.0155443	-0.329569	-3.83844	-2.09015	-1.48888
91	1.12431	0.0771433	0.0771433	-2.74651	-0.312895	-0.251071	0.922083	0.922083	-3.44138	-0.797458	-0.655644
91	0.951805	-0.210351	-0.210351	-2.0088	-0.438241	-0.360978	-2.5143	-2.5143	-2.51702	-1.74456	-1.59449
91	0.824957	0.119633	0.119633	-2.40657	-0.00856619	-0.00376604	1.42996	1.42996	-3.01544	-0.0531173	-0.0194641
91	0.81385	0.114284	0.114284	-2.13746	-0.0247832	-0.0278993	1.36603	1.36603	-2.67824	-0.147098	-0.1241
91	0.92038	0.0065391	0.0065391	-2.50907	-0.170944	-0.130701	0.0781609	0.0781609	-3.14387	-0.835638	-0.58802
91	0.933227	-0.0644903	-0.0644903	-2.38698	-0.231302	-0.23545	-0.770843	-0.770843	-2.99088	-1.1696	-0.85562
91	0.686909	0.0579876	0.0579876	-1.77106	-0.0731762	-0.0654736	0.693118	0.693118	-2.21914	-0.440671	-0.336616
91	0.914231	0.0695788	0.0695788	-2.2113	-0.153526	-0.0761142	0.831665	0.831665	-2.77075	-0.552557	-0.320596
91	1.25055	-0.016289	-0.016289	-2.26103	-0.721261	-0.56752	-0.1947	-0.1947	-2.83308	-1.49957	-1.14784
91	1.13544	0.0266839	0.0266839	-3.1001	-0.314143	-0.280052	0.318949	0.318949	-3.88443	-0.898824	-0.796112
91	1.08988	0.128695	0.128695	-2.51763	-0.15849	-0.158641	1.53827	1.53827	-3.15459	-0.542037	-0.427043
91	0.993234	0.234708	0.234708	-2.36598	0.0229787	0.0646961	2.80543	2.80543	-2.96457	0.0872507	0.25824
91	0.980962	0.0189359	0.0189359	-2.39003	-0.166055	-0.146259	0.226338	0.226338	-2.99471	-0.694354	-0.600109
91	1.09769	-0.0402869	-0.0402869	-3.12954	-0.358924	-0.314824	-0.481544	-0.481544	-3.92131	-1.0836	-0.9428
91	1.13153	0.100888	0.100888	-1.89676	-0.237614	-0.227639	1.2059	1.2059	-2.37664	-0.685787	-0.579807
91	0.916505	0.0595271	0.0595271	-1.86816	-0.12198	-0.0698015	0.711519	0.711519	-2.34081	-0.536602	-0.329714
91	0.764297	0.242708	0.242708	-1.68243	0.0970654	0.127576	2.90105	2.90105	-2.10809	0.571983	0.70138
91	0.986948	-0.159251	-0.159251	-3.12871	-0.343758	-0.313606	-1.9035	-1.9035	-3.92028	-1.58919	-1.29782
91	0.788704	0.0226966	0.0226966	-2.79434	-0.114664	-0.105227	0.27129	0.27129	-3.50131	-0.652225	-0.548435
91	1.12586	0.214819	0.214819	-1.88511	-0.208322	-0.0971648	2.5677	2.5677	-2.36204	-0.511136	-0.249475
91	0.974101	-0.0202279	-0.0202279	-2.82923	-0.221115	-0.18106	-0.241782	-0.241782	-3.54503	-0.855192	-0.715991
91	1.05454	0.331522	0.331522	-1.66074	0.0829447	0.0909179	3.96263	3.96263	-2.0809	0.30154	0.273156
91	0.797523	0.0997434	0.0997434	-2.81951	-0.0657166	-0.037248	1.19222	1.19222	-3.53284	-0.345865	-0.191816
91	0.819807	-0.118425	-0.118425	-2.68301	-0.287612	-0.253221	-1.41552	-1.41552	-3.36181	-1.43697	-1.1911
91	0.897201	-0.0188003	-0.0188003	-2.08034	-0.193821	-0.145373	-0.224717	-0.224717	-2.60667	-0.918935	-0.756577
91	1.24969	0.100679	0.100679	-2.34479	-0.603141	-0.495983	1.2034	1.2034	-2.93802	-1.26036	-1.05123
91	1.36986	0.211884	0.177576	-3.04976	-0.965627	-0.717803	2.53262	2.11084	-3.82135	-2.27324	-1.61462
91	1.02108	0.162044	0.162044	-2.54813	-0.0502551	-0.010716	1.93689	1.93689	-3.19281	-0.207744	-0.040556
91	1.13675	-0.0946001	-0.0946001	-3.32475	-0.489025	-0.398327	-1.13074	-1.13074	-4.16591	-1.24235	-1.0283
91	1.04332	-0.1084	-0.1084	-2.55998	-0.33912	-0.319723	-1.2957	-1.2957	-3.20766	-1.26381	-1.06981
91	0.780977	0.156688	0.156688	-1.95359	-0.00411701	0.0178112	1.87288	1.87288	-2.44785	-0.0215704	0.0934391
91	0.991877	0.0302661	0.0302661	-3.37279	-0.172282	-0.1277	0.361767	0.361767	-4.22611	-0.727645	-0.527318
91	1.17016	0.119529	0.119529	-2.01058	-0.485448	-0.382782	1.42871	1.42871	-2.51926	-1.12673	-0.829898
91	0.89842	0.0262333	0.0262333	-2.40968	-0.14198	-0.11613	0.313563	0.313563	-3.01933	-0.691693	-0.557448
91	0.915757	0.0553104	0.0553104	-2.34478	-0.11288	-0.0804108	0.661117	0.661117	-2.93801	-0.549453	-0.368953
91	0.930822	-0.080464	-0.080464	-1.94416	-0.245876	-0.224505	-0.961775	-0.961775	-2.43604	-1.32994	-1.01009
91	0.617441	0.0253832	0.0253832	-1.8851	-0.0939671	-0.104984	0.303401	0.303401	-2.36203	-0.609751	-0.509341
91	0.906826	0.126608	0.126608	-2.58053	-0.0564861	-0.0224773	1.51332	1.51332	-3.2334	-0.243806	-0.0965088
91	0.968538	0.137845	0.137845	-2.75262	-0.0565926	-0.0306753	1.64764	1.64764	-3.44904	-0.241703	-0.114824
91	0.850326	-0.0238163	-0.0238163	-2.17519	-0.202014	-0.159211	-0.284672	-0.284672	-2.72551	-0.988112	-0.756658
91	1.34228	0.220421	0.194622	-2.54495	-0.77892	-0.62375	2.63467	2.31347	-3.18882	-1.5638	-1.15366
91	1.10781	0.163825	0.163825	-2.43924	-0.176385	-0.133999	1.95818	1.95818	-3.05637	-0.455909	-0.360887
91	1.05578	0.0682897	0.0682897	-2.65474	-0.212708	-0.131209	0.816257	0.816257	-3.32639	-0.71056	-0.440601
91	0.89588	0.12674	0.12674	-2.65267	-0.0569353	-0.00422671	1.51491	1.51491	-3.3238	-0.255683	-0.0201209
91	0.805574	-0.109779	-0.109779	-2.32699	-0.272518	-0.235723	-1.31218	-1.31218	-2.91572	-1.38687	-1.16705
91	0.710368	0.0887151	0.0887151	-2.48815	-0.0542412	-0.0399078	1.0604	1.0604	-3.11765	-0.318721	-0.213671
91	1.02779	0.0267977	0.0267977	-2.18603	-0.209059	-0.15865	0.320309	0.320309	-2.73909	-0.672572	-0.552703
91	0.826372	0.121285	0.121285	-1.78935	-0.0731668	-0.0158222	1.4497	1.4497	-2.24206	-0.30707	-0.0736351
91	0.665538	0.122223	0.122223	-1.97049	-0.0208786	0.00329664	1.46091	1.46091	-2.46903	-0.121851	0.017048
91	0.738262	0.10917	0.10917	-2.1023	-0.0477292	-0.0129866	1.3049	1.3049	-2.63419	-0.256902	-0.0670631
91	1.24075	-0.0196738	-0.0196738	-2.7255	-0.809044	-0.642394	-0.235158	-0.235158	-3.41505	-1.73193	-1.32511
91	1.46547	-0.016493	-0.106783	-2.8144	-1.29001	-1.13712	-0.197138	-1.25515	-3.52645	-3.07488	-2.9859
91	0.983727	0.193638	0.193638	-2.01153	-0.0335975	-0.00174269	2.31453	2.31453	-2.52044	-0.12716	-0.00639812
91	1.16841	-0.0530087	-0.0530087	-2.2548	-0.506994	-0.49168	-0.633606	-0.633606	-2.82526	-1.24477	-1.0464
91	1.08208	0.133742	0.133742	-1.92789	-0.14847	-0.155619	1.59859	1.59859	-2.41565	-0.488611	-0.403322
91	1.0252	-0.0392637	-0.0392637	-2.29876	-0.271784	-0.255124	-0.469314	-0.469314	-2.88035	-1.0298	-0.770479
91	0.934895	0.0512526	0.0512526	-2.44735	-0.149566	-0.0871093	0.612615	0.612615	-3.06653	-0.598318	-0.396409
91	1.24147	0.115065	0.115065	-2.18745	-0.535286	-0.477182	1.37536	1.37536	-2.74087	-1.16959	-1.00692
91	0.919368	0.0966406	0.0966406	-2.20122	-0.0697578	-0.0686535	1.15513	1.15513	-2.75812	-0.348338	-0.282786
91	0.920841	0.12607	0.12607	-2.42784	-0.064086	-0.0162868	1.5069	1.5069	-3.04208	-0.299266	-0.0755608
91	1.06262	0.0528904	0.0528904	-2.74922	-0.19589	-0.165911	0.632191	0.632191	-3.44477	-0.727536	-0.54448
91	1.38914	0.0227132	-0.0373706	-2.92887	-1.20298	-1.04466	0.271487	-0.441749	-3.66987	-2.66451	-2.28289
91	0.831729	0.137244	0.137244	-2.11746	-0.0317506	-0.0229837	1.64045	1.64045	-2.65318	-0.15666	-0.102365
91	1.00206	0.0906993	0.0906993	-2.95848	-0.133288	-0.0945549	1.08412	1.08412	-3.70698	-0.492682	-0.354506
91	0.783466	-0.101478	-0.101478	-2.81005	-0.266507	-0.238097	-1.21295	-1.21295	-3.521	-1.29074	-1.14899
91	1.07533	0.0386636	0.0386636	-3.27956	-0.275365	-0.194358	0.462141	0.462141	-4.10929	-0.823498	-0.604275
91	0.891554	-0.0847612	-0.0847612	-2.47811	-0.258232	-0.246253	-1.01314	-1.01314	-3.10507	-1.32183	-0.989628
91	1.15281	-0.070548	-0.070548	-2.68212	-0.407749	-0.448975	-0.843251	-0.843251	-3.3607	-1.24197	-1.06612
91	1.15723	0.158785	0.158785	-2.75488	-0.272278	-0.223089	1.89794	1.89794	-3.45186	-0.727064	-0.52136
91	1.04129	0.0753089	0.0753089	-2.60452	-0.117306	-0.116788	0.900156	0.900156	-3.26346	-0.502104	-0.416555
91	0.999968	0.0958268	0.0958268	-2.3311	-0.0860882	-0.0601253	1.1454	1.1454	-2.92087	-0.395891	-0.238351
91	1.32967	0.124394	0.0950603	-2.36902	-0.971401	-0.77855	1.48687	1.12998	-2.96838	-2.33823	-1.74869
91	0.829335	-0.201017	-0.201017	-1.89967	-0.360849	-0.330878	-2.40273	-2.40273	-2.38029	-1.94102	-1.62767
91	0.943394	0.0581861	0.0581861	-2.58059	-0.138288	-0.112529	0.695491	0.695491	-3.23348	-0.610483	-0.443982
91	1.09627	0.0143392	0.0143392	-2.35903	-0.26014	-0.263116	0.171394	0.171394	-2.95587	-0.85571	-0.739323
91	1.06288	-0.130799	-0.130799	-2.77199	-0.334761	-0.339935	-1.56343	-1.56343	-3.4733	-1.32893	-1.19255
91	1.02425	0.318288	0.318288	-2.56735	0.0922211	0.127825	3.80445	3.80445	-3.21689	0.37312	0.475684
91	1.09234	0.164668	0.164668	-2.63198	-0.163223	-0.0940955	1.96826	1.96826	-3.29787	-0.484512	-0.284984
91	1.04672	0.200239	0.200239	-2.26163	-0.0208098	-0.00747978	2.39343	2.39343	-2.83382	-0.0791905	-0.0250554
91	1.04127	0.0949729	0.0949729	-2.88704	-0.130392	-0.115259	1.1352	1.1352	-3.61747	-0.483998	-0.367927
91	1.00096	0.203216	0.203216	-2.50475	-0.0378006	0.0365932	2.42901	2.42901	-3.13845	-0.133182	0.141058
91	0.934348	0.230234	0.230234	-2.14567	0.0531954	0.0862215	2.75195	2.75195	-2.68852	0.249246	0.350074
91	0.972454	0.0362183	0.0362183	-2.78571	-0.145042	-0.12125	0.432912	0.432912	-3.4905	-0.703011	-0.503145
91	0.93369	-0.151695	-0.151695	-2.10219	-0.34022	-0.299163	-1.81319	-1.81319	-2.63405	-1.49807	-1.23708
91	0.906158	-0.115165	-0.115165	-2.24976	-0.26369	-0.289467	-1.37655	-1.37655	-2.81895	-1.51117	-1.11168
91	1.26537	0.0780406	0.0780406	-2.4958	-0.810384	-0.616361	0.932808	0.932808	-3.12724	-1.72154	-1.24094
91	0.80319	0.123151	0.123151	-1.83268	-0.0538527	-0.014301	1.47201	1.47201	-2.29635	-0.261817	-0.066133
91	1.1823	-0.0977293	-0.0977293	-3.28989	-0.690181	-0.656897	-1.16814	-1.16814	-4.12224	-1.61962	-1.43068
91	0.812178	-0.0310038	-0.0310038	-2.48731	-0.180171	-0.16822	-0.370584	-0.370584	-3.1166	-1.00457	-0.869259
91	0.897488	0.0367094	0.0367094	-2.39131	-0.125029	-0.117464	0.438783	0.438783	-2.99631	-0.598421	-0.525423
91	1.25607	-0.12865	-0.12865	-2.84322	-0.807279	-0.73939	-1.53774	-1.53774	-3.56256	-1.87246	-1.64177
91	0.987837	0.225202	0.225202	-2.12323	0.0479547	0.080141	2.6918	2.6918	-2.6604	0.222996	0.354359
91	0.943939	0.0715262	0.0715262	-2.32323	-0.0841698	-0.0859801	0.854943	0.854943	-2.911	-0.440665	-0.399288
91	0.912284	-0.0276752	-0.0276752	-2.63661	-0.186725	-0.173204	-0.330798	-0.330798	-3.30367	-0.95785	-0.772074
91	0.75301	0.12802	0.12802	-2.23876	-0.0049637	0.0280338	1.5302	1.5302	-2.80517	-0.0300883	0.166363
91	0.958102	-0.069504	-0.069504	-2.1512	-0.245628	-0.225387	-0.830772	-0.830772	-2.69545	-1.08965	-0.886427
91	0.992369	0.257885	0.257885	-2.1858	0.0505926	0.0680917	3.08247	3.08247	-2.73881	0.204683	0.245747
91	1.03551	0.161223	0.161223	-2.92729	-0.055172	-0.013889	1.92708	1.92708	-3.6679	-0.211966	-0.0560677
91	0.973518	-0.0446446	-0.0446446	-2.55877	-0.213169	-0.184681	-0.53363	-0.53363	-3.20614	-1.01581	-0.842704
91	0.748219	0.100353	0.100353	-1.99121	-0.0608816	-0.0392703	1.19951	1.19951	-2.49499	-0.311354	-0.192702
91	0.825984	0.123161	0.123161	-2.22492	-0.0442578	-0.00626875	1.47212	1.47212	-2.78782	-0.21835	-0.0281331
91	0.999087	0.0637921	0.0637921	-1.92864	-0.154168	-0.112638	0.762498	0.762498	-2.41659	-0.569435	-0.427101
91	0.927668	0.103069	0.103069	-2.41326	-0.0605629	-0.0620144	1.23196	1.23196	-3.02381	-0.281658	-0.24779
91	0.901551	-0.0488169	-0.0488169	-3.20963	-0.225275	-0.195363	-0.583501	-0.583501	-4.02167	-1.11564	-0.825378
91	1.15167	-0.0914233	-0.0914233	-2.84973	-0.587541	-0.470282	-1.09277	-1.09277	-3.57071	-1.44771	-1.1441
91	0.908324	0.0935032	0.0935032	-2.05873	-0.0581002	-0.0805778	1.11763	1.11763	-2.57959	-0.306955	-0.309449
91	1.19813	0.138776	0.138776	-2.68508	-0.525625	-0.398586	1.65877	1.65877	-3.36441	-1.18693	-0.844793
91	0.94268	-0.0926749	-0.0926749	-2.54508	-0.284945	-0.242057	-1.10773	-1.10773	-3.18899	-1.21807	-1.05637
91	1.06007	0.197688	0.197688	-2.11916	-0.120206	-0.000820961	2.36293	2.36293	-2.65531	-0.352692	-0.00282762
91	0.782507	0.185786	0.185786	-2.03892	0.0318254	0.0535639	2.22068	2.22068	-2.55477	0.160965	0.264622
91	0.882095	0.12046	0.12046	-1.7724	-0.0361398	-0.0356884	1.43984	1.43984	-2.22081	-0.209556	-0.144847
91	1.19888	0.100426	0.100426	-2.5169	-0.469271	-0.31715	1.20038	1.20038	-3.15368	-0.970145	-0.719983
91	1.15174	0.135925	0.135925	-2.66209	-0.278724	-0.247847	1.62469	1.62469	-3.33559	-0.708023	-0.552903
91	1.22238	-0.00929327	-0.00929327	-2.52394	-0.614404	-0.488909	-0.111081	-0.111081	-3.16249	-1.40228	-1.09888
91	1.10733	0.197436	0.197436	-2.26019	-0.111497	-0.123603	2.35993	2.35993	-2.83202	-0.345077	-0.311372
91	1.22471	0.1199	0.1199	-2.24634	-0.559694	-0.438017	1.43315	1.43315	-2.81466	-1.21868	-0.928626
91	1.02695	0.153031	0.153031	-2.81624	-0.0493068	-0.0311413	1.82916	1.82916	-3.52875	-0.20829	-0.122671
91	1.1802	0.0915596	0.0915596	-3.16206	-0.60351	-0.323423	1.0944	1.0944	-3.96206	-1.24012	-0.746777
91	0.964082	0.136429	0.136429	-2.50164	-0.0598407	-0.0267774	1.63072	1.63072	-3.13456	-0.261268	-0.10771
91	0.940556	0.103919	0.103919	-2.56683	-0.0699696	-0.0568224	1.24213	1.24213	-3.21623	-0.367618	-0.240965
91	1.30566	0.168461	0.140545	-2.71188	-0.623443	-0.514215	2.01359	1.67066	-3.39798	-1.20872	-1.02821
91	1.18586	0.136811	0.136811	-2.60535	-0.528879	-0.382372	1.63528	1.63528	-3.26451	-1.1467	-0.851346
91	0.92655	0.0207696	0.0207696	-1.87788	-0.138748	-0.14775	0.248257	0.248257	-2.35298	-0.694295	-0.580712
91	1.0005	-0.0517633	-0.0517633	-3.02454	-0.281059	-0.224784	-0.618719	-0.618719	-3.78975	-1.06167	-0.983476
91	0.896907	0.139319	0.139319	-1.95899	-0.0302702	-0.00234184	1.66526	1.66526	-2.45462	-0.151799	-0.0107322
91	0.85996	0.253975	0.253975	-2.17999	0.0844963	0.109295	3.03572	3.03572	-2.73153	0.414019	0.475789
91	0.856293	0.177994	0.177994	-2.02425	0.0141028	0.0387038	2.12754	2.12754	-2.53639	0.0687947	0.18136
91	0.905824	0.13992	0.13992	-1.59549	-0.0138776	-0.0215345	1.67244	1.67244	-1.99915	-0.0692265	-0.0903691
91	1.08095	-0.0464608	-0.0464608	-3.09189	-0.384583	-0.287222	-0.555339	-0.555339	-3.87414	-1.10335	-0.870524
91	0.995315	0.111479	0.111479	-2.23711	-0.0836469	-0.0684759	1.33249	1.33249	-2.8031	-0.36866	-0.249614
91	0.844331	0.0439732	0.0439732	-1.99196	-0.129784	-0.0929374	0.525605	0.525605	-2.49592	-0.612729	-0.44704
91	1.14997	-0.0738493	-0.0738493	-2.19302	-0.483405	-0.451014	-0.882711	-0.882711	-2.74786	-1.30857	-1.12295
91	0.843849	-0.0827899	-0.0827899	-2.31009	-0.245428	-0.225374	-0.989576	-0.989576	-2.89454	-1.19748	-1.08262
91	0.952502	0.0874979	0.0874979	-1.94068	-0.0872429	-0.0535404	1.04585	1.04585	-2.43167	-0.396012	-0.251835
91	1.24728	0.122516	0.122516	-2.478	-0.6315	-0.483844	1.46442	1.46442	-3.10493	-1.31275	-0.968184
91	1.01686	0.0345513	0.0345513	-3.04884	-0.18544	-0.139993	0.412987	0.412987	-3.8202	-0.731854	-0.518159
91	0.767248	-0.241417	-0.241417	-2.46205	-0.415381	-0.377604	-2.88563	-2.88563	-3.08495	-1.96711	-1.87251
91	0.862048	0.0764625	0.0764625	-2.59656	-0.0864965	-0.0809083	0.913945	0.913945	-3.25349	-0.42411	-0.354472
91	0.980819	0.134641	0.134641	-2.79404	-0.0620351	-0.0120864	1.60934	1.60934	-3.50093	-0.260664	-0.0521869
91	0.775094	0.0942086	0.0942086	-1.91505	-0.0726979	-0.0337902	1.12606	1.12606	-2.39955	-0.380903	-0.177433
91	1.35345	0.100997	0.0733897	-2.7928	-1.04298	-0.817066	1.2072	0.872383	-3.49938	-2.15228	-1.68479
91	1.22215	0.0465822	0.0465822	-2.32495	-0.511637	-0.431036	0.55679	0.55679	-2.91316	-1.25457	-0.984585
91	1.11585	0.012903	0.012903	-2.24285	-0.317259	-0.283087	0.154228	0.154228	-2.81029	-0.940789	-0.770486
91	0.925035	0.304997	0.304997	-1.66133	0.0955796	0.126705	3.64559	3.64559	-2.08164	0.39738	0.455174
91	1.24907	0.120591	0.120591	-2.89542	-0.71751	-0.505601	1.4414	1.4414	-3.62796	-1.53572	-1.10477
91	0.903477	-0.0175114	-0.0175114	-2.73152	-0.211888	-0.206809	-0.209311	-0.209311	-3.42259	-0.882807	-0.78188
91	0.948152	-0.0246507	-0.0246507	-2.20636	-0.192318	-0.173667	-0.294646	-0.294646	-2.76457	-0.965996	-0.761351
91	0.866978	-0.0407344	-0.0407344	-2.40384	-0.202953	-0.173406	-0.486892	-0.486892	-3.01201	-1.0744	-0.839691
91	0.926405	0.0627651	0.0627651	-2.76231	-0.0900696	-0.090545	0.750222	0.750222	-3.46118	-0.472793	-0.405032
91	1.02711	0.0541779	0.0541779	-2.80754	-0.152785	-0.119105	0.64758	0.64758	-3.51785	-0.606803	-0.44457
91	0.964524	-0.0977289	-0.0977289	-2.18564	-0.288845	-0.256703	-1.16814	-1.16814	-2.73861	-1.27429	-1.02217
91	1.2026	0.0307741	0.0307741	-2.47107	-0.63724	-0.532309	0.367839	0.367839	-3.09626	-1.43213	-1.18952
91	1.16443	0.0424788	0.0424788	-2.55507	-0.445544	-0.337937	0.507743	0.507743	-3.20151	-1.09251	-0.815023
91	1.0651	-0.00877418	-0.00877418	-2.33506	-0.253298	-0.211298	-0.104877	-0.104877	-2.92583	-0.883295	-0.686584
91	0.862627	-0.0848392	-0.0848392	-2.83661	-0.251799	-0.225578	-1.01407	-1.01407	-3.55427	-1.21605	-1.05614
91	0.952403	0.0817042	0.0817042	-2.54913	-0.102595	-0.0964808	0.976598	0.976598	-3.19406	-0.48437	-0.362714
91	1.34168	0.247066	0.215483	-2.56742	-0.647026	-0.513381	2.95315	2.56144	-3.21697	-1.36478	-1.07898
91	1.11139	0.0803516	0.0803516	-2.36921	-0.241805	-0.197513	0.960431	0.960431	-2.96862	-0.757548	-0.593798
91	0.690291	-0.0421354	-0.0421354	-1.89927	-0.180969	-0.158445	-0.503639	-0.503639	-2.37978	-1.09698	-0.884496
91	1.04727	0.237371	0.237371	-2.15948	0.00536755	0.0625018	2.83726	2.83726	-2.70582	0.0186055	0.245231
91	0.714659	-0.0127054	-0.0127054	-2.42178	-0.153596	-0.120736	-0.151865	-0.151865	-3.03449	-0.870407	-0.661791
91	1.04138	0.0385607	0.0385607	-2.72727	-0.191783	-0.161711	0.460911	0.460911	-3.41726	-0.693158	-0.602569
91	1.10485	-0.10745	-0.10745	-2.77959	-0.385178	-0.375659	-1.28434	-1.28434	-3.48282	-1.28732	-1.10019
91	0.964597	0.179986	0.179986	-1.81289	-0.0103095	0.0321732	2.15134	2.15134	-2.27155	-0.0471358	0.144109
91	0.800071	-0.0614386	-0.0614386	-1.69022	-0.217	-0.176748	-0.734366	-0.734366	-2.11785	-1.12536	-0.927803
91	1.05629	0.105465	0.105465	-2.22949	-0.138879	-0.112667	1.26061	1.26061	-2.79355	-0.478812	-0.379886
91	1.04196	-0.0946292	-0.0946292	-2.54058	-0.328043	-0.298404	-1.13109	-1.13109	-3.18334	-1.16862	-1.05947
91	0.937212	-0.0171466	-0.0171466	-2.94094	-0.20548	-0.163087	-0.204951	-0.204951	-3.685	-0.811955	-0.670468
91	0.887838	0.110844	0.110844	-2.44257	-0.0577483	-0.0521315	1.3249	1.3249	-3.06054	-0.292007	-0.20942
91	0.834509	0.0651145	0.0651145	-2.38555	-0.0839064	-0.0738377	0.778304	0.778304	-2.98909	-0.473535	-0.339555
91	0.865231	0.00454556	0.00454556	-2.40095	-0.166362	-0.128997	0.0543324	0.0543324	-3.00838	-0.815849	-0.62621
91	1.00484	0.0794019	0.0794019	-3.3537	-0.107796	-0.116915	0.94908	0.94908	-4.20219	-0.467664	-0.406185
91	0.810967	0.191616	0.191616	-1.74778	0.0412108	0.0581187	2.29036	2.29036	-2.18997	0.235469	0.280002
91	0.815688	0.243297	0.243297	-1.84329	0.0631388	0.0977256	2.90809	2.90809	-2.30964	0.288193	0.457967
91	0.709883	0.170953	0.170953	-1.71193	0.00992249	0.0441671	2.04338	2.04338	-2.14504	0.0526667	0.222288
91	1.19941	0.155551	0.155551	-2.83655	-0.543111	-0.332204	1.85927	1.85927	-3.5542	-1.11043	-0.715157
91	0.797919	0.122334	0.122334	-2.0522	-0.0687368	-0.0170513	1.46224	1.46224	-2.5714	-0.310446	-0.0784942
91	1.03655	-0.062427	-0.062427	-2.85579	-0.245959	-0.239574	-0.746181	-0.746181	-3.57831	-1.1798	-0.934512
91	0.738937	0.0797878	0.0797878	-2.29158	-0.0812302	-0.0265578	0.953692	0.953692	-2.87135	-0.416188	-0.155807
91	1.10802	-0.0310656	-0.0310656	-3.0176	-0.386772	-0.289368	-0.371323	-0.371323	-3.78105	-1.09964	-0.836726
91	0.965251	0.0313861	0.0313861	-2.45471	-0.148131	-0.13751	0.375153	0.375153	-3.07575	-0.714862	-0.531656
91	0.708325	0.112819	0.112819	-1.76519	-0.0241415	-0.00612075	1.34851	1.34851	-2.21178	-0.14021	-0.0321818
91	1.32381	-0.0141917	-0.0426902	-2.99658	-1.21036	-0.979718	-0.169632	-0.507459	-3.75471	-2.931	-2.20543
91	0.930693	0.165017	0.165017	-3.02466	-0.0368414	0.0446082	1.97242	1.97242	-3.7899	-0.162683	0.228335
91	0.992116	0.164111	0.164111	-2.06132	-0.0316502	-0.00028202	1.96159	1.96159	-2.58284	-0.137715	-0.00110785
91	0.961423	0.0437355	0.0437355	-2.82612	-0.140769	-0.142537	0.522764	0.522764	-3.54112	-0.618049	-0.516885
91	0.956343	-0.00681188	-0.00681188	-2.49803	-0.185744	-0.195589	-0.0814214	-0.0814214	-3.13003	-0.906353	-0.769248
91	0.999156	0.220269	0.220269	-1.98496	0.0109085	0.0572824	2.63284	2.63284	-2.48715	0.0422679	0.225209
91	0.855698	0.131379	0.131379	-2.16447	-0.0242841	-0.0227209	1.57036	1.57036	-2.71208	-0.125032	-0.100203
91	1.0578	0.0671646	0.0671646	-1.7572	-0.181232	-0.167995	0.802809	0.802809	-2.20177	-0.629339	-0.488457
91	1.1056	0.10812	0.10812	-2.21899	-0.194314	-0.180299	1.29234	1.29234	-2.7804	-0.651018	-0.51716
91	1.27707	0.247523	0.247523	-3.24504	-0.553201	-0.374574	2.95861	2.95861	-4.06604	-1.14169	-0.812632
91	0.839373	0.042841	0.042841	-2.18937	-0.113287	-0.0861665	0.512072	0.512072	-2.74328	-0.62563	-0.439756
91	1.08876	0.0377284	0.0377284	-2.89823	-0.327193	-0.227524	0.450963	0.450963	-3.63148	-0.862933	-0.666352
91	1.05921	0.00806031	0.00806031	-2.09799	-0.296137	-0.228682	0.0963438	0.0963438	-2.62878	-0.889054	-0.702146
91	1.1063	0.249509	0.249509	-2.28058	-0.046874	-0.042651	2.98234	2.98234	-2.85756	-0.145191	-0.11943
91	0.891721	0.182944	0.182944	-2.28114	-0.00229179	0.0294676	2.1867	2.1867	-2.85827	-0.00988381	0.125154
91	1.17439	-0.000582911	-0.000582911	-2.19905	-0.476664	-0.467332	-0.00696745	-0.00696745	-2.75541	-1.14255	-0.998745
91	0.992792	0.163268	0.163268	-2.28197	-0.0649502	-0.0331365	1.95152	1.95152	-2.85931	-0.256326	-0.110229
91	0.834272	0.0638968	0.0638968	-2.76429	-0.1032	-0.0663722	0.763749	0.763749	-3.46365	-0.501439	-0.320116
91	0.835504	0.0151476	0.0151476	-2.52299	-0.134653	-0.104567	0.181057	0.181057	-3.16131	-0.760443	-0.572159
91	0.883198	-0.0180818	-0.0180818	-2.69893	-0.167421	-0.15648	-0.216129	-0.216129	-3.38177	-0.918519	-0.631726
91	1.15086	0.0560169	0.0560169	-2.30677	-0.459511	-0.383051	0.669562	0.669562	-2.89038	-1.09106	-0.86386
91	1.08107	-0.0491891	-0.0491891	-2.47568	-0.308091	-0.31095	-0.58795	-0.58795	-3.10203	-1.0277	-0.849348
91	1.07812	0.0539883	0.0539883	-2.3697	-0.203561	-0.178788	0.645315	0.645315	-2.96924	-0.70076	-0.526758
91	1.11464	0.0481393	0.0481393	-3.12578	-0.288213	-0.242995	0.575403	0.575403	-3.9166	-0.802622	-0.62128
91	1.11073	0.0866522	0.0866522	-2.4015	-0.323489	-0.203966	1.03574	1.03574	-3.00908	-0.79555	-0.55783
91	0.833583	0.0210028	0.0210028	-2.89321	-0.135937	-0.0964168	0.251043	0.251043	-3.6252	-0.695031	-0.505454
91	1.13201	0.199953	0.199953	-2.06214	-0.197704	-0.17328	2.39001	2.39001	-2.58386	-0.522961	-0.422943
91	0.966885	0.0471794	0.0471794	-2.70519	-0.122231	-0.0994888	0.563928	0.563928	-3.38961	-0.614404	-0.431053
91	1.06302	0.045131	0.045131	-2.08595	-0.226983	-0.160934	0.539444	0.539444	-2.6137	-0.759206	-0.568814
91	0.991567	0.124244	0.124244	-2.56632	-0.0922503	-0.0479396	1.48507	1.48507	-3.2156	-0.342569	-0.182825
91	1.10551	-0.0383343	-0.0383343	-2.60063	-0.368836	-0.339137	-0.458204	-0.458204	-3.25858	-1.0776	-0.927677
91	0.972133	-0.0293495	-0.0293495	-2.56773	-0.222392	-0.179629	-0.350811	-0.350811	-3.21737	-0.93945	-0.836224
91	0.856856	0.0586952	0.0586952	-2.49695	-0.0937536	-0.0907257	0.701576	0.701576	-3.12867	-0.496049	-0.3827
91	1.17407	0.0944117	0.0944117	-2.41773	-0.332931	-0.264667	1.12849	1.12849	-3.02942	-0.837879	-0.67011
91	1.15621	0.266535	0.266535	-2.29918	-0.345891	-0.234265	3.18585	3.18585	-2.88087	-0.722087	-0.496136
91	0.885817	-0.0601964	-0.0601964	-2.1649	-0.2513	-0.198986	-0.719519	-0.719519	-2.71262	-1.20321	-0.900924
91	0.721094	-0.0863183	-0.0863183	-2.1608	-0.221544	-0.23241	-1.03175	-1.03175	-2.70748	-1.32809	-1.04576
91	1.00396	0.0128627	0.0128627	-1.63435	-0.196382	-0.14235	0.153746	0.153746	-2.04785	-0.779635	-0.596307
91	0.860554	-0.0256893	-0.0256893	-2.4413	-0.189857	-0.169018	-0.307061	-0.307061	-3.05895	-0.87915	-0.789301
91	1.0372	0.274467	0.274467	-1.95864	0.07005	0.0441087	3.28067	3.28067	-2.45418	0.281721	0.12848
91	1.00014	0.0658142	0.0658142	-2.49442	-0.11549	-0.110282	0.786668	0.786668	-3.12551	-0.485286	-0.408302
91	0.953144	0.0962553	0.0962553	-2.10482	-0.0677716	-0.0637863	1.15053	1.15053	-2.63734	-0.277864	-0.272177
91	0.750514	-0.0365531	-0.0365531	-2.37283	-0.172103	-0.156328	-0.436914	-0.436914	-2.97315	-0.987341	-0.878851
91	0.776553	0.0245127	0.0245127	-2.50694	-0.155737	-0.106935	0.292997	0.292997	-3.1412	-0.739078	-0.499105
91	1.07839	-0.0627325	-0.0627325	-2.70314	-0.3366	-0.296723	-0.749833	-0.749833	-3.38703	-1.14804	-0.866667
91	0.935554	0.0862599	0.0862599	-2.59084	-0.109606	-0.0618534	1.03105	1.03105	-3.24633	-0.45174	-0.264807
91	1.05852	0.0425139	0.0425139	-2.25441	-0.207244	-0.133145	0.508162	0.508162	-2.82478	-0.769031	-0.503154
91	1.01247	0.271649	0.271649	-1.9934	0.0892448	0.102564	3.24698	3.24698	-2.49773	0.402476	0.406748
91	1.00492	0.0870062	0.0870062	-2.80265	-0.094141	-0.0979157	1.03997	1.03997	-3.51172	-0.436941	-0.340122
91	0.881996	0.0543066	0.0543066	-2.50984	-0.136163	-0.0715897	0.649119	0.649119	-3.14483	-0.587442	-0.32263
91	0.979392	-0.0237054	-0.0237054	-2.19127	-0.230494	-0.202455	-0.283347	-0.283347	-2.74567	-0.898334	-0.77101
91	1.014	0.117342	0.117342	-3.13709	-0.0928507	-0.0403739	1.40258	1.40258	-3.93077	-0.365625	-0.173355
91	1.06882	-0.116814	-0.116814	-2.39373	-0.432454	-0.301586	-1.39626	-1.39626	-2.99935	-1.3612	-1.12503
91	1.04298	-0.0429426	-0.0429426	-2.5709	-0.270619	-0.255319	-0.513287	-0.513287	-3.22133	-1.10598	-0.844532
91	0.979757	0.231005	0.231005	-2.19203	0.0299677	0.0476429	2.76117	2.76117	-2.74661	0.127542	0.172614
91	0.826024	0.13282	0.13282	-1.95279	-0.00331773	-0.00016173	1.58758	1.58758	-2.44685	-0.0204344	-0.000731311
91	1.0084	0.0595828	0.0595828	-2.23409	-0.212423	-0.149336	0.712184	0.712184	-2.79931	-0.676793	-0.525483
91	0.835989	0.102395	0.102395	-2.2098	-0.0462732	-0.0452202	1.22391	1.22391	-2.76888	-0.243307	-0.198271
91	0.998487	0.0107554	0.0107554	-2.83536	-0.202318	-0.17573	0.128557	0.128557	-3.55271	-0.781329	-0.593355
91	0.748933	0.134978	0.134978	-2.36848	-0.0135028	0.010416	1.61338	1.61338	-2.9677	-0.078029	0.0526397
91	1.03409	0.0974129	0.0974129	-2.10554	-0.0900086	-0.0729092	1.16436	1.16436	-2.63825	-0.387999	-0.265437
91	1.03288	0.0819073	0.0819073	-2.89589	-0.172619	-0.0995591	0.979026	0.979026	-3.62855	-0.579388	-0.374033
91	0.990315	0.0520686	0.0520686	-1.99317	-0.126521	-0.108809	0.622369	0.622369	-2.49744	-0.604509	-0.441306
91	1.03552	0.0962856	0.0962856	-2.47629	-0.187579	-0.0926417	1.15089	1.15089	-3.10279	-0.576167	-0.345108
91	1.08665	0.0740486	0.0740486	-2.61761	-0.206739	-0.145181	0.885092	0.885092	-3.27986	-0.672245	-0.472369
91	1.03645	0.153252	0.153252	-2.29077	-0.0994115	-0.0360479	1.8318	1.8318	-2.87034	-0.35748	-0.132281
91	0.907512	0.0356397	0.0356397	-2.65224	-0.12905	-0.113078	0.425996	0.425996	-3.32326	-0.649364	-0.524246
91	1.36298	-0.0745757	-0.126921	-2.73214	-1.1639	-0.923302	-0.891393	-1.5003	-3.42337	-2.56399	-1.83003
91	1.25833	0.281496	0.281496	-2.89449	-0.349042	-0.338174	3.36469	3.36469	-3.6268	-0.76027	-0.702474
91	0.842941	0.02567	0.02567	-1.82802	-0.166467	-0.110376	0.30683	0.30683	-2.29051	-0.673627	-0.51988
91	0.902569	0.0294798	0.0294798	-2.2206	-0.153722	-0.124943	0.352368	0.352368	-2.78242	-0.660932	-0.522248
91	0.987822	0.326108	0.326108	-1.64302	0.133184	0.126213	3.89793	3.89793	-2.05871	0.557776	0.399856
91	0.860307	0.0543834	0.0543834	-2.48083	-0.0908068	-0.0928311	0.650037	0.650037	-3.10848	-0.463739	-0.408902
91	1.29533	0.186704	0.186704	-2.62801	-0.714788	-0.593705	2.23165	2.23165	-3.2929	-1.52149	-1.2695
91	0.946798	-0.0375137	-0.0375137	-2.215	-0.205632	-0.208056	-0.448396	-0.448396	-2.7754	-0.977763	-0.84866
91	0.685067	0.0294524	0.0294524	-2.06472	-0.111692	-0.0983098	0.352041	0.352041	-2.58709	-0.59947	-0.507474
91	0.941985	0.0681976	0.0681976	-2.26354	-0.105958	-0.0927832	0.815156	0.815156	-2.83622	-0.520452	-0.367035
91	1.01954	-0.0826496	-0.0826496	-2.43358	-0.312673	-0.264874	-0.987899	-0.987899	-3.04928	-1.14975	-0.920858
91	0.908655	-0.0269131	-0.0269131	-2.4861	-0.193567	-0.193762	-0.321689	-0.321689	-3.11509	-0.904815	-0.794527
91	1.08347	0.0899684	0.0899684	-2.03418	-0.263149	-0.136786	1.07538	1.07538	-2.54882	-0.741517	-0.438107
91	1.01393	0.15764	0.15764	-2.0188	-0.0205036	-0.00775785	1.88425	1.88425	-2.52956	-0.0882862	-0.0341649
91	1.10635	-0.0164463	-0.0164463	-2.41002	-0.341627	-0.279027	-0.19658	-0.19658	-3.01976	-1.02107	-0.8301
91	0.927923	-0.00905304	-0.00905304	-2.26443	-0.234185	-0.17107	-0.10821	-0.10821	-2.83733	-0.963341	-0.715006
91	0.946446	0.0614646	0.0614646	-2.38005	-0.120426	-0.114493	0.734677	0.734677	-2.9822	-0.542565	-0.44171
91	0.936632	-0.00609254	-0.00609254	-1.90523	-0.215074	-0.153125	-0.0728233	-0.0728233	-2.38725	-0.887018	-0.671822
91	0.852105	0.0657186	0.0657186	-2.27554	-0.108296	-0.0746059	0.785526	0.785526	-2.85126	-0.564669	-0.349242
91	1.2253	-0.129375	-0.129375	-2.77298	-0.80358	-0.67861	-1.5464	-1.5464	-3.47454	-1.78407	-1.49708
91	0.748426	0.157373	0.157373	-2.27582	0.00336686	0.0163337	1.88105	1.88105	-2.85161	0.0170904	0.0808435
91	1.01647	-0.00871999	-0.00871999	-2.394	-0.214114	-0.18021	-0.104229	-0.104229	-2.99968	-0.934531	-0.703247
91	1.1447	-0.0420236	-0.0420236	-2.70525	-0.430627	-0.413009	-0.502302	-0.502302	-3.38968	-1.11766	-0.990732
91	1.0441	0.0446971	0.0446971	-2.48706	-0.211067	-0.145743	0.534258	0.534258	-3.11629	-0.722104	-0.512547
91	0.926303	0.198368	0.198368	-2.21509	0.0210735	0.0605991	2.37107	2.37107	-2.7755	0.0946496	0.279783
91	1.05312	0.131529	0.131529	-2.22207	-0.120465	-0.0824541	1.57215	1.57215	-2.78425	-0.424461	-0.302347
91	0.879811	0.0329918	0.0329918	-2.17386	-0.151643	-0.0941338	0.394346	0.394346	-2.72384	-0.681971	-0.460574
91	0.805768	0.0220858	0.0220858	-2.6442	-0.143094	-0.109492	0.263988	0.263988	-3.31319	-0.70548	-0.524328
91	0.929178	-0.0389021	-0.0389021	-2.02182	-0.249672	-0.204923	-0.464992	-0.464992	-2.53335	-0.97401	-0.869703
91	1.02359	-0.0366471	-0.0366471	-2.57834	-0.238773	-0.242473	-0.438038	-0.438038	-3.23066	-1.01578	-0.831571
91	1.03444	-0.0978147	-0.0978147	-2.42103	-0.29633	-0.307073	-1.16917	-1.16917	-3.03355	-1.12851	-1.01378
91	1.04939	-0.0610628	-0.0610628	-2.42381	-0.306944	-0.265112	-0.729874	-0.729874	-3.03703	-1.00944	-0.902104
91	0.958931	-0.0833507	-0.0833507	-2.56626	-0.28884	-0.236233	-0.996279	-0.996279	-3.21552	-1.16674	-1.02089
91	1.07805	0.134447	0.134447	-2.70724	-0.108604	-0.0667124	1.60703	1.60703	-3.39217	-0.378366	-0.219752
91	1.22631	0.0116839	0.0116839	-2.43496	-0.844788	-0.707439	0.139656	0.139656	-3.051	-1.96979	-1.46289
91	1.27422	0.0491286	0.0491286	-2.6241	-0.712198	-0.485062	0.587227	0.587227	-3.28799	-1.42895	-1.0066
91	0.838646	0.111418	0.111418	-2.49117	-0.0406394	-0.0296462	1.33177	1.33177	-3.12143	-0.213634	-0.141324
91	0.752595	0.15542	0.15542	-1.83175	-0.00534497	0.025588	1.85772	1.85772	-2.29518	-0.0276542	0.132856
91	0.90715	0.134816	0.134816	-2.45396	-0.0119042	-0.0422556	1.61144	1.61144	-3.07481	-0.0663072	-0.178934
91	0.663162	0.195739	0.195739	-2.26047	0.0463058	0.0820193	2.33964	2.33964	-2.83237	0.261485	0.451711
91	0.983936	0.0753415	0.0753415	-2.3521	-0.114646	-0.0625611	0.900547	0.900547	-2.94719	-0.4737	-0.293584
91	0.788197	0.0911172	0.0911172	-2.74316	-0.0512406	-0.0394776	1.08911	1.08911	-3.43718	-0.285241	-0.189222
91	0.995189	0.0564049	0.0564049	-1.95091	-0.128209	-0.104127	0.6742	0.6742	-2.44448	-0.550108	-0.44262
91	1.07687	0.160233	0.160233	-2.24082	-0.0725153	-0.0598601	1.91524	1.91524	-2.80775	-0.268024	-0.196168
91	1.23836	-0.00484856	-0.00484856	-2.84074	-0.882661	-0.713611	-0.0579542	-0.0579542	-3.55945	-1.79844	-1.5021
91	0.779405	0.120673	0.120673	-2.67888	-0.0176197	-0.0198305	1.44238	1.44238	-3.35663	-0.108956	-0.0938105
91	0.970191	0.0616877	0.0616877	-2.10049	-0.143868	-0.108919	0.737344	0.737344	-2.63191	-0.571299	-0.400268
91	0.924494	0.152895	0.152895	-2.26933	-0.0385127	-0.0218284	1.82754	1.82754	-2.84347	-0.153076	-0.0896931
91	0.889279	0.204428	0.204428	-2.54909	0.0275619	0.0636291	2.4435	2.4435	-3.19401	0.113929	0.282064
91	0.79054	0.00848258	0.00848258	-1.8535	-0.135989	-0.114557	0.101391	0.101391	-2.32243	-0.77119	-0.581725
91	1.19092	0.0813983	0.0813983	-2.48154	-0.534725	-0.455071	0.972942	0.972942	-3.10937	-1.20549	-0.900459
91	1.12974	0.226605	0.226605	-2.07518	-0.216384	-0.032319	2.70857	2.70857	-2.60019	-0.585319	-0.10108
91	1.03676	0.120176	0.120176	-2.03677	-0.0986319	-0.079034	1.43645	1.43645	-2.55207	-0.396446	-0.29267
91	1.09465	-0.0230219	-0.0230219	-2.07477	-0.384016	-0.284774	-0.275177	-0.275177	-2.59969	-1.02737	-0.764578
91	0.897703	0.0637903	0.0637903	-2.44138	-0.0986644	-0.0878692	0.762476	0.762476	-3.05905	-0.48351	-0.379177
91	0.819607	0.105877	0.105877	-1.9236	-0.0314155	-0.0298957	1.26554	1.26554	-2.41027	-0.18207	-0.139542
91	1.07339	0.0965592	0.0965592	-2.25339	-0.213009	-0.110206	1.15416	1.15416	-2.8235	-0.693965	-0.386937
91	0.859227	0.129089	0.129089	-2.67584	-0.0361706	-0.0274151	1.54299	1.54299	-3.35282	-0.18364	-0.11247
91	0.774409	0.299299	0.299299	-2.23796	0.160366	0.165772	3.57747	3.57747	-2.80417	0.929899	0.78634
91	1.60817	0.0259382	-0.102962	-2.07747	-1.47047	-1.24043	0.310036	-1.20334	-2.60307	-3.65088	-3.0696
91	0.976763	-0.118588	-0.118588	-2.18478	-0.333149	-0.279749	-1.41747	-1.41747	-2.73753	-1.43849	-1.20365
91	0.900394	-0.141372	-0.141372	-2.09337	-0.301048	-0.280715	-1.6898	-1.6898	-2.62299	-1.60545	-1.34497
91	1.14236	0.0902941	0.0902941	-2.43172	-0.339953	-0.291769	1.07927	1.07927	-3.04695	-0.864254	-0.686354
91	0.799488	0.301775	0.301775	-1.85057	0.166479	0.180622	3.60708	3.60708	-2.31877	1.03828	0.968757
91	1.02163	0.051602	0.051602	-2.11678	-0.167656	-0.1217	0.616792	0.616792	-2.65232	-0.624832	-0.456699
91	0.800553	-0.0371875	-0.0371875	-2.38456	-0.212624	-0.177782	-0.444497	-0.444497	-2.98785	-1.08502	-0.834703
91	0.91776	0.0623307	0.0623307	-1.79044	-0.11861	-0.0809339	0.74503	0.74503	-2.24343	-0.528459	-0.327378
91	0.98352	-0.0745269	-0.0745269	-2.55587	-0.260189	-0.233201	-0.89081	-0.89081	-3.20251	-1.23353	-0.961204
91	1.02933	-0.0811986	-0.0811986	-2.39945	-0.24406	-0.247268	-0.970555	-0.970555	-3.00651	-1.24445	-1.03591
91	1.23978	0.222407	0.222407	-2.28113	-0.500193	-0.471142	2.6584	2.6584	-2.85826	-1.05572	-1.00883
91	1.15843	-0.0822239	-0.0822239	-2.35433	-0.542989	-0.50817	-0.982811	-0.982811	-2.94997	-1.34876	-1.04849
91	1.2878	-0.00635565	-0.00635565	-2.6459	-0.862878	-0.677317	-0.0759682	-0.0759682	-3.31531	-1.62188	-1.31529
91	0.987397	0.0136547	0.0136547	-2.31085	-0.188536	-0.147938	0.163212	0.163212	-2.8955	-0.781753	-0.652103
91	1.15212	-0.0121261	-0.0121261	-2.69023	-0.411205	-0.387883	-0.144941	-0.144941	-3.37086	-1.12363	-0.951948
91	0.86286	0.205808	0.205808	-1.92897	0.0497515	0.0555917	2.46	2.46	-2.417	0.242471	0.257201
91	1.0638	0.204921	0.204921	-2.56105	-0.0828553	0.00531879	2.44939	2.44939	-3.209	-0.26303	0.0174436
91	0.852589	0.0667528	0.0667528	-2.17573	-0.100903	-0.0854568	0.797887	0.797887	-2.72619	-0.509256	-0.344664
91	0.79426	0.162101	0.162101	-2.15853	-0.000151512	0.0354282	1.93757	1.93757	-2.70463	-0.00083245	0.160594
91	0.947536	0.110346	0.110346	-1.9564	-0.0678995	-0.0315902	1.31895	1.31895	-2.45137	-0.301971	-0.145952
91	1.0024	0.0839913	0.0839913	-1.71823	-0.107182	-0.0714527	1.00394	1.00394	-2.15294	-0.434686	-0.288442
91	0.989436	-0.000149846	-0.000149846	-2.09063	-0.195645	-0.203626	-0.00179109	-0.00179109	-2.61956	-0.761144	-0.647755
91	0.896496	0.0732139	0.0732139	-1.87024	-0.106131	-0.0770999	0.875115	0.875115	-2.34342	-0.520346	-0.342534
91	1.02275	0.0426131	0.0426131	-1.93942	-0.21348	-0.127854	0.509349	0.509349	-2.4301	-0.728085	-0.476634
91	0.997898	0.0990291	0.0990291	-2.26229	-0.0939051	-0.0804599	1.18368	1.18368	-2.83465	-0.428841	-0.305911
91	1.04851	-0.0125766	-0.0125766	-2.51991	-0.234909	-0.219263	-0.150326	-0.150326	-3.15744	-0.901261	-0.726884
91	1.03001	0.126764	0.126764	-2.62459	-0.0857785	-0.021774	1.51519	1.51519	-3.28861	-0.354525	-0.0951026
91	0.823451	0.0740725	0.0740725	-2.25454	-0.0735956	-0.0744468	0.885379	0.885379	-2.82494	-0.421834	-0.334248
91	0.771009	-0.00847449	-0.00847449	-1.93595	-0.146227	-0.130096	-0.101294	-0.101294	-2.42575	-0.845359	-0.705367
91	1.1439	0.0361719	0.0361719	-2.41326	-0.413594	-0.354193	0.432358	0.432358	-3.02382	-1.03705	-0.884723
91	0.918913	0.0581892	0.0581892	-2.13077	-0.113006	-0.0941769	0.695527	0.695527	-2.66985	-0.518458	-0.398763
91	1.02672	0.176298	0.176298	-1.86973	-0.0269351	-0.0103347	2.10726	2.10726	-2.34277	-0.108785	-0.0394962
91	1.1358	0.165921	0.165921	-2.20563	-0.259215	-0.217007	1.98323	1.98323	-2.76366	-0.661938	-0.534317
91	1.01703	0.0259845	0.0259845	-2.04628	-0.162985	-0.164291	0.31059	0.31059	-2.56399	-0.718397	-0.586173
91	0.999058	0.241959	0.241959	-1.81222	0.024161	0.063715	2.8921	2.8921	-2.27072	0.0907099	0.236331
91	0.896738	-0.0649004	-0.0649004	-2.10944	-0.238117	-0.209696	-0.775745	-0.775745	-2.64313	-1.16253	-1.02223
91	0.952416	0.0490964	0.0490964	-2.98906	-0.14129	-0.105382	0.586843	0.586843	-3.74529	-0.620419	-0.438876
91	0.99767	0.0646596	0.0646596	-2.30012	-0.15334	-0.107629	0.772867	0.772867	-2.88205	-0.596951	-0.432918
91	1.03836	0.081256	0.081256	-2.18645	-0.107916	-0.0945018	0.971241	0.971241	-2.73962	-0.491456	-0.358098
91	0.81815	-0.076589	-0.076589	-2.31742	-0.248778	-0.217733	-0.915457	-0.915457	-2.90373	-1.22621	-0.952121
91	1.19906	0.0287502	0.0287502	-2.22555	-0.539715	-0.408976	0.343647	0.343647	-2.78862	-1.14825	-0.884743
91	1.13881	-0.0445505	-0.0445505	-2.3996	-0.426444	-0.394564	-0.532506	-0.532506	-3.0067	-1.15861	-0.97864
91	1.16031	0.00770932	0.00770932	-2.14603	-0.411877	-0.323352	0.0921484	0.0921484	-2.68897	-1.12577	-0.864793
91	0.984061	0.0799428	0.0799428	-1.89735	-0.117541	-0.0993104	0.955545	0.955545	-2.37737	-0.489263	-0.372914
91	1.00278	-0.118482	-0.118482	-3.12819	-0.363023	-0.28599	-1.4162	-1.4162	-3.91962	-1.30344	-1.12843
91	1.13834	0.100286	0.100286	-2.55094	-0.381505	-0.275379	1.19871	1.19871	-3.19633	-0.921916	-0.654832
91	1.21946	0.153983	0.153983	-2.49473	-0.396294	-0.395715	1.84054	1.84054	-3.12589	-0.970874	-0.860834
91	1.03882	0.14188	0.14188	-2.38029	-0.0567849	-0.0699692	1.69587	1.69587	-2.98251	-0.241828	-0.22797
91	1.05511	0.170816	0.170816	-2.50484	-0.0372473	-0.0131228	2.04173	2.04173	-3.13857	-0.141128	-0.0434883
91	0.679812	0.0450597	0.0450597	-1.83691	-0.119748	-0.0795099	0.538593	0.538593	-2.30165	-0.599306	-0.418722
91	0.843085	0.1876	0.1876	-3.15825	0.0382474	0.0474431	2.24235	2.24235	-3.95729	0.205438	0.206919
91	1.18633	0.0240837	0.0240837	-3.01987	-0.701944	-0.519904	0.287869	0.287869	-3.7839	-1.53905	-1.06952
91	0.850348	-0.043765	-0.043765	-3.0884	-0.236318	-0.180501	-0.523116	-0.523116	-3.86977	-1.06507	-0.921805
91	0.840443	0.314043	0.314043	-1.86975	0.145965	0.16228	3.75371	3.75371	-2.3428	0.655708	0.772321
91	1.24509	0.100392	0.100392	-2.31989	-0.681023	-0.53253	1.19997	1.19997	-2.90682	-1.52872	-1.07785
91	1.13287	0.190802	0.190802	-2.23047	-0.234347	-0.118959	2.28063	2.28063	-2.79478	-0.593964	-0.307783
91	0.755181	0.149704	0.149704	-2.3173	0.00317968	0.0372724	1.7894	1.7894	-2.90357	0.0176711	0.211565
91	0.829239	0.117074	0.117074	-2.06755	-0.0501829	-0.0103237	1.39937	1.39937	-2.59064	-0.271298	-0.0530283
91	0.982402	0.0816803	0.0816803	-2.18417	-0.113292	-0.077174	0.976313	0.976313	-2.73676	-0.498268	-0.313594
91	0.874653	0.0088911	0.0088911	-1.74321	-0.154334	-0.135658	0.106274	0.106274	-2.18424	-0.790701	-0.59197
91	0.821741	0.135578	0.135578	-2.20636	-0.0173321	0.00807632	1.62055	1.62055	-2.76457	-0.0952351	0.0383507
91	0.906487	-0.0824673	-0.0824673	-3.14047	-0.255407	-0.206671	-0.98572	-0.98572	-3.93501	-1.21199	-1.08679
91	1.1009	0.178467	0.178467	-2.29291	-0.171366	-0.0633718	2.13319	2.13319	-2.87302	-0.513418	-0.177411
91	0.820382	0.0309965	0.0309965	-2.1909	-0.122982	-0.101418	0.370496	0.370496	-2.74519	-0.621599	-0.502141
91	1.09445	0.0519675	0.0519675	-2.27024	-0.233971	-0.191644	0.62116	0.62116	-2.84461	-0.784764	-0.602042
91	0.938426	0.229879	0.229879	-1.79666	0.0493419	0.0655992	2.74771	2.74771	-2.25121	0.233321	0.265041
91	1.14901	0.0490224	0.0490224	-2.3324	-0.307939	-0.32358	0.585958	0.585958	-2.9225	-0.8246	-0.767213
91	0.932373	0.0508647	0.0508647	-2.97972	-0.154922	-0.104074	0.607979	0.607979	-3.73359	-0.673631	-0.442111
91	1.24051	0.115047	0.115047	-2.12753	-0.61586	-0.435143	1.37514	1.37514	-2.66579	-1.29354	-0.888526
91	1.01614	0.255582	0.255582	-2.3721	0.0765231	0.0983803	3.05494	3.05494	-2.97224	0.3654	0.385926
91	1.12448	-0.088985	-0.088985	-2.50297	-0.384615	-0.362732	-1.06362	-1.06362	-3.13622	-1.15132	-1.05301
91	1.07672	0.0763238	0.0763238	-2.61456	-0.186992	-0.137224	0.912287	0.912287	-3.27604	-0.616935	-0.50273
91	1.04083	0.0801542	0.0801542	-2.48961	-0.219113	-0.114981	0.958072	0.958072	-3.11948	-0.623297	-0.40095
91	1.01885	0.00756022	0.00756022	-2.33985	-0.195187	-0.174714	0.0903663	0.0903663	-2.93183	-0.797211	-0.603739
91	1.21218	0.0225596	0.0225596	-2.49647	-0.517063	-0.472864	0.269652	0.269652	-3.12808	-1.16835	-1.01605
91	0.869931	0.174752	0.174752	-2.75302	0.0119558	0.0430177	2.08878	2.08878	-3.44954	0.0625364	0.207901
91	1.08662	0.0308065	0.0308065	-2.18911	-0.315202	-0.177233	0.368226	0.368226	-2.74295	-0.890018	-0.567764
91	1.24745	-0.0226601	-0.0226601	-2.89977	-0.814024	-0.747128	-0.270853	-0.270853	-3.63341	-1.7564	-1.58926
91	0.837331	0.159656	0.159656	-2.08341	0.0035155	0.0104064	1.90834	1.90834	-2.61051	0.0182591	0.0469808
91	1.20175	0.0256612	0.0256612	-2.63083	-0.651004	-0.584271	0.306724	0.306724	-3.29642	-1.34791	-1.17702
91	0.876237	0.12122	0.12122	-2.14553	-0.0511091	-0.0201943	1.44893	1.44893	-2.68835	-0.235201	-0.0858435
91	0.907305	-0.170437	-0.170437	-2.35696	-0.379758	-0.298998	-2.03721	-2.03721	-2.95327	-1.5909	-1.37939
91	0.782552	0.221465	0.221465	-1.95883	0.0617707	0.0886292	2.64713	2.64713	-2.45441	0.333044	0.430294
91	0.905003	-0.0280188	-0.0280188	-2.2047	-0.217678	-0.177006	-0.334904	-0.334904	-2.76249	-0.989547	-0.78401
91	0.988972	0.176933	0.176933	-3.12995	-0.0399939	0.00536979	2.11486	2.11486	-3.92182	-0.145256	0.0199236
91	1.09273	0.0433588	0.0433588	-2.44297	-0.259547	-0.213968	0.518262	0.518262	-3.06104	-0.762778	-0.642779
91	1.20032	0.0696862	0.0696862	-2.37341	-0.59466	-0.406783	0.83295	0.83295	-2.97388	-1.29095	-0.946428
91	0.766522	0.156886	0.156886	-2.17517	0.00553845	0.0279092	1.87524	1.87524	-2.72548	0.029061	0.134377
91	1.16403	-0.0344218	-0.0344218	-2.41587	-0.529699	-0.486861	-0.411439	-0.411439	-3.02708	-1.32182	-1.0988
91	1.01252	0.113826	0.113826	-2.64085	-0.0866264	-0.0617003	1.36055	1.36055	-3.30899	-0.353715	-0.243429
91	0.965762	0.0943375	0.0943375	-2.45946	-0.0846573	-0.0841851	1.1276	1.1276	-3.0817	-0.412827	-0.322257
91	1.12077	0.114618	0.114618	-2.2207	-0.254198	-0.265966	1.37001	1.37001	-2.78253	-0.698989	-0.665979
91	1.03091	-0.0338069	-0.0338069	-2.37551	-0.238479	-0.256607	-0.40409	-0.40409	-2.97652	-0.896234	-0.809104
91	0.787909	0.177694	0.177694	-1.81032	0.00765668	0.0490999	2.12395	2.12395	-2.26833	0.038054	0.234889
91	1.21839	0.00765744	0.00765744	-2.65169	-0.560822	-0.440567	0.0915282	0.0915282	-3.32257	-1.32243	-1.03547
91	0.747908	0.0942558	0.0942558	-1.87601	-0.0421772	-0.0312673	1.12663	1.12663	-2.35064	-0.251157	-0.153144
91	0.843599	-0.137639	-0.137639	-2.33137	-0.313822	-0.273246	-1.64518	-1.64518	-2.92121	-1.50858	-1.27656
91	1.02068	0.08682	0.08682	-2.2641	-0.139534	-0.101056	1.03775	1.03775	-2.83691	-0.5764	-0.353839
91	1.0571	0.0644123	0.0644123	-2.57867	-0.202605	-0.130426	0.769911	0.769911	-3.23107	-0.660083	-0.453658
91	0.77037	-0.016651	-0.016651	-2.28677	-0.17426	-0.151209	-0.199027	-0.199027	-2.86532	-0.907796	-0.767352
91	1.05871	0.0556103	0.0556103	-2.54512	-0.199318	-0.163664	0.664701	0.664701	-3.18904	-0.696137	-0.519693
91	0.965165	0.0642628	0.0642628	-2.33862	-0.115696	-0.103667	0.768125	0.768125	-2.93029	-0.544256	-0.406375
91	1.23782	0.0714418	0.0714418	-3.35611	-0.674684	-0.464895	0.853934	0.853934	-4.20521	-1.33394	-0.969212
91	0.845541	0.189319	0.189319	-2.00515	0.0165059	0.0573255	2.2629	2.2629	-2.51246	0.0853427	0.301449
91	0.875271	0.0318215	0.0318215	-2.70414	-0.130603	-0.113565	0.380358	0.380358	-3.38829	-0.625605	-0.549598
91	0.8617	0.060002	0.060002	-2.25371	-0.101239	-0.0603368	0.717196	0.717196	-2.8239	-0.506473	-0.281607
91	0.870399	-0.0733189	-0.0733189	-2.4211	-0.236859	-0.230228	-0.876371	-0.876371	-3.03364	-1.1503	-0.979412
91	1.00038	-0.0387318	-0.0387318	-2.87309	-0.230669	-0.194533	-0.462956	-0.462956	-3.59998	-1.00323	-0.856189
91	0.932418	0.0846478	0.0846478	-2.70152	-0.101294	-0.0439662	1.01178	1.01178	-3.38501	-0.437873	-0.213631
91	1.00435	0.346307	0.346307	-2.26364	0.132497	0.154831	4.13936	4.13936	-2.83634	0.525685	0.553779
91	0.708383	-0.0374035	-0.0374035	-2.01297	-0.168991	-0.152635	-0.447079	-0.447079	-2.52226	-1.0429	-0.827644
91	0.920254	0.0836988	0.0836988	-1.98564	-0.0972747	-0.0747753	1.00044	1.00044	-2.48801	-0.437259	-0.29996
91	1.26709	-0.0412482	-0.0412482	-2.65747	-0.946489	-0.763232	-0.493033	-0.493033	-3.32981	-1.98291	-1.57131
91	1.07407	0.148029	0.148029	-2.30867	-0.116516	-0.0876668	1.76937	1.76937	-2.89276	-0.393801	-0.272413
91	1.15549	0.0627483	0.0627483	-1.97989	-0.407441	-0.456925	0.750021	0.750021	-2.4808	-0.996148	-0.979542
91	0.900245	0.0803758	0.0803758	-2.41978	-0.0662072	-0.099976	0.96072	0.96072	-3.03198	-0.35502	-0.385511
91	0.810965	-0.00396044	-0.00396044	-3.05499	-0.173579	-0.141037	-0.0473386	-0.0473386	-3.8279	-0.788235	-0.602585
91	0.893886	-0.00309812	-0.00309812	-2.2366	-0.156797	-0.133227	-0.0370314	-0.0370314	-2.80246	-0.891511	-0.605268
91	0.966049	0.00470206	0.00470206	-2.09116	-0.186519	-0.164829	0.056203	0.056203	-2.62022	-0.803695	-0.645556
91	0.980419	0.0749418	0.0749418	-2.32981	-0.151403	-0.108833	0.895769	0.895769	-2.91926	-0.57001	-0.410182
91	1.07747	0.00962368	0.00962368	-2.85001	-0.335701	-0.20515	0.115031	0.115031	-3.57106	-0.894255	-0.651263
91	1.03626	-0.0394215	-0.0394215	-2.85363	-0.264448	-0.223811	-0.4712	-0.4712	-3.5756	-1.01183	-0.817793
91	0.898502	-0.0149791	-0.0149791	-3.23571	-0.171459	-0.184999	-0.179043	-0.179043	-4.05434	-0.855067	-0.709085
91	0.961836	0.0452797	0.0452797	-2.49229	-0.15688	-0.107241	0.541222	0.541222	-3.12283	-0.676069	-0.464667
91	0.821717	0.0565415	0.0565415	-2.33692	-0.106595	-0.0861156	0.675832	0.675832	-2.92816	-0.536192	-0.412609
91	1.03547	0.0720159	0.0720159	-2.26573	-0.153252	-0.124297	0.860796	0.860796	-2.83896	-0.537782	-0.437902
91	0.954082	-0.0215761	-0.0215761	-2.1318	-0.238776	-0.161701	-0.257896	-0.257896	-2.67115	-0.881045	-0.704746
91	0.815521	0.108623	0.108623	-2.12385	-0.0589487	-0.0347498	1.29836	1.29836	-2.66118	-0.287762	-0.160481
91	0.750224	0.125737	0.125737	-1.92528	-0.0153963	-0.00932958	1.50291	1.50291	-2.41237	-0.0895169	-0.0434537
91	1.13571	0.0326104	0.0326104	-2.0582	-0.253467	-0.293685	0.389788	0.389788	-2.57892	-0.823714	-0.745911
91	0.999585	-0.0964589	-0.0964589	-2.04502	-0.319413	-0.262282	-1.15296	-1.15296	-2.56241	-1.2492	-1.05363
91	1.12824	-0.119794	-0.119794	-2.9728	-0.551103	-0.459017	-1.43188	-1.43188	-3.72492	-1.42614	-1.2324
91	1.02177	-0.0356406	-0.0356406	-2.18885	-0.264007	-0.220053	-0.426007	-0.426007	-2.74263	-0.959578	-0.761361
91	1.31736	0.0241856	-0.00335347	-3.01082	-1.08094	-0.688309	0.289087	-0.0398627	-3.77256	-2.30638	-1.39834
91	0.952839	0.127354	0.127354	-2.39602	-0.0425649	-0.0318743	1.52225	1.52225	-3.00221	-0.205181	-0.129413
91	1.00876	0.252994	0.252994	-1.8339	0.057545	0.0651013	3.02401	3.02401	-2.29788	0.251579	0.235234
91	1.06293	0.10081	0.10081	-2.31875	-0.12685	-0.129035	1.20497	1.20497	-2.90539	-0.475239	-0.389154
91	0.826471	0.0737595	0.0737595	-2.13651	-0.0818626	-0.0657776	0.881637	0.881637	-2.67705	-0.439056	-0.305827
91	0.955126	0.139877	0.139877	-2.07265	-0.0184808	-0.020359	1.67194	1.67194	-2.59704	-0.0952576	-0.0890299
91	0.820147	0.174215	0.174215	-2.37594	0.0207839	0.057219	2.08236	2.08236	-2.97705	0.110957	0.284027
91	0.945071	-0.0773892	-0.0773892	-2.53103	-0.287243	-0.218773	-0.925022	-0.925022	-3.17138	-1.16409	-1.00441
91	0.792219	0.0322857	0.0322857	-1.65366	-0.129501	-0.0873264	0.385906	0.385906	-2.07204	-0.612464	-0.446433
91	0.814172	-0.0194031	-0.0194031	-1.83787	-0.171773	-0.158112	-0.231922	-0.231922	-2.30285	-0.964089	-0.712146
91	0.712441	0.0742439	0.0742439	-1.72806	-0.0671825	-0.0421619	0.887427	0.887427	-2.16526	-0.390558	-0.232151
91	1.13376	0.143113	0.143113	-2.17843	-0.172599	-0.1884	1.71061	1.71061	-2.72957	-0.515206	-0.478129
91	0.870346	0.00901394	0.00901394	-2.19406	-0.161133	-0.126561	0.107742	0.107742	-2.74915	-0.693616	-0.596638
91	1.1255	0.14285	0.14285	-2.63094	-0.234878	-0.198491	1.70747	1.70747	-3.29657	-0.672169	-0.488856
91	0.928558	0.138806	0.138806	-1.96297	-0.0261757	0.00673009	1.65913	1.65913	-2.4596	-0.119263	0.0292497
91	1.07271	0.210897	0.210897	-2.49658	-0.034009	-0.0296516	2.52083	2.52083	-3.12822	-0.123469	-0.0950793
91	0.838699	-0.0185822	-0.0185822	-2.29994	-0.2055	-0.176117	-0.22211	-0.22211	-2.88183	-0.919369	-0.7747
91	0.939637	0.115342	0.115342	-2.41367	-0.0725048	-0.0372078	1.37866	1.37866	-3.02433	-0.351776	-0.164013
91	1.08615	0.105534	0.105534	-2.73683	-0.26786	-0.126776	1.26143	1.26143	-3.42924	-0.717331	-0.385223
91	0.847177	0.0401675	0.0401675	-1.71131	-0.123441	-0.0990392	0.480117	0.480117	-2.14427	-0.642091	-0.446331
91	0.877237	0.220882	0.220882	-2.18449	0.0463753	0.0731121	2.64017	2.64017	-2.73716	0.230146	0.322198
91	0.861501	-0.11929	-0.11929	-2.58739	-0.307199	-0.245566	-1.42585	-1.42585	-3.24199	-1.34356	-1.26516
91	0.924206	0.0765589	0.0765589	-1.64721	-0.0854941	-0.0734019	0.915098	0.915098	-2.06395	-0.422238	-0.322057
91	0.972399	0.303579	0.303579	-1.64545	0.103152	0.144723	3.62864	3.62864	-2.06175	0.439135	0.62334
91	0.665973	0.0980742	0.0980742	-2.37141	-0.032675	-0.0263542	1.17227	1.17227	-2.97138	-0.204224	-0.138428
91	0.849361	0.0397005	0.0397005	-1.75248	-0.0988883	-0.119237	0.474534	0.474534	-2.19585	-0.557475	-0.500518
91	1.06572	-0.169121	-0.169121	-3.18242	-0.43234	-0.416649	-2.02148	-2.02148	-3.98757	-1.63434	-1.23628
91	0.837963	0.0888928	0.0888928	-1.99234	-0.0720616	-0.0483643	1.06252	1.06252	-2.4964	-0.347899	-0.228205
91	0.77044	-0.195029	-0.195029	-2.78921	-0.353177	-0.334678	-2.33115	-2.33115	-3.49488	-1.82992	-1.53076
91	0.99631	0.196781	0.196781	-1.70277	-0.0190656	0.0198714	2.3521	2.3521	-2.13357	-0.0708315	0.0747226
91	0.846286	0.117955	0.117955	-1.87222	-0.0626872	-0.00661284	1.4099	1.4099	-2.34589	-0.29197	-0.0308778
91	0.991673	-0.0790837	-0.0790837	-2.45276	-0.315007	-0.250568	-0.945276	-0.945276	-3.07331	-1.19249	-1.00432
91	0.956662	0.142499	0.142499	-2.18398	-0.0319076	-0.0363674	1.70327	1.70327	-2.73652	-0.146555	-0.12097
91	0.82757	0.0265073	0.0265073	-2.0024	-0.135882	-0.113643	0.316838	0.316838	-2.50901	-0.648586	-0.522763
91	1.26122	0.169319	0.169319	-3.05443	-0.662033	-0.520277	2.02384	2.02384	-3.8272	-1.43792	-1.12853
91	0.76881	0.139955	0.139955	-1.76443	-0.00310167	0.0139142	1.67286	1.67286	-2.21083	-0.0174838	0.0751075
91	1.16013	0.137054	0.137054	-2.54395	-0.337953	-0.253032	1.63819	1.63819	-3.18757	-0.853621	-0.631858
91	1.04157	0.0631933	0.0631933	-2.4864	-0.173965	-0.151587	0.75534	0.75534	-3.11547	-0.58929	-0.455603
91	1.01649	0.223853	0.223853	-2.3112	0.00998616	0.0420274	2.67568	2.67568	-2.89593	0.0408154	0.140427
91	1.02431	0.141718	0.141718	-2.39354	-0.0635992	-0.0498952	1.69394	1.69394	-2.99911	-0.258161	-0.183109
91	1.18583	0.0456949	0.0456949	-2.68669	-0.564945	-0.49802	0.546185	0.546185	-3.36642	-1.35658	-1.02392
91	1.00512	0.257975	0.257975	-2.24853	0.0805618	0.0907454	3.08354	3.08354	-2.81741	0.380125	0.39135
91	1.01775	0.245053	0.245053	-2.26407	0.0421499	0.0644948	2.92909	2.92909	-2.83688	0.165221	0.22457
91	0.902907	0.0052698	0.0052698	-2.08446	-0.185558	-0.15747	0.0629891	0.0629891	-2.61183	-0.863625	-0.670386
91	0.976881	-0.0960205	-0.0960205	-2.81945	-0.303668	-0.253103	-1.14772	-1.14772	-3.53277	-1.25481	-1.08703
91	0.952197	0.262406	0.262406	-2.52038	0.0800306	0.129838	3.1365	3.1365	-3.15804	0.379713	0.560908
91	0.894684	0.128722	0.128722	-2.10596	-0.0355907	-0.00916592	1.5386	1.5386	-2.63876	-0.1721	-0.0407927
91	0.866568	-0.0663735	-0.0663735	-2.16532	-0.247092	-0.197773	-0.793353	-0.793353	-2.71315	-1.18926	-0.910448
91	1.1041	0.0642971	0.0642971	-2.54251	-0.249415	-0.263486	0.768534	0.768534	-3.18577	-0.740684	-0.627414
91	1.07186	0.0492597	0.0492597	-2.23323	-0.253151	-0.196061	0.588795	0.588795	-2.79824	-0.78462	-0.58283
91	1.3136	0.134289	0.0994064	-3.41627	-0.794135	-0.65286	1.60514	1.18164	-4.28058	-1.78046	-1.5019
91	1.03877	0.199145	0.199145	-1.93749	-0.0251105	-0.0112406	2.38035	2.38035	-2.42768	-0.103056	-0.0385217
91	0.977731	0.220536	0.220536	-2.15149	0.0190437	0.057968	2.63604	2.63604	-2.69581	0.0877289	0.225082
91	1.11608	0.0995007	0.0995007	-2.31721	-0.219357	-0.249479	1.18932	1.18932	-2.90347	-0.691446	-0.599469
91	0.911104	0.0294293	0.0294293	-1.93076	-0.135191	-0.0956212	0.351764	0.351764	-2.41925	-0.641238	-0.491319
91	0.958854	-0.0853427	-0.0853427	-2.8233	-0.262062	-0.247402	-1.02009	-1.02009	-3.53759	-1.11476	-1.00828
91	0.892544	0.198682	0.198682	-2.21988	0.0207488	0.0435845	2.37482	2.37482	-2.78151	0.0957396	0.192778
91	1.01376	-0.187802	-0.187802	-2.30759	-0.396612	-0.353316	-2.24477	-2.24477	-2.89141	-1.66175	-1.39185
91	0.809797	-0.12857	-0.12857	-2.4735	-0.306594	-0.260348	-1.53678	-1.53678	-3.0993	-1.43337	-1.26546
91	1.01516	0.00262818	0.00262818	-2.31143	-0.20677	-0.163341	0.0314143	0.0314143	-2.89623	-0.748356	-0.689966
91	1.01775	-0.0275518	-0.0275518	-2.08155	-0.219081	-0.172219	-0.329323	-0.329323	-2.60818	-0.926025	-0.710391
91	0.858963	0.185651	0.185651	-2.62591	0.0187172	0.0475397	2.21906	2.21906	-3.29026	0.0904734	0.214423
91	0.831472	0.156048	0.156048	-2.31403	0.00852159	0.0313372	1.86521	1.86521	-2.89948	0.0452093	0.165707
91	0.935087	0.0604577	0.0604577	-2.15955	-0.115396	-0.125455	0.722642	0.722642	-2.70592	-0.599779	-0.436507
91	0.889246	0.269571	0.269571	-2.10407	0.0916806	0.11743	3.22214	3.22214	-2.63639	0.39939	0.489405
91	1.00301	-0.0464213	-0.0464213	-2.52716	-0.249776	-0.236535	-0.554867	-0.554867	-3.16653	-1.01658	-0.810658
91	0.776402	0.119408	0.119408	-2.27607	-0.0273493	0.00863887	1.42727	1.42727	-2.85192	-0.151107	0.0462473
91	0.703771	0.0593666	0.0593666	-2.14389	-0.0737026	-0.0578415	0.7096	0.7096	-2.68629	-0.447914	-0.291895
91	0.717121	0.0385064	0.0385064	-2.21615	-0.111521	-0.0963735	0.460261	0.460261	-2.77683	-0.666467	-0.499721
91	0.970658	0.123462	0.123462	-1.67262	-0.0165217	-0.0605332	1.47572	1.47572	-2.0958	-0.0939698	-0.220008
91	0.724121	0.0753361	0.0753361	-2.45255	-0.0664809	-0.061507	0.900482	0.900482	-3.07304	-0.38869	-0.305568
91	1.03082	0.104371	0.104371	-1.91479	-0.0645269	-0.0917621	1.24753	1.24753	-2.39924	-0.341942	-0.317247
91	1.07648	-0.0449209	-0.0449209	-2.63225	-0.368293	-0.273103	-0.536933	-0.536933	-3.29821	-1.11397	-0.885666
91	0.973158	0.0553228	0.0553228	-2.75359	-0.142987	-0.11063	0.661266	0.661266	-3.45024	-0.583398	-0.451684
91	0.850606	-0.0507833	-0.0507833	-1.64279	-0.2208	-0.215333	-0.607006	-0.607006	-2.05842	-1.06015	-0.838204
91	0.976667	0.0372009	0.0372009	-2.04053	-0.172713	-0.116105	0.444657	0.444657	-2.55679	-0.707459	-0.473189
91	0.996968	0.0447243	0.0447243	-2.67336	-0.149661	-0.137677	0.534583	0.534583	-3.34972	-0.673582	-0.505141
91	0.986521	0.115927	0.115927	-2.31827	-0.0873227	-0.0348839	1.38566	1.38566	-2.9048	-0.32733	-0.145525
91	1.10043	-0.022865	-0.022865	-3.15223	-0.415346	-0.314445	-0.273303	-0.273303	-3.94974	-1.09461	-0.855899
91	0.991438	0.108431	0.108431	-1.82529	-0.102783	-0.0843722	1.29606	1.29606	-2.28709	-0.408387	-0.273726
91	1.17522	0.111971	0.111971	-2.55158	-0.459662	-0.36763	1.33838	1.33838	-3.19713	-1.04923	-0.834323
91	1.11709	-0.0788079	-0.0788079	-2.7694	-0.443013	-0.390839	-0.94198	-0.94198	-3.47006	-1.27333	-1.00951
91	1.22833	0.214982	0.214982	-2.51983	-0.579856	-0.432497	2.56965	2.56965	-3.15735	-1.42955	-0.947231
91	0.775105	0.0921249	0.0921249	-2.34754	-0.0663757	-0.0359378	1.10116	1.10116	-2.94147	-0.342141	-0.179074
91	0.811041	0.210716	0.210716	-1.66663	0.0450257	0.0658771	2.51866	2.51866	-2.08828	0.236738	0.310341
91	0.888791	0.21932	0.21932	-2.24896	0.0538061	0.0613437	2.6215	2.6215	-2.81795	0.272479	0.250913
91	0.862156	-0.132052	-0.132052	-2.18134	-0.328523	-0.271173	-1.5784	-1.5784	-2.73322	-1.37809	-1.23788
91	1.02659	0.0224094	0.0224094	-2.38763	-0.175937	-0.167833	0.267857	0.267857	-2.9917	-0.715819	-0.581771
91	0.895068	0.100268	0.100268	-2.29248	-0.0703136	-0.0668522	1.19849	1.19849	-2.87247	-0.364198	-0.264379
91	1.08034	0.0247037	0.0247037	-2.41799	-0.235613	-0.228279	0.29528	0.29528	-3.02974	-0.840944	-0.716075
91	0.928503	-0.13478	-0.13478	-2.29104	-0.309838	-0.276834	-1.611	-1.611	-2.87067	-1.54124	-1.33873
91	0.961492	0.0408876	0.0408876	-2.47035	-0.164448	-0.110959	0.488724	0.488724	-3.09535	-0.685478	-0.47507
91	1.04076	0.200513	0.200513	-2.41594	0.00206975	0.0143205	2.3967	2.3967	-3.02717	0.00827686	0.0496701
91	0.808276	0.1648	0.1648	-2.32977	0.0296431	0.0201468	1.96984	1.96984	-2.91921	0.184957	0.0892531
91	1.05751	0.325293	0.325293	-2.37994	0.0743835	0.0916626	3.88818	3.88818	-2.98206	0.258583	0.298847
91	1.01067	-0.137412	-0.137412	-2.27035	-0.318169	-0.325736	-1.64247	-1.64247	-2.84475	-1.42098	-1.14655
91	1.23741	0.133585	0.133585	-3.09262	-0.640364	-0.506155	1.59672	1.59672	-3.87505	-1.37486	-0.997444
91	1.01451	0.107956	0.107956	-2.08139	-0.102915	-0.0442967	1.29039	1.29039	-2.60798	-0.412469	-0.188555
91	0.78556	0.0762326	0.0762326	-2.13864	-0.0848116	-0.04222	0.911198	0.911198	-2.67972	-0.460895	-0.225728
91	1.03903	-0.0306421	-0.0306421	-2.23647	-0.315862	-0.246672	-0.36626	-0.36626	-2.8023	-0.97974	-0.805756
91	0.842783	0.158682	0.158682	-2.44658	-0.00829889	0.0180439	1.8967	1.8967	-3.06556	-0.0416195	0.087816
91	1.14567	-0.0915306	-0.0915306	-2.67259	-0.532824	-0.464036	-1.09405	-1.09405	-3.34876	-1.37197	-1.08735
91	1.23197	0.196457	0.196457	-2.2967	-0.531628	-0.413755	2.34822	2.34822	-2.87777	-1.13552	-0.881462
91	1.0597	-0.00728382	-0.00728382	-2.38969	-0.302358	-0.239212	-0.0870624	-0.0870624	-2.99428	-0.931896	-0.73544
91	0.705135	0.154695	0.154695	-1.79626	-0.0147278	0.0139142	1.84905	1.84905	-2.25071	-0.075648	0.0695556
91	0.944856	0.144964	0.144964	-2.66584	-0.0119317	-0.0307351	1.73274	1.73274	-3.3403	-0.0648573	-0.114839
91	1.04032	0.122011	0.122011	-2.15645	-0.108816	-0.0842683	1.45838	1.45838	-2.70203	-0.428433	-0.302066
91	0.724501	0.0338931	0.0338931	-2.03581	-0.104206	-0.0952645	0.405119	0.405119	-2.55087	-0.58976	-0.492952
91	1.11439	0.0234452	0.0234452	-1.9216	-0.312277	-0.276109	0.280237	0.280237	-2.40776	-0.920894	-0.739514
91	0.834825	0.009731	0.009731	-2.12527	-0.154609	-0.125347	0.116313	0.116313	-2.66296	-0.810055	-0.559198
91	1.20615	0.0345951	0.0345951	-2.164	-0.544164	-0.540299	0.413511	0.413511	-2.71149	-1.27308	-1.23439
91	0.898767	-0.00275535	-0.00275535	-1.82127	-0.177921	-0.156581	-0.0329343	-0.0329343	-2.28205	-0.898015	-0.63993
91	1.05469	-0.13565	-0.13565	-3.10078	-0.397285	-0.309427	-1.62141	-1.62141	-3.88527	-1.34674	-1.09215
91	1.0474	0.048015	0.048015	-3.11562	-0.226891	-0.180967	0.573917	0.573917	-3.90387	-0.735945	-0.528799
91	0.727101	0.0400914	0.0400914	-2.62959	-0.111833	-0.0819168	0.479207	0.479207	-3.29487	-0.60303	-0.428178
91	1.11247	0.0808368	0.0808368	-3.27307	-0.370029	-0.212895	0.966231	0.966231	-4.10116	-0.906504	-0.592698
91	0.964293	0.114484	0.114484	-2.5668	-0.0833564	-0.0763613	1.36841	1.36841	-3.2162	-0.333921	-0.242746
91	0.977932	0.114997	0.114997	-2.88989	-0.0736996	-0.0524795	1.37454	1.37454	-3.62103	-0.331127	-0.202208
91	0.931778	0.211452	0.211452	-2.31442	0.0290636	0.0291899	2.52746	2.52746	-2.89997	0.130618	0.10977
91	1.13148	0.103619	0.103619	-2.14278	-0.38053	-0.29891	1.23854	1.23854	-2.6849	-0.95239	-0.688481
91	1.30895	0.131426	0.096362	-2.70092	-0.732658	-0.602747	1.57091	1.14546	-3.38425	-1.63595	-1.39178
91	0.99781	-0.0101187	-0.0101187	-2.55569	-0.202203	-0.176262	-0.120947	-0.120947	-3.20228	-0.899207	-0.69624
91	1.15194	0.106993	0.106993	-1.79923	-0.327885	-0.219776	1.27888	1.27888	-2.25443	-0.812607	-0.576316
91	0.993323	0.0145924	0.0145924	-2.20183	-0.169742	-0.151956	0.17442	0.17442	-2.75889	-0.794947	-0.580017
91	0.855997	-0.0940787	-0.0940787	-1.92595	-0.25218	-0.23011	-1.12451	-1.12451	-2.41322	-1.29536	-1.10437
91	0.816413	0.104574	0.104574	-1.95815	-0.0283446	-0.0304039	1.24996	1.24996	-2.45356	-0.167841	-0.137985
91	0.72262	0.0882947	0.0882947	-1.65341	-0.0683477	-0.0303759	1.05537	1.05537	-2.07173	-0.370032	-0.162197
91	0.842652	0.0716101	0.0716101	-2.09778	-0.0803459	-0.0853538	0.855946	0.855946	-2.62852	-0.439379	-0.370529
91	0.939839	0.110266	0.110266	-1.90678	-0.076412	-0.0405816	1.318	1.318	-2.38919	-0.347905	-0.170347
91	1.09417	0.253156	0.253156	-2.04896	-0.085124	-0.0687713	3.02593	3.02593	-2.56735	-0.252478	-0.184862
91	0.976693	0.131511	0.131511	-1.87755	-0.066761	-0.0530426	1.57193	1.57193	-2.35257	-0.266085	-0.190002
91	0.949993	0.162255	0.162255	-1.85509	-0.0212131	-0.0169125	1.93942	1.93942	-2.32442	-0.0875352	-0.0658796
91	0.908528	0.120096	0.120096	-2.50281	-0.0600911	-0.0537856	1.4355	1.4355	-3.13602	-0.303553	-0.199363
91	0.910325	0.0878384	0.0878384	-2.06997	-0.0811841	-0.0698804	1.04992	1.04992	-2.59367	-0.393253	-0.284872
91	0.918141	0.0217663	0.0217663	-2.68298	-0.154141	-0.118118	0.260169	0.260169	-3.36177	-0.741998	-0.548475
91	1.13776	0.127733	0.127733	-1.96639	-0.378765	-0.265034	1.52678	1.52678	-2.46388	-0.927737	-0.652245
91	0.983123	0.011857	0.011857	-2.20292	-0.208945	-0.147003	0.141725	0.141725	-2.76026	-0.784105	-0.573695
91	1.19301	0.0523576	0.0523576	-1.80978	-0.380287	-0.422227	0.625823	0.625823	-2.26765	-1.01732	-0.957817
91	0.958196	0.110296	0.110296	-2.38753	-0.0812392	-0.0686551	1.31836	1.31836	-2.99157	-0.353401	-0.252497
91	1.24835	-0.0284801	-0.0284801	-2.37548	-0.922476	-0.80227	-0.340419	-0.340419	-2.97648	-1.91953	-1.6095
91	1.17588	-0.0326046	-0.0326046	-2.74529	-0.609477	-0.48132	-0.389718	-0.389718	-3.43984	-1.30395	-1.06159
91	0.870478	0.208821	0.208821	-1.82862	0.0382854	0.0665459	2.49601	2.49601	-2.29126	0.188291	0.30619
91	1.00527	0.0216473	0.0216473	-2.62863	-0.186635	-0.13934	0.258747	0.258747	-3.29367	-0.711564	-0.547993
91	0.807434	-0.0684683	-0.0684683	-2.18703	-0.235768	-0.203447	-0.818392	-0.818392	-2.74035	-1.17539	-0.947049
91	0.89678	0.112435	0.112435	-2.16427	-0.0488651	-0.0418192	1.34392	1.34392	-2.71183	-0.25925	-0.189025
91	0.826959	-0.0173923	-0.0173923	-2.06127	-0.196353	-0.154804	-0.207888	-0.207888	-2.58278	-0.913581	-0.746106
91	1.11074	0.0080355	0.0080355	-2.32988	-0.372946	-0.259149	0.0960472	0.0960472	-2.91934	-1.06141	-0.743053
91	0.944742	0.0582032	0.0582032	-1.95401	-0.136984	-0.0874709	0.695694	0.695694	-2.44837	-0.596599	-0.392763
91	0.770508	0.0290898	0.0290898	-2.27295	-0.120982	-0.0948195	0.347706	0.347706	-2.848	-0.632287	-0.509363
91	1.13039	0.0180557	0.0180557	-2.95977	-0.444202	-0.407871	0.215817	0.215817	-3.7086	-1.11553	-0.925055
91	0.994804	-0.0285766	-0.0285766	-2.32038	-0.247113	-0.177343	-0.341572	-0.341572	-2.90744	-0.913719	-0.763548
91	1.12632	0.0465868	0.0465868	-3.07116	-0.290465	-0.221997	0.556846	0.556846	-3.84816	-0.918175	-0.622952
91	0.888726	0.152819	0.152819	-2.15186	-0.0204587	-0.0019625	1.82662	1.82662	-2.69627	-0.0977433	-0.0077131
91	0.79345	0.0782057	0.0782057	-1.94285	-0.105221	-0.0608663	0.934781	0.934781	-2.43439	-0.495711	-0.283546
91	1.00479	0.022188	0.022188	-3.11988	-0.210303	-0.148292	0.26521	0.26521	-3.90921	-0.843608	-0.552391
91	0.879234	0.085052	0.085052	-2.31469	-0.0816733	-0.0771988	1.01661	1.01661	-2.90031	-0.427742	-0.30548
91	1.05814	0.0100203	0.0100203	-2.62387	-0.273361	-0.197108	0.119771	0.119771	-3.28771	-0.858667	-0.647219
91	0.882498	0.126908	0.126908	-2.15598	-0.0811791	-0.00695492	1.51692	1.51692	-2.70145	-0.34157	-0.0357788
91	1.02386	0.0609217	0.0609217	-2.34034	-0.142619	-0.126001	0.728188	0.728188	-2.93244	-0.598867	-0.44996
91	1.04808	0.113161	0.113161	-2.24225	-0.092754	-0.0612228	1.35259	1.35259	-2.80954	-0.387538	-0.220302
91	0.760811	0.101854	0.101854	-2.5148	-0.0268493	-0.026232	1.21745	1.21745	-3.15104	-0.173959	-0.137327
91	0.950693	0.101987	0.101987	-2.57367	-0.109355	-0.0681638	1.21904	1.21904	-3.22481	-0.425067	-0.261768
91	1.0758	0.144226	0.144226	-2.33069	-0.076667	-0.0548746	1.72391	1.72391	-2.92035	-0.330087	-0.187859
91	0.838733	0.211971	0.211971	-1.89281	0.0765645	0.0602755	2.53365	2.53365	-2.3717	0.430405	0.25997
91	1.18638	0.020255	0.020255	-2.61305	-0.605057	-0.448262	0.242105	0.242105	-3.27415	-1.32116	-0.984571
91	1.24824	-0.0113925	-0.0113925	-2.72077	-0.707405	-0.617264	-0.136173	-0.136173	-3.40912	-1.53644	-1.22605
91	0.877119	0.0380729	0.0380729	-2.03251	-0.115144	-0.106295	0.45508	0.45508	-2.54674	-0.599452	-0.498167
91	0.773045	-0.0226433	-0.0226433	-2.20515	-0.16675	-0.162332	-0.270653	-0.270653	-2.76306	-0.948251	-0.734669
91	1.13617	0.0445374	0.0445374	-2.99154	-0.414729	-0.254832	0.53235	0.53235	-3.7484	-1.13241	-0.702587
91	0.970537	0.038269	0.038269	-2.2264	-0.168093	-0.112266	0.457424	0.457424	-2.78967	-0.642058	-0.487354
91	0.987466	-0.00203229	-0.00203229	-2.62329	-0.155954	-0.181604	-0.0242917	-0.0242917	-3.28699	-0.832975	-0.667966
91	1.10274	-0.0617613	-0.0617613	-2.51363	-0.401564	-0.313915	-0.738224	-0.738224	-3.14958	-1.17536	-0.92199
91	1.1	-0.0209341	-0.0209341	-2.96381	-0.390386	-0.273124	-0.250222	-0.250222	-3.71365	-1.03934	-0.834812
91	0.93807	-0.0864919	-0.0864919	-2.17969	-0.285586	-0.258321	-1.03382	-1.03382	-2.73115	-1.31015	-1.08705
91	1.02389	0.0105138	0.0105138	-2.20881	-0.227838	-0.17523	0.12567	0.12567	-2.76764	-0.773109	-0.644388
91	0.794599	-0.0752375	-0.0752375	-2.38565	-0.218122	-0.204872	-0.899303	-0.899303	-2.98922	-1.2234	-1.04168
91	1.03428	0.115062	0.115062	-2.27143	-0.0770515	-0.0988881	1.37532	1.37532	-2.8461	-0.311759	-0.315641
91	1.09038	0.0967412	0.0967412	-2.68981	-0.217303	-0.146697	1.15633	1.15633	-3.37034	-0.654866	-0.476564
91	0.900261	0.236249	0.236249	-1.81281	0.0602389	0.0941721	2.82386	2.82386	-2.27145	0.273639	0.418629
91	1.02062	0.124848	0.124848	-1.81469	-0.0920713	-0.0619061	1.49229	1.49229	-2.2738	-0.382165	-0.229429
91	1.22022	0.0911155	0.0911155	-2.39842	-0.595189	-0.480235	1.08909	1.08909	-3.00522	-1.38049	-1.02816
91	0.804848	0.157666	0.157666	-1.85333	0.0143998	-0.0033526	1.88455	1.88455	-2.32223	0.0786363	-0.0143391
91	0.851788	-0.0807643	-0.0807643	-2.98861	-0.242011	-0.221995	-0.965364	-0.965364	-3.74472	-1.27166	-0.92533
91	0.968672	-0.0780013	-0.0780013	-2.54664	-0.302267	-0.239651	-0.932339	-0.932339	-3.19094	-1.16161	-0.975512
91	0.838345	0.105277	0.105277	-1.7532	-0.0495645	-0.0334965	1.25836	1.25836	-2.19676	-0.276201	-0.16655
91	0.824969	0.136228	0.136228	-2.55331	-0.0132252	-0.000552004	1.62831	1.62831	-3.1993	-0.0690455	-0.00258033
91	0.804556	0.306502	0.306502	-2.09114	0.161838	0.162358	3.66358	3.66358	-2.6202	0.861699	0.753365
91	0.92355	0.214546	0.214546	-2.02046	0.0483447	0.0565472	2.56444	2.56444	-2.53163	0.251091	0.249271
91	1.00238	-0.0293151	-0.0293151	-2.22855	-0.244027	-0.213715	-0.350399	-0.350399	-2.79237	-0.96417	-0.85467
91	1.02358	0.0140863	0.0140863	-2.2951	-0.237008	-0.169029	0.168372	0.168372	-2.87576	-0.815696	-0.617896
91	1.09588	0.173681	0.173681	-2.12733	-0.206774	-0.0588379	2.07598	2.07598	-2.66554	-0.565275	-0.177381
91	0.906616	0.0862304	0.0862304	-2.44272	-0.0648473	-0.0699711	1.0307	1.0307	-3.06072	-0.351461	-0.326846
91	0.957437	0.189715	0.189715	-2.40634	-0.00660181	0.0413022	2.26764	2.26764	-3.01514	-0.0288141	0.178832
91	0.943357	0.0203836	0.0203836	-2.55683	-0.139796	-0.149939	0.243642	0.243642	-3.20371	-0.643091	-0.576813
91	0.938353	0.0814364	0.0814364	-2.59143	-0.116268	-0.066707	0.973397	0.973397	-3.24707	-0.480396	-0.283061
91	0.990485	-0.143798	-0.143798	-2.85919	-0.325352	-0.305262	-1.7188	-1.7188	-3.58257	-1.4489	-1.35689
91	0.957918	0.136532	0.136532	-3.33877	-0.0473821	-0.0113932	1.63195	1.63195	-4.18348	-0.213478	-0.0471407
91	0.851558	0.142083	0.142083	-2.34461	-0.020521	-0.00235162	1.6983	1.6983	-2.9378	-0.097138	-0.0113235
91	0.94912	-0.0305058	-0.0305058	-2.61208	-0.236548	-0.222147	-0.364632	-0.364632	-3.27293	-0.88838	-0.834551
91	1.05352	0.0258643	0.0258643	-2.12503	-0.224077	-0.176947	0.309152	0.309152	-2.66266	-0.765413	-0.57888
91	0.98873	0.110465	0.110465	-3.26029	-0.0739707	-0.0798947	1.32038	1.32038	-4.08514	-0.322579	-0.276582
91	0.958671	0.00814505	0.00814505	-2.40206	-0.198654	-0.152742	0.0973567	0.0973567	-3.00978	-0.794695	-0.670002
91	1.03873	0.0484083	0.0484083	-2.5583	-0.181167	-0.134382	0.578618	0.578618	-3.20555	-0.685609	-0.497497
91	0.938303	0.062894	0.062894	-2.42374	-0.141485	-0.074966	0.751764	0.751764	-3.03694	-0.584711	-0.344447
91	0.873025	0.0406345	0.0406345	-1.92702	-0.126618	-0.112548	0.485698	0.485698	-2.41455	-0.652179	-0.507678
91	1.04518	0.065403	0.065403	-1.9666	-0.177949	-0.1256	0.781752	0.781752	-2.46415	-0.701313	-0.456876
91	0.810378	-0.0245861	-0.0245861	-1.86767	-0.169822	-0.164718	-0.293874	-0.293874	-2.34019	-0.876888	-0.783883
91	0.959902	0.0976852	0.0976852	-1.74883	-0.0794801	-0.0623363	1.16762	1.16762	-2.19128	-0.373547	-0.265029
91	0.958973	0.160553	0.160553	-1.53517	-0.0215236	-0.00373687	1.91907	1.91907	-1.92357	-0.10431	-0.0151029
91	1.09325	0.047595	0.047595	-3.14309	-0.265911	-0.197352	0.568897	0.568897	-3.9383	-0.839436	-0.574346
91	1.05498	0.0650652	0.0650652	-2.24494	-0.172895	-0.175011	0.777715	0.777715	-2.81291	-0.607579	-0.530325
91	0.770386	0.0181726	0.0181726	-2.11764	-0.143885	-0.103393	0.217215	0.217215	-2.6534	-0.681941	-0.568722
91	0.87569	0.00191366	0.00191366	-2.82659	-0.180551	-0.135722	0.0228737	0.0228737	-3.54171	-0.7698	-0.624158
91	0.90656	0.160726	0.160726	-2.54042	0.00490998	0.010489	1.92113	1.92113	-3.18315	0.0263779	0.047999
91	1.03931	0.105971	0.105971	-2.63759	-0.169607	-0.114761	1.26666	1.26666	-3.3049	-0.511512	-0.370954
91	0.818167	0.0401731	0.0401731	-2.84318	-0.137186	-0.0963191	0.480184	0.480184	-3.56251	-0.603048	-0.475374
91	1.00348	0.153105	0.153105	-2.20395	-0.0863629	-0.0420191	1.83004	1.83004	-2.76155	-0.312074	-0.142475
91	1.1607	-0.0784123	-0.0784123	-2.02883	-0.489139	-0.526138	-0.937251	-0.937251	-2.54213	-1.3638	-1.25563
91	1.01549	-0.045739	-0.045739	-2.53642	-0.268583	-0.246558	-0.546711	-0.546711	-3.17814	-1.02893	-0.834707
91	0.931291	-0.0388942	-0.0388942	-1.80078	-0.227665	-0.199576	-0.464897	-0.464897	-2.25637	-1.00863	-0.828429
91	0.869295	0.241165	0.241165	-2.62715	0.0848704	0.106619	2.88261	2.88261	-3.29182	0.446361	0.541347
91	0.895053	-0.128955	-0.128955	-3.40506	-0.327632	-0.287176	-1.54138	-1.54138	-4.26654	-1.36186	-1.30512
91	0.96646	-0.0158657	-0.0158657	-2.4028	-0.215431	-0.195883	-0.18964	-0.18964	-3.0107	-0.934689	-0.725775
91	0.988674	0.0779693	0.0779693	-2.49936	-0.100326	-0.0898072	0.931956	0.931956	-3.13169	-0.439984	-0.36493
91	0.814423	0.132703	0.132703	-2.03939	-0.0253677	-0.026396	1.58618	1.58618	-2.55536	-0.131686	-0.116899
91	1.07167	0.109774	0.109774	-2.84054	-0.127297	-0.121768	1.31211	1.31211	-3.5592	-0.480107	-0.386113
91	1.02561	0.131211	0.131211	-2.31942	-0.147978	-0.0700746	1.56834	1.56834	-2.90623	-0.474824	-0.248723
91	0.848021	-0.0778916	-0.0778916	-2.82374	-0.260161	-0.242726	-0.931027	-0.931027	-3.53814	-1.27968	-1.06218
91	1.18593	0.141162	0.141162	-2.87213	-0.428947	-0.265475	1.68729	1.68729	-3.59877	-0.924776	-0.627488
91	0.873683	-0.0562933	-0.0562933	-2.48492	-0.24655	-0.218427	-0.672866	-0.672866	-3.1136	-1.02565	-0.869756
91	1.37093	0.0163915	-0.0381354	-2.79123	-1.23146	-0.969778	0.195925	-0.45079	-3.49742	-2.68644	-2.12157
91	1.0031	0.0651213	0.0651213	-2.32951	-0.121478	-0.096931	0.778386	0.778386	-2.91887	-0.514636	-0.381632
91	0.935899	0.0908309	0.0908309	-2.41512	-0.112299	-0.0536654	1.08569	1.08569	-3.02614	-0.478226	-0.240505
91	0.909789	0.0674491	0.0674491	-1.95755	-0.0743797	-0.0768468	0.806209	0.806209	-2.45281	-0.395539	-0.312662
91	1.13916	-0.0225389	-0.0225389	-2.64496	-0.405723	-0.402057	-0.269404	-0.269404	-3.31414	-0.981055	-0.996567
91	0.868083	-0.0596304	-0.0596304	-2.77763	-0.21355	-0.216482	-0.712754	-0.712754	-3.48037	-1.02095	-0.955036
91	0.972692	0.0530254	0.0530254	-2.24579	-0.118014	-0.125088	0.633806	0.633806	-2.81398	-0.535618	-0.475648
91	1.06441	-0.104331	-0.104331	-2.19841	-0.356905	-0.325735	-1.24706	-1.24706	-2.75461	-1.22642	-1.05918
91	1.04402	0.092841	0.092841	-2.03714	-0.146408	-0.0916208	1.10972	1.10972	-2.55254	-0.548853	-0.356633
91	0.946726	0.159005	0.159005	-1.98664	-0.0534689	-0.0224825	1.90057	1.90057	-2.48926	-0.20923	-0.08698
91	1.03893	0.146777	0.146777	-2.4529	-0.0525255	-0.0543598	1.7544	1.7544	-3.07349	-0.208746	-0.193919
91	0.89461	-0.0157121	-0.0157121	-2.28157	-0.194759	-0.163545	-0.187805	-0.187805	-2.8588	-0.985913	-0.730801
91	1.26606	0.0526453	0.0526453	-2.78045	-0.793963	-0.631255	0.629261	0.629261	-3.4839	-1.455	-1.24661
91	0.944797	-0.0644514	-0.0644514	-2.25304	-0.237321	-0.216629	-0.770378	-0.770378	-2.82306	-1.09443	-1.0087
91	0.988645	0.268722	0.268722	-1.93973	0.107962	0.0875786	3.212	3.212	-2.43048	0.516028	0.322735
91	0.928166	0.233111	0.233111	-1.70542	0.0485801	0.0764613	2.78634	2.78634	-2.13689	0.220583	0.303231
91	1.08948	-0.124232	-0.124232	-2.34175	-0.481189	-0.38441	-1.48493	-1.48493	-2.93421	-1.3076	-1.1229
91	0.81908	0.0526152	0.0526152	-2.09775	-0.097079	-0.116982	0.628902	0.628902	-2.62848	-0.562721	-0.486148
91	0.831695	-0.11889	-0.11889	-2.45897	-0.291804	-0.244741	-1.42107	-1.42107	-3.08109	-1.34465	-1.16411
91	0.975121	0.16687	0.16687	-2.32097	0.00190525	-0.0173559	1.99457	1.99457	-2.90818	0.00851453	-0.0653184
91	0.979854	0.106414	0.106414	-2.09871	-0.0952189	-0.0527633	1.27195	1.27195	-2.62968	-0.396289	-0.220585
91	1.01359	0.092932	0.092932	-2.21603	-0.118506	-0.0881638	1.1108	1.1108	-2.77668	-0.468962	-0.325822
91	1.06606	0.0391912	0.0391912	-2.18137	-0.241255	-0.204966	0.468447	0.468447	-2.73326	-0.747463	-0.584031
91	1.20716	0.017976	0.017976	-2.2241	-0.610732	-0.426393	0.214865	0.214865	-2.7868	-1.42763	-0.997395
91	1.14897	0.105452	0.105452	-2.70299	-0.429299	-0.265447	1.26046	1.26046	-3.38685	-1.10426	-0.627525
91	0.911668	-0.0740046	-0.0740046	-2.44234	-0.215509	-0.218906	-0.884567	-0.884567	-3.06025	-1.1845	-0.898404
91	1.07697	-0.0977099	-0.0977099	-2.83141	-0.454939	-0.316927	-1.16791	-1.16791	-3.54776	-1.15001	-1.00648
91	0.967901	0.0463717	0.0463717	-1.81986	-0.156179	-0.133842	0.554275	0.554275	-2.28029	-0.623285	-0.507192
91	0.883963	0.184367	0.184367	-1.90707	0.0333703	0.0345443	2.20372	2.20372	-2.38956	0.163786	0.15227
91	0.978349	0.17103	0.17103	-2.34796	-0.0323633	0.0245037	2.04429	2.04429	-2.942	-0.132156	0.10395
91	1.11432	0.00460174	0.00460174	-2.33712	-0.333349	-0.296982	0.0550039	0.0550039	-2.92841	-0.958541	-0.746837
91	1.06723	-0.0293243	-0.0293243	-2.07422	-0.303285	-0.254552	-0.350509	-0.350509	-2.599	-0.98606	-0.817465
91	0.800009	0.0199016	0.0199016	-1.95323	-0.123863	-0.105012	0.237881	0.237881	-2.44739	-0.637387	-0.529342
91	0.709965	0.116986	0.116986	-2.3041	-0.010239	-0.00153604	1.39832	1.39832	-2.88704	-0.0669215	-0.00848242
91	0.887793	0.017363	0.017363	-2.46093	-0.183769	-0.113419	0.207538	0.207538	-3.08354	-0.766439	-0.540051
91	0.941064	0.163765	0.163765	-2.00152	-0.0812777	0.00760534	1.95746	1.95746	-2.50791	-0.289479	0.0340614
91	0.896864	0.0439204	0.0439204	-2.30652	-0.149005	-0.127035	0.524974	0.524974	-2.89007	-0.600189	-0.526695
91	0.926019	-0.068395	-0.068395	-2.31482	-0.248881	-0.216218	-0.817515	-0.817515	-2.90048	-1.16475	-0.883946
91	0.891091	0.123921	0.123921	-3.33225	-0.0438885	-0.0177053	1.48121	1.48121	-4.17531	-0.224542	-0.07843
91	0.831249	0.0795848	0.0795848	-2.4067	-0.0841431	-0.052413	0.951266	0.951266	-3.0156	-0.419102	-0.260223
91	0.88638	0.101749	0.101749	-2.07133	-0.0606253	-0.0428942	1.2162	1.2162	-2.59538	-0.315654	-0.193777
91	0.881755	0.23379	0.23379	-2.07521	0.0795848	0.065224	2.79445	2.79445	-2.60024	0.437912	0.262301
91	1.055	-0.0320939	-0.0320939	-3.09387	-0.274914	-0.319456	-0.383614	-0.383614	-3.87661	-0.97869	-0.863734
91	0.626058	0.0707727	0.0707727	-1.65286	-0.0616891	-0.0437189	0.845936	0.845936	-2.07104	-0.358088	-0.228027
91	0.971396	0.0450263	0.0450263	-1.78714	-0.112173	-0.118493	0.538193	0.538193	-2.23929	-0.59191	-0.464915
91	1.00961	-0.111798	-0.111798	-2.92303	-0.308142	-0.288155	-1.3363	-1.3363	-3.66256	-1.17861	-1.15048
91	1.08695	-0.0952858	-0.0952858	-2.32924	-0.381286	-0.325116	-1.13894	-1.13894	-2.91854	-1.19712	-1.00289
91	0.722262	0.0485908	0.0485908	-1.5256	-0.0883119	-0.058532	0.580798	0.580798	-1.91158	-0.551047	-0.333092
91	0.959228	0.0923484	0.0923484	-2.6811	-0.116956	-0.0576233	1.10383	1.10383	-3.35942	-0.46839	-0.253525
91	0.970256	-0.148705	-0.148705	-2.96692	-0.342004	-0.332445	-1.77745	-1.77745	-3.71755	-1.33834	-1.18234
91	1.0171	0.00906545	0.00906545	-3.11698	-0.247025	-0.167738	0.108358	0.108358	-3.90557	-0.866491	-0.655318
91	0.802088	0.0297238	0.0297238	-2.49375	-0.128427	-0.11333	0.355284	0.355284	-3.12467	-0.664097	-0.542477
91	0.953987	-0.0640559	-0.0640559	-2.46211	-0.253212	-0.232077	-0.765652	-0.765652	-3.08502	-1.14936	-0.902731
91	0.956787	0.122321	0.122321	-1.97319	-0.0639753	-0.0297858	1.46209	1.46209	-2.47241	-0.292176	-0.125359
91	1.00945	0.0867677	0.0867677	-2.68095	-0.185368	-0.0714439	1.03712	1.03712	-3.35923	-0.566653	-0.30375
91	1.37188	0.0672065	0.0298145	-2.4777	-1.11413	-0.934035	0.80331	0.354405	-3.10455	-2.70676	-2.27253
91	1.08133	-0.013014	-0.013014	-2.75146	-0.325232	-0.24892	-0.155555	-0.155555	-3.44758	-1.00327	-0.785229
91	0.857355	0.160772	0.160772	-1.87596	0.0132317	-0.0120328	1.92169	1.92169	-2.35058	0.069577	-0.0471646
91	0.805025	0.175429	0.175429	-1.71475	-0.0155357	0.0421353	2.09687	2.09687	-2.14858	-0.071962	0.19564
91	0.973218	-0.00349372	-0.00349372	-2.56134	-0.183771	-0.150548	-0.0417599	-0.0417599	-3.20935	-0.842995	-0.604436
91	1.00686	0.130904	0.130904	-2.46601	-0.0500296	-0.0573295	1.56467	1.56467	-3.0899	-0.223934	-0.210852
91	0.955033	0.145167	0.145167	-2.4197	-0.02641	-0.00655654	1.73516	1.73516	-3.03189	-0.138578	-0.0295688
91	0.838168	0.146634	0.146634	-1.75548	-0.0221193	-0.0100283	1.75269	1.75269	-2.19961	-0.0983631	-0.0438469
91	0.874823	0.241369	0.241369	-1.79272	0.0704851	0.0882945	2.88505	2.88505	-2.24627	0.340114	0.37441
91	0.971087	0.109143	0.109143	-1.97566	-0.0969123	-0.061638	1.30457	1.30457	-2.47551	-0.401221	-0.236794
91	1.08004	-0.0221071	-0.0221071	-3.17683	-0.308152	-0.25867	-0.264243	-0.264243	-3.98057	-0.960236	-0.748319
91	0.986752	0.153031	0.153031	-1.98349	-0.0297014	0.00277356	1.82915	1.82915	-2.48532	-0.128428	0.011903
91	0.978657	-0.0470068	-0.0470068	-1.67582	-0.248517	-0.195798	-0.561866	-0.561866	-2.0998	-1.02597	-0.861891
91	1.02371	0.0535721	0.0535721	-2.92242	-0.148059	-0.150207	0.640339	0.640339	-3.6618	-0.57793	-0.502189
91	1.1791	0.0970734	0.0970734	-3.18776	-0.473134	-0.34866	1.16031	1.16031	-3.99426	-1.12097	-0.8493
91	1.00355	-0.0458247	-0.0458247	-2.21597	-0.271373	-0.217196	-0.547736	-0.547736	-2.77661	-1.02804	-0.844104
91	0.872541	0.207067	0.207067	-1.92098	0.06434	0.0861693	2.47504	2.47504	-2.40698	0.374695	0.445761
91	0.942678	0.0877342	0.0877342	-2.35554	-0.0930648	-0.0619612	1.04867	1.04867	-2.95149	-0.454427	-0.27245
91	1.14448	-0.0347772	-0.0347772	-2.57202	-0.516118	-0.410871	-0.415687	-0.415687	-3.22274	-1.23421	-0.999387
91	1.19576	0.189902	0.189902	-2.69396	-0.391917	-0.346077	2.26988	2.26988	-3.37554	-0.926401	-0.720092
91	0.966743	0.135824	0.135824	-2.23414	-0.0551657	-0.0246033	1.62348	1.62348	-2.79938	-0.22335	-0.0994258
91	0.989191	0.158929	0.158929	-2.38801	-0.0289864	-0.0177636	1.89966	1.89966	-2.99217	-0.120476	-0.0632801
91	1.11394	0.176815	0.176815	-2.10414	-0.17415	-0.204961	2.11344	2.11344	-2.63649	-0.515163	-0.506357
91	0.81134	0.0471823	0.0471823	-1.76013	-0.147389	-0.0822895	0.563963	0.563963	-2.20544	-0.612922	-0.392774
91	1.0473	-0.063863	-0.063863	-2.91297	-0.276271	-0.23601	-0.763345	-0.763345	-3.64995	-1.13626	-0.965725
91	0.957989	0.179219	0.179219	-2.62735	-0.0429586	0.0298372	2.14217	2.14217	-3.29206	-0.157565	0.13499
91	1.09935	0.238507	0.238507	-2.96682	-0.0383	-0.024982	2.85084	2.85084	-3.71742	-0.121985	-0.0752698
91	0.882391	0.0371377	0.0371377	-1.67	-0.14507	-0.0990348	0.443902	0.443902	-2.09252	-0.670551	-0.468689
91	0.994687	0.140764	0.140764	-2.43751	-0.0644682	-0.0204787	1.68253	1.68253	-3.05419	-0.265534	-0.082241
91	0.847451	0.270383	0.270383	-2.19743	0.104278	0.134379	3.23185	3.23185	-2.75338	0.516164	0.619727
91	0.917439	0.0312865	0.0312865	-2.48413	-0.175443	-0.112214	0.373963	0.373963	-3.11261	-0.700748	-0.529621
91	0.94827	0.0370607	0.0370607	-2.49123	-0.167042	-0.113744	0.442982	0.442982	-3.12151	-0.642669	-0.503743
91	0.996037	0.117746	0.117746	-2.58592	-0.0825666	-0.0405797	1.4074	1.4074	-3.24016	-0.33099	-0.165986
91	0.852571	0.243178	0.243178	-1.54178	0.0912688	0.0861777	2.90667	2.90667	-1.93186	0.510419	0.372667
91	0.910748	0.0295903	0.0295903	-2.55546	-0.137039	-0.112399	0.353688	0.353688	-3.20199	-0.65679	-0.551212
91	1.01931	-0.0335744	-0.0335744	-2.56959	-0.255121	-0.225975	-0.40131	-0.40131	-3.21969	-0.964447	-0.754973
91	0.964159	-0.0201953	-0.0201953	-2.30144	-0.213323	-0.18454	-0.241392	-0.241392	-2.8837	-0.899733	-0.66698
91	1.11051	0.118345	0.118345	-2.58514	-0.196979	-0.21213	1.41456	1.41456	-3.23918	-0.581241	-0.522191
91	0.877415	0.0246243	0.0246243	-2.22506	-0.155565	-0.107809	0.294331	0.294331	-2.788	-0.711933	-0.517361
91	1.14616	-0.0951181	-0.0951181	-3.08226	-0.452825	-0.438918	-1.13693	-1.13693	-3.86207	-1.23863	-1.07971
91	1.07435	-0.00660329	-0.00660329	-2.86665	-0.314596	-0.241731	-0.0789282	-0.0789282	-3.59191	-1.0048	-0.731323
91	1.09848	-0.144362	-0.144362	-2.48846	-0.413335	-0.40127	-1.72553	-1.72553	-3.11803	-1.41708	-1.10634
91	0.913109	-0.0117391	-0.0117391	-2.14267	-0.187423	-0.171736	-0.140315	-0.140315	-2.68477	-0.890219	-0.695843
91	0.821139	0.193028	0.193028	-1.92934	0.0327008	0.0649869	2.30723	2.30723	-2.41747	0.167138	0.333744
91	0.786707	0.0400996	0.0400996	-2.04129	-0.109857	-0.0815333	0.479305	0.479305	-2.55773	-0.598931	-0.424501
91	0.964138	0.192237	0.192237	-1.95137	0.0155153	0.000514006	2.29779	2.29779	-2.44506	0.0739873	0.0018529
91	1.0052	-0.0386009	-0.0386009	-2.72053	-0.228184	-0.19566	-0.461391	-0.461391	-3.40883	-0.984047	-0.839058
91	1.13579	0.063899	0.063899	-2.76665	-0.393787	-0.278338	0.763776	0.763776	-3.46661	-0.977176	-0.678498
91	0.996766	0.056171	0.056171	-2.40812	-0.135669	-0.0943008	0.671404	0.671404	-3.01738	-0.582783	-0.378472
91	1.10695	-0.0804036	-0.0804036	-2.58174	-0.380778	-0.42882	-0.961053	-0.961053	-3.23492	-1.24654	-1.04705
91	0.948066	0.117093	0.117093	-2.6041	-0.0747494	-0.0490251	1.3996	1.3996	-3.26293	-0.310022	-0.2018
91	0.96901	0.0539132	0.0539132	-1.87946	-0.115131	-0.109074	0.644417	0.644417	-2.35496	-0.558967	-0.437954
91	0.879961	0.042887	0.042887	-1.71402	-0.14354	-0.0994869	0.512622	0.512622	-2.14766	-0.626914	-0.451929
91	0.626824	-0.142352	-0.142352	-2.52609	-0.303639	-0.246256	-1.70152	-1.70152	-3.16519	-1.55158	-1.46899
91	1.02582	0.062974	0.062974	-2.53723	-0.154929	-0.127346	0.752719	0.752719	-3.17915	-0.56621	-0.501186
91	1.21206	-0.0338313	-0.0338313	-2.38969	-0.656946	-0.485636	-0.404381	-0.404381	-2.99428	-1.43413	-1.11091
91	0.903131	0.0831769	0.0831769	-2.85337	-0.104832	-0.0501347	0.994202	0.994202	-3.57528	-0.449848	-0.243443
91	1.12037	0.246237	0.246237	-2.50275	-0.097279	-0.0490808	2.94324	2.94324	-3.13594	-0.291244	-0.141914
91	0.8665	-0.0451549	-0.0451549	-1.64956	-0.197108	-0.192631	-0.53973	-0.53973	-2.0669	-1.00043	-0.781974
91	1.03276	0.0260704	0.0260704	-2.97518	-0.179797	-0.139995	0.311616	0.311616	-3.7279	-0.751239	-0.550292
91	1.04689	0.0107366	0.0107366	-2.19237	-0.188667	-0.203394	0.128333	0.128333	-2.74704	-0.746113	-0.711585
91	0.612537	-0.110201	-0.110201	-1.9008	-0.240691	-0.228725	-1.31721	-1.31721	-2.3817	-1.48496	-1.2246
91	0.853092	-0.00647195	-0.00647195	-2.30249	-0.186856	-0.142771	-0.0773583	-0.0773583	-2.88502	-0.893537	-0.66196
91	1.05288	0.0692377	0.0692377	-2.84906	-0.204578	-0.144585	0.827589	0.827589	-3.56987	-0.690456	-0.460503
91	1.06244	0.0132964	0.0132964	-2.42504	-0.314529	-0.241604	0.15893	0.15893	-3.03858	-0.896085	-0.671896
91	1.22425	0.0952415	0.0952415	-2.77462	-0.449548	-0.390946	1.13841	1.13841	-3.4766	-0.967456	-0.847667
91	0.987499	0.149964	0.149964	-2.1008	-0.074276	-0.0196929	1.7925	1.7925	-2.6323	-0.287396	-0.0793769
91	0.763937	0.196602	0.196602	-1.95788	0.0456186	0.0670404	2.34996	2.34996	-2.45322	0.257993	0.315587
91	1.19562	0.189061	0.189061	-2.32579	-0.444586	-0.272146	2.25981	2.25981	-2.91422	-0.907648	-0.562371
91	1.0088	-0.150893	-0.150893	-2.45775	-0.382851	-0.32616	-1.8036	-1.8036	-3.07956	-1.4826	-1.16123
91	0.952976	0.00949883	0.00949883	-2.3243	-0.213529	-0.161697	0.113538	0.113538	-2.91235	-0.832382	-0.622203
91	0.891057	0.281637	0.281637	-1.79007	0.0848261	0.127017	3.36637	3.36637	-2.24296	0.376325	0.521051
91	1.24797	0.179905	0.179905	-2.7278	-0.632916	-0.527123	2.15038	2.15038	-3.41793	-1.37912	-1.05113
91	0.933653	0.0278466	0.0278466	-2.32691	-0.134344	-0.110645	0.332846	0.332846	-2.91562	-0.702446	-0.50127
91	0.71908	0.212791	0.212791	-2.34606	0.0756724	0.0837966	2.54347	2.54347	-2.93961	0.429119	0.406651
91	0.983034	0.0530293	0.0530293	-2.61528	-0.137738	-0.117293	0.633851	0.633851	-3.27694	-0.584623	-0.454277
91	0.825332	-0.0204622	-0.0204622	-2.10671	-0.162877	-0.175922	-0.244582	-0.244582	-2.63971	-0.875848	-0.74099
91	1.04975	0.226835	0.226835	-2.36664	-0.00902167	0.0308202	2.71133	2.71133	-2.9654	-0.0347141	0.106538
91	0.82541	-0.120766	-0.120766	-2.4291	-0.261621	-0.264309	-1.4435	-1.4435	-3.04366	-1.59442	-1.23657
91	1.07574	-0.0120327	-0.0120327	-2.40977	-0.258197	-0.239671	-0.143825	-0.143825	-3.01944	-0.89878	-0.752308
91	0.674845	0.245786	0.245786	-1.56919	0.114052	0.12992	2.93784	2.93784	-1.96619	0.710939	0.690641
91	0.968598	-0.10088	-0.10088	-2.16103	-0.283471	-0.263634	-1.2058	-1.2058	-2.70777	-1.23262	-1.0155
91	0.84972	0.0931434	0.0931434	-2.21787	-0.0699067	-0.0542971	1.11333	1.11333	-2.77899	-0.353551	-0.23805
91	0.804516	0.115805	0.115805	-1.7902	-0.0605774	-0.0254174	1.3842	1.3842	-2.24312	-0.282141	-0.121963
91	0.992248	-0.0537629	-0.0537629	-2.3302	-0.254268	-0.219403	-0.642621	-0.642621	-2.91974	-1.02664	-0.792055
91	0.870192	0.194889	0.194889	-1.68727	0.0432577	0.0647617	2.32949	2.32949	-2.11415	0.236711	0.317298
91	1.00158	0.0692422	0.0692422	-1.9144	-0.122509	-0.104315	0.827642	0.827642	-2.39874	-0.562804	-0.401543
91	0.798636	0.0503332	0.0503332	-2.21126	-0.104331	-0.0897457	0.601626	0.601626	-2.7707	-0.536629	-0.436271
91	1.00512	0.0939917	0.0939917	-2.9709	-0.107525	-0.0583144	1.12347	1.12347	-3.72253	-0.443817	-0.240148
91	0.827317	0.0532502	0.0532502	-2.03423	-0.0902875	-0.0721271	0.636492	0.636492	-2.54889	-0.538222	-0.363349
91	0.86651	0.0450995	0.0450995	-2.05592	-0.122651	-0.10403	0.539068	0.539068	-2.57607	-0.635405	-0.466875
91	0.798417	-0.020274	-0.020274	-1.84917	-0.168608	-0.141559	-0.242332	-0.242332	-2.31701	-0.896624	-0.703545
91	1.21539	0.15565	0.15565	-2.19822	-0.531896	-0.361197	1.86046	1.86046	-2.75438	-1.12806	-0.764158
91	1.10901	-0.0229425	-0.0229425	-2.48759	-0.394177	-0.318072	-0.274228	-0.274228	-3.11695	-1.08225	-0.908382
91	0.805829	0.166308	0.166308	-2.28691	-0.0048887	0.0209739	1.98786	1.98786	-2.86549	-0.0245747	0.0967611
91	0.903269	-0.0979683	-0.0979683	-2.20191	-0.270886	-0.229299	-1.171	-1.171	-2.75899	-1.29361	-1.0618
91	1.03132	0.0787246	0.0787246	-2.48153	-0.153139	-0.126413	0.940984	0.940984	-3.10936	-0.564002	-0.424644
91	0.805994	-0.0833847	-0.0833847	-2.12329	-0.229087	-0.207743	-0.996686	-0.996686	-2.66048	-1.2403	-1.06356
91	1.12987	0.0986058	0.0986058	-2.64639	-0.224049	-0.188417	1.17862	1.17862	-3.31593	-0.673577	-0.511349
91	1.11981	0.0486871	0.0486871	-2.12518	-0.372994	-0.271745	0.58195	0.58195	-2.66285	-1.04004	-0.735691
91	0.906218	0.0960124	0.0960124	-2.07741	-0.0735868	-0.041835	1.14762	1.14762	-2.60299	-0.379979	-0.188177
91	0.976336	0.0839013	0.0839013	-1.84069	-0.0868453	-0.0636936	1.00286	1.00286	-2.30639	-0.421402	-0.286459
91	0.969904	0.268016	0.268016	-2.64456	0.0865962	0.1083	3.20356	3.20356	-3.31364	0.392105	0.442145
91	1.20999	0.0879808	0.0879808	-2.54019	-0.484909	-0.371528	1.05162	1.05162	-3.18285	-1.10455	-0.869306
91	1.08545	0.10047	0.10047	-2.76553	-0.207426	-0.1343	1.20091	1.20091	-3.46521	-0.636138	-0.408096
91	0.855801	0.059217	0.059217	-2.34977	-0.111404	-0.0690356	0.707813	0.707813	-2.94427	-0.529836	-0.341751
91	0.963634	-0.0808202	-0.0808202	-1.93059	-0.256026	-0.265008	-0.966033	-0.966033	-2.41903	-1.26119	-1.05761
91	0.925633	-0.0288146	-0.0288146	-2.79284	-0.209185	-0.171416	-0.344417	-0.344417	-3.49942	-0.97547	-0.830712
91	0.684449	0.146647	0.146647	-1.65003	0.010007	0.0389461	1.75285	1.75285	-2.06749	0.0533301	0.223029
91	1.01234	-0.0252851	-0.0252851	-2.61696	-0.259884	-0.207314	-0.302229	-0.302229	-3.27905	-0.975571	-0.744675
91	1.13387	0.25931	0.25931	-2.38264	-0.304322	-0.181472	3.0995	3.0995	-2.98545	-0.662769	-0.391658
91	0.805247	-0.246601	-0.246601	-3.24476	-0.402792	-0.367429	-2.94759	-2.94759	-4.06568	-2.08173	-1.80028
91	0.932151	0.139587	0.139587	-2.57242	-0.0546971	-0.0235211	1.66847	1.66847	-3.22324	-0.215202	-0.0954365
91	1.01006	0.141336	0.141336	-2.68882	-0.0866171	-0.0502577	1.68938	1.68938	-3.3691	-0.313364	-0.178376
91	0.870817	-0.116617	-0.116617	-2.26007	-0.279888	-0.257686	-1.39391	-1.39391	-2.83186	-1.4413	-1.1483
91	1.03287	0.149905	0.149905	-2.38563	-0.069451	-0.0867345	1.7918	1.7918	-2.98919	-0.292792	-0.268989
91	1.06084	0.239431	0.239431	-1.67504	0.029769	0.00903424	2.86188	2.86188	-2.09883	0.11644	0.0275463
91	0.959192	-0.0137341	-0.0137341	-2.87617	-0.248138	-0.166881	-0.164162	-0.164162	-3.60384	-0.893188	-0.684902
91	0.999598	0.0589202	0.0589202	-1.87355	-0.136196	-0.0777503	0.704265	0.704265	-2.34756	-0.534561	-0.384248
91	0.978715	0.298281	0.298281	-2.12127	0.131438	0.138502	3.56531	3.56531	-2.65795	0.627551	0.529937
91	1.05073	-0.00588573	-0.00588573	-2.29166	-0.225869	-0.237825	-0.0703514	-0.0703514	-2.87144	-0.859506	-0.758127
91	1.04068	-0.0612889	-0.0612889	-2.71916	-0.297489	-0.223945	-0.732578	-0.732578	-3.40711	-1.00483	-0.95989
91	1.17012	0.162096	0.162096	-2.90399	-0.29923	-0.229134	1.93751	1.93751	-3.6387	-0.731538	-0.538999
91	1.07809	-0.0167696	-0.0167696	-2.3586	-0.309275	-0.251152	-0.200445	-0.200445	-2.95533	-1.00625	-0.807434
91	0.899445	0.0762717	0.0762717	-2.03132	-0.0847041	-0.0736233	0.911665	0.911665	-2.54525	-0.414201	-0.340739
91	0.878045	0.0859517	0.0859517	-2.07381	-0.0912294	-0.048329	1.02737	1.02737	-2.59848	-0.422624	-0.230226
91	0.954226	0.100757	0.100757	-2.60479	-0.0818747	-0.0696413	1.20434	1.20434	-3.2638	-0.381219	-0.301198
91	0.87556	0.231608	0.231608	-1.99884	0.0695393	0.0855616	2.76837	2.76837	-2.50455	0.356616	0.363001
91	1.13216	0.185832	0.185832	-2.64461	-0.267026	-0.11086	2.22123	2.22123	-3.3137	-0.682241	-0.292677
91	0.898496	0.152815	0.152815	-1.95775	-0.0166062	0.00685122	1.82657	1.82657	-2.45306	-0.0794784	0.0288051
91	1.03264	-0.190188	-0.190188	-2.04788	-0.424774	-0.38601	-2.27329	-2.27329	-2.56599	-1.53473	-1.38117
91	1.02527	0.0515986	0.0515986	-1.95579	-0.161041	-0.132873	0.616751	0.616751	-2.45061	-0.653979	-0.515027
91	1.00599	0.176243	0.176243	-2.18484	-0.0223847	0.0165832	2.10661	2.10661	-2.73761	-0.0935426	0.068997
91	0.911671	-0.00222193	-0.00222193	-2.20003	-0.186162	-0.160933	-0.0265584	-0.0265584	-2.75664	-0.797567	-0.690402
91	0.97582	0.0869944	0.0869944	-2.08023	-0.121691	-0.075443	1.03983	1.03983	-2.60653	-0.481853	-0.307012
91	0.931969	0.131686	0.131686	-2.23141	-0.104953	-0.0393876	1.57403	1.57403	-2.79595	-0.39419	-0.157392
91	1.06542	0.233883	0.233883	-1.84441	0.0133969	0.0144586	2.79557	2.79557	-2.31105	0.0542447	0.0466676
91	0.947052	0.202059	0.202059	-2.08297	-0.00833038	0.0525771	2.41518	2.41518	-2.60996	-0.0313754	0.223697
91	0.991763	0.0741477	0.0741477	-2.28799	-0.104416	-0.116299	0.886277	0.886277	-2.86685	-0.453765	-0.423612
91	1.02454	0.187716	0.187716	-2.64534	-0.0911717	-0.0176117	2.24374	2.24374	-3.31461	-0.276201	-0.0588252
91	0.903456	0.0246504	0.0246504	-2.69776	-0.17326	-0.13781	0.294643	0.294643	-3.38029	-0.738423	-0.548576
91	0.934351	0.0448848	0.0448848	-2.47791	-0.149803	-0.109573	0.536501	0.536501	-3.10483	-0.602924	-0.483008
91	1.04734	-0.00417991	-0.00417991	-2.73243	-0.258143	-0.231636	-0.0499618	-0.0499618	-3.42374	-0.913259	-0.719716
91	0.675911	0.0973751	0.0973751	-1.90219	-0.0480364	-0.0337174	1.16391	1.16391	-2.38345	-0.300714	-0.160315
91	0.827561	0.016657	0.016657	-2.09687	-0.161442	-0.118287	0.199099	0.199099	-2.62738	-0.671073	-0.525907
91	0.951361	0.104619	0.104619	-2.08287	-0.0692817	-0.0631359	1.25049	1.25049	-2.60984	-0.300909	-0.240977
91	1.13251	0.0622424	0.0622424	-2.46338	-0.310863	-0.312826	0.743974	0.743974	-3.08662	-0.816565	-0.758776
91	1.13963	-0.0865121	-0.0865121	-2.56924	-0.494225	-0.404177	-1.03407	-1.03407	-3.21926	-1.20383	-1.02172
91	0.929657	0.0423609	0.0423609	-2.8654	-0.177511	-0.110278	0.506334	0.506334	-3.59035	-0.691947	-0.516491
91	0.861586	0.0293556	0.0293556	-2.09041	-0.120536	-0.0999834	0.350883	0.350883	-2.61929	-0.660518	-0.501258
91	0.927877	0.296482	0.296482	-1.95606	0.143856	0.157823	3.54381	3.54381	-2.45094	0.787533	0.749227
91	0.934394	-0.0563799	-0.0563799	-2.80877	-0.233177	-0.21083	-0.673901	-0.673901	-3.51939	-1.07136	-0.954107
91	1.0529	0.220919	0.220919	-2.18485	-0.0639621	0.022516	2.64061	2.64061	-2.73761	-0.187281	0.0749523
91	1.13275	-0.166218	-0.166218	-2.4266	-0.604857	-0.520142	-1.98678	-1.98678	-3.04052	-1.51944	-1.24069
91	1.04114	0.11451	0.11451	-3.05203	-0.136545	-0.0779382	1.36873	1.36873	-3.82419	-0.46127	-0.267238
91	1.04631	-0.0189726	-0.0189726	-2.24282	-0.222123	-0.226003	-0.226777	-0.226777	-2.81026	-0.939418	-0.758833
91	0.999426	0.188471	0.188471	-2.29179	-0.0211759	0.00170672	2.25276	2.25276	-2.87161	-0.0883259	0.0056728
91	0.86315	-0.00522251	-0.00522251	-2.7254	-0.177866	-0.140122	-0.0624239	-0.0624239	-3.41493	-0.945957	-0.655926
91	0.944879	0.121115	0.121115	-2.19202	-0.0753283	-0.0203287	1.44767	1.44767	-2.7466	-0.293098	-0.0962271
91	0.698277	0.138821	0.138821	-1.96821	-0.012815	0.0246386	1.65931	1.65931	-2.46617	-0.0716249	0.134395
91	0.954456	0.109416	0.109416	-2.03657	-0.0611452	-0.0270803	1.30783	1.30783	-2.55183	-0.294459	-0.119718
91	0.942935	-0.0358591	-0.0358591	-2.4796	-0.217764	-0.194106	-0.428618	-0.428618	-3.10693	-1.0328	-0.869648
91	1.22029	0.0986598	0.0986598	-2.86856	-0.592798	-0.481674	1.17927	1.17927	-3.59431	-1.24689	-1.01545
91	0.953263	0.0677204	0.0677204	-2.19396	-0.125931	-0.0697321	0.809452	0.809452	-2.74904	-0.523027	-0.307307
91	0.750594	0.000323507	0.000323507	-2.23706	-0.155421	-0.138123	0.00386683	0.00386683	-2.80304	-0.828464	-0.665737
91	0.991766	0.172708	0.172708	-2.05236	-0.0304095	0.00277253	2.06436	2.06436	-2.5716	-0.124562	0.0102272
91	0.884169	0.0723153	0.0723153	-2.6528	-0.0996961	-0.077814	0.864375	0.864375	-3.32396	-0.49421	-0.342338
91	0.965492	0.023218	0.023218	-1.7149	-0.16771	-0.128649	0.277521	0.277521	-2.14877	-0.687766	-0.582294
91	0.817471	-0.0995013	-0.0995013	-2.14846	-0.241302	-0.24396	-1.18933	-1.18933	-2.69202	-1.43067	-1.07099
91	0.941296	-0.102898	-0.102898	-2.37136	-0.275522	-0.26962	-1.22993	-1.22993	-2.97131	-1.27216	-1.11906
91	1.00011	0.121887	0.121887	-2.23369	-0.0790072	-0.0531687	1.4569	1.4569	-2.79881	-0.299662	-0.201156
91	1.07231	0.0448513	0.0448513	-2.95818	-0.19827	-0.187043	0.536102	0.536102	-3.70659	-0.721648	-0.572334
91	1.23441	0.0105979	0.0105979	-2.35393	-0.602161	-0.504639	0.126676	0.126676	-2.94948	-1.38182	-1.15791
91	1.01594	-0.044686	-0.044686	-2.48235	-0.246094	-0.242853	-0.534125	-0.534125	-3.11038	-1.01437	-0.758795
91	1.02128	0.139469	0.139469	-2.95938	-0.0615769	-0.0376081	1.66705	1.66705	-3.7081	-0.227716	-0.132851
91	1.12412	0.0894722	0.0894722	-2.37381	-0.368444	-0.248424	1.06945	1.06945	-2.97439	-0.952925	-0.663949
91	1.07012	0.233788	0.233788	-2.05006	-0.0323569	0.000997662	2.79443	2.79443	-2.56873	-0.113249	0.00313869
91	1.30385	0.0171972	-0.0145056	-2.59521	-0.920931	-0.813001	0.205556	-0.172428	-3.2518	-1.82502	-1.59699
91	1.12248	0.18111	0.18111	-2.22489	-0.226609	-0.15819	2.16478	2.16478	-2.78778	-0.624441	-0.418442
91	1.08466	0.230028	0.230028	-1.83701	-0.0569447	0.00533507	2.74949	2.74949	-2.30177	-0.182092	0.0162392
91	1.19987	0.184835	0.184835	-2.72694	-0.428474	-0.211949	2.2093	2.2093	-3.41686	-0.974267	-0.474386
91	0.951599	-0.174167	-0.174167	-2.72405	-0.359744	-0.321717	-2.0818	-2.0818	-3.41323	-1.50936	-1.45607
91	1.17061	-0.0104104	-0.0104104	-2.86667	-0.457965	-0.498093	-0.124434	-0.124434	-3.59193	-1.21586	-1.12593
91	0.926336	0.0496244	0.0496244	-1.8438	-0.13563	-0.0998098	0.593154	0.593154	-2.31028	-0.66407	-0.456546
91	0.993017	0.041935	0.041935	-2.01125	-0.165211	-0.112496	0.501243	0.501243	-2.5201	-0.650475	-0.460885
128	1.12985	0.171793	0.171793	-3.33414	-0.273223	-0.190341	2.43535	2.43535	-4.17768	-0.697231	-0.494293
128	1.03306	0.15954	0.15954	-2.06204	-0.0417282	-0.0197308	2.26166	2.26166	-2.58373	-0.179973	-0.0774715
128	0.879257	0.107486	0.107486	-2.25277	-0.0377981	-0.0437185	1.52373	1.52373	-2.82272	-0.210139	-0.204314
128	0.877127	0.0811341	0.0811341	-1.79623	-0.0815197	-0.0648893	1.15016	1.15016	-2.25067	-0.455171	-0.29138
128	0.776405	0.339362	0.339362	-1.83602	0.20225	0.223365	4.81083	4.81083	-2.30054	1.34483	1.22717
128	1.13798	0.0750705	0.0750705	-2.01426	-0.338456	-0.375852	1.0642	1.0642	-2.52386	-0.999252	-0.911151
128	1.0374	0.0846599	0.0846599	-1.86503	-0.15282	-0.121918	1.20015	1.20015	-2.33689	-0.573679	-0.413853
128	0.917377	0.148509	0.148509	-2.49506	-0.024741	-0.0102131	2.10527	2.10527	-3.12632	-0.113885	-0.0429855
128	1.02329	0.211119	0.211119	-1.85779	0.00932098	0.026094	2.99284	2.99284	-2.32781	0.038585	0.0959219
128	1.03611	0.159531	0.159531	-2.15787	-0.0561645	-0.00421047	2.26152	2.26152	-2.70381	-0.235019	-0.0167537
128	0.920487	0.128388	0.128388	-2.10653	-0.028176	0.00197493	1.82004	1.82004	-2.63948	-0.143973	0.00960123
128	0.960886	-0.0932186	-0.0932186	-2.35814	-0.270664	-0.233288	-1.32147	-1.32147	-2.95475	-1.25033	-1.12553
128	0.827028	-0.0237969	-0.0237969	-2.50299	-0.168863	-0.163444	-0.337347	-0.337347	-3.13625	-0.89761	-0.770841
128	1.16967	0.0514886	0.0514886	-3.09987	-0.626252	-0.447627	0.729907	0.729907	-3.88413	-1.44891	-1.04255
128	0.83335	0.0100905	0.0100905	-2.40705	-0.118964	-0.0959617	0.143044	0.143044	-3.01604	-0.742072	-0.561622
128	0.984791	0.131399	0.131399	-2.71388	-0.0717577	-0.014395	1.86272	1.86272	-3.40049	-0.290668	-0.0671458
128	0.999282	0.15684	0.15684	-2.49489	-0.0368174	-0.0143442	2.22338	2.22338	-3.1261	-0.162587	-0.0560316
128	1.05126	0.259624	0.259624	-2.16167	0.0157297	0.0679662	3.68045	3.68045	-2.70857	0.0608436	0.247516
128	0.888064	0.195996	0.195996	-2.35562	0.0458613	0.0474963	2.77845	2.77845	-2.95159	0.265442	0.220734
128	1.03349	0.0234098	0.0234098	-1.96798	-0.162397	-0.152957	0.33186	0.33186	-2.46588	-0.767924	-0.648536
128	0.886138	0.0349545	0.0349545	-2.0582	-0.125786	-0.107559	0.495518	0.495518	-2.57893	-0.681429	-0.521232
128	0.983937	0.0996263	0.0996263	-2.73085	-0.08625	-0.0818723	1.41231	1.41231	-3.42175	-0.435168	-0.312128
128	0.972825	0.105797	0.105797	-1.74088	-0.0229863	-0.0520251	1.49979	1.49979	-2.18132	-0.143692	-0.222106
128	0.804385	-0.104392	-0.104392	-2.18691	-0.236493	-0.221003	-1.47986	-1.47986	-2.7402	-1.57347	-1.27958
128	0.86213	0.0773162	0.0773162	-2.64122	-0.0505655	-0.0476376	1.09604	1.09604	-3.30945	-0.324228	-0.254162
128	0.959312	-0.0348306	-0.0348306	-2.64602	-0.208146	-0.173172	-0.493761	-0.493761	-3.31546	-1.03752	-0.830276
128	0.900698	0.0881789	0.0881789	-2.31173	-0.0794567	-0.0524788	1.25003	1.25003	-2.8966	-0.403793	-0.252611
128	1.103	0.119289	0.119289	-2.27041	-0.200494	-0.227154	1.69105	1.69105	-2.84483	-0.610163	-0.599584
128	1.16002	-0.0710055	-0.0710055	-2.29902	-0.588784	-0.502043	-1.00658	-1.00658	-2.88067	-1.49215	-1.21421
128	1.20393	0.151856	0.151856	-2.51741	-0.586184	-0.425331	2.15272	2.15272	-3.15432	-1.42131	-0.980038
128	1.0381	0.0346273	0.0346273	-2.94204	-0.240384	-0.178361	0.490879	0.490879	-3.68638	-0.793096	-0.578354
128	0.803624	0.118283	0.118283	-1.86829	-0.0202745	0.00247916	1.67678	1.67678	-2.34097	-0.123858	0.013431
128	0.784282	0.0296319	0.0296319	-2.1052	-0.0960308	-0.0797914	0.420064	0.420064	-2.63781	-0.646909	-0.498802
128	1.07977	0.240674	0.240674	-2.65526	-0.00906425	0.0326849	3.41181	3.41181	-3.32704	-0.0325825	0.120353
128	1.04935	0.111153	0.111153	-2.00229	-0.124962	-0.104662	1.57571	1.57571	-2.50887	-0.443593	-0.358816
128	0.942267	0.14034	0.14034	-2.73267	-0.024445	0.0120573	1.98948	1.98948	-3.42404	-0.118512	0.0648339
128	0.774953	0.0984254	0.0984254	-1.64366	-0.0418271	-0.030295	1.39529	1.39529	-2.05951	-0.242513	-0.148777
128	0.996897	0.000610906	0.000610906	-2.28103	-0.164887	-0.152327	0.00866026	0.00866026	-2.85813	-0.873186	-0.659895
128	0.971829	0.102136	0.102136	-2.17947	-0.0705397	-0.0269078	1.44789	1.44789	-2.73088	-0.337558	-0.126881
128	1.10382	-0.011108	-0.011108	-3.07772	-0.416738	-0.310237	-0.157467	-0.157467	-3.85638	-1.20029	-0.871382
128	1.1835	-0.0932198	-0.0932198	-2.22269	-0.600049	-0.563457	-1.32149	-1.32149	-2.78503	-1.7172	-1.42266
128	0.923442	0.120447	0.120447	-2.61687	-0.0276772	-0.00819954	1.70747	1.70747	-3.27894	-0.149905	-0.0418494
128	1.17597	0.119419	0.119419	-2.41449	-0.456232	-0.341075	1.69289	1.69289	-3.02536	-1.12006	-0.866256
128	1.00608	0.0398383	0.0398383	-2.22703	-0.130165	-0.114079	0.564751	0.564751	-2.79047	-0.628686	-0.488885
128	1.00901	0.134051	0.134051	-2.57023	-0.0660325	-0.0302335	1.90032	1.90032	-3.2205	-0.288342	-0.121607
128	1.08756	0.0905865	0.0905865	-2.73169	-0.130984	-0.188299	1.28416	1.28416	-3.4228	-0.517765	-0.545496
128	0.994725	0.016384	0.016384	-2.33956	-0.15724	-0.13187	0.23226	0.23226	-2.93147	-0.759833	-0.589433
128	1.0104	0.0308625	0.0308625	-2.60979	-0.167664	-0.123371	0.437509	0.437509	-3.27007	-0.711792	-0.522384
128	0.811193	-0.0135961	-0.0135961	-2.04407	-0.159033	-0.12566	-0.19274	-0.19274	-2.56122	-0.947964	-0.678151
128	0.934623	-0.0767545	-0.0767545	-2.70916	-0.23394	-0.206256	-1.08808	-1.08808	-3.39458	-1.17156	-1.07395
128	1.01435	0.135028	0.135028	-2.2707	-0.0834654	-0.0793514	1.91416	1.91416	-2.84519	-0.338086	-0.262592
128	0.994618	0.0399168	0.0399168	-2.05174	-0.153194	-0.129482	0.565864	0.565864	-2.57084	-0.669789	-0.521083
128	0.9548	-0.0324034	-0.0324034	-2.56187	-0.17636	-0.173473	-0.459353	-0.459353	-3.21003	-1.01359	-0.804923
128	0.916287	0.144011	0.144011	-2.21401	-0.0248649	0.0310211	2.04152	2.04152	-2.77415	-0.119328	0.180221
128	0.918953	0.105773	0.105773	-2.18615	-0.0500356	-0.0223033	1.49944	1.49944	-2.73925	-0.259119	-0.0992657
128	0.82674	0.0752761	0.0752761	-2.63109	-0.0595437	-0.0416859	1.06712	1.06712	-3.29676	-0.357223	-0.207995
128	0.973064	0.134707	0.134707	-2.00375	-0.0286368	-0.0175058	1.90962	1.90962	-2.5107	-0.149348	-0.0771481
128	0.985507	-0.0612767	-0.0612767	-2.13899	-0.225879	-0.251765	-0.868663	-0.868663	-2.68016	-1.16069	-0.941046
128	1.15673	0.120383	0.120383	-2.56876	-0.425709	-0.233102	1.70655	1.70655	-3.21866	-1.08359	-0.608104
128	0.829644	0.19674	0.19674	-1.95065	0.0511369	0.071608	2.78901	2.78901	-2.44416	0.284199	0.402429
128	1.06827	0.0659535	0.0659535	-2.4545	-0.260867	-0.153488	0.934961	0.934961	-3.07549	-0.758904	-0.535306
128	1.03017	-0.0341505	-0.0341505	-2.21555	-0.254232	-0.187105	-0.48412	-0.48412	-2.77609	-1.05882	-0.80558
128	1.02011	0.0360158	0.0360158	-2.68535	-0.146981	-0.0943568	0.510563	0.510563	-3.36475	-0.652895	-0.480328
128	0.893132	-0.0787665	-0.0787665	-2.55762	-0.230974	-0.212471	-1.1166	-1.1166	-3.20469	-1.17001	-1.11333
128	0.920613	0.0267746	0.0267746	-2.06105	-0.104836	-0.114516	0.379559	0.379559	-2.5825	-0.706761	-0.506262
128	0.923053	0.103965	0.103965	-2.93086	-0.0523998	-0.032554	1.47382	1.47382	-3.67237	-0.27843	-0.164041
128	0.86044	0.0155533	0.0155533	-2.75634	-0.119322	-0.0980947	0.220485	0.220485	-3.4537	-0.724691	-0.535249
128	1.09314	0.0686063	0.0686063	-2.91482	-0.268034	-0.229877	0.972568	0.972568	-3.65227	-0.811277	-0.679132
128	1.11493	0.0659583	0.0659583	-2.83247	-0.355326	-0.232037	0.93503	0.93503	-3.54909	-1.00493	-0.657361
128	1.04962	0.23065	0.23065	-2.28967	-0.000313118	-0.0164209	3.26971	3.26971	-2.86895	-0.00127803	-0.0555951
128	1.0187	-0.0155066	-0.0155066	-2.61679	-0.21268	-0.200383	-0.219823	-0.219823	-3.27884	-0.933898	-0.770667
128	1.10536	0.0879542	0.0879542	-2.60115	-0.213688	-0.196852	1.24685	1.24685	-3.25924	-0.73924	-0.585093
128	0.852633	0.0566366	0.0566366	-2.32628	-0.0884963	-0.0777437	0.802884	0.802884	-2.91482	-0.528298	-0.392564
128	1.02443	-0.0957986	-0.0957986	-2.71535	-0.299383	-0.299891	-1.35805	-1.35805	-3.40233	-1.23198	-1.03369
128	1.23433	0.131751	0.131751	-2.71401	-0.638188	-0.595249	1.86771	1.86771	-3.40065	-1.51535	-1.32354
128	1.05502	0.0935938	0.0935938	-2.2796	-0.182942	-0.104769	1.32679	1.32679	-2.85634	-0.623132	-0.387817
128	1.112	0.121052	0.121052	-3.28042	-0.221914	-0.177279	1.71605	1.71605	-4.11037	-0.733713	-0.518343
128	0.880642	-0.0481656	-0.0481656	-2.12426	-0.224094	-0.200034	-0.682799	-0.682799	-2.6617	-1.06982	-0.875465
128	1.01947	0.14282	0.14282	-2.20658	-0.0462118	-0.0439876	2.02462	2.02462	-2.76484	-0.196219	-0.155033
128	0.93561	0.061821	0.061821	-2.76115	-0.107278	-0.0713195	0.876379	0.876379	-3.45972	-0.537154	-0.343284
128	1.13988	0.115649	0.115649	-2.45893	-0.299434	-0.19341	1.63945	1.63945	-3.08104	-0.883459	-0.534087
128	0.903567	0.0782137	0.0782137	-2.53776	-0.0972411	-0.0593142	1.10876	1.10876	-3.17981	-0.480404	-0.264518
128	1.27377	0.0465494	0.0266892	-2.4576	-0.850571	-0.747398	0.659888	0.376867	-3.07937	-2.02168	-1.79035
128	1.1197	0.0120938	0.0120938	-2.52728	-0.484479	-0.346156	0.171443	0.171443	-3.16668	-1.27809	-0.892589
128	1.20172	0.00686784	0.00686784	-2.24588	-0.687558	-0.574818	0.097359	0.097359	-2.81409	-1.68556	-1.32787
128	1.0265	0.174999	0.174999	-2.3814	-0.0224512	0.0276688	2.4808	2.4808	-2.98389	-0.0976754	0.135223
128	0.984629	0.0191718	0.0191718	-2.2698	-0.158601	-0.142403	0.271781	0.271781	-2.84406	-0.840371	-0.565734
128	0.916468	0.0883998	0.0883998	-2.18864	-0.0753515	-0.0314968	1.25316	1.25316	-2.74237	-0.354567	-0.177674
128	0.965134	0.054828	0.054828	-2.78642	-0.104138	-0.108369	0.777246	0.777246	-3.49138	-0.540039	-0.478611
128	0.892855	-0.0422349	-0.0422349	-2.19404	-0.203039	-0.17214	-0.598726	-0.598726	-2.74913	-1.08507	-0.830185
128	0.913249	0.0417509	0.0417509	-2.0542	-0.11597	-0.0869582	0.591864	0.591864	-2.57392	-0.665898	-0.449314
128	0.831545	-0.0804257	-0.0804257	-2.12599	-0.244902	-0.194899	-1.14012	-1.14012	-2.66386	-1.2669	-1.13259
128	0.818362	-0.103079	-0.103079	-2.37593	-0.229836	-0.210049	-1.46126	-1.46126	-2.97703	-1.55265	-1.28254
128	0.754917	0.00216227	0.00216227	-2.43705	-0.133489	-0.105815	0.0306525	0.0306525	-3.05362	-0.78883	-0.646317
128	0.745893	0.0109324	0.0109324	-2.30005	-0.141057	-0.0940952	0.154978	0.154978	-2.88197	-0.753861	-0.583225
128	0.993451	0.235767	0.235767	-2.95424	0.0369303	0.0865088	3.34225	3.34225	-3.70166	0.154381	0.386926
128	1.13492	0.228812	0.228812	-2.62898	-0.199925	-0.189931	3.24365	3.24365	-3.29412	-0.54173	-0.446866
128	0.915102	0.070938	0.070938	-2.2272	-0.0949833	-0.0743592	1.00562	1.00562	-2.79068	-0.491633	-0.361467
128	1.00572	0.0454687	0.0454687	-2.17966	-0.153228	-0.126651	0.644567	0.644567	-2.73112	-0.649773	-0.512789
128	1.09487	0.080162	0.080162	-2.54131	-0.32085	-0.249467	1.13638	1.13638	-3.18426	-0.881983	-0.678375
128	1.04057	0.0846912	0.0846912	-3.08685	-0.174397	-0.107444	1.20059	1.20059	-3.86783	-0.544325	-0.387769
128	1.04979	0.0211046	0.0211046	-2.50111	-0.212658	-0.195195	0.299181	0.299181	-3.1339	-0.873609	-0.632392
128	1.12382	0.11385	0.11385	-2.49738	-0.257585	-0.277226	1.61395	1.61395	-3.12921	-0.726408	-0.711637
128	0.89537	0.195528	0.195528	-2.44366	0.0474136	0.0580648	2.77183	2.77183	-3.0619	0.265005	0.300486
128	0.956235	0.0407978	0.0407978	-1.98152	-0.141314	-0.112335	0.578352	0.578352	-2.48285	-0.640673	-0.51754
128	0.962491	0.0502615	0.0502615	-2.40493	-0.0952808	-0.106515	0.712511	0.712511	-3.01338	-0.523278	-0.473491
128	0.977885	-0.030799	-0.030799	-2.62169	-0.210594	-0.192606	-0.436609	-0.436609	-3.28498	-0.942407	-0.80186
128	1.06338	0.243852	0.243852	-1.6747	-0.0397282	0.0418602	3.45686	3.45686	-2.0984	-0.139738	0.13876
128	1.00335	-0.129709	-0.129709	-2.73742	-0.361047	-0.28888	-1.83876	-1.83876	-3.42999	-1.34238	-1.27823
128	0.939437	0.0798604	0.0798604	-2.64397	-0.0804907	-0.0778655	1.13211	1.13211	-3.3129	-0.428008	-0.338326
128	1.08958	0.236444	0.236444	-2.90562	-0.0198684	-0.0254115	3.35184	3.35184	-3.64074	-0.0753726	-0.078538
128	1.05792	0.0355228	0.0355228	-2.87456	-0.251049	-0.196521	0.503574	0.503574	-3.60182	-0.827334	-0.637741
128	1.1042	-0.0231901	-0.0231901	-2.85991	-0.44103	-0.394602	-0.328744	-0.328744	-3.58347	-1.1365	-0.987433
128	1.26171	0.0975807	0.0756718	-2.80058	-0.963237	-0.74157	1.38331	1.06853	-3.50912	-2.46059	-1.89582
128	0.905976	-0.0577417	-0.0577417	-2.67406	-0.210695	-0.22072	-0.818551	-0.818551	-3.3506	-1.15445	-0.920249
128	0.741891	0.129699	0.129699	-2.70125	0.0102843	0.0180341	1.83862	1.83862	-3.38467	0.0728846	0.107998
128	0.851908	0.0524336	0.0524336	-2.15579	-0.093262	-0.075261	0.743302	0.743302	-2.70121	-0.545461	-0.386161
128	0.765041	0.0225619	0.0225619	-2.06049	-0.10919	-0.0942498	0.319839	0.319839	-2.5818	-0.6408	-0.560075
128	0.975393	0.0421054	0.0421054	-2.08062	-0.140083	-0.118015	0.59689	0.59689	-2.60702	-0.619216	-0.533147
128	0.751295	0.192818	0.192818	-2.73949	0.0580864	0.0733417	2.73341	2.73341	-3.43259	0.343	0.423614
128	1.13989	0.195434	0.195434	-2.50812	-0.226139	-0.157779	2.77048	2.77048	-3.14268	-0.652866	-0.417979
128	1.06066	-0.00362	-0.00362	-2.36581	-0.251979	-0.165647	-0.0513173	-0.0513173	-2.96436	-0.974696	-0.678691
128	1.10913	-0.13959	-0.13959	-2.90396	-0.498495	-0.420013	-1.97883	-1.97883	-3.63866	-1.52657	-1.29944
128	1.10719	0.094537	0.094537	-2.25919	-0.338204	-0.174141	1.34016	1.34016	-2.83076	-0.872132	-0.49133
128	0.951236	0.0415431	0.0415431	-3.10974	-0.130496	-0.0962963	0.588918	0.588918	-3.8965	-0.647662	-0.440042
128	0.966218	0.180612	0.180612	-2.38964	-0.00213287	0.0465499	2.56037	2.56037	-2.99422	-0.00845126	0.242721
128	0.762251	0.157417	0.157417	-2.54216	0.0262817	0.0545415	2.23155	2.23155	-3.18532	0.180932	0.334409
128	0.805654	0.0201501	0.0201501	-2.25127	-0.103278	-0.0989127	0.285649	0.285649	-2.82085	-0.655324	-0.563209
128	1.08457	0.0505922	0.0505922	-2.31172	-0.261327	-0.258876	0.717199	0.717199	-2.89659	-0.800022	-0.691103
128	1.09573	0.26168	0.26168	-2.19351	-0.0256554	-0.0207215	3.7096	3.7096	-2.74847	-0.0890438	-0.0553944
128	1.05668	0.0139361	0.0139361	-2.26343	-0.218662	-0.203275	0.19756	0.19756	-2.83608	-0.82422	-0.715236
128	1.17033	0.0411112	0.0411112	-2.48107	-0.495061	-0.48497	0.582796	0.582796	-3.10878	-1.17129	-1.15683
128	1.26554	0.0903749	0.0687457	-2.69003	-0.673806	-0.576506	1.28116	0.97073	-3.37061	-1.63468	-1.42388
128	0.829302	0.0611034	0.0611034	-2.38919	-0.0883825	-0.0550379	0.866206	0.866206	-2.99365	-0.495249	-0.32754
128	1.26482	0.0989912	0.0766853	-2.9976	-0.835759	-0.570493	1.40331	1.08284	-3.756	-1.95544	-1.22943
128	1.14868	0.0670285	0.0670285	-2.11126	-0.354433	-0.347806	0.950201	0.950201	-2.64541	-0.927671	-0.850236
128	0.994014	0.181821	0.181821	-3.11489	-0.0027063	0.0431901	2.57751	2.57751	-3.90296	-0.0133776	0.196944
128	0.822005	0.206544	0.206544	-1.95527	0.0785769	0.0800478	2.92799	2.92799	-2.44996	0.514737	0.430959
128	0.93887	0.0967774	0.0967774	-2.79423	-0.103248	-0.0455998	1.37192	1.37192	-3.50117	-0.472042	-0.215409
128	0.989465	0.0577232	0.0577232	-2.42508	-0.0985447	-0.105739	0.818289	0.818289	-3.03863	-0.543417	-0.418622
128	0.901844	0.165015	0.165015	-2.729	-0.025717	0.0417885	2.33927	2.33927	-3.41944	-0.114251	0.217758
128	0.806157	-0.0351705	-0.0351705	-2.20652	-0.202328	-0.158241	-0.49858	-0.49858	-2.76477	-1.07056	-0.803987
128	1.00315	0.0690383	0.0690383	-2.25585	-0.110955	-0.0708564	0.978693	0.978693	-2.82658	-0.488781	-0.341403
128	0.909876	0.180345	0.180345	-1.84904	-0.0155969	0.0383156	2.55658	2.55658	-2.31685	-0.0689589	0.16257
128	1.02376	-0.0229055	-0.0229055	-2.2855	-0.231795	-0.185311	-0.324711	-0.324711	-2.86373	-0.974748	-0.836271
128	1.05093	0.0797068	0.0797068	-3.28435	-0.149133	-0.120084	1.12993	1.12993	-4.11528	-0.583028	-0.422046
128	1.11025	0.224034	0.224034	-2.53546	-0.146516	-0.0839158	3.17593	3.17593	-3.17693	-0.427388	-0.252112
128	0.99364	0.0331203	0.0331203	-2.88145	-0.181988	-0.111128	0.469516	0.469516	-3.61046	-0.680778	-0.503454
128	1.02284	-0.0188951	-0.0188951	-2.37868	-0.206481	-0.176046	-0.267859	-0.267859	-2.98048	-0.965666	-0.781692
128	0.869919	0.0942223	0.0942223	-2.53458	-0.0616454	-0.046398	1.3357	1.3357	-3.17583	-0.336548	-0.222175
128	1.00495	-0.0137353	-0.0137353	-2.15308	-0.21475	-0.183631	-0.194713	-0.194713	-2.69781	-0.87599	-0.684942
128	1.02615	0.0829318	0.0829318	-2.35463	-0.161731	-0.0623158	1.17565	1.17565	-2.95036	-0.567338	-0.295624
128	0.898883	-0.0795873	-0.0795873	-2.0202	-0.224202	-0.210485	-1.12824	-1.12824	-2.53131	-1.19997	-1.14376
128	0.935963	-0.00772995	-0.00772995	-2.85726	-0.185798	-0.154594	-0.10958	-0.10958	-3.58015	-0.961701	-0.750611
128	0.999016	0.169625	0.169625	-2.91292	0.00553811	0.0181318	2.40461	2.40461	-3.64989	0.0285288	0.0826019
128	0.97599	0.0168912	0.0168912	-2.11998	-0.15869	-0.138637	0.239451	0.239451	-2.65634	-0.789246	-0.574921
128	1.22346	0.172817	0.172817	-2.41296	-0.556452	-0.364846	2.44986	2.44986	-3.02343	-1.17382	-0.779424
128	1.17103	-0.121684	-0.121684	-2.66289	-0.668332	-0.591277	-1.725	-1.725	-3.3366	-1.80203	-1.45654
128	0.906417	0.183381	0.183381	-2.84619	-0.00927915	0.0397962	2.59962	2.59962	-3.56627	-0.0400693	0.191045
128	1.03243	0.121175	0.121175	-2.31791	-0.0679497	-0.0618642	1.71778	1.71778	-2.90434	-0.315418	-0.229845
128	1.14745	0.108185	0.108185	-2.66946	-0.378805	-0.300553	1.53364	1.53364	-3.34483	-1.01985	-0.770981
128	1.04566	0.147342	0.147342	-3.11806	-0.110849	-0.00968328	2.08872	2.08872	-3.90693	-0.391147	-0.0416221
128	1.07572	-0.044305	-0.044305	-2.99161	-0.329414	-0.280582	-0.628071	-0.628071	-3.74848	-1.11855	-0.919377
128	0.982051	-0.0418927	-0.0418927	-2.28849	-0.232206	-0.203365	-0.593874	-0.593874	-2.86748	-1.02537	-0.80662
128	1.06863	-0.0578916	-0.0578916	-2.15152	-0.281324	-0.294025	-0.820676	-0.820676	-2.69585	-1.09214	-0.987471
128	1.02924	0.254995	0.254995	-2.21039	0.0622054	0.0730264	3.61483	3.61483	-2.76962	0.274889	0.279332
128	1.01827	-0.0269769	-0.0269769	-2.34457	-0.185344	-0.180826	-0.382426	-0.382426	-2.93775	-0.935908	-0.779265
128	0.991189	-0.000674783	-0.000674783	-2.34107	-0.172071	-0.162385	-0.00956577	-0.00956577	-2.93336	-0.902551	-0.713629
128	1.19891	0.073715	0.073715	-2.44379	-0.580395	-0.472874	1.04499	1.04499	-3.06206	-1.38864	-1.1293
128	1.08795	0.228088	0.228088	-1.94159	-0.105636	-0.0031269	3.23339	3.23339	-2.43281	-0.331467	-0.00988921
128	0.924299	-0.0723476	-0.0723476	-2.85496	-0.220729	-0.219813	-1.0256	-1.0256	-3.57727	-1.34127	-1.05518
128	1.03886	0.0903323	0.0903323	-2.30528	-0.172522	-0.116392	1.28056	1.28056	-2.88851	-0.630379	-0.415698
128	1.05294	-0.0521578	-0.0521578	-2.14425	-0.333253	-0.249832	-0.739392	-0.739392	-2.68675	-1.13364	-0.904541
128	1.00557	-0.0744011	-0.0744011	-2.50229	-0.292608	-0.206569	-1.05472	-1.05472	-3.13537	-1.25174	-1.02341
128	0.973166	-0.0593387	-0.0593387	-2.23614	-0.249281	-0.215904	-0.841189	-0.841189	-2.80189	-1.05706	-0.895737
128	0.956732	0.0777334	0.0777334	-2.53508	-0.0746985	-0.0620107	1.10195	1.10195	-3.17645	-0.39883	-0.292799
128	1.20939	0.114872	0.114872	-2.78464	-0.580756	-0.451013	1.62844	1.62844	-3.48916	-1.36098	-0.993871
128	0.84083	0.114196	0.114196	-2.89827	-0.0179945	-0.0209272	1.61886	1.61886	-3.63154	-0.112401	-0.103067
128	0.89086	0.0292855	0.0292855	-2.55407	-0.142226	-0.0946839	0.415153	0.415153	-3.20025	-0.700333	-0.504242
128	0.897517	0.0327229	0.0327229	-2.78665	-0.132966	-0.0924355	0.463882	0.463882	-3.49167	-0.68106	-0.474406
128	0.871185	0.0393651	0.0393651	-2.94943	-0.118116	-0.0707852	0.558043	0.558043	-3.69564	-0.636556	-0.40118
128	1.00852	-0.0938068	-0.0938068	-2.77862	-0.268036	-0.255269	-1.32981	-1.32981	-3.48161	-1.46182	-1.03544
128	0.831274	0.0171747	0.0171747	-2.15018	-0.12716	-0.10485	0.24347	0.24347	-2.69418	-0.792435	-0.546415
128	0.870168	0.0407297	0.0407297	-2.36307	-0.0980791	-0.118655	0.577387	0.577387	-2.96092	-0.597494	-0.530218
128	1.04965	-0.0588725	-0.0588725	-2.5009	-0.313618	-0.22187	-0.834581	-0.834581	-3.13362	-1.06077	-0.897069
128	0.972866	0.109061	0.109061	-2.19141	-0.0734226	-0.056235	1.54605	1.54605	-2.74584	-0.355765	-0.232434
128	1.05076	0.133971	0.133971	-2.32907	-0.101046	-0.0740373	1.89918	1.89918	-2.91833	-0.393498	-0.285903
128	0.931364	-0.0398496	-0.0398496	-2.53776	-0.206735	-0.190247	-0.564912	-0.564912	-3.17982	-1.11167	-0.903365
128	0.913181	-0.00966767	-0.00966767	-2.5581	-0.179995	-0.143293	-0.13705	-0.13705	-3.2053	-0.855317	-0.693618
128	0.795969	0.00014628	0.00014628	-2.18219	-0.129947	-0.135231	0.00207367	0.00207367	-2.73428	-0.811698	-0.660487
128	0.924386	0.0491884	0.0491884	-2.22287	-0.106838	-0.0885864	0.697298	0.697298	-2.78525	-0.569874	-0.413448
128	0.856609	0.10255	0.10255	-2.39316	-0.0273827	-0.0311639	1.45375	1.45375	-2.99862	-0.183986	-0.151374
128	0.853846	0.112761	0.112761	-2.04776	-0.0364167	-0.00966305	1.59851	1.59851	-2.56584	-0.197458	-0.0505988
128	1.04205	0.0998726	0.0998726	-3.10961	-0.149687	-0.0529662	1.4158	1.4158	-3.89634	-0.532436	-0.245056
128	1.03162	0.04544	0.04544	-3.39208	-0.192488	-0.145506	0.644161	0.644161	-4.25027	-0.733087	-0.52052
128	0.98954	-0.004996	-0.004996	-2.62127	-0.194685	-0.153114	-0.0708236	-0.0708236	-3.28445	-0.840028	-0.653951
128	0.94385	0.0484203	0.0484203	-2.97224	-0.144277	-0.0998336	0.68641	0.68641	-3.72422	-0.639329	-0.462096
128	0.869052	0.138317	0.138317	-3.03554	-0.0364855	-0.022609	1.96079	1.96079	-3.80353	-0.183859	-0.101962
128	0.917483	-0.00142885	-0.00142885	-2.47314	-0.154606	-0.148834	-0.0202554	-0.0202554	-3.09885	-0.851588	-0.729549
128	0.884661	-0.0522682	-0.0522682	-2.28963	-0.19858	-0.18634	-0.740958	-0.740958	-2.8689	-0.999061	-0.905787
128	1.1683	0.0711037	0.0711037	-2.39921	-0.409112	-0.363257	1.00797	1.00797	-3.0062	-1.15867	-0.912496
128	0.83806	0.0789035	0.0789035	-2.26363	-0.0534901	-0.0372985	1.11854	1.11854	-2.83633	-0.331214	-0.208103
128	1.04291	0.0725012	0.0725012	-2.46017	-0.114579	-0.137779	1.02778	1.02778	-3.0826	-0.521883	-0.489033
128	1.02094	0.0725017	0.0725017	-2.31042	-0.124877	-0.100655	1.02779	1.02779	-2.89495	-0.555744	-0.362517
128	0.846306	-0.00794514	-0.00794514	-2.25768	-0.16357	-0.129568	-0.112631	-0.112631	-2.82887	-0.92934	-0.655638
128	1.07356	-0.00932517	-0.00932517	-2.65304	-0.23682	-0.278579	-0.132194	-0.132194	-3.32426	-0.925448	-0.771729
128	1.1287	-0.0912081	-0.0912081	-2.20677	-0.485527	-0.447569	-1.29297	-1.29297	-2.76509	-1.37011	-1.15964
128	0.953514	-0.00342111	-0.00342111	-2.15786	-0.18782	-0.153975	-0.048498	-0.048498	-2.70379	-0.911743	-0.688609
128	0.920316	-0.0228207	-0.0228207	-1.87198	-0.22316	-0.173594	-0.323508	-0.323508	-2.34559	-0.937063	-0.756154
128	0.954071	0.171031	0.171031	-2.50111	0.00683518	-0.00140266	2.42454	2.42454	-3.13389	0.0364739	-0.00594662
128	1.10786	0.136362	0.136362	-2.02945	-0.190386	-0.170705	1.93308	1.93308	-2.5429	-0.600871	-0.461796
128	1.00308	0.0326072	0.0326072	-2.98261	-0.138181	-0.11708	0.462242	0.462242	-3.73721	-0.68988	-0.521802
128	1.06577	-0.0129855	-0.0129855	-3.31533	-0.260267	-0.232802	-0.184084	-0.184084	-4.15411	-0.968912	-0.836408
128	1.05996	0.119043	0.119043	-2.27445	-0.0638488	-0.072798	1.68756	1.68756	-2.84988	-0.278488	-0.254747
128	1.15818	-0.0282241	-0.0282241	-2.76602	-0.474231	-0.367871	-0.400107	-0.400107	-3.46582	-1.22348	-1.02256
128	1.10342	-0.0199718	-0.0199718	-2.33452	-0.394332	-0.3525	-0.283122	-0.283122	-2.92515	-1.14534	-0.923367
128	0.960406	-0.0339905	-0.0339905	-2.65102	-0.204675	-0.169482	-0.481852	-0.481852	-3.32173	-1.01253	-0.860622
128	0.723036	-0.0448034	-0.0448034	-2.19508	-0.154878	-0.150334	-0.635136	-0.635136	-2.75044	-1.08767	-0.962403
128	0.918935	-0.00758264	-0.00758264	-2.37668	-0.165445	-0.147956	-0.107492	-0.107492	-2.97799	-0.816541	-0.714234
128	1.01146	-0.0218026	-0.0218026	-2.47411	-0.228906	-0.213916	-0.309076	-0.309076	-3.10006	-0.93879	-0.768582
128	0.90331	0.116474	0.116474	-2.07163	-0.0343031	-0.0237461	1.65115	1.65115	-2.59576	-0.197292	-0.114321
128	0.898878	-0.14561	-0.14561	-2.2505	-0.310225	-0.275511	-2.06417	-2.06417	-2.81988	-1.61408	-1.38054
128	1.10119	-0.0458007	-0.0458007	-2.34906	-0.410329	-0.33064	-0.649274	-0.649274	-2.94337	-1.25894	-0.945269
128	0.910132	-0.0988866	-0.0988866	-2.13751	-0.241527	-0.226976	-1.40182	-1.40182	-2.6783	-1.31389	-1.12709
128	0.812859	0.150399	0.150399	-2.28313	-0.0188323	0.034249	2.13207	2.13207	-2.86076	-0.0949903	0.175546
128	0.924106	0.0488319	0.0488319	-2.18923	-0.128269	-0.0992289	0.692245	0.692245	-2.7431	-0.629021	-0.465054
128	0.947718	0.131702	0.131702	-2.56812	-0.0257014	-0.0321759	1.86702	1.86702	-3.21786	-0.146276	-0.139576
128	0.712042	-0.00641431	-0.00641431	-1.8028	-0.147347	-0.11518	-0.0909297	-0.0909297	-2.25891	-0.893657	-0.703191
128	1.00621	0.0131601	0.0131601	-2.13994	-0.197177	-0.156597	0.186559	0.186559	-2.68135	-0.77682	-0.650398
128	0.903544	0.182761	0.182761	-2.72355	0.0308302	0.0556276	2.59084	2.59084	-3.4126	0.177017	0.292427
128	1.22301	0.155955	0.155955	-2.36221	-0.684236	-0.479287	2.21082	2.21082	-2.95985	-1.57881	-1.06874
128	0.96012	0.0144479	0.0144479	-2.44571	-0.125506	-0.162444	0.204814	0.204814	-3.06447	-0.715065	-0.71963
128	0.781964	0.0257832	0.0257832	-2.73921	-0.098404	-0.102823	0.365504	0.365504	-3.43223	-0.649907	-0.549743
128	1.03389	-0.106231	-0.106231	-2.4789	-0.328467	-0.267546	-1.50593	-1.50593	-3.10606	-1.21265	-1.12282
128	0.843373	0.200333	0.200333	-2.27934	0.0640463	0.0739173	2.83993	2.83993	-2.85601	0.37615	0.390791
128	0.888567	0.00828516	0.00828516	-2.17195	-0.156957	-0.134189	0.117451	0.117451	-2.72145	-0.776599	-0.613312
128	1.0937	0.187729	0.187729	-2.51898	-0.100697	-0.00848943	2.66126	2.66126	-3.15628	-0.318568	-0.0301181
128	0.929728	0.134708	0.134708	-2.13918	-0.0312484	-0.0189711	1.90963	1.90963	-2.68039	-0.158775	-0.0841623
128	1.04214	-0.00160712	-0.00160712	-2.166	-0.253272	-0.20246	-0.0227826	-0.0227826	-2.71399	-0.928581	-0.748744
128	0.880211	0.208695	0.208695	-2.00661	0.0487385	0.0682568	2.95848	2.95848	-2.51428	0.270539	0.340072
128	0.830877	0.0722505	0.0722505	-2.48023	-0.0643611	-0.0512068	1.02423	1.02423	-3.10773	-0.388236	-0.295696
128	1.13325	-0.0994535	-0.0994535	-2.81912	-0.575877	-0.449791	-1.40986	-1.40986	-3.53236	-1.51033	-1.1612
128	0.90504	0.00210485	0.00210485	-1.81128	-0.124384	-0.12252	0.0298386	0.0298386	-2.26953	-0.778843	-0.602954
128	0.932351	0.0623517	0.0623517	-2.31597	-0.0793723	-0.100192	0.883902	0.883902	-2.90191	-0.461656	-0.418835
128	1.00631	0.0340095	0.0340095	-2.64837	-0.211438	-0.165222	0.482121	0.482121	-3.31841	-0.753336	-0.598624
128	1.26149	0.147456	0.124588	-2.52301	-0.732882	-0.611266	2.09035	1.75925	-3.16133	-1.72699	-1.60239
128	1.07724	0.206683	0.206683	-2.51097	-0.0481165	-0.0271768	2.92996	2.92996	-3.14624	-0.169424	-0.0870896
128	0.88217	0.154734	0.154734	-1.94486	0.0108738	0.0261994	2.19352	2.19352	-2.43691	0.0600982	0.131778
128	1.00653	0.0443227	0.0443227	-2.35009	-0.15242	-0.124103	0.628323	0.628323	-2.94466	-0.66254	-0.496432
128	1.11343	0.171431	0.171431	-1.91195	-0.172088	-0.106138	2.43022	2.43022	-2.39567	-0.545942	-0.324805
128	0.811559	0.00418459	0.00418459	-2.62189	-0.137377	-0.118596	0.0593211	0.0593211	-3.28522	-0.86217	-0.613908
128	1.40865	0.11756	0.0478355	-2.82929	-1.15488	-0.97068	1.66654	0.670125	-3.5451	-3.52012	-2.71365
128	0.865285	0.119538	0.119538	-2.65081	-0.03729	-0.0129383	1.69457	1.69457	-3.32146	-0.195484	-0.06374
128	0.866329	0.120161	0.120161	-2.29782	-0.0268691	-0.00196152	1.70341	1.70341	-2.87916	-0.157635	-0.0107945
128	0.82677	0.102414	0.102414	-2.26411	-0.0570431	-0.0141679	1.45183	1.45183	-2.83693	-0.280894	-0.0832703
128	1.02705	0.0136769	0.0136769	-3.22243	-0.176396	-0.150691	0.193885	0.193885	-4.03771	-0.776637	-0.631455
128	1.0748	-0.0165395	-0.0165395	-3.21603	-0.364518	-0.295378	-0.234465	-0.234465	-4.02968	-1.02557	-0.908613
128	0.936737	0.0593979	0.0593979	-2.01639	-0.120544	-0.0632064	0.842029	0.842029	-2.52653	-0.575313	-0.338482
128	0.987805	-0.0775127	-0.0775127	-2.61569	-0.295893	-0.203431	-1.09883	-1.09883	-3.27746	-1.13538	-1.01043
128	1.04755	0.136867	0.136867	-2.89515	-0.0810332	-0.0538599	1.94024	1.94024	-3.62762	-0.345626	-0.187125
128	0.820158	0.0342242	0.0342242	-2.13593	-0.111082	-0.0800717	0.485165	0.485165	-2.67632	-0.616744	-0.428487
128	1.06246	0.063739	0.063739	-2.24387	-0.177994	-0.145951	0.903569	0.903569	-2.81157	-0.699901	-0.508405
128	0.995289	0.179042	0.179042	-2.13349	0.00700627	0.0159801	2.53812	2.53812	-2.67326	0.0332258	0.0653837
128	0.861639	0.00977051	0.00977051	-2.50274	-0.123931	-0.120899	0.138508	0.138508	-3.13593	-0.785941	-0.634047
128	0.975081	-0.0969503	-0.0969503	-2.82305	-0.279081	-0.235445	-1.37438	-1.37438	-3.53728	-1.2237	-1.17176
128	0.812496	0.171205	0.171205	-2.99628	0.0184561	0.0514475	2.42701	2.42701	-3.75434	0.104134	0.263617
128	0.87653	0.148307	0.148307	-2.13307	-0.00292204	0.01274	2.10241	2.10241	-2.67274	-0.0174493	0.0611949
128	1.03542	0.146681	0.146681	-2.50162	-0.0512885	-0.0640585	2.07936	2.07936	-3.13453	-0.234195	-0.229913
128	1.0788	0.132957	0.132957	-3.33251	-0.157677	-0.0916072	1.8848	1.8848	-4.17563	-0.531241	-0.312573
128	0.965831	-0.0101255	-0.0101255	-2.50883	-0.181472	-0.162644	-0.14354	-0.14354	-3.14356	-0.852454	-0.677114
128	1.0902	-0.0432304	-0.0432304	-3.34377	-0.406207	-0.322162	-0.612837	-0.612837	-4.18975	-1.25248	-0.921791
128	0.943719	-0.0248485	-0.0248485	-2.68517	-0.176546	-0.187346	-0.352254	-0.352254	-3.36452	-0.951672	-0.824564
128	0.899729	0.0196421	0.0196421	-2.79316	-0.164519	-0.121083	0.278448	0.278448	-3.49983	-0.826638	-0.581837
128	0.981822	0.0455902	0.0455902	-3.13902	-0.117063	-0.105259	0.64629	0.64629	-3.93319	-0.534107	-0.483028
128	0.964505	-0.0379542	-0.0379542	-1.86006	-0.205315	-0.206729	-0.538041	-0.538041	-2.33066	-1.03831	-0.852779
128	0.895456	0.155572	0.155572	-2.24569	-0.00137232	0.0225234	2.2054	2.2054	-2.81385	-0.00756015	0.114179
128	0.978285	0.0716787	0.0716787	-2.5885	-0.102975	-0.0722333	1.01612	1.01612	-3.24339	-0.483129	-0.320375
128	1.13843	0.0712391	0.0712391	-3.02029	-0.331707	-0.311017	1.00989	1.00989	-3.78442	-0.915054	-0.831423
128	1.08371	-0.067096	-0.067096	-2.83445	-0.414618	-0.326976	-0.951159	-0.951159	-3.55157	-1.18575	-1.04412
128	1.05163	0.00638074	0.00638074	-2.51037	-0.238808	-0.17768	0.0904538	0.0904538	-3.1455	-0.843222	-0.647659
128	0.969847	0.0175508	0.0175508	-2.63212	-0.179589	-0.131282	0.248802	0.248802	-3.29804	-0.754811	-0.560648
128	0.781914	0.103808	0.103808	-2.20593	-0.0324992	-0.00624207	1.4716	1.4716	-2.76404	-0.190066	-0.036674
128	1.10548	0.0655693	0.0655693	-2.57851	-0.272761	-0.23701	0.929516	0.929516	-3.23088	-0.875525	-0.709181
128	1.17819	0.142938	0.142938	-2.55562	-0.464256	-0.390239	2.0263	2.0263	-3.2022	-1.18946	-0.970331
128	0.996036	0.101551	0.101551	-2.26429	-0.0805557	-0.052495	1.43959	1.43959	-2.83716	-0.405852	-0.233002
128	0.936561	0.0497434	0.0497434	-2.24359	-0.13093	-0.0947255	0.705167	0.705167	-2.81122	-0.601392	-0.445314
128	0.912074	0.0808403	0.0808403	-2.67125	-0.0734606	-0.0526505	1.146	1.146	-3.34708	-0.399462	-0.288248
128	0.726016	-0.0740665	-0.0740665	-2.28722	-0.205865	-0.192085	-1.04997	-1.04997	-2.86589	-1.29703	-1.13816
128	1.06921	0.129179	0.129179	-2.2995	-0.197595	-0.0924473	1.83125	1.83125	-2.88127	-0.624345	-0.316816
128	1.09671	-0.0776027	-0.0776027	-2.83702	-0.444177	-0.331766	-1.1001	-1.1001	-3.55479	-1.31339	-0.993588
128	0.9358	0.0675256	0.0675256	-2.79992	-0.101513	-0.0620983	0.957248	0.957248	-3.50831	-0.499587	-0.331638
128	1.22626	0.0670995	0.0670995	-2.91085	-0.700187	-0.59857	0.951208	0.951208	-3.64729	-1.5821	-1.44563
128	1.07726	0.0958204	0.0958204	-2.1491	-0.202724	-0.139569	1.35836	1.35836	-2.69283	-0.686864	-0.484331
128	0.986968	0.110266	0.110266	-1.83389	-0.0842946	-0.0566725	1.56314	1.56314	-2.29787	-0.354808	-0.214625
128	0.966704	0.0690808	0.0690808	-2.51761	-0.118933	-0.0668249	0.979295	0.979295	-3.15456	-0.536558	-0.316995
128	0.898596	-0.00711746	-0.00711746	-2.83102	-0.153268	-0.128976	-0.100898	-0.100898	-3.54727	-0.854195	-0.691384
128	1.02926	-0.0881458	-0.0881458	-2.90347	-0.274359	-0.245694	-1.24956	-1.24956	-3.63805	-1.22896	-1.04014
128	1.18334	-0.108011	-0.108011	-2.59425	-0.817404	-0.636143	-1.53118	-1.53118	-3.25059	-2.10775	-1.4321
128	1.18182	0.0697303	0.0697303	-2.5064	-0.585035	-0.463379	0.988503	0.988503	-3.14052	-1.41522	-1.07434
128	1.02604	-0.106045	-0.106045	-3.25606	-0.319013	-0.280385	-1.5033	-1.5033	-4.07985	-1.3356	-1.20333
128	0.956091	0.0875805	0.0875805	-2.25542	-0.0948077	-0.0467589	1.24155	1.24155	-2.82605	-0.456197	-0.210903
128	0.918009	0.0236578	0.0236578	-2.76706	-0.151706	-0.115831	0.335374	0.335374	-3.46713	-0.682302	-0.579182
128	0.996446	0.0954636	0.0954636	-3.05721	-0.0979132	-0.0585859	1.3533	1.3533	-3.83068	-0.391441	-0.246445
128	1.26229	0.102021	0.0809524	-2.54996	-0.755053	-0.615874	1.44626	1.1431	-3.1951	-1.90446	-1.38391
128	1.09946	0.14916	0.14916	-3.1515	-0.175952	-0.128992	2.1145	2.1145	-3.94883	-0.589053	-0.394544
128	0.932094	-0.0586159	-0.0586159	-3.17525	-0.226342	-0.217928	-0.830943	-0.830943	-3.97859	-1.09758	-0.962297
128	1.05204	0.228386	0.228386	-2.27502	0.0011366	0.0752033	3.23761	3.23761	-2.8506	0.00448816	0.315876
128	0.765276	0.162895	0.162895	-2.48975	0.0237779	0.017465	2.30921	2.30921	-3.11965	0.147215	0.089022
128	1.08221	0.020362	0.020362	-2.33305	-0.214044	-0.237755	0.288653	0.288653	-2.92331	-0.840189	-0.773588
128	0.870493	0.0938849	0.0938849	-2.07186	-0.0574529	-0.0452293	1.33092	1.33092	-2.59604	-0.31859	-0.230145
128	0.843835	0.0287511	0.0287511	-2.22039	-0.122251	-0.0864866	0.407577	0.407577	-2.78215	-0.644877	-0.479292
128	1.04505	0.0821651	0.0821651	-3.17812	-0.184874	-0.138493	1.16478	1.16478	-3.98219	-0.6306	-0.458199
128	1.03045	0.197209	0.197209	-2.18704	-0.0404669	0.0342696	2.79565	2.79565	-2.74035	-0.140239	0.153078
128	0.985359	-0.0636718	-0.0636718	-2.51651	-0.262275	-0.214745	-0.902616	-0.902616	-3.15319	-1.15848	-0.953578
128	0.917325	0.0541324	0.0541324	-2.48439	-0.123448	-0.07878	0.767385	0.767385	-3.11294	-0.57694	-0.400445
128	0.935929	0.0220437	0.0220437	-2.51435	-0.169622	-0.11598	0.312494	0.312494	-3.15049	-0.714094	-0.589462
128	0.932409	0.0719325	0.0719325	-2.44052	-0.100422	-0.0814796	1.01972	1.01972	-3.05798	-0.537127	-0.368987
128	1.12474	-0.0881058	-0.0881058	-2.81898	-0.449913	-0.415731	-1.24899	-1.24899	-3.53219	-1.19942	-1.18372
128	0.990395	-0.0388515	-0.0388515	-2.64741	-0.206609	-0.220041	-0.550762	-0.550762	-3.3172	-1.04546	-0.763287
128	0.966611	0.167713	0.167713	-2.24799	-0.00678281	0.0211627	2.37752	2.37752	-2.81673	-0.0321366	0.103686
128	0.961983	0.0271973	0.0271973	-2.14825	-0.13481	-0.131049	0.385551	0.385551	-2.69175	-0.66248	-0.562088
128	0.892022	0.0370502	0.0370502	-2.41928	-0.115941	-0.109203	0.525226	0.525226	-3.03135	-0.582437	-0.494273
128	0.77653	-0.0316827	-0.0316827	-2.19586	-0.183479	-0.162724	-0.449137	-0.449137	-2.75141	-1.05441	-0.855173
128	1.11834	0.137996	0.137996	-2.34294	-0.298787	-0.144564	1.95625	1.95625	-2.9357	-0.803614	-0.427993
128	0.877115	0.0707406	0.0707406	-2.996	-0.0786931	-0.0525924	1.00282	1.00282	-3.75399	-0.425491	-0.278776
128	0.844859	-0.0628014	-0.0628014	-2.42071	-0.214975	-0.181519	-0.890277	-0.890277	-3.03315	-1.14856	-1.01254
128	1.03579	-0.060103	-0.060103	-2.2704	-0.277771	-0.252387	-0.852025	-0.852025	-2.84481	-1.12928	-0.901694
128	1.01311	-0.114542	-0.114542	-2.56094	-0.369374	-0.28614	-1.62375	-1.62375	-3.20886	-1.40896	-1.15113
128	0.895069	-0.166998	-0.166998	-2.47243	-0.316544	-0.2998	-2.36737	-2.36737	-3.09796	-1.81265	-1.46467
128	1.02863	0.110564	0.110564	-2.21025	-0.0875686	-0.102885	1.56737	1.56737	-2.76945	-0.407813	-0.37342
128	1.18279	0.188768	0.188768	-2.33642	-0.321951	-0.316015	2.67599	2.67599	-2.92753	-0.847269	-0.694189
128	0.980245	-0.0162729	-0.0162729	-2.34684	-0.186392	-0.167964	-0.230686	-0.230686	-2.94059	-0.925793	-0.739738
128	1.00662	-0.0122354	-0.0122354	-2.47284	-0.225839	-0.192603	-0.17345	-0.17345	-3.09846	-0.914818	-0.771098
128	0.927718	0.127772	0.127772	-1.99724	-0.0478564	-0.0191801	1.81131	1.81131	-2.50255	-0.234154	-0.0889448
128	0.891934	0.0961692	0.0961692	-2.75922	-0.0548391	-0.0299421	1.3633	1.3633	-3.4573	-0.332485	-0.149815
128	1.22899	0.0492114	0.0492114	-2.82777	-0.582684	-0.469082	0.697624	0.697624	-3.5432	-1.43645	-1.08503
128	0.990927	0.126918	0.126918	-2.12529	-0.0696288	-0.00870755	1.7992	1.7992	-2.66299	-0.299032	-0.0398314
128	1.02858	0.170467	0.170467	-2.28834	-0.00285948	-0.0298317	2.41656	2.41656	-2.86729	-0.0144856	-0.10876
128	0.975975	-0.0129899	-0.0129899	-2.50732	-0.203994	-0.175923	-0.184146	-0.184146	-3.14167	-0.924114	-0.735448
128	0.948062	0.114892	0.114892	-2.36073	-0.0677769	-0.0109233	1.62871	1.62871	-2.958	-0.30566	-0.0596497
128	1.14443	-0.159684	-0.159684	-2.8614	-0.56956	-0.601423	-2.2637	-2.2637	-3.58533	-1.60215	-1.55163
128	0.703476	0.155571	0.155571	-2.07621	0.0141361	0.050839	2.20538	2.20538	-2.6015	0.0804143	0.320291
128	0.894128	0.211586	0.211586	-1.63976	0.0445815	0.0781286	2.99946	2.99946	-2.05462	0.236407	0.384281
128	1.017	0.0925594	0.0925594	-2.88521	-0.116834	-0.0686649	1.31213	1.31213	-3.61517	-0.465501	-0.298933
128	0.895792	0.0615786	0.0615786	-1.70513	-0.0720956	-0.0735506	0.872943	0.872943	-2.13653	-0.452268	-0.362265
128	1.10178	0.164238	0.164238	-2.03998	-0.177408	-0.14122	2.32826	2.32826	-2.5561	-0.533288	-0.424929
128	1.06387	0.205831	0.205831	-3.25398	-0.0507742	-0.00143778	2.91788	2.91788	-4.07724	-0.175294	-0.00478861
128	0.955045	0.0192595	0.0192595	-2.22963	-0.143142	-0.133121	0.273024	0.273024	-2.79373	-0.712299	-0.586618
128	0.99409	0.059518	0.059518	-2.52515	-0.139131	-0.0834424	0.843732	0.843732	-3.16402	-0.540303	-0.409216
128	1.07545	0.145303	0.145303	-2.47255	-0.116578	-0.0907535	2.05983	2.05983	-3.09811	-0.434528	-0.271925
128	0.993748	-0.101225	-0.101225	-2.25543	-0.267469	-0.223681	-1.43497	-1.43497	-2.82606	-1.27526	-1.10702
128	1.05023	0.155522	0.155522	-2.17134	-0.0461007	-0.0989546	2.20469	2.20469	-2.72068	-0.212619	-0.29412
128	1.02159	0.200218	0.200218	-2.37962	0.00242145	-0.00472164	2.83831	2.83831	-2.98166	0.0105621	-0.0155944
128	1.02774	0.208014	0.208014	-2.70843	-0.0195697	0.00772449	2.94882	2.94882	-3.39366	-0.0730712	0.0282391
128	0.978219	0.0875685	0.0875685	-2.06902	-0.0904034	-0.0827381	1.24138	1.24138	-2.59249	-0.42495	-0.338146
128	0.826066	0.145454	0.145454	-2.05798	-0.0186172	0.0261695	2.06197	2.06197	-2.57865	-0.0940646	0.137736
128	1.1806	0.0215423	0.0215423	-2.59305	-0.486326	-0.514395	0.305385	0.305385	-3.24909	-1.21435	-1.28259
128	1.03946	-0.065397	-0.065397	-2.49804	-0.296662	-0.262376	-0.927073	-0.927073	-3.13005	-1.04288	-0.954632
128	1.18887	0.0279195	0.0279195	-3.22795	-0.543522	-0.447181	0.395788	0.395788	-4.04462	-1.3483	-1.05083
128	0.815338	0.0457367	0.0457367	-2.78093	-0.0945353	-0.0817085	0.648367	0.648367	-3.48451	-0.572797	-0.438373
128	0.961947	0.0131579	0.0131579	-2.19153	-0.171889	-0.129962	0.186528	0.186528	-2.74599	-0.765894	-0.603122
128	0.924082	0.0271958	0.0271958	-2.58758	-0.168115	-0.111029	0.38553	0.38553	-3.24224	-0.77215	-0.543383
128	1.02103	0.121687	0.121687	-2.57213	-0.0888015	-0.061174	1.72504	1.72504	-3.22288	-0.361754	-0.231963
128	0.950562	0.0768779	0.0768779	-2.08429	-0.077345	-0.0587992	1.08983	1.08983	-2.61162	-0.406559	-0.27118
128	1.09408	0.156355	0.156355	-2.14847	-0.160561	-0.0631995	2.2165	2.2165	-2.69203	-0.476621	-0.205292
128	0.933306	0.07559	0.07559	-2.06198	-0.0920571	-0.0748105	1.07157	1.07157	-2.58366	-0.48381	-0.337571
128	0.773676	-0.039201	-0.039201	-2.49014	-0.168191	-0.146967	-0.555716	-0.555716	-3.12014	-1.06057	-0.875037
128	0.927467	0.239797	0.239797	-2.35458	0.0996275	0.0947943	3.39938	3.39938	-2.95029	0.609733	0.423653
128	1.1378	0.104141	0.104141	-2.7674	-0.372508	-0.323492	1.47631	1.47631	-3.46755	-0.981144	-0.788154
128	1.21917	-0.0577254	-0.0577254	-2.80727	-0.886001	-0.664442	-0.81832	-0.81832	-3.51751	-2.06887	-1.51302
128	1.00892	-0.0156105	-0.0156105	-2.59081	-0.225471	-0.157836	-0.221296	-0.221296	-3.24629	-0.882649	-0.772354
128	0.967289	0.011247	0.011247	-2.98809	-0.153284	-0.127963	0.159438	0.159438	-3.74408	-0.796382	-0.609361
128	1.0655	-0.031135	-0.031135	-2.85324	-0.321121	-0.252892	-0.441372	-0.441372	-3.57511	-1.00769	-0.855515
128	0.859792	0.0179189	0.0179189	-2.27615	-0.153374	-0.113717	0.254019	0.254019	-2.85202	-0.748579	-0.584468
128	1.00835	0.129948	0.129948	-2.86921	-0.0929593	-0.0713345	1.84216	1.84216	-3.59512	-0.352855	-0.251553
128	1.30528	0.0966587	0.0550909	-3.03936	-0.969494	-0.76375	1.37024	0.774847	-3.80832	-2.68675	-2.02004
128	1.2019	0.0354006	0.0354006	-2.58538	-0.621408	-0.507882	0.501841	0.501841	-3.23949	-1.35213	-1.14823
128	0.987189	0.0923205	0.0923205	-2.53028	-0.100114	-0.0646833	1.30874	1.30874	-3.17044	-0.456904	-0.267904
128	1.16615	0.0226897	0.0226897	-3.36522	-0.398037	-0.404305	0.32165	0.32165	-4.21663	-1.19837	-1.07753
128	1.08475	0.0119418	0.0119418	-2.66966	-0.297888	-0.222878	0.169288	0.169288	-3.34508	-0.974192	-0.696381
128	1.01061	0.0590983	0.0590983	-2.06348	-0.110149	-0.157838	0.837782	0.837782	-2.58554	-0.563431	-0.551539
128	1.02646	-0.0151737	-0.0151737	-2.33573	-0.19589	-0.195147	-0.215103	-0.215103	-2.92667	-0.896122	-0.799256
128	0.891448	0.202826	0.202826	-2.25311	0.0507751	0.0690696	2.87528	2.87528	-2.82315	0.28907	0.358111
128	0.848152	0.0356795	0.0356795	-2.43873	-0.133654	-0.0971036	0.505796	0.505796	-3.05573	-0.696231	-0.519627
128	0.924816	0.147946	0.147946	-2.25261	-0.0232146	-0.00367705	2.0973	2.0973	-2.82252	-0.116138	-0.0160562
128	0.979479	-0.0222812	-0.0222812	-2.13373	-0.225889	-0.183173	-0.31586	-0.31586	-2.67356	-0.929953	-0.813844
128	1.19251	0.0468389	0.0468389	-2.67325	-0.45854	-0.357385	0.663992	0.663992	-3.34958	-1.19716	-0.878884
128	0.952811	-0.0384487	-0.0384487	-2.21894	-0.216534	-0.17578	-0.545051	-0.545051	-2.78034	-1.04262	-0.886701
128	1.13007	0.105999	0.105999	-2.47469	-0.378318	-0.227723	1.50264	1.50264	-3.10079	-0.936803	-0.60837
128	1.05193	0.0323163	0.0323163	-2.19904	-0.209835	-0.1461	0.458118	0.458118	-2.7554	-0.707322	-0.554027
128	1.13507	-0.0130887	-0.0130887	-2.901	-0.458627	-0.452617	-0.185546	-0.185546	-3.63495	-1.15209	-1.08471
128	0.845349	0.0973284	0.0973284	-2.04075	-0.0512465	-0.0463195	1.37973	1.37973	-2.55706	-0.278678	-0.22417
128	1.09365	0.175563	0.175563	-2.31827	-0.135216	-0.0474117	2.4888	2.4888	-2.90479	-0.437375	-0.17081
128	1.24363	0.083448	0.083448	-2.68423	-0.896132	-0.629655	1.18297	1.18297	-3.36334	-2.15777	-1.45006
128	1.00898	-0.0299264	-0.0299264	-2.05448	-0.247063	-0.219592	-0.424238	-0.424238	-2.57426	-1.00632	-0.820587
128	0.925184	0.149997	0.149997	-2.10169	0.014654	0.0151705	2.12637	2.12637	-2.63342	0.0885332	0.074705
128	0.861751	0.0853761	0.0853761	-2.19214	-0.0664209	-0.0537897	1.2103	1.2103	-2.74675	-0.377134	-0.24609
128	1.02252	0.109499	0.109499	-2.12056	-0.128271	-0.096112	1.55226	1.55226	-2.65707	-0.466823	-0.321359
128	1.11528	-0.00851271	-0.00851271	-2.42518	-0.4131	-0.350136	-0.120677	-0.120677	-3.03874	-1.17561	-0.922919
128	0.898212	0.144116	0.144116	-1.78557	-0.0246622	-0.000334428	2.04301	2.04301	-2.23732	-0.118608	-0.00159716
128	1.06357	-0.048579	-0.048579	-2.78972	-0.320992	-0.256936	-0.68866	-0.68866	-3.49551	-1.13241	-0.945521
128	0.879854	0.0501013	0.0501013	-3.07152	-0.10044	-0.0733987	0.71024	0.71024	-3.84862	-0.574177	-0.400649
128	0.768782	0.120296	0.120296	-1.79354	-0.0199762	0.00116132	1.70532	1.70532	-2.2473	-0.122318	0.00653938
128	1.09293	0.0898951	0.0898951	-2.54633	-0.186373	-0.134231	1.27436	1.27436	-3.19055	-0.690633	-0.50578
128	1.06491	0.0286458	0.0286458	-3.12683	-0.235673	-0.159747	0.406085	0.406085	-3.91792	-0.858455	-0.573066
128	0.896585	0.11539	0.11539	-2.44928	-0.0545406	-0.00945429	1.63577	1.63577	-3.06895	-0.274628	-0.0481213
128	0.935601	0.130679	0.130679	-2.54295	-0.0252131	-0.0370918	1.85252	1.85252	-3.18632	-0.131352	-0.145841
128	0.895174	0.0448896	0.0448896	-1.81655	-0.10479	-0.0698162	0.636358	0.636358	-2.27613	-0.589826	-0.39012
128	0.896138	0.0882531	0.0882531	-2.43171	-0.0570017	-0.0342373	1.25108	1.25108	-3.04694	-0.318986	-0.189426
128	1.14924	0.122094	0.122094	-2.93212	-0.451229	-0.313255	1.73082	1.73082	-3.67395	-1.1424	-0.766503
128	0.986602	0.328011	0.328011	-1.86211	0.123827	0.189602	4.64991	4.64991	-2.33322	0.530436	0.876963
128	0.897451	0.0979549	0.0979549	-2.26337	-0.0513785	-0.0311235	1.38862	1.38862	-2.836	-0.283713	-0.150882
128	1.02652	0.169844	0.169844	-2.59291	-0.0407299	0.0121694	2.40772	2.40772	-3.24891	-0.167875	0.0535966
128	1.01777	0.100142	0.100142	-2.54708	-0.110732	-0.0510609	1.41962	1.41962	-3.1915	-0.434527	-0.224471
128	0.895014	0.0203963	0.0203963	-2.37549	-0.134782	-0.122515	0.289139	0.289139	-2.97649	-0.661507	-0.578539
128	0.836665	-0.0618572	-0.0618572	-2.66949	-0.201489	-0.19535	-0.876893	-0.876893	-3.34487	-1.26307	-0.981065
128	0.979954	-0.0555453	-0.0555453	-2.22845	-0.252719	-0.213427	-0.787415	-0.787415	-2.79225	-1.11314	-0.930524
128	0.980136	0.129669	0.129669	-2.52439	-0.0281054	-0.0219622	1.83819	1.83819	-3.16306	-0.13709	-0.103322
128	1.20417	0.0991201	0.0991201	-2.50433	-0.730348	-0.609201	1.40513	1.40513	-3.13793	-1.79238	-1.44198
128	1.1191	0.00256399	0.00256399	-2.73668	-0.339561	-0.312805	0.0363473	0.0363473	-3.42905	-1.03793	-0.867139
128	1.10482	-0.0435316	-0.0435316	-2.58206	-0.516531	-0.363872	-0.617107	-0.617107	-3.23532	-1.32975	-0.927099
128	1.04533	-0.0730726	-0.0730726	-3.20225	-0.320167	-0.287419	-1.03588	-1.03588	-4.01242	-1.16662	-0.931714
128	1.0024	0.0530494	0.0530494	-2.31904	-0.141887	-0.148342	0.752032	0.752032	-2.90575	-0.606119	-0.528437
128	1.05151	0.237347	0.237347	-1.89268	-0.0310821	0.0327921	3.36465	3.36465	-2.37152	-0.109311	0.112612
128	1.00894	0.0721729	0.0721729	-2.17585	-0.158848	-0.109645	1.02313	1.02313	-2.72634	-0.644125	-0.447286
128	0.942377	0.0316701	0.0316701	-2.6018	-0.12096	-0.121484	0.448958	0.448958	-3.26005	-0.679963	-0.545376
128	0.96047	-0.00478899	-0.00478899	-2.76913	-0.185924	-0.162524	-0.0678892	-0.0678892	-3.46972	-0.829	-0.70094
128	0.813503	0.0357638	0.0357638	-2.49833	-0.129426	-0.0894089	0.506991	0.506991	-3.13041	-0.705542	-0.46174
128	1.09835	-0.0863559	-0.0863559	-2.40997	-0.427359	-0.372618	-1.22419	-1.22419	-3.01969	-1.34458	-1.13896
128	1.01255	-0.0391435	-0.0391435	-2.42274	-0.204715	-0.22795	-0.554901	-0.554901	-3.03569	-1.0688	-0.892309
128	1.03134	-0.012132	-0.012132	-3.10644	-0.219614	-0.215467	-0.171985	-0.171985	-3.89237	-0.926163	-0.797498
128	0.923314	-0.0486712	-0.0486712	-2.46177	-0.217618	-0.207348	-0.689967	-0.689967	-3.0846	-1.05218	-0.927382
128	0.900318	-0.0318113	-0.0318113	-2.27998	-0.17911	-0.18805	-0.45096	-0.45096	-2.85682	-1.04594	-0.856217
128	1.10412	0.122243	0.122243	-2.4734	-0.267321	-0.149354	1.73292	1.73292	-3.09916	-0.706777	-0.478031
128	1.0039	0.00120341	0.00120341	-2.30959	-0.196285	-0.185079	0.0170596	0.0170596	-2.89392	-0.794296	-0.70925
128	1.02822	0.0817935	0.0817935	-3.13128	-0.147724	-0.0765045	1.15951	1.15951	-3.9235	-0.559302	-0.335637
128	0.945294	0.106138	0.106138	-3.20133	-0.0626952	-0.0283461	1.50463	1.50463	-4.01126	-0.327566	-0.124504
128	1.03035	0.245956	0.245956	-2.01244	-0.0236751	0.0348838	3.48669	3.48669	-2.52159	-0.0874363	0.121661
128	0.817032	0.0929234	0.0929234	-2.51845	-0.0632865	-0.0415903	1.31729	1.31729	-3.15562	-0.326966	-0.197026
128	0.895242	0.0941046	0.0941046	-2.45263	-0.0694114	-0.0298296	1.33403	1.33403	-3.07315	-0.356054	-0.156787
128	0.91522	0.0183356	0.0183356	-2.0743	-0.133562	-0.0985519	0.259926	0.259926	-2.5991	-0.706706	-0.508795
128	1.11044	0.266284	0.266284	-2.62169	-0.0596313	-0.0109689	3.77487	3.77487	-3.28497	-0.179059	-0.0328152
128	0.96012	-0.111622	-0.111622	-2.34022	-0.26219	-0.239799	-1.58236	-1.58236	-2.9323	-1.3339	-1.17035
128	0.972827	0.127007	0.127007	-2.39899	-0.0471551	-0.0334837	1.80046	1.80046	-3.00594	-0.228868	-0.139695
128	0.844395	0.039857	0.039857	-2.11053	-0.105541	-0.0893656	0.565016	0.565016	-2.6445	-0.56555	-0.42845
128	1.10402	-0.0907753	-0.0907753	-3.08332	-0.496223	-0.367057	-1.28684	-1.28684	-3.8634	-1.37095	-1.10428
128	0.901529	0.0418531	0.0418531	-2.21851	-0.107902	-0.101435	0.593313	0.593313	-2.77979	-0.601245	-0.455974
128	0.865244	0.145911	0.145911	-2.2713	-0.00552087	0.00653579	2.06844	2.06844	-2.84594	-0.0299911	0.0337247
128	1.21073	0.0309445	0.0309445	-2.45995	-0.745033	-0.570232	0.438672	0.438672	-3.08231	-1.80351	-1.41448
128	1.0381	0.243865	0.243865	-2.49129	-0.0209416	0.0527613	3.45704	3.45704	-3.12159	-0.0744429	0.198043
128	0.956755	0.081967	0.081967	-1.81815	-0.0910146	-0.0809692	1.16197	1.16197	-2.27814	-0.409572	-0.333189
128	0.795633	0.0414578	0.0414578	-2.03252	-0.0888621	-0.0775911	0.58771	0.58771	-2.54675	-0.604291	-0.426726
128	0.80979	0.176161	0.176161	-2.43032	0.00235275	0.0667307	2.49727	2.49727	-3.04519	0.0115607	0.396797
128	0.91703	-0.0403262	-0.0403262	-3.24526	-0.215742	-0.181575	-0.571667	-0.571667	-4.06631	-1.05848	-0.909628
128	0.977506	0.0252483	0.0252483	-1.98912	-0.179714	-0.113888	0.357922	0.357922	-2.49236	-0.744416	-0.583717
128	1.16923	-0.0388562	-0.0388562	-2.35518	-0.561805	-0.479987	-0.550828	-0.550828	-2.95104	-1.33048	-1.15995
128	1.14858	0.0214555	0.0214555	-2.7926	-0.431604	-0.434238	0.304155	0.304155	-3.49913	-1.13222	-1.09821
128	0.811598	0.0506638	0.0506638	-2.43459	-0.111986	-0.0794025	0.718214	0.718214	-3.05054	-0.572796	-0.424113
128	1.19978	-0.11005	-0.11005	-2.41906	-0.888144	-0.810576	-1.56008	-1.56008	-3.03108	-2.20105	-2.02792
128	0.733426	-0.0483077	-0.0483077	-2.0301	-0.158075	-0.163195	-0.684814	-0.684814	-2.54371	-1.18981	-0.943097
128	0.838254	0.119361	0.119361	-1.69514	-0.0426231	-0.00627289	1.69207	1.69207	-2.12401	-0.232639	-0.0312058
128	1.01647	0.142571	0.142571	-2.17576	-0.0428109	-0.00350301	2.0211	2.0211	-2.72622	-0.214884	-0.0162156
128	1.08308	0.0442722	0.0442722	-2.13044	-0.243648	-0.206821	0.627606	0.627606	-2.66944	-0.805809	-0.678727
128	0.9625	0.173025	0.173025	-2.12812	-0.0188575	0.0301154	2.45281	2.45281	-2.66653	-0.0879745	0.137578
128	1.10701	0.109494	0.109494	-2.508	-0.152809	-0.210154	1.55219	1.55219	-3.14253	-0.556139	-0.591815
128	1.10246	0.0770063	0.0770063	-2.46116	-0.227765	-0.186956	1.09165	1.09165	-3.08384	-0.721542	-0.563622
128	0.959914	0.0187034	0.0187034	-2.34554	-0.162506	-0.14985	0.265141	0.265141	-2.93896	-0.804402	-0.659655
128	0.942849	-0.0469464	-0.0469464	-2.68278	-0.211899	-0.188259	-0.665516	-0.665516	-3.36153	-1.11213	-0.942323
128	0.693782	0.0545874	0.0545874	-2.17111	-0.0650915	-0.0420701	0.773835	0.773835	-2.7204	-0.428334	-0.276829
128	0.965625	-0.154442	-0.154442	-2.50326	-0.311123	-0.314466	-2.18939	-2.18939	-3.13659	-1.68915	-1.35775
128	1.12135	0.121937	0.121937	-2.54054	-0.313213	-0.238789	1.72859	1.72859	-3.18329	-0.773736	-0.617584
128	0.947576	0.0187052	0.0187052	-2.13992	-0.142862	-0.130816	0.265167	0.265167	-2.68132	-0.713908	-0.578227
128	0.971508	0.20624	0.20624	-2.21669	0.0121361	0.0867518	2.92367	2.92367	-2.77751	0.0560014	0.44063
128	1.35955	0.298247	0.241376	-2.10223	-0.798811	-0.59285	4.22797	3.38142	-2.6341	-1.93038	-1.3853
128	1.01048	0.021629	0.021629	-2.35649	-0.182904	-0.122287	0.306614	0.306614	-2.95268	-0.800936	-0.52464
128	0.892315	-0.00493022	-0.00493022	-2.58775	-0.163168	-0.14312	-0.0698911	-0.0698911	-3.24245	-0.863527	-0.708158
128	1.07231	0.126626	0.126626	-2.67663	-0.151994	-0.079798	1.79506	1.79506	-3.35382	-0.510048	-0.296328
128	1.05825	0.00903502	0.00903502	-2.40828	-0.211334	-0.203528	0.128081	0.128081	-3.01757	-0.863437	-0.72646
128	1.11466	0.269391	0.269391	-2.25286	-0.0949881	-0.108253	3.8189	3.8189	-2.82284	-0.266362	-0.284544
128	1.03978	-0.0375885	-0.0375885	-2.3098	-0.276558	-0.234892	-0.532857	-0.532857	-2.89417	-1.17437	-0.906479
128	0.968928	0.0825229	0.0825229	-1.99064	-0.0871335	-0.0566446	1.16985	1.16985	-2.49427	-0.44744	-0.281448
128	0.93932	0.0834936	0.0834936	-2.3435	-0.132852	-0.0637842	1.18361	1.18361	-2.93641	-0.554245	-0.311627
128	0.908991	0.0618209	0.0618209	-1.97361	-0.144483	-0.0776606	0.876378	0.876378	-2.47293	-0.581849	-0.384558
128	0.979211	-0.0114369	-0.0114369	-2.95361	-0.226293	-0.17405	-0.16213	-0.16213	-3.70087	-0.943618	-0.720941
128	0.91009	0.179575	0.179575	-2.31314	-0.00932231	0.0294881	2.54567	2.54567	-2.89837	-0.0419064	0.131387
128	1.04143	0.106158	0.106158	-2.05857	-0.0987845	-0.0929571	1.50491	1.50491	-2.57939	-0.416876	-0.319852
128	1.13761	0.0390842	0.0390842	-2.77867	-0.501208	-0.385957	0.554061	0.554061	-3.48168	-1.24084	-0.955541
128	0.78401	0.134458	0.134458	-2.67097	-0.0110848	0.0163069	1.90609	1.90609	-3.34672	-0.0636369	0.0904935
128	0.752915	0.103238	0.103238	-2.14469	-0.0141104	-0.00251709	1.46351	1.46351	-2.68729	-0.0952779	-0.0142775
128	0.932597	0.125882	0.125882	-2.356	-0.00795084	-0.0297477	1.78451	1.78451	-2.95206	-0.0485319	-0.140106
128	0.866785	0.0337376	0.0337376	-2.4583	-0.0910334	-0.091882	0.478267	0.478267	-3.08025	-0.582174	-0.45484
128	0.915635	0.141314	0.141314	-2.41029	-0.0200521	0.0127385	2.00328	2.00328	-3.02009	-0.104147	0.0671931
128	0.93975	0.0426217	0.0426217	-2.31089	-0.144753	-0.0938031	0.604209	0.604209	-2.89555	-0.629881	-0.455135
128	1.10241	0.00280643	0.00280643	-2.27683	-0.318281	-0.236057	0.0397842	0.0397842	-2.85287	-0.999609	-0.8318
128	1.28072	0.152838	0.131122	-2.30132	-0.838083	-0.549285	2.16665	1.85153	-2.88355	-2.06938	-1.22626
128	0.954502	-0.0067339	-0.0067339	-2.49555	-0.160035	-0.137523	-0.0954603	-0.0954603	-3.12692	-0.846259	-0.657334
128	1.06396	0.0175166	0.0175166	-2.40318	-0.248565	-0.190071	0.248317	0.248317	-3.01119	-0.905534	-0.693463
128	1.0865	0.0798364	0.0798364	-2.44048	-0.228503	-0.196258	1.13177	1.13177	-3.05792	-0.706691	-0.626792
128	0.951731	0.133259	0.133259	-2.42246	-0.038854	-0.0189723	1.88908	1.88908	-3.03534	-0.169193	-0.0873327
128	1.05504	0.143865	0.143865	-2.87148	-0.121057	-0.0397795	2.03945	2.03945	-3.59797	-0.438921	-0.146649
128	0.97986	0.0196748	0.0196748	-2.37654	-0.156673	-0.129584	0.278912	0.278912	-2.9778	-0.768794	-0.600485
128	1.04448	-0.000184791	-0.000184791	-2.78461	-0.255402	-0.221214	-0.00261962	-0.00261962	-3.48911	-0.894968	-0.693079
128	1.14668	0.0243084	0.0243084	-2.38599	-0.409345	-0.351279	0.344597	0.344597	-2.98965	-1.18024	-0.933975
128	0.988602	-0.0357658	-0.0357658	-2.37089	-0.233208	-0.190032	-0.507019	-0.507019	-2.97073	-1.03173	-0.840528
128	0.898364	0.0415947	0.0415947	-2.73808	-0.124392	-0.0888878	0.589649	0.589649	-3.43081	-0.684869	-0.450174
128	1.01337	0.0599566	0.0599566	-2.22819	-0.109187	-0.114503	0.84995	0.84995	-2.79193	-0.599509	-0.440782
128	0.890573	0.0300645	0.0300645	-2.57592	-0.162691	-0.0911531	0.426196	0.426196	-3.22762	-0.719016	-0.488246
128	0.880634	0.0424745	0.0424745	-1.85108	-0.119745	-0.091067	0.602122	0.602122	-2.31941	-0.595733	-0.443059
128	0.960787	-0.0949552	-0.0949552	-2.88832	-0.285033	-0.236762	-1.34609	-1.34609	-3.61907	-1.2775	-1.11441
128	0.978108	0.168349	0.168349	-2.62047	0.0105694	0.0316589	2.38654	2.38654	-3.28345	0.053242	0.17041
128	1.08813	-0.125827	-0.125827	-2.83736	-0.48853	-0.327573	-1.78374	-1.78374	-3.55522	-1.399	-1.1359
128	0.941478	0.116854	0.116854	-2.20004	-0.0579549	-0.00135911	1.65653	1.65653	-2.75666	-0.29489	-0.00792211
128	0.934174	-0.0767501	-0.0767501	-2.12836	-0.256258	-0.218456	-1.08801	-1.08801	-2.66683	-1.23598	-1.01172
128	0.996632	0.272532	0.272532	-1.97451	0.106506	0.0863006	3.86344	3.86344	-2.47406	0.531678	0.332237
128	0.983527	0.0845631	0.0845631	-2.50156	-0.109304	-0.0500842	1.19877	1.19877	-3.13445	-0.484967	-0.253339
128	0.874842	0.00882515	0.00882515	-2.18299	-0.159792	-0.118439	0.125106	0.125106	-2.73529	-0.848182	-0.636967
128	1.08918	0.0499691	0.0499691	-2.53311	-0.302374	-0.215963	0.708365	0.708365	-3.17399	-0.871352	-0.668318
128	1.05576	0.101496	0.101496	-2.5155	-0.108157	-0.0945957	1.43882	1.43882	-3.15192	-0.453953	-0.323401
128	1.01569	0.0988532	0.0988532	-2.32672	-0.0967143	-0.0914366	1.40135	1.40135	-2.91538	-0.418367	-0.338274
128	0.896425	0.00192035	0.00192035	-2.44887	-0.144692	-0.147806	0.027223	0.027223	-3.06843	-0.802589	-0.664441
128	0.956806	0.0700839	0.0700839	-2.6515	-0.105367	-0.0762675	0.993514	0.993514	-3.32232	-0.517392	-0.327086
128	1.03298	0.011502	0.011502	-2.44193	-0.194005	-0.204981	0.163053	0.163053	-3.05974	-0.856252	-0.660253
128	1.05472	0.136241	0.136241	-3.32269	-0.145581	-0.0428551	1.93136	1.93136	-4.16334	-0.503939	-0.176458
128	0.791634	-0.0836622	-0.0836622	-2.03704	-0.219562	-0.197904	-1.186	-1.186	-2.55241	-1.38009	-1.14916
128	0.835846	-0.038907	-0.038907	-2.40556	-0.208531	-0.161351	-0.551549	-0.551549	-3.01416	-1.01047	-0.853446
128	0.739542	0.128137	0.128137	-1.68637	-0.000234007	0.0266373	1.81648	1.81648	-2.11302	-0.00153108	0.164109
128	0.926651	0.150339	0.150339	-2.22847	-0.0202476	0.020749	2.13122	2.13122	-2.79227	-0.102967	0.106103
128	0.873402	0.0187596	0.0187596	-3.05989	-0.12168	-0.116174	0.265938	0.265938	-3.83405	-0.705367	-0.577257
128	1.08898	0.121227	0.121227	-2.43137	-0.299061	-0.199856	1.71852	1.71852	-3.04651	-0.769742	-0.522833
128	0.771726	0.198663	0.198663	-2.01328	0.0668358	0.0916973	2.81626	2.81626	-2.52264	0.397642	0.557706
128	0.946413	0.0359801	0.0359801	-2.58865	-0.131558	-0.114479	0.510057	0.510057	-3.24358	-0.597769	-0.483775
128	1.14216	0.0809302	0.0809302	-2.85698	-0.392131	-0.220083	1.14727	1.14727	-3.5798	-1.01409	-0.616865
128	1.11682	-0.0490358	-0.0490358	-2.36136	-0.479726	-0.340363	-0.695136	-0.695136	-2.95878	-1.24909	-1.00663
128	0.997769	0.148775	0.148775	-2.49376	-0.0215441	-0.0246273	2.10905	2.10905	-3.12468	-0.112651	-0.100131
128	1.00074	0.246589	0.246589	-2.35629	0.0530405	0.100217	3.49566	3.49566	-2.95243	0.226095	0.462527
128	1.1071	0.0339215	0.0339215	-3.22672	-0.343257	-0.295102	0.480874	0.480874	-4.04308	-1.02241	-0.787536
128	1.01224	0.0620775	0.0620775	-2.18876	-0.113102	-0.112659	0.880016	0.880016	-2.74251	-0.509146	-0.439934
128	0.981567	0.0984144	0.0984144	-2.31001	-0.132916	-0.0371407	1.39513	1.39513	-2.89444	-0.498179	-0.191562
128	1.0792	-0.0445734	-0.0445734	-2.08654	-0.267174	-0.265461	-0.631877	-0.631877	-2.61443	-1.06115	-0.88538
128	0.787453	0.110756	0.110756	-2.30536	-0.0173673	-0.0116178	1.57009	1.57009	-2.88862	-0.120587	-0.0623194
128	1.11193	-0.156277	-0.156277	-3.2529	-0.526485	-0.458461	-2.2154	-2.2154	-4.07589	-1.52787	-1.28511
128	1.31417	0.0685592	0.0272604	-2.49823	-1.09726	-0.90015	0.9719	0.383414	-3.13029	-2.87082	-2.54688
128	0.787643	-0.0365312	-0.0365312	-2.47435	-0.171999	-0.16055	-0.517869	-0.517869	-3.10036	-1.06873	-0.884817
128	1.06222	0.104636	0.104636	-1.97451	-0.153226	-0.111777	1.48333	1.48333	-2.47407	-0.566347	-0.373631
128	1.03297	0.006235	0.006235	-2.36008	-0.177383	-0.154152	0.0883878	0.0883878	-2.95718	-0.811265	-0.658539
128	1.00543	0.121915	0.121915	-3.08253	-0.0740615	-0.0265683	1.72828	1.72828	-3.86241	-0.342482	-0.115766
128	1.12076	0.0968583	0.0968583	-3.0154	-0.367451	-0.22983	1.37307	1.37307	-3.77829	-0.916694	-0.620311
128	0.802967	0.211425	0.211425	-1.96298	0.0641427	0.0905646	2.99718	2.99718	-2.45961	0.382021	0.500578
128	0.973758	0.0491944	0.0491944	-2.57131	-0.147471	-0.115178	0.697383	0.697383	-3.22185	-0.643362	-0.476177
128	1.10108	0.00585271	0.00585271	-2.23381	-0.35275	-0.301202	0.0829684	0.0829684	-2.79896	-0.971563	-0.853437
128	1.20547	0.0298961	0.0298961	-3.03542	-0.873727	-0.643415	0.423809	0.423809	-3.80338	-2.21775	-1.55285
128	0.977349	0.0728091	0.0728091	-2.59854	-0.106564	-0.0681067	1.03215	1.03215	-3.25597	-0.487898	-0.323066
128	0.956146	0.029294	0.029294	-2.4918	-0.18995	-0.109464	0.415274	0.415274	-3.12223	-0.681442	-0.542312
128	0.88424	0.120611	0.120611	-2.67029	-0.0266881	-0.0134973	1.70978	1.70978	-3.34588	-0.152286	-0.0676746
128	0.907539	0.10022	0.10022	-3.17833	-0.0392997	-0.0473114	1.42073	1.42073	-3.98244	-0.228623	-0.211895
128	1.13074	-0.0449449	-0.0449449	-3.21664	-0.497131	-0.448776	-0.637142	-0.637142	-4.03045	-1.32394	-1.18642
128	1.00567	-0.0814178	-0.0814178	-2.54586	-0.281731	-0.243681	-1.15418	-1.15418	-3.18996	-1.17549	-1.03882
128	1.05921	0.0868952	0.0868952	-2.15992	-0.147928	-0.117182	1.23183	1.23183	-2.70637	-0.571203	-0.432079
128	0.8826	0.0210212	0.0210212	-2.39296	-0.153693	-0.0981318	0.297999	0.297999	-2.99838	-0.736788	-0.521434
128	1.06977	-0.00875602	-0.00875602	-2.49949	-0.275934	-0.249336	-0.124126	-0.124126	-3.13186	-0.979615	-0.787762
128	1.2292	0.102837	0.102837	-2.81153	-0.612427	-0.471867	1.45783	1.45783	-3.52285	-1.3735	-1.07872
128	0.926614	0.040809	0.040809	-2.19939	-0.136361	-0.119198	0.578512	0.578512	-2.75584	-0.651534	-0.505332
128	1.00601	0.0369478	0.0369478	-2.47243	-0.141614	-0.127895	0.523776	0.523776	-3.09795	-0.650304	-0.51899
128	1.15113	0.0403478	0.0403478	-2.4581	-0.420353	-0.419512	0.571974	0.571974	-3.08	-1.14822	-0.949556
128	0.952217	0.000284494	0.000284494	-2.10642	-0.205128	-0.177714	0.00403301	0.00403301	-2.63934	-0.882192	-0.727367
128	1.09084	0.154587	0.154587	-3.35348	-0.161036	-0.0941063	2.19144	2.19144	-4.20191	-0.497546	-0.288868
128	1.09355	-0.071946	-0.071946	-2.20619	-0.442506	-0.321706	-1.01991	-1.01991	-2.76436	-1.20492	-0.974815
128	0.863211	0.0770499	0.0770499	-2.01623	-0.0529168	-0.0533247	1.09226	1.09226	-2.52634	-0.334049	-0.277942
128	1.16524	0.162891	0.162891	-2.60965	-0.396029	-0.353502	2.30915	2.30915	-3.26989	-0.941896	-0.825239
128	1.10948	0.105185	0.105185	-2.57347	-0.281552	-0.189904	1.49111	1.49111	-3.22456	-0.824403	-0.535942
128	0.991125	-0.202592	-0.202592	-2.2875	-0.389347	-0.338877	-2.87195	-2.87195	-2.86624	-1.93476	-1.57503
128	1.06554	-0.0845456	-0.0845456	-2.79095	-0.319496	-0.306104	-1.19853	-1.19853	-3.49707	-1.17179	-1.11385
128	0.830071	0.0197831	0.0197831	-2.68058	-0.124815	-0.0882321	0.280447	0.280447	-3.35877	-0.771784	-0.552692
128	0.942114	0.0279234	0.0279234	-2.31959	-0.153459	-0.083032	0.395845	0.395845	-2.90645	-0.738864	-0.470274
128	0.99479	0.0821685	0.0821685	-2.87766	-0.112455	-0.0593264	1.16483	1.16483	-3.6057	-0.455307	-0.289854
128	0.857376	-0.00408095	-0.00408095	-2.15769	-0.151076	-0.134155	-0.0578519	-0.0578519	-2.70358	-0.89438	-0.637991
128	0.929245	0.0626335	0.0626335	-2.65244	-0.115131	-0.0868804	0.887898	0.887898	-3.32351	-0.593886	-0.402606
128	0.936837	0.0451383	0.0451383	-2.22961	-0.107883	-0.0958586	0.639884	0.639884	-2.7937	-0.587304	-0.468947
128	0.784395	0.0107106	0.0107106	-2.19144	-0.109307	-0.107681	0.151834	0.151834	-2.74587	-0.742509	-0.584387
128	0.821458	0.232123	0.232123	-2.34896	0.0907792	0.112163	3.29059	3.29059	-2.94324	0.579975	0.590619
128	0.92191	-0.00252127	-0.00252127	-2.21699	-0.207538	-0.124237	-0.0357418	-0.0357418	-2.77789	-0.847223	-0.65167
128	0.798134	-0.00675722	-0.00675722	-2.43394	-0.14039	-0.128335	-0.0957909	-0.0957909	-3.04973	-0.863049	-0.705184
128	0.848657	-0.0420765	-0.0420765	-2.22412	-0.212368	-0.180445	-0.59648	-0.59648	-2.78682	-1.02862	-0.853463
128	0.964271	0.109788	0.109788	-2.66159	-0.0800829	-0.0517952	1.55637	1.55637	-3.33498	-0.35342	-0.213085
128	0.769354	0.0417653	0.0417653	-2.02366	-0.086562	-0.0817482	0.592068	0.592068	-2.53565	-0.571633	-0.47526
128	1.19787	0.0314307	0.0314307	-2.85213	-0.721611	-0.595708	0.445564	0.445564	-3.57372	-1.68627	-1.29708
128	1.0372	0.0503542	0.0503542	-2.68099	-0.210248	-0.134776	0.713825	0.713825	-3.35928	-0.710143	-0.521882
128	0.971927	0.00424036	0.00424036	-2.39862	-0.154716	-0.146777	0.0601116	0.0601116	-3.00547	-0.800928	-0.666067
128	1.01814	-0.0650951	-0.0650951	-2.7359	-0.227242	-0.218134	-0.922793	-0.922793	-3.42808	-1.15043	-0.93949
128	0.924022	-0.00729022	-0.00729022	-2.74691	-0.16494	-0.158165	-0.103347	-0.103347	-3.44188	-0.915473	-0.687908
128	0.947785	0.0428273	0.0428273	-2.89736	-0.113322	-0.102847	0.607123	0.607123	-3.63039	-0.580705	-0.491928
128	0.962346	0.091668	0.091668	-3.14136	-0.0760953	-0.0308621	1.29949	1.29949	-3.93612	-0.362176	-0.16224
128	1.00194	0.0162975	0.0162975	-3.05316	-0.190553	-0.152526	0.231035	0.231035	-3.82561	-0.763051	-0.573019
128	1.05913	0.0350463	0.0350463	-3.04102	-0.276889	-0.188072	0.496818	0.496818	-3.8104	-0.877149	-0.623374
128	1.15585	0.150956	0.150956	-2.31411	-0.392611	-0.344639	2.13996	2.13996	-2.89958	-1.01287	-0.78814
128	1.06732	0.11471	0.11471	-3.14275	-0.158757	-0.12355	1.62614	1.62614	-3.93787	-0.526351	-0.393668
128	0.914502	0.11249	0.11249	-2.4992	-0.0643835	-0.0392812	1.59466	1.59466	-3.13149	-0.300737	-0.177598
128	1.05845	-0.00113334	-0.00113334	-2.91261	-0.281293	-0.226978	-0.0160663	-0.0160663	-3.6495	-0.912105	-0.72011
128	1.13554	0.0523996	0.0523996	-2.40855	-0.427726	-0.360766	0.742821	0.742821	-3.01792	-1.07288	-0.864247
128	1.04986	-0.091992	-0.091992	-2.11213	-0.290197	-0.283851	-1.30409	-1.30409	-2.6465	-1.29349	-1.03222
128	0.896045	-0.0631053	-0.0631053	-2.16586	-0.217827	-0.203193	-0.894586	-0.894586	-2.71382	-1.27574	-0.973801
128	1.08441	0.0890822	0.0890822	-2.67338	-0.302837	-0.193288	1.26284	1.26284	-3.34975	-0.888099	-0.614812
128	1.18807	0.0401534	0.0401534	-2.35855	-0.453383	-0.496012	0.569218	0.569218	-2.95526	-1.22036	-1.12094
128	0.88122	0.00807888	0.00807888	-1.88605	-0.134654	-0.129614	0.114527	0.114527	-2.36323	-0.765854	-0.631509
128	0.866817	-0.0176601	-0.0176601	-2.28541	-0.170656	-0.168229	-0.250351	-0.250351	-2.86361	-0.895505	-0.684036
128	0.805231	-0.00883038	-0.00883038	-2.91986	-0.140778	-0.147086	-0.12518	-0.12518	-3.65858	-0.843124	-0.694024
128	0.939876	0.0991321	0.0991321	-2.11387	-0.0545627	-0.0437901	1.4053	1.4053	-2.64868	-0.309743	-0.215806
128	1.14199	-0.0171861	-0.0171861	-2.27011	-0.458606	-0.407182	-0.243631	-0.243631	-2.84445	-1.3033	-1.04754
128	1.11145	-0.0356826	-0.0356826	-2.54814	-0.384414	-0.290005	-0.505839	-0.505839	-3.19282	-1.19698	-0.933511
128	0.875096	0.0884093	0.0884093	-2.20237	-0.0773354	-0.0588444	1.2533	1.2533	-2.75957	-0.419549	-0.27653
128	0.926475	0.082951	0.082951	-2.22738	-0.0707979	-0.0571268	1.17592	1.17592	-2.79091	-0.391152	-0.272744
128	1.01309	0.144069	0.144069	-2.1608	-0.0828974	-0.0247057	2.04233	2.04233	-2.70748	-0.302368	-0.103986
128	1.18464	0.0594893	0.0594893	-2.43112	-0.581822	-0.449767	0.843325	0.843325	-3.04619	-1.61575	-1.05967
128	0.894857	0.0615983	0.0615983	-2.22729	-0.122759	-0.0503671	0.873222	0.873222	-2.7908	-0.557895	-0.291575
128	0.934929	0.148055	0.148055	-2.59414	-0.0302917	0.0230656	2.09884	2.09884	-3.25046	-0.132836	0.125753
128	1.01887	0.121292	0.121292	-2.5611	-0.106882	-0.0449049	1.71945	1.71945	-3.20905	-0.394222	-0.186458
128	0.934871	0.0195973	0.0195973	-2.44898	-0.152855	-0.146667	0.277812	0.277812	-3.06857	-0.732341	-0.618118
128	0.819375	-0.153397	-0.153397	-2.42239	-0.298069	-0.264345	-2.17457	-2.17457	-3.03526	-1.80109	-1.51376
128	1.09447	0.103945	0.103945	-2.35506	-0.191774	-0.173704	1.47354	1.47354	-2.95089	-0.663815	-0.517322
128	1.02205	0.0555188	0.0555188	-2.67279	-0.114708	-0.0884584	0.787039	0.787039	-3.34901	-0.562227	-0.449516
128	0.970231	0.0914301	0.0914301	-2.05038	-0.0582165	-0.0539952	1.29612	1.29612	-2.56913	-0.332807	-0.23653
128	0.933918	-0.120361	-0.120361	-2.2411	-0.289831	-0.277654	-1.70624	-1.70624	-2.80809	-1.39387	-1.22925
128	1.00264	0.101819	0.101819	-2.71374	-0.108313	-0.0592153	1.44339	1.44339	-3.40032	-0.456734	-0.23892
128	0.902041	0.151785	0.151785	-3.34222	-0.0157951	0.0265634	2.15171	2.15171	-4.18781	-0.0829965	0.12591
128	1.01229	0.0132359	0.0132359	-2.81694	-0.194274	-0.163673	0.187633	0.187633	-3.52963	-0.747859	-0.626508
128	0.994171	0.118526	0.118526	-2.10642	-0.0780318	-0.0492424	1.68024	1.68024	-2.63934	-0.345223	-0.198504
128	1.05836	-0.0431621	-0.0431621	-2.59304	-0.261136	-0.247226	-0.611869	-0.611869	-3.24908	-0.984957	-0.915341
128	0.901918	0.156642	0.156642	-2.21221	0.00362	0.020274	2.22057	2.22057	-2.7719	0.0185506	0.0982268
128	0.961939	0.0305001	0.0305001	-3.21306	-0.167761	-0.162511	0.432372	0.432372	-4.02597	-0.762382	-0.583608
128	1.01796	0.130224	0.130224	-2.24051	-0.0687467	-0.0187404	1.84607	1.84607	-2.80736	-0.285102	-0.0851712
128	1.01788	0.0994948	0.0994948	-3.0241	-0.0888927	-0.0575187	1.41045	1.41045	-3.7892	-0.421019	-0.24764
128	0.987323	0.00655418	0.00655418	-2.64025	-0.149505	-0.144639	0.0929126	0.0929126	-3.30823	-0.832466	-0.69132
128	0.817602	-0.0339504	-0.0339504	-2.19141	-0.18546	-0.154069	-0.481283	-0.481283	-2.74584	-1.01667	-0.785433
128	1.00212	-0.000427271	-0.000427271	-2.4348	-0.205143	-0.146706	-0.00605702	-0.00605702	-3.05081	-0.821577	-0.717155
128	0.906844	0.236251	0.236251	-2.31432	0.0798626	0.0904828	3.34912	3.34912	-2.89984	0.46041	0.407738
128	0.96493	-0.0220128	-0.0220128	-2.13214	-0.203095	-0.174512	-0.312055	-0.312055	-2.67158	-0.918718	-0.776157
128	1.2609	0.0775575	0.0557861	-2.75161	-0.855388	-0.640342	1.09946	0.787733	-3.44777	-1.9314	-1.35758
128	0.838589	0.134942	0.134942	-2.39984	-0.0165594	0.0053714	1.91295	1.91295	-3.007	-0.0901864	0.0268497
128	0.945247	0.0458328	0.0458328	-2.34892	-0.134054	-0.103938	0.649729	0.649729	-2.94319	-0.632835	-0.463587
128	0.855093	0.148171	0.148171	-2.37226	0.00795986	0.024719	2.10049	2.10049	-2.97244	0.0500888	0.129438
128	1.24393	0.180258	0.180258	-2.06886	-0.748371	-0.56041	2.55536	2.55536	-2.59228	-1.79125	-1.21892
128	0.959161	-0.131595	-0.131595	-2.23969	-0.330232	-0.290069	-1.8655	-1.8655	-2.80633	-1.52986	-1.24562
128	0.995834	0.0327361	0.0327361	-2.61916	-0.129571	-0.114601	0.464069	0.464069	-3.28181	-0.659522	-0.504411
128	1.16931	0.213722	0.213722	-2.70787	-0.210392	-0.202557	3.02975	3.02975	-3.39296	-0.560753	-0.496427
128	1.11439	0.0433577	0.0433577	-2.7001	-0.391031	-0.224993	0.614641	0.614641	-3.38323	-1.02358	-0.739596
128	0.880723	0.184414	0.184414	-2.17693	0.0188361	0.0572322	2.61426	2.61426	-2.7277	0.0908671	0.28841
128	0.875602	0.0191911	0.0191911	-2.03239	-0.144126	-0.131711	0.272055	0.272055	-2.54658	-0.765232	-0.605093
128	0.979875	-0.00459964	-0.00459964	-2.54366	-0.209194	-0.151163	-0.0652049	-0.0652049	-3.18721	-0.859407	-0.671356
128	0.942389	0.0659581	0.0659581	-2.99379	-0.112274	-0.0792249	0.935028	0.935028	-3.75121	-0.517456	-0.406169
128	0.932	0.0567221	0.0567221	-2.67269	-0.0967999	-0.0842244	0.804097	0.804097	-3.34888	-0.530136	-0.405468
128	0.852873	0.0795921	0.0795921	-2.12268	-0.0746112	-0.0498778	1.1283	1.1283	-2.65972	-0.423846	-0.249439
128	0.773752	0.216613	0.216613	-1.97724	0.0779142	0.0856743	3.07072	3.07072	-2.47748	0.482874	0.461619
128	1.15328	0.0419523	0.0419523	-2.7352	-0.450065	-0.352914	0.594719	0.594719	-3.42721	-1.14261	-0.863829
128	0.919466	0.106098	0.106098	-2.63846	-0.0475963	-0.0370747	1.50406	1.50406	-3.306	-0.243446	-0.171052
128	0.767115	0.0877407	0.0877407	-2.15157	-0.0605502	-0.0145111	1.24382	1.24382	-2.69591	-0.316996	-0.0872367
128	0.954226	0.0998198	0.0998198	-2.31177	-0.0488774	-0.04873	1.41505	1.41505	-2.89665	-0.256025	-0.236015
128	0.915038	-0.0156116	-0.0156116	-2.61201	-0.179413	-0.173943	-0.221312	-0.221312	-3.27285	-0.961209	-0.784179
128	0.828313	-0.088547	-0.088547	-2.06413	-0.224303	-0.216462	-1.25525	-1.25525	-2.58636	-1.40796	-1.22888
128	1.03007	0.158487	0.158487	-2.23886	-0.0972143	-0.0296258	2.24673	2.24673	-2.80529	-0.33947	-0.111809
128	0.795613	-0.0304917	-0.0304917	-2.53548	-0.174823	-0.168268	-0.432253	-0.432253	-3.17696	-1.04853	-0.884422
128	1.03235	0.046294	0.046294	-2.17045	-0.210482	-0.160276	0.656267	0.656267	-2.71957	-0.7205	-0.563028
128	0.883886	-0.125508	-0.125508	-1.9619	-0.275929	-0.257694	-1.77921	-1.77921	-2.45826	-1.52742	-1.24969
128	0.871117	0.000789711	0.000789711	-2.34517	-0.15837	-0.127791	0.011195	0.011195	-2.9385	-0.86281	-0.63981
128	1.2065	0.0462315	0.0462315	-2.86223	-0.532684	-0.446169	0.655381	0.655381	-3.58637	-1.37643	-1.10371
128	0.930829	-0.00228427	-0.00228427	-2.53464	-0.173224	-0.148815	-0.032382	-0.032382	-3.1759	-0.838612	-0.610244
128	0.901386	0.159159	0.159159	-2.38837	-0.0125769	0.00987376	2.25625	2.25625	-2.99263	-0.0595935	0.044622
128	0.976929	-0.176408	-0.176408	-2.07576	-0.341689	-0.320915	-2.50078	-2.50078	-2.60093	-1.61495	-1.50772
128	1.11153	0.214224	0.214224	-2.80621	-0.131171	-0.0587805	3.03686	3.03686	-3.51618	-0.412473	-0.178783
128	0.928149	-0.2229	-0.2229	-2.92006	-0.383257	-0.359619	-3.15985	-3.15985	-3.65883	-2.02826	-1.71253
128	0.781936	0.127658	0.127658	-1.96609	-0.00443129	0.00909193	1.80969	1.80969	-2.46351	-0.025718	0.0507463
128	1.03723	0.155937	0.155937	-3.03651	-0.101201	-0.0182597	2.21057	2.21057	-3.80475	-0.365875	-0.071596
128	0.847865	0.0188507	0.0188507	-1.99283	-0.123029	-0.110354	0.267229	0.267229	-2.49701	-0.687531	-0.535649
128	0.899166	-0.173894	-0.173894	-1.78669	-0.329272	-0.311382	-2.46513	-2.46513	-2.23872	-1.80301	-1.617
128	0.848774	-0.108197	-0.108197	-2.81811	-0.250507	-0.23856	-1.53381	-1.53381	-3.53109	-1.53347	-1.1933
128	1.03306	0.201585	0.201585	-1.75847	-0.0366324	0.00800501	2.85768	2.85768	-2.20337	-0.13799	0.0288618
128	0.951242	-0.0161283	-0.0161283	-2.55205	-0.186864	-0.144715	-0.228636	-0.228636	-3.19772	-0.952779	-0.771673
128	1.07672	0.0840204	0.0840204	-3.24251	-0.156973	-0.151103	1.19108	1.19108	-4.06287	-0.589981	-0.481453
128	0.758469	0.219371	0.219371	-1.9864	0.0805622	0.0898392	3.10983	3.10983	-2.48896	0.457235	0.467875
128	1.06728	0.123702	0.123702	-2.31716	-0.11996	-0.101216	1.75361	1.75361	-2.9034	-0.447108	-0.345389
128	1.12797	0.0407613	0.0407613	-2.68771	-0.383778	-0.352357	0.577835	0.577835	-3.3677	-1.04581	-0.866508
128	1.21261	-0.0397557	-0.0397557	-2.57836	-0.637081	-0.48769	-0.56358	-0.56358	-3.23069	-1.52571	-1.15895
128	0.92735	0.0243287	0.0243287	-2.15649	-0.15132	-0.126711	0.344886	0.344886	-2.70208	-0.732027	-0.530483
128	1.15165	0.0583889	0.0583889	-2.81711	-0.417441	-0.313357	0.827725	0.827725	-3.52984	-1.09686	-0.827957
128	1.12472	0.0562221	0.0562221	-2.37391	-0.329542	-0.299415	0.797008	0.797008	-2.97451	-0.912394	-0.758982
128	1.05346	0.0058492	0.0058492	-2.78467	-0.262839	-0.190161	0.0829187	0.0829187	-3.48919	-0.898219	-0.671511
128	0.797178	-0.0271704	-0.0271704	-2.01001	-0.209285	-0.139706	-0.385169	-0.385169	-2.51854	-1.00975	-0.884057
128	0.938639	0.0391114	0.0391114	-2.20992	-0.118071	-0.124145	0.554446	0.554446	-2.76903	-0.614307	-0.518614
128	0.959488	0.0696723	0.0696723	-3.02074	-0.104188	-0.0682529	0.98768	0.98768	-3.78498	-0.528919	-0.324675
128	0.979293	0.0393316	0.0393316	-2.98235	-0.142486	-0.11075	0.557568	0.557568	-3.73688	-0.693452	-0.479234
128	1.02188	0.0298554	0.0298554	-2.37718	-0.189918	-0.14291	0.423233	0.423233	-2.9786	-0.747158	-0.565276
128	1.01529	0.000874531	0.000874531	-2.75988	-0.194578	-0.1951	0.0123974	0.0123974	-3.45813	-0.856428	-0.74651
128	1.24303	0.0706694	0.0706694	-2.55203	-0.844899	-0.677242	1.00181	1.00181	-3.1977	-2.14394	-1.66631
128	1.23613	0.0466259	0.0466259	-3.14068	-0.54062	-0.513267	0.660973	0.660973	-3.93527	-1.41249	-1.25746
128	0.955665	0.0933004	0.0933004	-2.23517	-0.103903	-0.0610753	1.32263	1.32263	-2.80066	-0.476788	-0.263683
128	1.02046	-0.00381698	-0.00381698	-2.61561	-0.219641	-0.209057	-0.0541098	-0.0541098	-3.27737	-0.885338	-0.746271
128	1.03564	0.0824583	0.0824583	-2.81058	-0.159284	-0.0639164	1.16893	1.16893	-3.52166	-0.549544	-0.268628
128	1.19225	0.124033	0.124033	-2.01362	-0.435285	-0.401921	1.7583	1.7583	-2.52306	-1.0862	-0.946578
128	1.38717	0.0216792	-0.0435579	-3.23265	-1.29736	-1.0055	0.307326	-0.610201	-4.05052	-4.26448	-2.8358
128	0.834397	0.238617	0.238617	-1.95954	0.0943122	0.130053	3.38265	3.38265	-2.45531	0.534233	0.747298
128	1.02481	0.144032	0.144032	-2.52936	-0.0545788	0.00467233	2.04181	2.04181	-3.16929	-0.219687	0.0217072
128	0.84736	0.152477	0.152477	-2.32007	0.0155107	0.0209112	2.16152	2.16152	-2.90705	0.0988389	0.11535
128	1.12136	-0.00637329	-0.00637329	-3.01577	-0.399123	-0.315033	-0.0903483	-0.0903483	-3.77876	-1.04589	-0.852206
128	0.93043	0.0572334	0.0572334	-2.79918	-0.108956	-0.0674111	0.811345	0.811345	-3.50737	-0.569202	-0.338789
128	0.855149	0.0097178	0.0097178	-2.58102	-0.146758	-0.114704	0.13776	0.13776	-3.23402	-0.817814	-0.551708
128	0.820007	0.0939967	0.0939967	-2.23915	-0.0501882	-0.0346736	1.3325	1.3325	-2.80566	-0.283062	-0.179552
128	0.865809	0.167084	0.167084	-1.70814	0.0314151	0.0459123	2.36859	2.36859	-2.1403	0.195267	0.250289
128	0.937328	0.0889449	0.0889449	-2.58751	-0.091824	-0.0824221	1.26089	1.26089	-3.24215	-0.414942	-0.325516
128	0.995641	-0.0391535	-0.0391535	-2.43015	-0.234531	-0.200631	-0.555043	-0.555043	-3.04498	-1.07087	-0.814834
128	1.08857	0.014198	0.014198	-2.65012	-0.331256	-0.241355	0.201272	0.201272	-3.3206	-0.973791	-0.744793
128	0.935687	0.0363909	0.0363909	-2.49546	-0.145476	-0.0873342	0.515881	0.515881	-3.12681	-0.687541	-0.481776
128	1.07143	-0.0569096	-0.0569096	-2.7515	-0.37888	-0.321918	-0.806755	-0.806755	-3.44763	-1.16016	-0.96724
128	1.10665	0.0475814	0.0475814	-3.10174	-0.338639	-0.297477	0.674518	0.674518	-3.88648	-0.961509	-0.798492
128	1.0108	0.0885245	0.0885245	-2.18194	-0.0890848	-0.0902526	1.25493	1.25493	-2.73398	-0.405062	-0.360225
128	0.818804	0.159359	0.159359	-1.84255	-0.00265425	0.030381	2.25909	2.25909	-2.30872	-0.0149725	0.156662
128	1.07161	0.023751	0.023751	-1.99079	-0.186996	-0.218607	0.336696	0.336696	-2.49445	-0.812839	-0.636852
128	0.952359	0.0220962	0.0220962	-2.91436	-0.197455	-0.109259	0.313238	0.313238	-3.65169	-0.775631	-0.520467
128	0.97356	0.0591948	0.0591948	-2.41957	-0.111152	-0.0907589	0.83915	0.83915	-3.03172	-0.548287	-0.429981
128	0.899139	0.119286	0.119286	-2.67911	-0.0343514	-0.0219328	1.691	1.691	-3.35693	-0.174175	-0.101541
128	1.05383	0.0752479	0.0752479	-2.39972	-0.132264	-0.0815055	1.06672	1.06672	-3.00685	-0.565942	-0.342272
128	0.92059	0.0949699	0.0949699	-1.77576	-0.0490361	-0.0494727	1.3463	1.3463	-2.22503	-0.306485	-0.22668
128	1.04419	-0.000631253	-0.000631253	-2.33007	-0.238832	-0.17999	-0.00894869	-0.00894869	-2.91958	-0.860508	-0.701342
128	0.994127	0.0460327	0.0460327	-2.82436	-0.147642	-0.117837	0.652564	0.652564	-3.53892	-0.65046	-0.543019
128	1.06002	0.204509	0.204509	-2.24873	-0.106122	-0.0197943	2.89914	2.89914	-2.81766	-0.335476	-0.0706555
128	1.04031	-0.044254	-0.044254	-2.15231	-0.301679	-0.262741	-0.627348	-0.627348	-2.69684	-1.13832	-0.910738
128	1.30377	0.207207	0.184107	-2.73652	-0.833773	-0.529307	2.93738	2.5997	-3.42886	-1.94253	-1.19046
128	0.75846	0.0743366	0.0743366	-3.38548	-0.0612359	-0.0397214	1.0538	1.0538	-4.24201	-0.38511	-0.216682
128	1.17891	0.0788757	0.0788757	-2.58436	-0.426357	-0.347917	1.11815	1.11815	-3.2382	-1.05943	-0.866047
128	1.03757	0.150034	0.150034	-2.29299	-0.0790398	-0.0448737	2.12689	2.12689	-2.87311	-0.311108	-0.157351
128	1.01127	0.000646076	0.000646076	-2.03577	-0.185922	-0.183713	0.00915882	0.00915882	-2.55082	-0.809211	-0.657774
128	0.903699	0.146755	0.146755	-2.12123	-0.0121927	0.0173074	2.08041	2.08041	-2.6579	-0.065961	0.082343
128	1.00416	0.103359	0.103359	-2.747	-0.089843	-0.0655034	1.46522	1.46522	-3.44199	-0.421062	-0.25674
128	0.988433	0.163932	0.163932	-2.51355	-0.0556926	-0.0203652	2.32392	2.32392	-3.14948	-0.209283	-0.0751973
128	1.11468	0.0950295	0.0950295	-2.49255	-0.280683	-0.205047	1.34715	1.34715	-3.12317	-0.878845	-0.569547
128	1.18473	-0.0626198	-0.0626198	-2.81621	-0.589284	-0.541518	-0.887703	-0.887703	-3.52871	-1.45529	-1.25347
128	0.880831	0.00361777	0.00361777	-2.24106	-0.159004	-0.136477	0.0512858	0.0512858	-2.80805	-0.796296	-0.645564
128	1.05307	0.00362387	0.00362387	-2.21781	-0.252546	-0.215365	0.0513723	0.0513723	-2.77892	-0.912245	-0.730067
128	1.19746	-0.0375565	-0.0375565	-3.23859	-0.783028	-0.68426	-0.532404	-0.532404	-4.05795	-1.74666	-1.53231
128	1.09929	-0.0178452	-0.0178452	-2.64739	-0.411845	-0.261894	-0.252976	-0.252976	-3.31718	-1.2143	-0.825529
128	0.976931	0.0840143	0.0840143	-2.24665	-0.0752836	-0.0795635	1.19099	1.19099	-2.81506	-0.369665	-0.325386
128	0.919997	0.0703205	0.0703205	-2.26582	-0.0784306	-0.0707575	0.996869	0.996869	-2.83907	-0.435798	-0.31972
128	1.03876	-0.0246765	-0.0246765	-2.72245	-0.250984	-0.229622	-0.349816	-0.349816	-3.41123	-1.00599	-0.874161
128	0.979206	0.166487	0.166487	-2.7638	-0.0506586	-0.00208903	2.36013	2.36013	-3.46304	-0.202184	-0.00872089
128	0.858276	0.0915325	0.0915325	-2.2514	-0.0493654	-0.0435436	1.29757	1.29757	-2.82101	-0.273829	-0.2234
128	0.939665	-0.074246	-0.074246	-2.83866	-0.214468	-0.235062	-1.05252	-1.05252	-3.55684	-1.16946	-0.956298
128	1.11954	0.100505	0.100505	-2.58124	-0.237363	-0.169037	1.42476	1.42476	-3.2343	-0.716508	-0.475074
128	0.783199	0.087196	0.087196	-2.23743	-0.0334013	-0.040337	1.2361	1.2361	-2.8035	-0.23694	-0.220337
128	1.06586	0.00352378	0.00352378	-2.66053	-0.3351	-0.234197	0.0499534	0.0499534	-3.33364	-1.00987	-0.791914
128	1.1435	0.141729	0.141729	-2.32521	-0.245894	-0.23188	2.00916	2.00916	-2.91349	-0.755446	-0.586469
128	1.02555	0.0333491	0.0333491	-2.93803	-0.186105	-0.158952	0.472759	0.472759	-3.68136	-0.777487	-0.569397
128	1.03126	0.00556463	0.00556463	-2.32955	-0.17729	-0.201525	0.0788846	0.0788846	-2.91892	-0.790903	-0.739902
128	1.08556	0.136423	0.136423	-2.82173	-0.214198	-0.100999	1.93394	1.93394	-3.53562	-0.644897	-0.340167
128	1.14471	0.155596	0.155596	-2.53874	-0.302095	-0.224175	2.20574	2.20574	-3.18105	-0.788392	-0.594936
128	0.885436	-0.0873068	-0.0873068	-2.42081	-0.245945	-0.237114	-1.23767	-1.23767	-3.03327	-1.31997	-1.13359
128	0.910186	0.0779495	0.0779495	-2.4927	-0.09095	-0.0462593	1.10502	1.10502	-3.12336	-0.439562	-0.237342
128	1.08426	0.0483482	0.0483482	-2.93758	-0.255683	-0.21152	0.685387	0.685387	-3.68079	-0.791621	-0.682771
128	0.995054	0.00653142	0.00653142	-2.76195	-0.15562	-0.142929	0.09259	0.09259	-3.46072	-0.869627	-0.698434
128	1.01064	0.0854372	0.0854372	-2.52062	-0.11266	-0.0702542	1.21116	1.21116	-3.15834	-0.475538	-0.289994
128	0.937057	0.193453	0.193453	-2.37414	0.0480771	0.0742912	2.7424	2.7424	-2.97479	0.272553	0.402721
128	1.17809	0.0706303	0.0706303	-2.74929	-0.543225	-0.368525	1.00126	1.00126	-3.44486	-1.40637	-0.972143
128	0.908808	0.108897	0.108897	-2.1282	-0.0666805	-0.0153701	1.54373	1.54373	-2.66664	-0.312652	-0.0788512
128	1.0041	0.0790816	0.0790816	-2.22918	-0.092265	-0.0749083	1.12107	1.12107	-2.79316	-0.429039	-0.319553
128	0.975321	0.186993	0.186993	-2.33062	0.0185396	0.0226497	2.65083	2.65083	-2.92026	0.0887968	0.0943395
128	1.17079	-0.0414655	-0.0414655	-2.30595	-0.502568	-0.474648	-0.587818	-0.587818	-2.88936	-1.33346	-1.1288
128	0.822611	0.0574882	0.0574882	-2.15238	-0.0674897	-0.0703966	0.814956	0.814956	-2.69694	-0.438092	-0.382539
128	1.01484	0.140179	0.140179	-2.74938	-0.0508353	0.00757613	1.98718	1.98718	-3.44498	-0.230556	0.0398813
128	0.945772	0.0927437	0.0927437	-2.15259	-0.108968	-0.0587984	1.31474	1.31474	-2.69719	-0.500178	-0.267645
128	1.01565	0.0295092	0.0295092	-2.22689	-0.190181	-0.161565	0.418325	0.418325	-2.79029	-0.779762	-0.58035
128	1.1397	0.169118	0.169118	-2.33341	-0.425447	-0.310817	2.39743	2.39743	-2.92377	-1.05445	-0.726167
128	0.966544	-0.0253755	-0.0253755	-2.41852	-0.197863	-0.172854	-0.359725	-0.359725	-3.03041	-1.02833	-0.739568
128	0.933968	0.125643	0.125643	-2.39739	-0.0298394	-0.00472478	1.78113	1.78113	-3.00393	-0.15154	-0.0251839
128	0.911497	-0.0741009	-0.0741009	-2.87004	-0.240032	-0.215891	-1.05046	-1.05046	-3.59615	-1.21101	-1.01382
128	0.955053	0.152825	0.152825	-2.35751	0.0028478	0.0315939	2.16646	2.16646	-2.95395	0.0155003	0.15196
128	0.941724	0.140531	0.140531	-1.94231	-0.035523	0.0114576	1.99218	1.99218	-2.43372	-0.161338	0.0586762
128	1.00784	0.0289122	0.0289122	-2.28473	-0.172546	-0.104312	0.409862	0.409862	-2.86276	-0.666584	-0.482342
128	0.768933	-0.019739	-0.019739	-1.90615	-0.15584	-0.130183	-0.279822	-0.279822	-2.3884	-1.02794	-0.757094
128	0.848579	0.0725311	0.0725311	-2.48424	-0.0729929	-0.0573336	1.02821	1.02821	-3.11275	-0.389958	-0.280096
128	1.03252	0.0771963	0.0771963	-2.51938	-0.127756	-0.0887446	1.09434	1.09434	-3.15678	-0.538264	-0.353021
128	1.14969	0.211707	0.211707	-2.61247	-0.157163	-0.154654	3.00117	3.00117	-3.27342	-0.444102	-0.395426
128	0.888107	-0.018913	-0.018913	-1.72019	-0.192386	-0.169215	-0.268111	-0.268111	-2.1554	-0.901928	-0.78394
128	0.864656	0.0484435	0.0484435	-1.92568	-0.0847985	-0.0648951	0.686738	0.686738	-2.41288	-0.51677	-0.363082
128	0.952733	0.0863391	0.0863391	-2.04779	-0.129229	-0.0531489	1.22395	1.22395	-2.56589	-0.550453	-0.276048
128	0.991188	0.0462473	0.0462473	-2.75218	-0.148024	-0.102437	0.655606	0.655606	-3.44848	-0.667379	-0.452734
128	0.954456	0.00936031	0.00936031	-2.52129	-0.163787	-0.135506	0.132692	0.132692	-3.15918	-0.73922	-0.564333
128	0.7878	0.0459927	0.0459927	-2.67199	-0.093365	-0.0699019	0.651996	0.651996	-3.348	-0.537755	-0.398196
128	0.992084	-0.054653	-0.054653	-2.57619	-0.228755	-0.208993	-0.774764	-0.774764	-3.22796	-1.10601	-0.950887
128	1.19534	0.138301	0.138301	-3.09741	-0.582128	-0.447222	1.96056	1.96056	-3.88106	-1.4481	-1.01097
128	0.898958	0.0918048	0.0918048	-2.43375	-0.0556165	-0.0582349	1.30143	1.30143	-3.04948	-0.303093	-0.260377
128	1.04567	0.147793	0.147793	-2.08001	-0.0874273	-0.0692359	2.09512	2.09512	-2.60626	-0.338001	-0.231523
128	0.968747	0.0828923	0.0828923	-2.57762	-0.0894005	-0.0870071	1.17509	1.17509	-3.22976	-0.39381	-0.352522
128	0.800763	0.143024	0.143024	-2.01769	0.00215605	0.0259935	2.02752	2.02752	-2.52817	0.0134554	0.139095
128	0.836172	-0.235277	-0.235277	-2.58882	-0.372654	-0.34959	-3.3353	-3.3353	-3.24379	-2.14318	-1.87331
128	1.15399	0.0188678	0.0188678	-2.7775	-0.478118	-0.50685	0.267471	0.267471	-3.4802	-1.18298	-1.12291
128	0.887583	-0.0532466	-0.0532466	-1.99234	-0.221966	-0.19278	-0.754829	-0.754829	-2.4964	-1.15364	-0.921723
128	0.844945	0.151636	0.151636	-2.29486	0.00922569	-0.0116026	2.14961	2.14961	-2.87545	0.0539138	-0.0487129
128	0.973802	0.176397	0.176397	-2.02853	-0.0195875	0.0271017	2.50062	2.50062	-2.54175	-0.0893056	0.125436
128	0.789727	-0.0503011	-0.0503011	-2.13565	-0.195284	-0.190716	-0.713072	-0.713072	-2.67597	-1.14089	-0.996385
128	0.932789	0.14021	0.14021	-1.80466	-0.0554881	-0.0012734	1.98763	1.98763	-2.26124	-0.236559	-0.0060929
128	0.975716	0.148905	0.148905	-2.16376	-0.0355081	-0.0139973	2.11088	2.11088	-2.71119	-0.149922	-0.0573662
128	0.916947	0.0441672	0.0441672	-2.01371	-0.13193	-0.0783892	0.626118	0.626118	-2.52318	-0.667795	-0.446476
128	1.15338	0.130566	0.130566	-2.81029	-0.28317	-0.322779	1.85091	1.85091	-3.5213	-0.814517	-0.717318
128	1.23778	-0.0593596	-0.0593596	-2.31159	-1.00597	-0.765999	-0.841486	-0.841486	-2.89642	-2.3642	-1.90909
128	0.937128	0.0501657	0.0501657	-2.28336	-0.106496	-0.0957487	0.711153	0.711153	-2.86105	-0.572878	-0.465397
128	0.986671	-0.0451402	-0.0451402	-2.56193	-0.232271	-0.216537	-0.639911	-0.639911	-3.21009	-1.05202	-0.837753
128	1.27366	0.178684	0.156101	-2.36075	-0.805893	-0.600465	2.53303	2.20424	-2.95802	-2.15526	-1.38828
128	0.985566	-0.0036805	-0.0036805	-2.96384	-0.168899	-0.150748	-0.0521751	-0.0521751	-3.7137	-0.846946	-0.645411
128	1.29041	0.0621551	0.0373571	-3.05625	-0.851422	-0.705863	0.881116	0.527505	-3.82948	-1.94255	-1.80622
128	1.11207	0.193337	0.193337	-2.45967	-0.209484	-0.158669	2.74077	2.74077	-3.08196	-0.600661	-0.429738
128	1.0894	-0.0147732	-0.0147732	-2.59781	-0.288584	-0.246978	-0.209426	-0.209426	-3.25506	-1.02066	-0.863085
128	1.01501	-0.0320343	-0.0320343	-2.58127	-0.244592	-0.155766	-0.454121	-0.454121	-3.23433	-0.929936	-0.760486
128	1.01301	-0.0149521	-0.0149521	-2.23173	-0.197638	-0.165419	-0.211963	-0.211963	-2.79636	-0.85155	-0.739795
128	0.996439	-0.0435094	-0.0435094	-2.52256	-0.222433	-0.2152	-0.616793	-0.616793	-3.16077	-1.05783	-0.817415
128	0.904338	0.145793	0.145793	-2.54251	-0.0107176	0.0207146	2.06678	2.06678	-3.18577	-0.0589553	0.108602
128	1.10923	0.0103611	0.0103611	-2.74463	-0.329642	-0.305375	0.146879	0.146879	-3.43902	-1.00238	-0.845086
128	1.16038	0.132973	0.132973	-2.52651	-0.584194	-0.374314	1.88503	1.88503	-3.16572	-1.41306	-0.825037
128	1.09051	-0.0562667	-0.0562667	-2.89395	-0.422496	-0.290105	-0.797641	-0.797641	-3.62612	-1.2529	-0.99886
128	1.05621	-0.0759268	-0.0759268	-2.31087	-0.371078	-0.293486	-1.07634	-1.07634	-2.89552	-1.29737	-0.959585
128	0.946421	0.0921888	0.0921888	-2.82993	-0.0882785	-0.0620432	1.30688	1.30688	-3.5459	-0.432324	-0.260793
128	0.972772	0.0494428	0.0494428	-2.28293	-0.11348	-0.0908065	0.700905	0.700905	-2.86051	-0.562826	-0.425872
128	1.12448	0.0284894	0.0284894	-2.80855	-0.279917	-0.235014	0.403868	0.403868	-3.51911	-0.946551	-0.715724
128	1.0509	0.022467	0.022467	-2.76792	-0.251304	-0.14506	0.318494	0.318494	-3.4682	-0.789436	-0.59225
128	1.00628	0.0274051	0.0274051	-2.90968	-0.174294	-0.103736	0.388497	0.388497	-3.64583	-0.739928	-0.502012
128	0.950824	0.0208028	0.0208028	-2.64209	-0.158926	-0.134138	0.294903	0.294903	-3.31054	-0.71642	-0.563551
128	1.02766	0.0912109	0.0912109	-1.77448	-0.110965	-0.129293	1.29301	1.29301	-2.22342	-0.481144	-0.445437
128	0.951714	0.0795225	0.0795225	-2.11964	-0.0745233	-0.0701313	1.12732	1.12732	-2.65591	-0.390074	-0.334091
128	0.959251	0.036945	0.036945	-2.67555	-0.140992	-0.11022	0.523735	0.523735	-3.35246	-0.66248	-0.508994
128	0.861559	0.112566	0.112566	-2.27126	-0.0651346	-0.0295768	1.59574	1.59574	-2.84588	-0.34406	-0.138277
128	0.930739	0.0599212	0.0599212	-2.67236	-0.0789382	-0.0751075	0.849448	0.849448	-3.34846	-0.472714	-0.358043
128	0.851033	-0.0314771	-0.0314771	-2.78074	-0.160283	-0.158538	-0.446222	-0.446222	-3.48427	-1.03878	-0.783687
128	1.01196	0.0430901	0.0430901	-2.60638	-0.15823	-0.127299	0.610849	0.610849	-3.2658	-0.665773	-0.504247
128	1.04114	0.047096	0.047096	-2.6097	-0.195096	-0.142997	0.667636	0.667636	-3.26995	-0.663099	-0.517898
128	0.95559	0.210117	0.210117	-1.62265	0.0442703	0.0538821	2.97863	2.97863	-2.03318	0.227692	0.235188
128	0.866856	0.0225206	0.0225206	-2.26501	-0.163324	-0.0993883	0.319254	0.319254	-2.83806	-0.704227	-0.516087
128	0.955488	0.140591	0.140591	-2.64557	-0.0379037	-0.0276125	1.99303	1.99303	-3.3149	-0.1772	-0.114825
128	1.01517	0.0850228	0.0850228	-2.22031	-0.106521	-0.0869818	1.20529	1.20529	-2.78205	-0.464103	-0.339597
128	0.885138	-0.0222238	-0.0222238	-2.25	-0.168304	-0.150489	-0.315047	-0.315047	-2.81925	-0.925222	-0.822616
128	1.09028	0.132881	0.132881	-2.55838	-0.215227	-0.171526	1.88373	1.88373	-3.20565	-0.653293	-0.474294
128	1.32333	0.0998871	0.0616526	-2.71722	-0.848225	-0.74552	1.41601	0.867138	-3.40468	-1.96758	-1.69558
128	1.28959	-0.0191856	-0.0442378	-3.05746	-0.907937	-0.710905	-0.271976	-0.624664	-3.831	-2.26551	-1.72252
128	0.973176	0.0691658	0.0691658	-2.32571	-0.108755	-0.0529438	0.9805	0.9805	-2.91411	-0.52384	-0.254254
128	0.978861	0.0365144	0.0365144	-2.66468	-0.127994	-0.118113	0.517632	0.517632	-3.33884	-0.633388	-0.541014
128	0.95991	-0.0284353	-0.0284353	-3.0452	-0.200292	-0.184215	-0.403102	-0.403102	-3.81564	-0.892462	-0.770534
128	0.804501	-0.0620616	-0.0620616	-2.18934	-0.206377	-0.175607	-0.87979	-0.87979	-2.74324	-1.14321	-1.03448
128	0.969898	-0.042696	-0.042696	-3.04634	-0.213708	-0.189548	-0.605261	-0.605261	-3.81706	-1.1304	-0.884447
128	1.06008	0.138198	0.138198	-2.64659	-0.142785	-0.0930128	1.95911	1.95911	-3.31618	-0.488305	-0.313987
128	1.21739	0.0396935	0.0396935	-3.0384	-0.699336	-0.503698	0.562698	0.562698	-3.80712	-1.61619	-1.13624
128	0.883831	-0.0566619	-0.0566619	-2.33244	-0.20455	-0.207664	-0.803244	-0.803244	-2.92255	-1.16825	-0.912244
128	1.07296	-0.0366987	-0.0366987	-3.25518	-0.284463	-0.293378	-0.520244	-0.520244	-4.07874	-0.975199	-0.926631
128	0.927988	0.144386	0.144386	-2.00623	-0.0199102	-0.0139008	2.04683	2.04683	-2.51381	-0.0993344	-0.0599921
128	1.08908	-0.0268256	-0.0268256	-2.38003	-0.357028	-0.280682	-0.380282	-0.380282	-2.98218	-1.11232	-0.889068
128	0.854318	-0.0131146	-0.0131146	-2.03755	-0.181842	-0.16548	-0.185913	-0.185913	-2.55305	-0.867231	-0.739862
128	1.22415	0.10498	0.10498	-2.88886	-0.748825	-0.488141	1.4882	1.4882	-3.61974	-1.92451	-1.0974
128	1.13178	-0.0102223	-0.0102223	-2.45401	-0.557611	-0.387571	-0.144913	-0.144913	-3.07488	-1.54192	-1.03092
128	0.927172	0.109402	0.109402	-2.93754	-0.0438628	-0.0371161	1.55089	1.55089	-3.68074	-0.247146	-0.163286
128	1.0162	0.137053	0.137053	-2.09319	-0.10805	-0.029651	1.94288	1.94288	-2.62277	-0.384097	-0.120574
128	0.974131	0.059075	0.059075	-2.53568	-0.137902	-0.115206	0.837452	0.837452	-3.17721	-0.634066	-0.473379
128	0.986348	0.124705	0.124705	-2.83404	-0.0712124	-0.0560044	1.76783	1.76783	-3.55105	-0.313976	-0.234146
128	1.18836	-0.154154	-0.154154	-3.29318	-0.673945	-0.564049	-2.18529	-2.18529	-4.12635	-1.70562	-1.50045
128	0.856112	0.135181	0.135181	-2.09648	-0.00760847	0.0137843	1.91634	1.91634	-2.62689	-0.043106	0.0741327
128	0.98265	0.0802418	0.0802418	-2.18619	-0.0974285	-0.0853305	1.13751	1.13751	-2.73929	-0.437884	-0.353126
128	0.932442	0.0504422	0.0504422	-2.19978	-0.114079	-0.0847587	0.715073	0.715073	-2.75632	-0.616267	-0.430631
128	1.02696	0.0799413	0.0799413	-2.33911	-0.0797977	-0.0987113	1.13325	1.13325	-2.93091	-0.406212	-0.390535
128	0.822039	0.0238505	0.0238505	-1.8791	-0.1129	-0.104694	0.338106	0.338106	-2.35451	-0.657985	-0.543322
128	0.967977	0.185897	0.185897	-2.06896	-0.0108437	0.0435976	2.63529	2.63529	-2.5924	-0.0475276	0.193435
128	0.974213	0.0759369	0.0759369	-2.77251	-0.100626	-0.0880537	1.07649	1.07649	-3.47395	-0.471858	-0.384586
128	0.86441	0.202955	0.202955	-1.77783	0.0495012	0.0641946	2.8771	2.8771	-2.22763	0.272409	0.330522
128	0.953492	0.0816335	0.0816335	-2.17655	-0.0992181	-0.0404653	1.15724	1.15724	-2.72722	-0.457955	-0.225944
128	0.913409	0.0391376	0.0391376	-2.63248	-0.115849	-0.120441	0.554817	0.554817	-3.2985	-0.663718	-0.540515
128	0.941102	0.062492	0.062492	-2.57339	-0.11659	-0.0821042	0.885892	0.885892	-3.22446	-0.535077	-0.414738
128	0.94626	0.0190781	0.0190781	-2.72774	-0.172675	-0.135059	0.270452	0.270452	-3.41786	-0.749769	-0.575451
128	0.920106	0.133181	0.133181	-2.01496	-0.052094	0.00446168	1.88798	1.88798	-2.52474	-0.241777	0.0236545
128	0.92101	0.208427	0.208427	-2.35531	0.020558	0.0759849	2.95468	2.95468	-2.9512	0.0901851	0.382088
128	1.11836	-0.00192856	-0.00192856	-2.38484	-0.439151	-0.349055	-0.0273395	-0.0273395	-2.98821	-1.20221	-1.01417
128	1.16831	0.119719	0.119719	-2.31238	-0.547721	-0.450644	1.69715	1.69715	-2.89742	-1.31968	-1.07231
128	1.04132	0.131176	0.131176	-2.52249	-0.110591	-0.0528284	1.85956	1.85956	-3.16067	-0.402651	-0.210944
128	0.865815	0.122182	0.122182	-1.82295	-0.047312	-0.0155696	1.73207	1.73207	-2.28416	-0.228048	-0.0761689
128	1.06794	-0.000157985	-0.000157985	-2.12928	-0.295183	-0.200258	-0.00223961	-0.00223961	-2.66798	-1.00454	-0.753073
128	0.923028	0.225765	0.225765	-1.91193	0.0691859	0.0669914	3.20046	3.20046	-2.39565	0.399653	0.275826
128	1.04717	0.0115341	0.0115341	-2.78477	-0.193086	-0.193517	0.163508	0.163508	-3.48931	-0.858983	-0.689444
128	1.01809	0.0720457	0.0720457	-2.39579	-0.133524	-0.100462	1.02133	1.02133	-3.00192	-0.573298	-0.411594
128	0.959757	-0.0400819	-0.0400819	-2.51244	-0.254989	-0.180976	-0.568204	-0.568204	-3.14809	-0.995962	-0.854257
128	1.01787	-0.00541982	-0.00541982	-2.28043	-0.167103	-0.1655	-0.0768318	-0.0768318	-2.85738	-0.909705	-0.734658
128	1.25578	0.106697	0.0842242	-2.76587	-0.938021	-0.766037	1.51254	1.18929	-3.46563	-2.4452	-1.95851
128	1.03144	-0.000535781	-0.000535781	-2.61604	-0.252451	-0.17123	-0.00759528	-0.00759528	-3.27789	-0.860042	-0.710121
128	0.967389	0.129319	0.129319	-2.38129	-0.0402843	-0.0222945	1.83324	1.83324	-2.98376	-0.210809	-0.0940322
128	1.05872	-0.0106581	-0.0106581	-2.1961	-0.22417	-0.214012	-0.15109	-0.15109	-2.75171	-0.871068	-0.752132
128	0.966495	0.0786574	0.0786574	-3.06391	-0.11245	-0.0783722	1.11505	1.11505	-3.83908	-0.510741	-0.324454
128	1.0598	0.0124475	0.0124475	-3.07942	-0.237778	-0.231409	0.176457	0.176457	-3.85851	-0.849421	-0.768859
128	0.915204	0.00724272	0.00724272	-2.66912	-0.150686	-0.132239	0.102673	0.102673	-3.34441	-0.75437	-0.641533
128	0.970759	0.145085	0.145085	-1.99339	-0.0279397	-0.000881945	2.05674	2.05674	-2.49772	-0.136985	-0.00395676
128	0.909281	-0.16568	-0.16568	-2.53563	-0.327749	-0.310781	-2.34869	-2.34869	-3.17714	-1.70516	-1.49311
128	0.813992	0.297885	0.297885	-2.19475	0.154336	0.178117	4.22284	4.22284	-2.75002	0.919896	0.904966
128	0.909495	0.324768	0.324768	-1.95828	0.155912	0.184948	4.60394	4.60394	-2.45372	0.844506	0.891772
128	1.07877	0.188537	0.188537	-2.26837	-0.0412024	-0.0310773	2.67271	2.67271	-2.84226	-0.167053	-0.108946
128	1.05755	0.106866	0.106866	-2.30238	-0.190632	-0.138115	1.51495	1.51495	-2.88489	-0.62912	-0.431126
128	1.13594	0.00467716	0.00467716	-2.9122	-0.471748	-0.408531	0.0663038	0.0663038	-3.64899	-1.22018	-1.03291
128	0.948287	-0.0871921	-0.0871921	-2.23729	-0.273482	-0.244318	-1.23604	-1.23604	-2.80333	-1.12252	-1.10885
128	0.936948	0.165481	0.165481	-2.04997	-0.00768591	-0.00480726	2.34587	2.34587	-2.56861	-0.0353019	-0.019439
128	0.968584	0.04848	0.04848	-2.22404	-0.130975	-0.0900545	0.687256	0.687256	-2.78672	-0.620755	-0.441594
128	1.00489	0.0515814	0.0515814	-1.94871	-0.13408	-0.115729	0.731221	0.731221	-2.44173	-0.603329	-0.500708
128	0.980772	0.131291	0.131291	-1.93682	-0.0312131	-0.0266436	1.8612	1.8612	-2.42683	-0.150985	-0.118858
128	1.05063	0.0839459	0.0839459	-2.57477	-0.164147	-0.117702	1.19002	1.19002	-3.22619	-0.596045	-0.405315
128	0.9958	0.11119	0.11119	-2.77885	-0.0393525	-0.0325336	1.57624	1.57624	-3.48189	-0.231271	-0.155086
128	0.947545	0.0563895	0.0563895	-2.57252	-0.140804	-0.0699368	0.799381	0.799381	-3.22337	-0.577439	-0.362941
128	1.00134	0.0348186	0.0348186	-2.49925	-0.144864	-0.146989	0.493591	0.493591	-3.13156	-0.663763	-0.52707
128	0.890754	0.163374	0.163374	-2.12985	0.0300345	0.027455	2.31601	2.31601	-2.6687	0.188093	0.142672
128	0.879011	0.183267	0.183267	-2.26231	0.0232503	0.0582082	2.59801	2.59801	-2.83468	0.112204	0.301589
128	0.973466	0.0437449	0.0437449	-2.67744	-0.160501	-0.127524	0.620131	0.620131	-3.35483	-0.643719	-0.542903
128	1.18397	-0.026422	-0.026422	-2.28959	-0.581271	-0.532652	-0.374561	-0.374561	-2.86885	-1.53496	-1.2627
128	1.26012	0.0628899	0.0416327	-2.78042	-0.769299	-0.640088	0.891532	0.587878	-3.48386	-1.80946	-1.42993
128	1.05527	0.112043	0.112043	-2.12686	-0.077357	-0.122523	1.58833	1.58833	-2.66495	-0.323577	-0.382727
128	1.01845	0.170806	0.170806	-2.5958	-0.0405097	0.00170736	2.42136	2.42136	-3.25253	-0.179006	0.00666655
128	1.05328	0.159994	0.159994	-2.2435	-0.0739536	-0.00859039	2.26809	2.26809	-2.8111	-0.279697	-0.0331293
128	1.00111	-0.0699853	-0.0699853	-2.64508	-0.266793	-0.244104	-0.992118	-0.992118	-3.31428	-1.10596	-0.956179
128	0.98696	0.0970075	0.0970075	-2.41617	-0.0888718	-0.0615736	1.37519	1.37519	-3.02746	-0.428527	-0.250446
128	1.31668	0.119281	0.0792948	-3.37888	-0.983391	-0.722225	1.69094	1.11527	-4.23373	-2.74722	-1.75285
128	1.08734	0.181265	0.181265	-2.26145	-0.110928	-0.0883156	2.56962	2.56962	-2.83359	-0.356426	-0.255857
128	1.01645	0.0979731	0.0979731	-2.80526	-0.137523	-0.0785256	1.38887	1.38887	-3.515	-0.489124	-0.308602
128	0.877293	-0.0362931	-0.0362931	-2.54089	-0.181714	-0.182375	-0.514494	-0.514494	-3.18374	-0.965763	-0.798872
128	1.16952	0.0228263	0.0228263	-3.03864	-0.659906	-0.427643	0.323587	0.323587	-3.80742	-1.55911	-1.03438
128	0.926334	0.120221	0.120221	-2.40786	-0.0421318	-0.0273073	1.70426	1.70426	-3.01705	-0.210236	-0.122432
128	0.986628	0.120713	0.120713	-3.18637	-0.0930037	-0.0330091	1.71124	1.71124	-3.99252	-0.353425	-0.142451
128	0.831761	0.026777	0.026777	-1.92119	-0.101258	-0.128571	0.379593	0.379593	-2.40725	-0.687993	-0.558265
128	0.935243	0.0011555	0.0011555	-3.02787	-0.168399	-0.133493	0.0163804	0.0163804	-3.79392	-0.819374	-0.653144
128	0.797005	0.120777	0.120777	-2.8397	-0.0203729	0.000805493	1.71214	1.71214	-3.55814	-0.122632	0.00439996
128	0.949094	0.0430676	0.0430676	-2.32336	-0.136747	-0.106462	0.610529	0.610529	-2.91117	-0.645769	-0.468689
128	0.919372	-0.0540987	-0.0540987	-2.49761	-0.203303	-0.188681	-0.766907	-0.766907	-3.1295	-1.18515	-0.907601
128	0.91705	-0.0356574	-0.0356574	-2.38515	-0.209115	-0.141338	-0.505481	-0.505481	-2.98859	-1.02247	-0.784377
128	1.08506	0.0612901	0.0612901	-2.69558	-0.270918	-0.253374	0.868853	0.868853	-3.37756	-0.795657	-0.669612
128	0.867773	0.239869	0.239869	-2.11186	0.0840189	0.106312	3.4004	3.4004	-2.64615	0.434774	0.520561
128	1.07428	-0.000533802	-0.000533802	-2.92269	-0.33044	-0.246008	-0.00756722	-0.00756722	-3.66213	-1.0093	-0.788697
128	1.085	0.0675119	0.0675119	-2.85404	-0.210069	-0.1704	0.957054	0.957054	-3.57611	-0.737099	-0.534278
128	1.19601	0.0990536	0.0990536	-2.58589	-0.563828	-0.448945	1.40419	1.40419	-3.24012	-1.29133	-1.04329
128	1.04787	0.106999	0.106999	-2.54789	-0.101208	-0.0748156	1.51682	1.51682	-3.19251	-0.417254	-0.253686
128	0.826463	0.0927896	0.0927896	-2.0747	-0.0522731	-0.0407846	1.31539	1.31539	-2.5996	-0.302185	-0.208193
128	0.926731	-0.0159285	-0.0159285	-2.1849	-0.219783	-0.143245	-0.225804	-0.225804	-2.73767	-1.03391	-0.7491
128	1.16751	-0.0782035	-0.0782035	-2.63818	-0.621344	-0.565568	-1.10862	-1.10862	-3.30564	-1.44862	-1.40188
128	0.8552	-0.168857	-0.168857	-2.8037	-0.323104	-0.291439	-2.39373	-2.39373	-3.51304	-1.66836	-1.65413
128	0.993014	0.036061	0.036061	-2.9114	-0.145363	-0.108033	0.511204	0.511204	-3.64799	-0.716462	-0.490168
128	1.03002	0.0585973	0.0585973	-2.46995	-0.0855328	-0.138521	0.830681	0.830681	-3.09485	-0.501538	-0.500866
128	1.0009	0.150402	0.150402	-2.73775	-0.0397729	-0.0126883	2.13211	2.13211	-3.4304	-0.174233	-0.0510209
128	1.02525	0.018938	0.018938	-3.34666	-0.223044	-0.182694	0.268466	0.268466	-4.19336	-0.761625	-0.652246
128	0.983746	0.0738469	0.0738469	-1.9461	-0.105274	-0.101758	1.04686	1.04686	-2.43846	-0.471673	-0.412475
128	0.925862	-0.0355293	-0.0355293	-2.89198	-0.189536	-0.154176	-0.503665	-0.503665	-3.62365	-0.980226	-0.900598
128	0.906154	0.0643487	0.0643487	-2.36227	-0.088287	-0.0899279	0.912212	0.912212	-2.95992	-0.494358	-0.363407
128	1.04533	0.0392868	0.0392868	-2.66974	-0.180527	-0.144713	0.556933	0.556933	-3.34519	-0.761333	-0.569707
128	0.969054	-0.0453022	-0.0453022	-2.66515	-0.199636	-0.182076	-0.642208	-0.642208	-3.33943	-1.06681	-0.912935
128	0.833306	0.0229337	0.0229337	-2.56347	-0.113657	-0.114715	0.32511	0.32511	-3.21202	-0.675757	-0.62694
128	0.900703	0.122688	0.122688	-2.31187	-0.0304183	-0.0192666	1.73924	1.73924	-2.89677	-0.161836	-0.083436
128	0.916883	0.219197	0.219197	-2.60336	0.0357657	0.069644	3.10735	3.10735	-3.26201	0.176451	0.30806
128	1.08142	0.131135	0.131135	-2.78892	-0.166565	-0.100633	1.85899	1.85899	-3.49452	-0.503335	-0.347387
128	0.81873	0.048297	0.048297	-2.26834	-0.0975942	-0.0680831	0.684661	0.684661	-2.84223	-0.525987	-0.406531
128	1.08559	0.179602	0.179602	-2.37456	-0.152882	-0.0150793	2.54605	2.54605	-2.97533	-0.454583	-0.0548709
128	1.11144	0.0247562	0.0247562	-2.44066	-0.309001	-0.281134	0.350945	0.350945	-3.05815	-0.89494	-0.799331
128	0.820464	-0.0537771	-0.0537771	-2.33401	-0.19529	-0.19542	-0.762348	-0.762348	-2.92452	-1.20191	-0.995479
128	0.955524	0.0714674	0.0714674	-2.59346	-0.104336	-0.0613009	1.01313	1.01313	-3.2496	-0.516366	-0.307272
128	0.990452	0.145451	0.145451	-2.53214	-0.0444819	-0.0470564	2.06192	2.06192	-3.17277	-0.199298	-0.16712
128	1.16159	-0.0174285	-0.0174285	-3.34986	-0.606536	-0.391072	-0.247068	-0.247068	-4.19737	-1.48847	-1.10526
128	0.987562	0.162252	0.162252	-2.11346	0.00509674	0.0198721	2.3001	2.3001	-2.64817	0.0274308	0.0950696
128	0.912422	0.0238046	0.0238046	-2.31446	-0.13784	-0.117792	0.337456	0.337456	-2.90002	-0.668125	-0.587374
128	0.945179	-0.0966541	-0.0966541	-2.99303	-0.27065	-0.243982	-1.37018	-1.37018	-3.75026	-1.35954	-1.07216
128	0.79721	-0.0181078	-0.0181078	-2.995	-0.164527	-0.134178	-0.256697	-0.256697	-3.75273	-0.931144	-0.739762
128	1.14245	0.119069	0.119069	-2.80673	-0.367343	-0.325346	1.68793	1.68793	-3.51683	-0.944702	-0.785195
128	0.840852	0.107282	0.107282	-2.58972	-0.0165733	-0.0170679	1.52083	1.52083	-3.24491	-0.11193	-0.0919038
128	1.09664	-0.0697082	-0.0697082	-2.19466	-0.380566	-0.403521	-0.988189	-0.988189	-2.74991	-1.27462	-1.12616
128	0.920878	0.0684901	0.0684901	-2.24642	-0.109821	-0.0725817	0.970921	0.970921	-2.81476	-0.533725	-0.324866
128	0.802797	0.0314765	0.0314765	-1.93953	-0.119526	-0.0892628	0.446213	0.446213	-2.43023	-0.672042	-0.506629
128	1.02478	0.0234338	0.0234338	-2.84275	-0.190549	-0.140048	0.3322	0.3322	-3.56197	-0.77503	-0.607732
128	0.794608	-0.0147083	-0.0147083	-2.56675	-0.179525	-0.143649	-0.208506	-0.208506	-3.21613	-0.917336	-0.709706
128	0.773859	0.162415	0.162415	-2.12015	0.0167954	0.0590856	2.30241	2.30241	-2.65654	0.0897273	0.388679
128	1.02908	0.0325952	0.0325952	-2.70322	-0.211202	-0.134866	0.462072	0.462072	-3.38714	-0.733594	-0.565094
128	1.0634	0.181206	0.181206	-2.30819	-0.087245	-0.0465248	2.56879	2.56879	-2.89216	-0.302317	-0.151684
128	0.917477	-0.0595858	-0.0595858	-2.74651	-0.233813	-0.220611	-0.844693	-0.844693	-3.44138	-1.08819	-1.01214
128	0.935529	-0.00812084	-0.00812084	-2.49068	-0.182944	-0.147465	-0.115122	-0.115122	-3.12082	-0.934451	-0.735273
128	0.884381	0.0462945	0.0462945	-2.5819	-0.0907836	-0.0871319	0.656275	0.656275	-3.23512	-0.509574	-0.432928
128	1.03638	-0.111079	-0.111079	-2.80944	-0.34353	-0.306805	-1.57466	-1.57466	-3.52022	-1.28977	-1.21928
128	1.10982	0.105296	0.105296	-1.79892	-0.234402	-0.186151	1.49268	1.49268	-2.25405	-0.721423	-0.527913
128	0.910845	0.137152	0.137152	-1.96432	-0.0240026	-0.0187677	1.94428	1.94428	-2.4613	-0.125757	-0.0813678
128	0.623777	0.132479	0.132479	-1.23544	0.0191601	0.0305416	1.87804	1.87804	-1.54801	0.140402	0.187288
128	0.81561	0.165146	0.165146	-1.81877	0.0236653	0.0249511	2.34113	2.34113	-2.27892	0.141532	0.123294
128	0.944471	0.0639957	0.0639957	-2.2936	-0.118082	-0.0715363	0.907208	0.907208	-2.87388	-0.535467	-0.343605
128	0.734212	0.0620773	0.0620773	-1.68893	-0.0825629	-0.0749404	0.880013	0.880013	-2.11623	-0.475943	-0.371198
128	0.923265	0.0935651	0.0935651	-2.61364	-0.0576017	-0.0407767	1.32639	1.32639	-3.27489	-0.343611	-0.204319
128	0.928598	0.0822119	0.0822119	-2.57998	-0.0831411	-0.077826	1.16544	1.16544	-3.23272	-0.388644	-0.354441
128	0.918177	0.145827	0.145827	-2.02646	-0.0308001	0.0280538	2.06725	2.06725	-2.53916	-0.153219	0.155922
128	1.11422	-0.0271462	-0.0271462	-2.38137	-0.48931	-0.341644	-0.384827	-0.384827	-2.98386	-1.17862	-0.944751
128	0.917168	-0.003445	-0.003445	-2.85261	-0.151446	-0.158455	-0.0488366	-0.0488366	-3.57432	-0.79718	-0.720251
128	0.902133	0.0987934	0.0987934	-2.04066	-0.055864	-0.027452	1.4005	1.4005	-2.55695	-0.322753	-0.147317
128	1.033	0.0743166	0.0743166	-2.26972	-0.0814224	-0.0939187	1.05352	1.05352	-2.84396	-0.391091	-0.367235
128	0.971236	0.0264437	0.0264437	-2.44654	-0.141783	-0.126817	0.374868	0.374868	-3.06551	-0.698499	-0.528719
128	0.993787	0.0139955	0.0139955	-2.6996	-0.180201	-0.147288	0.198401	0.198401	-3.3826	-0.767368	-0.56551
128	1.02438	0.0803564	0.0803564	-2.36923	-0.104401	-0.129701	1.13914	1.13914	-2.96864	-0.472578	-0.434625
128	1.0683	-0.0541479	-0.0541479	-2.0752	-0.347813	-0.232431	-0.767604	-0.767604	-2.60023	-1.1968	-0.904411
128	1.14504	-0.134133	-0.134133	-2.6649	-0.613065	-0.500693	-1.90148	-1.90148	-3.33912	-1.68398	-1.28178
128	1.19391	0.139983	0.139983	-2.42327	-0.547615	-0.487006	1.98441	1.98441	-3.03636	-1.25001	-1.04244
128	1.07147	-0.0422721	-0.0422721	-2.17551	-0.319643	-0.277587	-0.599252	-0.599252	-2.72592	-1.06106	-0.944795
128	1.05521	0.0206777	0.0206777	-2.3147	-0.250614	-0.186273	0.293129	0.293129	-2.90032	-0.852227	-0.672591
128	1.13802	0.177356	0.177356	-2.3695	-0.328217	-0.212253	2.51421	2.51421	-2.96898	-0.835645	-0.538498
128	1.18638	0.153999	0.153999	-2.59155	-0.65185	-0.43708	2.1831	2.1831	-3.24722	-1.59109	-0.96523
128	1.14421	0.207495	0.207495	-2.22701	-0.234266	-0.175648	2.94147	2.94147	-2.79044	-0.64316	-0.445546
128	0.890375	0.142809	0.142809	-2.22776	-0.0190928	0.00611532	2.02447	2.02447	-2.79139	-0.103096	0.0289303
128	1.04581	0.153587	0.153587	-3.14739	-0.0771137	-0.0374577	2.17726	2.17726	-3.94368	-0.284783	-0.133604
128	0.837125	0.0569857	0.0569857	-2.42056	-0.12068	-0.0963253	0.807834	0.807834	-3.03296	-0.557156	-0.438418
128	0.925231	-0.0340609	-0.0340609	-1.99038	-0.230632	-0.189183	-0.48285	-0.48285	-2.49395	-1.08156	-0.843589
128	0.854865	0.0676226	0.0676226	-1.98382	-0.0731016	-0.0622992	0.958623	0.958623	-2.48572	-0.432321	-0.305742
128	0.918874	0.0757898	0.0757898	-2.94155	-0.0937971	-0.0493142	1.0744	1.0744	-3.68576	-0.466569	-0.268059
128	0.998082	0.0242393	0.0242393	-2.02837	-0.17071	-0.183836	0.343618	0.343618	-2.54155	-0.744031	-0.595319
128	0.876797	0.132156	0.132156	-2.13913	-0.0250905	0.0110421	1.87345	1.87345	-2.68033	-0.132191	0.0611618
128	0.895255	0.00326118	0.00326118	-2.29239	-0.142465	-0.112397	0.0462308	0.0462308	-2.87236	-0.827487	-0.604455
128	0.88794	0.128422	0.128422	-2.06474	-0.0219861	-0.0105669	1.82052	1.82052	-2.58712	-0.129843	-0.0519521
128	0.999572	0.115946	0.115946	-2.79141	-0.0850564	-0.0316009	1.64366	1.64366	-3.49763	-0.362421	-0.141547
128	0.971385	0.0560826	0.0560826	-2.33216	-0.139571	-0.0653195	0.795031	0.795031	-2.9222	-0.619662	-0.343433
128	1.08098	0.0488734	0.0488734	-2.64822	-0.239878	-0.186786	0.692833	0.692833	-3.31822	-0.760821	-0.604556
128	0.863142	0.0373418	0.0373418	-2.58354	-0.105339	-0.0749264	0.529361	0.529361	-3.23717	-0.652701	-0.433946
128	0.80496	0.0391307	0.0391307	-1.98547	-0.112558	-0.0848844	0.554719	0.554719	-2.48779	-0.589465	-0.448584
128	1.11365	-0.0109841	-0.0109841	-2.76455	-0.566464	-0.394045	-0.155711	-0.155711	-3.46399	-1.41039	-0.995282
128	0.859723	-0.0513323	-0.0513323	-2.0525	-0.197101	-0.165012	-0.72769	-0.72769	-2.57178	-1.10759	-0.88703
128	0.700399	0.0562327	0.0562327	-2.0311	-0.0796824	-0.0586179	0.79716	0.79716	-2.54497	-0.532039	-0.345505
128	1.04579	0.0191418	0.0191418	-2.51847	-0.212297	-0.15078	0.271356	0.271356	-3.15564	-0.840412	-0.679747
128	0.997309	0.139154	0.139154	-2.82865	-0.016802	-0.0240157	1.97266	1.97266	-3.5443	-0.0860335	-0.100563
128	0.945825	-0.0103379	-0.0103379	-2.66481	-0.202673	-0.183158	-0.14655	-0.14655	-3.339	-0.861047	-0.814441
128	0.937302	-0.108265	-0.108265	-2.22923	-0.303928	-0.238076	-1.53478	-1.53478	-2.79323	-1.36705	-1.23242
128	1.00993	0.0353766	0.0353766	-2.57212	-0.162598	-0.140054	0.501502	0.501502	-3.22286	-0.737302	-0.544041
128	1.04626	0.143961	0.143961	-2.12936	-0.0163395	-0.0545481	2.0408	2.0408	-2.66809	-0.0868905	-0.195264
128	1.18107	0.120211	0.120211	-2.05975	-0.474305	-0.304445	1.70412	1.70412	-2.58087	-1.1461	-0.718066
128	0.994362	0.00963082	0.00963082	-2.42581	-0.161999	-0.173044	0.136527	0.136527	-3.03954	-0.834538	-0.668956
128	0.917332	0.0972053	0.0972053	-2.55387	-0.0538606	-0.044774	1.37799	1.37799	-3.2	-0.29987	-0.222133
128	1.23108	0.0271492	0.0271492	-2.98277	-0.746774	-0.537226	0.384869	0.384869	-3.73741	-1.69459	-1.2136
128	1.04256	-0.0347806	-0.0347806	-2.24254	-0.219163	-0.2414	-0.493052	-0.493052	-2.8099	-1.04069	-0.865962
128	0.941661	0.0855051	0.0855051	-2.62964	-0.0927589	-0.0298449	1.21213	1.21213	-3.29493	-0.454803	-0.159388
128	1.11502	0.0812829	0.0812829	-2.7868	-0.331253	-0.243519	1.15227	1.15227	-3.49186	-0.918037	-0.714677
128	0.978529	0.181717	0.181717	-2.56088	-0.0148187	0.0158082	2.57604	2.57604	-3.20878	-0.0616194	0.0650328
128	0.982651	0.0615318	0.0615318	-1.84615	-0.129396	-0.0934586	0.872279	0.872279	-2.31323	-0.57451	-0.412385
128	1.25624	0.141882	0.118676	-2.55685	-0.708448	-0.48429	2.01133	1.67578	-3.20373	-1.76481	-1.08019
128	0.73451	0.184674	0.184674	-2.17984	0.060437	0.0739602	2.61795	2.61795	-2.73133	0.375141	0.434924
128	0.968407	0.216472	0.216472	-1.89905	0.0548277	0.0885181	3.06872	3.06872	-2.37951	0.277234	0.481951
128	1.08866	0.0860796	0.0860796	-2.11654	-0.16785	-0.160964	1.22027	1.22027	-2.65203	-0.623436	-0.527432
128	0.975252	0.170119	0.170119	-2.1277	-0.0358794	0.0210712	2.41163	2.41163	-2.666	-0.159252	0.0947035
128	0.987998	0.13664	0.13664	-2.38673	-0.0573349	-0.0284923	1.93701	1.93701	-2.99057	-0.233525	-0.117638
128	1.05528	0.0847366	0.0847366	-2.29681	-0.200789	-0.0976505	1.20123	1.20123	-2.8779	-0.651753	-0.391446
128	1.00495	0.0777687	0.0777687	-2.8726	-0.0995984	-0.0659861	1.10245	1.10245	-3.59937	-0.496396	-0.292122
128	0.877491	-0.0724456	-0.0724456	-1.9877	-0.224224	-0.191601	-1.02699	-1.02699	-2.49059	-1.2055	-1.09146
128	0.954658	0.156638	0.156638	-2.88964	-0.0162514	0.0125078	2.22052	2.22052	-3.62072	-0.0776972	0.0596609
128	0.855248	-0.0428512	-0.0428512	-2.42556	-0.18909	-0.15389	-0.607462	-0.607462	-3.03922	-1.06284	-0.858617
128	0.999869	-0.0289856	-0.0289856	-2.93066	-0.225394	-0.203952	-0.410902	-0.410902	-3.67212	-0.942679	-0.770665
128	1.15582	-0.0340278	-0.0340278	-2.75619	-0.648818	-0.433124	-0.482381	-0.482381	-3.4535	-1.4814	-1.10626
128	1.17802	0.169158	0.169158	-3.19054	-0.619171	-0.324582	2.398	2.398	-3.99775	-1.54749	-0.776301
128	1.11713	0.0404527	0.0404527	-2.81275	-0.412432	-0.283712	0.57346	0.57346	-3.52438	-1.09374	-0.784406
128	1.14058	0.100719	0.100719	-2.31811	-0.371108	-0.256445	1.4278	1.4278	-2.90459	-1.02694	-0.673409
128	1.04442	-0.132745	-0.132745	-2.65437	-0.377819	-0.314996	-1.88181	-1.88181	-3.32593	-1.41288	-1.17445
128	1.02863	0.0179786	0.0179786	-2.35285	-0.198891	-0.142676	0.254867	0.254867	-2.94812	-0.792463	-0.601224
128	0.690334	-0.0234991	-0.0234991	-2.32955	-0.151619	-0.126279	-0.333125	-0.333125	-2.91892	-0.974743	-0.789454
128	1.11492	0.156232	0.156232	-2.3615	-0.175347	-0.15287	2.21476	2.21476	-2.95896	-0.548707	-0.403601
128	0.975847	0.104653	0.104653	-2.29921	-0.0741982	-0.0396375	1.48357	1.48357	-2.88092	-0.342443	-0.185298
128	1.07531	-0.0282188	-0.0282188	-2.44064	-0.320746	-0.256088	-0.400032	-0.400032	-3.05813	-1.06274	-0.864009
128	0.867328	0.0263808	0.0263808	-2.31701	-0.139638	-0.0923382	0.373977	0.373977	-2.90321	-0.708191	-0.508874
128	1.14705	0.19391	0.19391	-2.62486	-0.20244	-0.155891	2.74888	2.74888	-3.28895	-0.548442	-0.41575
128	0.889301	0.107329	0.107329	-2.44934	-0.0463716	-0.0345141	1.5215	1.5215	-3.06902	-0.262148	-0.151946
128	0.88733	-0.0194301	-0.0194301	-2.3305	-0.163312	-0.148315	-0.275442	-0.275442	-2.92011	-0.967779	-0.751502
128	0.85087	0.0330646	0.0330646	-2.62058	-0.131183	-0.0904838	0.468727	0.468727	-3.28359	-0.712356	-0.543375
128	1.21677	0.155773	0.155773	-2.08409	-0.615898	-0.500402	2.20825	2.20825	-2.61137	-1.54762	-1.11701
128	0.9935	0.314116	0.314116	-2.18988	0.111664	0.144199	4.45293	4.45293	-2.74391	0.481348	0.543431
128	0.917276	0.00349628	0.00349628	-2.03148	-0.16754	-0.124699	0.0495636	0.0495636	-2.54544	-0.81483	-0.655878
128	1.01617	0.071143	0.071143	-2.09422	-0.132683	-0.0952349	1.00853	1.00853	-2.62406	-0.56484	-0.403313
128	1.08667	-0.0466376	-0.0466376	-3.03806	-0.384252	-0.304122	-0.661139	-0.661139	-3.80669	-1.19369	-0.877305
128	1.05256	0.0788328	0.0788328	-3.0643	-0.122958	-0.117569	1.11754	1.11754	-3.83956	-0.56192	-0.461758
128	1.08042	-0.0634168	-0.0634168	-3.10101	-0.380559	-0.330203	-0.899002	-0.899002	-3.88556	-1.18396	-0.986508
128	0.932351	0.0761914	0.0761914	-2.58339	-0.117287	-0.0729103	1.08009	1.08009	-3.23698	-0.564436	-0.343001
128	1.06016	0.0934793	0.0934793	-2.40747	-0.153283	-0.118157	1.32517	1.32517	-3.01656	-0.542491	-0.377014
128	1.1049	0.0870855	0.0870855	-2.65182	-0.275838	-0.217679	1.23453	1.23453	-3.32273	-0.853976	-0.642802
128	0.917128	0.11864	0.11864	-1.84625	-0.0256431	-0.022307	1.68185	1.68185	-2.31336	-0.14534	-0.111372
128	1.00537	0.109321	0.109321	-2.00375	-0.0593772	-0.059282	1.54974	1.54974	-2.5107	-0.295496	-0.233838
128	0.943165	0.0143712	0.0143712	-3.13273	-0.159024	-0.120142	0.203727	0.203727	-3.92531	-0.755949	-0.595873
128	0.878407	0.118318	0.118318	-2.14267	-0.0566998	-0.00864746	1.67729	1.67729	-2.68476	-0.303279	-0.0444194
128	1.20348	0.122067	0.122067	-2.00348	-0.657339	-0.456956	1.73043	1.73043	-2.51036	-1.75079	-1.08045
128	0.959011	-0.0626383	-0.0626383	-2.64802	-0.22107	-0.187193	-0.887965	-0.887965	-3.31797	-1.21491	-1.04232
128	0.865309	0.0766194	0.0766194	-2.38261	-0.0505798	-0.0498293	1.08616	1.08616	-2.98541	-0.303678	-0.256028
128	0.978218	-0.0943213	-0.0943213	-2.45944	-0.238862	-0.247858	-1.33711	-1.33711	-3.08168	-1.17564	-1.09071
128	1.08084	0.107581	0.107581	-2.8093	-0.19751	-0.146029	1.52507	1.52507	-3.52006	-0.620083	-0.448362
128	1.08228	-0.0164538	-0.0164538	-2.81411	-0.301016	-0.29442	-0.23325	-0.23325	-3.52608	-0.897028	-0.862578
128	0.927088	0.0533219	0.0533219	-2.71797	-0.104571	-0.0875221	0.755896	0.755896	-3.40562	-0.550313	-0.426919
128	1.21215	-0.0811568	-0.0811568	-2.69215	-0.721935	-0.588903	-1.15049	-1.15049	-3.37326	-1.65323	-1.35836
128	1.10274	0.132888	0.132888	-2.37601	-0.263972	-0.174772	1.88383	1.88383	-2.97714	-0.728966	-0.509755
128	1.1187	0.0669639	0.0669639	-2.53198	-0.304577	-0.242819	0.949286	0.949286	-3.17257	-0.947801	-0.691341
128	0.905377	0.165121	0.165121	-2.11638	0.0149007	0.0165341	2.34077	2.34077	-2.65182	0.0831451	0.0777627
128	1.12812	0.149891	0.149891	-2.60631	-0.360979	-0.239713	2.12487	2.12487	-3.26571	-0.890925	-0.566506
128	0.970669	0.130951	0.130951	-2.70294	-0.0202724	-0.0345148	1.85637	1.85637	-3.38679	-0.103786	-0.147912
128	0.966799	0.0835071	0.0835071	-2.77076	-0.0719581	-0.0766306	1.1838	1.1838	-3.47176	-0.396853	-0.315957
128	0.968164	0.00633777	0.00633777	-2.33846	-0.168202	-0.14776	0.0898447	0.0898447	-2.93009	-0.827748	-0.676121
128	0.894275	0.0329999	0.0329999	-2.29279	-0.0846109	-0.106216	0.467808	0.467808	-2.87286	-0.572171	-0.558686
128	0.776588	0.0779685	0.0779685	-2.06413	-0.0760124	-0.0264022	1.10529	1.10529	-2.58636	-0.430525	-0.154493
128	0.863047	-0.111554	-0.111554	-2.46255	-0.260312	-0.239001	-1.5814	-1.5814	-3.08558	-1.51766	-1.20413
128	1.0032	-0.0535465	-0.0535465	-2.70265	-0.233504	-0.200367	-0.759079	-0.759079	-3.38642	-1.13519	-0.892561
128	0.824673	0.112848	0.112848	-2.37902	-0.0311912	-0.00952034	1.59975	1.59975	-2.98091	-0.160671	-0.056388
128	1.15428	0.0918544	0.0918544	-2.83887	-0.302382	-0.252785	1.30214	1.30214	-3.55711	-0.832749	-0.674535
128	0.970379	0.101185	0.101185	-2.33948	-0.114439	-0.0456828	1.43441	1.43441	-2.93137	-0.473783	-0.200062
128	0.941738	0.07725	0.07725	-1.90888	-0.0978262	-0.0779181	1.0951	1.0951	-2.39183	-0.477585	-0.338064
128	1.17953	0.168577	0.168577	-2.98033	-0.413623	-0.406278	2.38976	2.38976	-3.73435	-1.0838	-1.01194
128	1.12925	0.0839063	0.0839063	-2.23482	-0.393774	-0.202019	1.18946	1.18946	-2.80023	-1.04257	-0.584185
128	0.938848	0.210197	0.210197	-1.94832	0.0366165	0.0727695	2.97976	2.97976	-2.44124	0.177945	0.344582
128	0.927723	0.253326	0.253326	-2.43501	0.0742156	0.119409	3.59117	3.59117	-3.05106	0.345519	0.586645
128	1.0787	0.301984	0.301984	-2.06013	0.0474705	0.0828614	4.28095	4.28095	-2.58134	0.170334	0.283298
128	1.20451	0.0889691	0.0889691	-2.40659	-0.727615	-0.673717	1.26123	1.26123	-3.01546	-1.73898	-1.63114
128	1.1381	-0.0512563	-0.0512563	-2.96861	-0.612267	-0.495362	-0.726614	-0.726614	-3.71966	-1.59814	-1.26827
128	1.11229	-0.0215845	-0.0215845	-2.66304	-0.392626	-0.286047	-0.305984	-0.305984	-3.33678	-1.16345	-0.880096
128	0.900189	0.325927	0.325927	-2.24116	0.163909	0.192437	4.62036	4.62036	-2.80818	0.812524	0.937036
128	0.978931	-0.0142318	-0.0142318	-2.82052	-0.217416	-0.168438	-0.201751	-0.201751	-3.53411	-0.952444	-0.689426
128	1.02753	-0.00253547	-0.00253547	-3.37334	-0.193561	-0.168791	-0.035943	-0.035943	-4.2268	-0.809857	-0.720026
128	0.96364	-0.0322239	-0.0322239	-2.74941	-0.2295	-0.170564	-0.456808	-0.456808	-3.44501	-1.00044	-0.8043
128	0.932926	0.067059	0.067059	-2.52345	-0.116187	-0.0672465	0.950634	0.950634	-3.16188	-0.560053	-0.341923
128	0.994747	0.043994	0.043994	-2.31243	-0.143491	-0.119897	0.623663	0.623663	-2.89747	-0.651257	-0.473035
128	1.06302	0.0273012	0.0273012	-2.38944	-0.250609	-0.156584	0.387024	0.387024	-2.99397	-0.850509	-0.5875
128	0.874219	-0.00339318	-0.00339318	-2.30518	-0.144532	-0.130988	-0.048102	-0.048102	-2.88839	-0.868143	-0.688188
128	0.873449	0.0616604	0.0616604	-2.08281	-0.121522	-0.0599909	0.874103	0.874103	-2.60976	-0.576034	-0.328519
128	0.978921	0.126928	0.126928	-2.42102	-0.047022	-0.036849	1.79933	1.79933	-3.03353	-0.205056	-0.152573
128	1.01275	0.229425	0.229425	-2.07394	0.0715077	0.065155	3.25235	3.25235	-2.59864	0.359546	0.280405
128	1.09507	0.106379	0.106379	-2.87553	-0.243057	-0.103146	1.50803	1.50803	-3.60304	-0.753175	-0.377973
128	1.04715	-0.079697	-0.079697	-2.59175	-0.313056	-0.256082	-1.12979	-1.12979	-3.24746	-1.19033	-1.02716
128	1.00008	0.180935	0.180935	-2.4734	0.0333751	0.0331161	2.56494	2.56494	-3.09917	0.18139	0.150817
128	0.938116	0.000510665	0.000510665	-2.86558	-0.18811	-0.155714	0.00723923	0.00723923	-3.59057	-0.841519	-0.643142
128	0.777134	0.0377249	0.0377249	-1.93314	-0.0989898	-0.0874422	0.534791	0.534791	-2.42223	-0.605931	-0.45094
128	0.959882	0.175498	0.175498	-2.50663	0.0108282	0.00894104	2.48788	2.48788	-3.14081	0.0557564	0.0399688
128	0.884857	-0.0785996	-0.0785996	-2.5961	-0.228832	-0.229418	-1.11423	-1.11423	-3.25291	-1.20514	-1.00827
128	0.824297	-0.0275997	-0.0275997	-2.12401	-0.181454	-0.14715	-0.391256	-0.391256	-2.66138	-1.02611	-0.802614
128	0.956571	0.00604164	0.00604164	-2.17524	-0.197329	-0.155994	0.0856467	0.0856467	-2.72557	-0.856389	-0.645624
128	1.05225	0.0746562	0.0746562	-2.86624	-0.120259	-0.132888	1.05833	1.05833	-3.5914	-0.508302	-0.490535
128	0.835544	0.0100308	0.0100308	-2.0426	-0.131293	-0.126514	0.142197	0.142197	-2.55937	-0.815692	-0.623096
128	1.12851	0.136477	0.136477	-2.29201	-0.298888	-0.232075	1.93471	1.93471	-2.87189	-0.762482	-0.591232
128	0.959114	-0.022046	-0.022046	-2.77828	-0.19385	-0.177488	-0.312525	-0.312525	-3.48118	-0.876984	-0.76316
128	1.0301	-0.074204	-0.074204	-2.81546	-0.288305	-0.267029	-1.05192	-1.05192	-3.52777	-1.21954	-0.952309
128	0.964608	0.0346836	0.0346836	-2.40076	-0.166907	-0.124896	0.491678	0.491678	-3.00816	-0.724721	-0.526617
128	1.14405	0.152603	0.152603	-2.48379	-0.266986	-0.220158	2.16331	2.16331	-3.11218	-0.745022	-0.620877
128	0.969559	0.0431319	0.0431319	-2.15112	-0.140781	-0.147829	0.611441	0.611441	-2.69536	-0.68544	-0.575477
128	1.05867	0.100332	0.100332	-2.47679	-0.134534	-0.154339	1.42232	1.42232	-3.10341	-0.470411	-0.464694
128	0.775734	0.233174	0.233174	-2.21691	0.0957851	0.127732	3.30549	3.30549	-2.77778	0.540761	0.753465
128	0.997545	0.0239671	0.0239671	-2.20347	-0.146343	-0.151723	0.339759	0.339759	-2.76095	-0.690064	-0.639476
128	0.989058	0.117056	0.117056	-2.63551	-0.0653805	-0.0311478	1.6594	1.6594	-3.30229	-0.302677	-0.13825
128	1.13178	-0.134565	-0.134565	-3.03998	-0.599872	-0.466019	-1.9076	-1.9076	-3.80909	-1.5627	-1.27864
128	0.916214	-0.08098	-0.08098	-2.51696	-0.269121	-0.211171	-1.14798	-1.14798	-3.15375	-1.14282	-1.08115
128	0.975132	-0.0916668	-0.0916668	-2.09099	-0.328324	-0.248143	-1.29947	-1.29947	-2.62001	-1.23942	-1.04633
128	1.22136	-0.086456	-0.086456	-3.13838	-0.782541	-0.669462	-1.22561	-1.22561	-3.93239	-1.84456	-1.47306
128	1.03683	-0.0149371	-0.0149371	-2.94803	-0.215272	-0.197518	-0.211749	-0.211749	-3.69389	-0.883947	-0.786194
128	1.17976	0.209014	0.209014	-2.29645	-0.358809	-0.339852	2.963	2.963	-2.87745	-0.80455	-0.780024
128	1.12121	0.0727687	0.0727687	-2.13871	-0.296514	-0.262277	1.03158	1.03158	-2.67981	-0.861728	-0.669721
128	0.950405	0.0317824	0.0317824	-2.26253	-0.140265	-0.116967	0.45055	0.45055	-2.83496	-0.691327	-0.496826
128	1.03586	0.119853	0.119853	-2.70695	-0.0479286	-0.0889005	1.69904	1.69904	-3.39181	-0.239791	-0.313033
128	1.02425	0.0179284	0.0179284	-2.81879	-0.181465	-0.150251	0.254154	0.254154	-3.53194	-0.762028	-0.6267
128	0.848113	0.0925724	0.0925724	-2.39915	-0.0799349	-0.0412181	1.31231	1.31231	-3.00613	-0.378682	-0.208498
128	1.21728	0.128501	0.128501	-2.50737	-0.571716	-0.429609	1.82164	1.82164	-3.14173	-1.39194	-1.01337
128	1.00228	0.00786747	0.00786747	-2.35289	-0.165749	-0.161846	0.11153	0.11153	-2.94818	-0.782778	-0.660969
128	0.999719	0.0136842	0.0136842	-2.49486	-0.157058	-0.162957	0.193989	0.193989	-3.12606	-0.81496	-0.611351
128	0.933467	0.11106	0.11106	-2.11904	-0.0545361	-0.0294608	1.5744	1.5744	-2.65515	-0.25893	-0.128821
128	0.994882	0.0654353	0.0654353	-2.56116	-0.128371	-0.121625	0.927616	0.927616	-3.20913	-0.52956	-0.442359
181	1.002	-0.0723115	-0.0723115	-2.50658	-0.254411	-0.217492	-1.21898	-1.21898	-3.14075	-1.24467	-1.00978
181	0.977927	0.0618178	0.0618178	-2.44572	-0.0958778	-0.0761608	1.04209	1.04209	-3.06449	-0.541872	-0.381196
181	0.938927	0.117405	0.117405	-2.24806	-0.0548609	-0.0146408	1.97914	1.97914	-2.81682	-0.276211	-0.0743907
181	0.974937	0.0634431	0.0634431	-3.29462	-0.0822887	-0.0928102	1.06948	1.06948	-4.12816	-0.455822	-0.427543
181	0.987675	0.0979109	0.0979109	-2.43653	-0.100343	-0.0769425	1.65052	1.65052	-3.05297	-0.443788	-0.326545
181	1.00916	-0.0235672	-0.0235672	-2.6184	-0.200781	-0.158755	-0.397282	-0.397282	-3.28086	-0.965465	-0.780953
181	0.969633	-0.11184	-0.11184	-2.19874	-0.263361	-0.26154	-1.88533	-1.88533	-2.75502	-1.34659	-1.13304
181	1.09549	0.145055	0.145055	-2.46715	-0.196889	-0.208325	2.44524	2.44524	-3.09134	-0.607252	-0.571596
181	1.01027	0.0383067	0.0383067	-2.54236	-0.144502	-0.123263	0.645751	0.645751	-3.18558	-0.649969	-0.528246
181	0.894905	0.207661	0.207661	-2.34421	0.0372717	0.0822085	3.50062	3.50062	-2.93729	0.193275	0.423991
181	1.06	0.033937	0.033937	-2.48586	-0.22641	-0.172718	0.57209	0.57209	-3.11478	-0.846819	-0.654971
181	0.95647	-0.00312814	-0.00312814	-2.62351	-0.16365	-0.139735	-0.0527323	-0.0527323	-3.28726	-0.861304	-0.712146
181	0.94015	0.105532	0.105532	-2.55868	-0.0437566	-0.0342718	1.77899	1.77899	-3.20603	-0.248221	-0.158161
181	0.917355	-0.0815197	-0.0815197	-2.37737	-0.239847	-0.208308	-1.37421	-1.37421	-2.97884	-1.11838	-1.20163
181	0.981835	-0.0590716	-0.0590716	-3.04793	-0.185805	-0.223543	-0.995793	-0.995793	-3.81905	-1.1555	-1.04512
181	1.20995	0.0334461	0.0334461	-2.66068	-0.765367	-0.580779	0.563814	0.563814	-3.33384	-1.9137	-1.47583
181	1.1046	0.0615153	0.0615153	-2.2815	-0.322729	-0.221815	1.03699	1.03699	-2.85872	-0.943916	-0.689267
181	0.952058	-0.033646	-0.033646	-2.35765	-0.18652	-0.171951	-0.567184	-0.567184	-2.95414	-1.00116	-0.85742
181	0.987777	0.0805623	0.0805623	-2.12851	-0.0967919	-0.0865074	1.35807	1.35807	-2.66702	-0.452511	-0.385053
181	0.842894	0.0193005	0.0193005	-2.60396	-0.124592	-0.101677	0.325356	0.325356	-3.26276	-0.774074	-0.583909
181	1.09751	0.0163411	0.0163411	-3.03767	-0.342112	-0.285655	0.275469	0.275469	-3.8062	-1.05089	-0.884433
181	1.1483	-0.0353729	-0.0353729	-2.14746	-0.53242	-0.416784	-0.596295	-0.596295	-2.69077	-1.53625	-1.18501
181	1.02143	0.174129	0.174129	-2.66468	-0.0443691	0.00969509	2.93537	2.93537	-3.33884	-0.190299	0.0408957
181	1.15276	0.05176	0.05176	-2.28806	-0.530903	-0.379137	0.872538	0.872538	-2.86694	-1.3462	-1.0031
181	0.893045	0.104176	0.104176	-2.39149	-0.0801265	-0.0232124	1.75613	1.75613	-2.99653	-0.409725	-0.125469
181	0.966382	-0.00946959	-0.00946959	-2.72173	-0.200084	-0.151358	-0.159633	-0.159633	-3.41033	-0.908199	-0.786755
181	0.802624	0.0080745	0.0080745	-2.24818	-0.101897	-0.115049	0.136115	0.136115	-2.81697	-0.684327	-0.689348
181	1.05812	0.0301713	0.0301713	-2.51462	-0.211897	-0.196176	0.508609	0.508609	-3.15082	-0.798078	-0.67997
181	1.11824	0.251336	0.251336	-2.21023	-0.157884	-0.134545	4.23687	4.23687	-2.76942	-0.442311	-0.373398
181	1.0049	0.194281	0.194281	-2.55753	0.0282009	0.0465053	3.27507	3.27507	-3.20458	0.145511	0.19392
181	0.919417	0.0489146	0.0489146	-2.09171	-0.121105	-0.0907759	0.824573	0.824573	-2.62091	-0.605056	-0.422486
181	0.978978	0.0869035	0.0869035	-2.13859	-0.0833914	-0.0370985	1.46497	1.46497	-2.67965	-0.432892	-0.197261
181	1.04131	-0.045974	-0.045974	-2.7045	-0.331555	-0.249638	-0.775002	-0.775002	-3.38874	-1.17195	-0.933369
181	0.928911	-0.0173348	-0.0173348	-2.81457	-0.154152	-0.125718	-0.292219	-0.292219	-3.52666	-0.956933	-0.732402
181	0.950404	-0.0621244	-0.0621244	-2.67997	-0.233537	-0.225521	-1.04726	-1.04726	-3.358	-1.0635	-1.00118
181	1.0339	0.0992391	0.0992391	-3.26821	-0.0962261	-0.0595644	1.67291	1.67291	-4.09507	-0.463566	-0.27799
181	1.25576	0.122419	0.104612	-2.62921	-0.661761	-0.570724	2.06366	1.75862	-3.2944	-1.89585	-1.46262
181	1.08167	0.146523	0.146523	-3.07442	-0.117138	-0.200498	2.47	2.47	-3.85225	-0.444238	-0.576151
181	0.92179	-0.0596272	-0.0596272	-2.32102	-0.268874	-0.173783	-1.00516	-1.00516	-2.90823	-1.21938	-1.00233
181	0.89304	0.0165513	0.0165513	-2.26648	-0.140302	-0.0972932	0.279012	0.279012	-2.8399	-0.815206	-0.569919
181	0.951803	0.114035	0.114035	-2.4158	-0.0251972	-0.0255565	1.92232	1.92232	-3.027	-0.15663	-0.133881
181	0.892439	0.0390822	0.0390822	-2.20151	-0.112274	-0.0626979	0.658824	0.658824	-2.75849	-0.614783	-0.363721
181	1.0259	0.17614	0.17614	-2.36645	-0.0220839	-0.00558791	2.96927	2.96927	-2.96516	-0.0806524	-0.0227387
181	0.865987	-0.045769	-0.045769	-2.4362	-0.189408	-0.176182	-0.771546	-0.771546	-3.05256	-1.12441	-0.914659
181	1.02078	0.0657452	0.0657452	-2.83657	-0.131099	-0.112135	1.10829	1.10829	-3.55422	-0.489608	-0.452081
181	1.15893	-0.106608	-0.106608	-3.02229	-0.717503	-0.589929	-1.79713	-1.79713	-3.78693	-1.87863	-1.56339
181	1.00341	0.140167	0.140167	-2.52785	-0.0463455	-0.00258849	2.36286	2.36286	-3.1674	-0.22399	-0.0120514
181	0.972663	0.0800171	0.0800171	-2.84628	-0.0732212	-0.0514095	1.34888	1.34888	-3.56639	-0.416987	-0.262149
181	0.993279	0.166847	0.166847	-2.06898	-0.0215753	0.00622146	2.81261	2.81261	-2.59244	-0.108921	0.0273554
181	0.881738	0.167193	0.167193	-2.2137	0.0256402	0.040578	2.81844	2.81844	-2.77377	0.161381	0.210825
181	1.01795	0.0676679	0.0676679	-2.65797	-0.123132	-0.0894575	1.1407	1.1407	-3.33043	-0.5302	-0.411594
181	0.992239	0.0820867	0.0820867	-2.2043	-0.0722226	-0.0410453	1.38377	1.38377	-2.76199	-0.415425	-0.230607
181	1.04675	0.100143	0.100143	-3.14186	-0.144123	-0.0705045	1.68815	1.68815	-3.93675	-0.547867	-0.286715
181	1.10717	0.164118	0.164118	-2.37822	-0.18603	-0.0903707	2.76661	2.76661	-2.97991	-0.592059	-0.312666
181	0.909869	0.0210647	0.0210647	-3.33414	-0.102071	-0.0945738	0.355096	0.355096	-4.17767	-0.718079	-0.5759
181	0.97065	0.0602509	0.0602509	-2.59831	-0.0843481	-0.0649669	1.01567	1.01567	-3.25569	-0.513765	-0.34669
181	0.860746	0.0313475	0.0313475	-2.47312	-0.107904	-0.0734508	0.528438	0.528438	-3.09882	-0.655423	-0.473647
181	1.0232	-0.0320298	-0.0320298	-2.43363	-0.19752	-0.200368	-0.53994	-0.53994	-3.04934	-0.985599	-0.845908
181	0.989491	0.0169829	0.0169829	-3.34016	-0.138113	-0.107521	0.286288	0.286288	-4.18522	-0.807264	-0.583326
181	1.20633	-0.0625042	-0.0625042	-3.1365	-0.728813	-0.653728	-1.05366	-1.05366	-3.93003	-1.89658	-1.67313
181	0.990802	0.0435243	0.0435243	-2.37788	-0.156164	-0.0871716	0.733706	0.733706	-2.97948	-0.739206	-0.450396
181	0.918527	-0.0991464	-0.0991464	-2.5319	-0.244279	-0.221636	-1.67135	-1.67135	-3.17247	-1.51938	-1.26624
181	0.869524	0.0716146	0.0716146	-2.24164	-0.0569623	-0.0508108	1.20723	1.20723	-2.80877	-0.342602	-0.280969
181	0.973645	-0.00688319	-0.00688319	-2.62647	-0.176094	-0.144712	-0.116033	-0.116033	-3.29097	-0.949697	-0.714646
181	1.04984	-0.0265237	-0.0265237	-3.0062	-0.281528	-0.233092	-0.447121	-0.447121	-3.76677	-1.07229	-0.861803
181	0.824569	0.0759072	0.0759072	-2.18399	-0.0446004	-0.0400404	1.2796	1.2796	-2.73654	-0.338894	-0.216583
181	1.02013	0.0345736	0.0345736	-2.98401	-0.175386	-0.110339	0.58282	0.58282	-3.73896	-0.745126	-0.507214
181	1.05431	0.21847	0.21847	-2.51147	-0.0342853	-0.00735905	3.68284	3.68284	-3.14687	-0.126621	-0.0261121
181	1.11687	-0.0373221	-0.0373221	-2.59809	-0.396504	-0.328047	-0.629153	-0.629153	-3.25541	-1.17116	-0.977773
181	1.04484	0.11457	0.11457	-2.58159	-0.146897	-0.0988726	1.93136	1.93136	-3.23473	-0.538783	-0.329676
181	1.02202	0.102727	0.102727	-2.08623	-0.121864	-0.074687	1.73172	1.73172	-2.61405	-0.480854	-0.29679
181	1.09932	0.0117428	0.0117428	-3.01322	-0.451288	-0.235637	0.197953	0.197953	-3.77556	-1.23591	-0.830385
181	1.07306	0.127525	0.127525	-2.52139	-0.210632	-0.105065	2.14973	2.14973	-3.15931	-0.689793	-0.376515
181	1.11356	0.0517522	0.0517522	-3.23227	-0.362393	-0.223995	0.872407	0.872407	-4.05004	-1.08604	-0.712772
181	1.05224	0.0225071	0.0225071	-2.89004	-0.250146	-0.182387	0.379412	0.379412	-3.62122	-0.845286	-0.66125
181	1.15296	0.108174	0.108174	-2.87921	-0.515331	-0.413842	1.82353	1.82353	-3.60765	-1.5517	-1.15643
181	1.04143	0.0142462	0.0142462	-1.9852	-0.182214	-0.208342	0.240154	0.240154	-2.48745	-0.857722	-0.735725
181	1.10643	0.0772397	0.0772397	-2.85947	-0.276312	-0.243335	1.30206	1.30206	-3.58291	-0.90379	-0.696421
181	0.865086	0.0920687	0.0920687	-2.35142	-0.0423602	-0.0278332	1.55204	1.55204	-2.94634	-0.25937	-0.158262
181	0.934962	-0.026285	-0.026285	-3.12946	-0.17596	-0.154194	-0.443097	-0.443097	-3.92121	-0.9863	-0.840792
181	0.908289	0.0875031	0.0875031	-2.72525	-0.0516555	-0.0590518	1.47507	1.47507	-3.41473	-0.318683	-0.270994
181	0.988898	0.144448	0.144448	-2.05073	-0.0404448	-0.00100885	2.43501	2.43501	-2.56956	-0.19506	-0.00459608
181	1.26766	0.0469186	0.0145143	-3.07659	-0.880124	-0.773719	0.790925	0.243317	-3.85497	-2.25111	-2.22337
181	1.04482	0.115242	0.115242	-2.612	-0.10419	-0.0699643	1.94268	1.94268	-3.27284	-0.432655	-0.285168
181	1.02628	0.110441	0.110441	-2.19466	-0.0739053	-0.0393234	1.86175	1.86175	-2.74991	-0.323925	-0.180565
181	1.10501	-0.0159009	-0.0159009	-3.19928	-0.362709	-0.310947	-0.268047	-0.268047	-4.00869	-1.25748	-0.993938
181	1.05739	-0.108255	-0.108255	-2.65569	-0.332133	-0.295241	-1.8249	-1.8249	-3.32758	-1.34959	-1.21313
181	0.923233	0.150086	0.150086	-2.73473	-0.0224734	0.0333225	2.53005	2.53005	-3.42662	-0.113621	0.189351
181	0.842169	0.0457672	0.0457672	-2.24872	-0.0968181	-0.0789374	0.771516	0.771516	-2.81764	-0.533589	-0.445196
181	0.988465	0.0989078	0.0989078	-3.12919	-0.110934	-0.0352917	1.66733	1.66733	-3.92087	-0.507487	-0.188379
181	0.852902	0.0422574	0.0422574	-2.43251	-0.0860758	-0.0776093	0.71235	0.71235	-3.04793	-0.602735	-0.46508
181	0.807349	0.105802	0.105802	-2.25966	-0.0193327	-0.0146538	1.78354	1.78354	-2.83136	-0.133541	-0.0884288
181	0.864545	-0.0175546	-0.0175546	-2.94372	-0.148021	-0.120176	-0.295925	-0.295925	-3.68849	-0.858401	-0.778222
181	1.06339	0.285127	0.285127	-3.18623	0.0375976	0.0822951	4.8065	4.8065	-3.99234	0.141852	0.329715
181	1.04412	-0.0167708	-0.0167708	-2.49456	-0.243184	-0.227772	-0.282712	-0.282712	-3.12568	-0.962387	-0.877679
181	0.991419	0.0692595	0.0692595	-2.16688	-0.105464	-0.0795457	1.16753	1.16753	-2.7151	-0.523028	-0.361364
181	1.06092	0.00425179	0.00425179	-2.584	-0.287618	-0.218262	0.0716741	0.0716741	-3.23775	-0.943469	-0.759474
181	0.934763	0.151389	0.151389	-2.28888	0.00195378	0.00618553	2.55203	2.55203	-2.86796	0.0114804	0.0301114
181	0.894029	0.137236	0.137236	-2.39149	-0.0267531	0.0164343	2.31344	2.31344	-2.99654	-0.124555	0.088627
181	1.10071	0.0690097	0.0690097	-3.16723	-0.305959	-0.217927	1.16332	1.16332	-3.96854	-0.955849	-0.711022
181	0.906205	-0.0290151	-0.0290151	-2.6258	-0.173115	-0.142506	-0.489119	-0.489119	-3.29012	-1.07449	-0.845013
181	0.912635	0.194109	0.194109	-2.21939	0.0424311	0.0604208	3.27217	3.27217	-2.78089	0.23145	0.328211
181	1.01417	0.0915338	0.0915338	-2.78075	-0.0726428	-0.0787376	1.54302	1.54302	-3.48428	-0.411528	-0.311119
181	1.01254	0.072176	0.072176	-2.97431	-0.0971666	-0.0761044	1.2167	1.2167	-3.72681	-0.481878	-0.33723
181	1.01958	-0.0719912	-0.0719912	-2.71495	-0.265998	-0.252707	-1.21358	-1.21358	-3.40183	-1.19404	-1.04371
181	1.09311	-0.0260646	-0.0260646	-2.83159	-0.438263	-0.320635	-0.439382	-0.439382	-3.54799	-1.3117	-0.968701
181	1.0069	0.0416353	0.0416353	-2.61577	-0.191786	-0.107785	0.701863	0.701863	-3.27756	-0.740145	-0.518531
181	0.943145	-0.0680072	-0.0680072	-2.89804	-0.221868	-0.219536	-1.14642	-1.14642	-3.63125	-1.22244	-1.04532
181	1.10978	0.0493318	0.0493318	-2.84336	-0.389144	-0.264326	0.831606	0.831606	-3.56273	-1.11966	-0.758544
181	0.865486	0.0714953	0.0714953	-2.44931	-0.0573505	-0.0511462	1.20522	1.20522	-3.06899	-0.380286	-0.27842
181	0.834433	0.0248588	0.0248588	-2.22302	-0.104785	-0.0953993	0.419055	0.419055	-2.78544	-0.678745	-0.527064
181	1.02798	0.0823285	0.0823285	-3.06292	-0.0981057	-0.091173	1.38784	1.38784	-3.83784	-0.488902	-0.369063
181	0.875365	-0.0421693	-0.0421693	-2.93369	-0.186865	-0.164962	-0.710864	-0.710864	-3.67592	-1.16117	-0.958923
181	0.809465	0.0830812	0.0830812	-2.42392	-0.036541	-0.0359286	1.40053	1.40053	-3.03717	-0.245945	-0.203081
181	0.921198	0.0362882	0.0362882	-2.10344	-0.1077	-0.103162	0.611725	0.611725	-2.63561	-0.64792	-0.503703
181	0.961107	0.0314139	0.0314139	-2.56557	-0.160877	-0.0996808	0.529556	0.529556	-3.21465	-0.771719	-0.513278
181	1.01183	0.144509	0.144509	-2.96269	-0.0882988	-0.0173863	2.43605	2.43605	-3.71224	-0.306778	-0.0721167
181	0.954507	0.0947882	0.0947882	-2.40608	-0.0688684	-0.0477817	1.59788	1.59788	-3.01482	-0.368134	-0.23445
181	0.948539	0.17632	0.17632	-2.14686	0.0335054	0.0227077	2.9723	2.9723	-2.69001	0.200471	0.104354
181	0.9617	-0.0149112	-0.0149112	-2.78913	-0.226878	-0.140842	-0.251364	-0.251364	-3.49478	-0.947452	-0.764797
181	0.85645	0.152116	0.152116	-2.19689	0.0300691	0.0389558	2.56428	2.56428	-2.7527	0.192932	0.244282
181	0.994309	0.0170834	0.0170834	-2.07681	-0.166131	-0.12503	0.287982	0.287982	-2.60224	-0.7724	-0.55704
181	1.02965	0.0665245	0.0665245	-2.62955	-0.102685	-0.116239	1.12143	1.12143	-3.29482	-0.497437	-0.470803
181	0.932738	-0.0430444	-0.0430444	-2.47701	-0.210066	-0.183383	-0.725616	-0.725616	-3.1037	-1.19648	-0.881428
181	0.988024	0.0452959	0.0452959	-2.78485	-0.16176	-0.102163	0.76357	0.76357	-3.48942	-0.63959	-0.507654
181	1.04949	0.0966922	0.0966922	-2.27701	-0.208683	-0.101055	1.62998	1.62998	-2.8531	-0.772256	-0.401335
181	0.900936	0.282754	0.282754	-2.98166	0.140353	0.173064	4.7665	4.7665	-3.73602	0.835786	1.17563
181	0.84988	0.0939186	0.0939186	-2.13153	-0.0669886	-0.0281988	1.58322	1.58322	-2.6708	-0.348784	-0.166683
181	0.888606	0.147998	0.147998	-2.10032	-0.0195281	0.0170769	2.49486	2.49486	-2.6317	-0.101474	0.086462
181	1.05334	0.0214611	0.0214611	-2.7469	-0.207836	-0.171187	0.361778	0.361778	-3.44187	-0.873774	-0.679234
181	1.1044	0.050401	0.050401	-2.63116	-0.297802	-0.242222	0.84963	0.84963	-3.29685	-0.906801	-0.688422
181	0.912682	0.118508	0.118508	-2.1295	-0.054407	-0.0330811	1.99774	1.99774	-2.66827	-0.263948	-0.162332
181	1.07378	0.148229	0.148229	-2.75746	-0.126631	-0.0642252	2.49876	2.49876	-3.4551	-0.439709	-0.242939
181	0.892788	0.068133	0.068133	-2.4606	-0.109327	-0.0445979	1.14854	1.14854	-3.08314	-0.544686	-0.243442
181	1.03665	0.023992	0.023992	-2.36606	-0.196858	-0.153084	0.404442	0.404442	-2.96467	-0.819324	-0.636808
181	0.890811	0.076261	0.076261	-2.22287	-0.0580929	-0.0390262	1.28556	1.28556	-2.78526	-0.373408	-0.228097
181	0.849335	0.0499547	0.0499547	-2.59044	-0.0872833	-0.0749811	0.842105	0.842105	-3.24582	-0.578321	-0.442838
181	0.869212	0.0523818	0.0523818	-2.30563	-0.0858906	-0.0736521	0.88302	0.88302	-2.88896	-0.546048	-0.423621
181	0.857039	-0.0107608	-0.0107608	-3.16243	-0.15137	-0.136916	-0.1814	-0.1814	-3.96252	-1.02234	-0.754848
181	0.895689	0.0110196	0.0110196	-3.03511	-0.120717	-0.117925	0.185762	0.185762	-3.803	-0.76424	-0.636156
181	1.1655	0.0754602	0.0754602	-2.69233	-0.643579	-0.440011	1.27206	1.27206	-3.37349	-1.62755	-1.19874
181	0.884694	0.137271	0.137271	-2.12036	0.0114345	0.0011039	2.31402	2.31402	-2.65681	0.0800913	0.00605671
181	0.995596	0.187233	0.187233	-2.90982	-0.00408174	0.0626581	3.15627	3.15627	-3.64601	-0.0189016	0.368591
181	0.916085	0.153412	0.153412	-2.12685	-0.00557572	0.0155065	2.58612	2.58612	-2.66494	-0.0288661	0.0856488
181	1.07725	0.191378	0.191378	-2.69546	-0.110531	-0.0476099	3.22613	3.22613	-3.37741	-0.370734	-0.158572
181	1.08333	0.0524837	0.0524837	-2.89731	-0.245266	-0.188343	0.884738	0.884738	-3.63033	-0.901195	-0.662306
181	0.78137	0.0420607	0.0420607	-2.2233	-0.0863256	-0.0602489	0.709033	0.709033	-2.78579	-0.578304	-0.401521
181	0.993979	-0.00891173	-0.00891173	-2.54751	-0.176376	-0.204031	-0.150229	-0.150229	-3.19203	-0.984514	-0.758009
181	0.966367	0.0485839	0.0485839	-2.30305	-0.131287	-0.0876895	0.818998	0.818998	-2.88572	-0.658108	-0.452742
181	1.16534	-0.0386078	-0.0386078	-2.5638	-0.764139	-0.604754	-0.650826	-0.650826	-3.21245	-2.17796	-1.55122
181	1.0254	0.0472157	0.0472157	-2.80335	-0.20499	-0.121016	0.795934	0.795934	-3.5126	-0.788821	-0.552615
181	0.771559	0.00296765	0.00296765	-2.25603	-0.108751	-0.104494	0.0500268	0.0500268	-2.82681	-0.787104	-0.655758
181	0.986712	0.0521158	0.0521158	-2.93161	-0.121819	-0.107835	0.878537	0.878537	-3.67331	-0.610153	-0.481878
181	1.13228	-0.0969586	-0.0969586	-2.59792	-0.53917	-0.573597	-1.63447	-1.63447	-3.25519	-1.54398	-1.51706
181	1.12581	0.184389	0.184389	-2.28946	-0.193154	-0.136557	3.10832	3.10832	-2.86869	-0.641767	-0.415159
181	1.12524	0.0985725	0.0985725	-2.62109	-0.404916	-0.276425	1.66168	1.66168	-3.28422	-1.1329	-0.761775
181	1.01848	0.0261403	0.0261403	-2.49938	-0.164463	-0.140608	0.440658	0.440658	-3.13173	-0.705614	-0.566202
181	0.966984	0.068403	0.068403	-2.64463	-0.11531	-0.0787724	1.1531	1.1531	-3.31372	-0.566527	-0.386804
181	0.994797	0.0557492	0.0557492	-2.6261	-0.124338	-0.109822	0.939786	0.939786	-3.29051	-0.616903	-0.502159
181	1.05706	0.0859163	0.0859163	-3.19336	-0.179516	-0.130277	1.44832	1.44832	-4.00128	-0.612481	-0.465805
181	0.880613	0.0539115	0.0539115	-2.03795	-0.0712122	-0.0774542	0.908806	0.908806	-2.55355	-0.497228	-0.403663
181	0.970097	0.254518	0.254518	-2.89005	0.0687197	0.093616	4.29051	4.29051	-3.62123	0.343026	0.399736
181	0.970896	-0.0112952	-0.0112952	-2.86453	-0.170969	-0.147531	-0.190408	-0.190408	-3.58926	-0.917979	-0.780861
181	1.03693	-0.0548623	-0.0548623	-2.8621	-0.268376	-0.296848	-0.924834	-0.924834	-3.58621	-1.07835	-0.9642
181	1.01037	-0.0480397	-0.0480397	-2.65715	-0.251275	-0.228937	-0.809824	-0.809824	-3.32941	-1.04846	-0.868343
181	0.737378	0.0392887	0.0392887	-2.07936	-0.0770095	-0.0601911	0.662304	0.662304	-2.60544	-0.582357	-0.390186
181	0.95943	0.0787069	0.0787069	-2.1986	-0.0866804	-0.0414491	1.32679	1.32679	-2.75484	-0.499593	-0.226188
181	1.13576	0.0736049	0.0736049	-2.84254	-0.476963	-0.350857	1.24079	1.24079	-3.56171	-1.38554	-0.892531
181	0.971877	0.0617898	0.0617898	-2.37197	-0.116083	-0.0624423	1.04162	1.04162	-2.97208	-0.601013	-0.340433
181	0.936404	-0.0274347	-0.0274347	-2.50949	-0.157269	-0.175922	-0.462477	-0.462477	-3.14439	-1.01965	-0.743344
181	0.97822	0.0054933	0.0054933	-2.69426	-0.154973	-0.132343	0.0926027	0.0926027	-3.3759	-0.834235	-0.621366
181	0.941223	0.209108	0.209108	-2.34944	0.0794341	0.0759982	3.52502	3.52502	-2.94385	0.52753	0.391303
181	0.924741	0.0962053	0.0962053	-2.2211	-0.0555742	-0.0524447	1.62177	1.62177	-2.78304	-0.335113	-0.247937
181	1.10378	0.132433	0.132433	-2.46837	-0.214299	-0.216844	2.23247	2.23247	-3.09287	-0.699301	-0.636138
181	1.02221	-0.0607135	-0.0607135	-2.75024	-0.286665	-0.215533	-1.02347	-1.02347	-3.44605	-1.27255	-0.959942
181	1.01352	0.0358073	0.0358073	-3.1406	-0.123296	-0.112793	0.603617	0.603617	-3.93518	-0.623575	-0.524778
181	1.03225	-0.0286059	-0.0286059	-2.86463	-0.23488	-0.187742	-0.482221	-0.482221	-3.58938	-1.16539	-0.875546
181	0.774944	0.134655	0.134655	-2.03362	0.0104235	0.0374623	2.26994	2.26994	-2.54813	0.0718098	0.256143
181	1.05408	-0.0259511	-0.0259511	-2.27906	-0.232427	-0.236368	-0.437468	-0.437468	-2.85567	-1.06592	-0.851427
181	1.00831	0.0628206	0.0628206	-2.56784	-0.11517	-0.0844302	1.05899	1.05899	-3.2175	-0.580493	-0.42081
181	0.95148	0.0211207	0.0211207	-2.56206	-0.146054	-0.0997599	0.35604	0.35604	-3.21026	-0.694825	-0.545094
181	1.0122	-0.020008	-0.020008	-2.3882	-0.190354	-0.181374	-0.337282	-0.337282	-2.99241	-1.02763	-0.821865
181	1.11793	0.158779	0.158779	-3.14309	-0.373803	-0.219532	2.6766	2.6766	-3.93829	-0.966467	-0.611594
181	0.838262	0.132108	0.132108	-2.42598	-0.00837312	0.0252391	2.22699	2.22699	-3.03976	-0.0511455	0.166211
181	0.910735	0.0436132	0.0436132	-2.35046	-0.0993327	-0.0653338	0.735204	0.735204	-2.94513	-0.597163	-0.417322
181	0.984888	0.0238892	0.0238892	-2.38775	-0.133836	-0.0959345	0.402709	0.402709	-2.99185	-0.793985	-0.487452
181	1.01535	0.0699646	0.0699646	-2.55601	-0.129876	-0.110886	1.17942	1.17942	-3.20268	-0.594119	-0.476784
181	0.956939	0.188083	0.188083	-2.48587	0.000842843	0.0377355	3.17059	3.17059	-3.11479	0.00402545	0.177173
181	0.944879	0.0733592	0.0733592	-2.5757	-0.11736	-0.0669166	1.23665	1.23665	-3.22735	-0.618883	-0.364427
181	0.965766	0.0287065	0.0287065	-2.59276	-0.122449	-0.103885	0.483917	0.483917	-3.24872	-0.684258	-0.534123
181	0.95933	-0.012008	-0.012008	-2.91239	-0.165812	-0.144941	-0.202423	-0.202423	-3.64922	-0.885128	-0.706217
181	0.987588	0.0237405	0.0237405	-2.50535	-0.131806	-0.11871	0.400203	0.400203	-3.1392	-0.740165	-0.55736
181	1.06125	0.0788243	0.0788243	-2.51992	-0.126152	-0.151598	1.32877	1.32877	-3.15746	-0.54818	-0.532188
181	0.980832	0.0180979	0.0180979	-2.2891	-0.15614	-0.123985	0.305083	0.305083	-2.86824	-0.744283	-0.564744
181	0.999163	0.157923	0.157923	-2.923	0.0163609	0.0102678	2.66218	2.66218	-3.66252	0.0903204	0.0499925
181	0.967829	-0.0784719	-0.0784719	-3.20472	-0.272153	-0.236426	-1.32283	-1.32283	-4.01551	-1.24574	-1.01258
181	1.05379	0.0925196	0.0925196	-2.59369	-0.165014	-0.172173	1.55964	1.55964	-3.24989	-0.618266	-0.56665
181	1.11734	0.00216805	0.00216805	-2.88162	-0.415879	-0.283655	0.0365477	0.0365477	-3.61067	-1.21326	-0.834362
181	0.974192	0.101273	0.101273	-2.57051	-0.0687578	-0.0305408	1.7072	1.7072	-3.22085	-0.347697	-0.164929
181	0.915774	-0.012514	-0.012514	-2.48963	-0.153198	-0.142014	-0.210953	-0.210953	-3.1195	-0.96052	-0.730047
181	0.967078	0.0799918	0.0799918	-2.4515	-0.0745952	-0.0725616	1.34845	1.34845	-3.07173	-0.413904	-0.336804
181	0.98496	0.0932527	0.0932527	-2.66564	-0.0805098	-0.0683668	1.572	1.572	-3.34004	-0.384971	-0.291765
181	0.996999	0.0888065	0.0888065	-2.17992	-0.111275	-0.0678821	1.49705	1.49705	-2.73144	-0.477836	-0.292292
181	1.29958	0.000515792	-0.0334681	-2.75639	-0.996963	-0.859853	0.0086949	-0.561058	-3.45376	-2.96959	-2.50014
181	1.02353	-0.027046	-0.027046	-3.04646	-0.216436	-0.2122	-0.455925	-0.455925	-3.81721	-0.966015	-0.871745
181	0.883896	-0.0459347	-0.0459347	-2.66321	-0.174547	-0.165476	-0.77434	-0.77434	-3.337	-1.18006	-0.934709
181	0.930699	-0.0644984	-0.0644984	-2.3216	-0.213883	-0.187625	-1.08728	-1.08728	-2.90896	-1.29062	-1.02125
181	0.846025	-0.0586994	-0.0586994	-2.77506	-0.185605	-0.159835	-0.989518	-0.989518	-3.47715	-1.21222	-1.06204
181	1.17188	0.0122063	0.0122063	-3.11929	-0.704493	-0.518999	0.205766	0.205766	-3.90847	-1.96389	-1.34223
181	0.916879	-0.0471618	-0.0471618	-2.08129	-0.200516	-0.183812	-0.795025	-0.795025	-2.60786	-1.12216	-0.99996
181	0.953733	0.109487	0.109487	-2.135	-0.0328733	-0.0167483	1.84566	1.84566	-2.67516	-0.201466	-0.0922856
181	1.0124	0.127285	0.127285	-3.09304	-0.0406068	-0.0241847	2.14569	2.14569	-3.87558	-0.20897	-0.10857
181	1.13814	0.0598904	0.0598904	-2.78369	-0.43407	-0.351818	1.0096	1.0096	-3.48796	-1.20851	-0.990142
181	1.02637	0.0308294	0.0308294	-2.29243	-0.193401	-0.154237	0.519704	0.519704	-2.87241	-0.777609	-0.640884
181	0.747761	0.04429	0.04429	-2.03539	-0.0788082	-0.0441982	0.746613	0.746613	-2.55034	-0.572361	-0.325621
181	0.947124	0.0577886	0.0577886	-2.2398	-0.0998143	-0.0825593	0.974166	0.974166	-2.80647	-0.502836	-0.388978
181	1.21245	0.0718071	0.0530552	-2.55886	-0.735003	-0.600848	1.21048	0.891898	-3.20625	-2.04983	-1.51368
181	0.934021	0.210362	0.210362	-2.23	0.0409395	0.0760569	3.54616	3.54616	-2.7942	0.233859	0.382079
181	0.905603	0.0294762	0.0294762	-2.21087	-0.153433	-0.0998947	0.496892	0.496892	-2.77022	-0.773336	-0.507632
181	0.952019	-0.0329204	-0.0329204	-2.96319	-0.207811	-0.164648	-0.554952	-0.554952	-3.71288	-1.00375	-0.883633
181	0.944201	0.0472217	0.0472217	-2.24699	-0.101414	-0.100499	0.796034	0.796034	-2.81548	-0.599141	-0.458059
181	1.08281	0.0349201	0.0349201	-3.0208	-0.275492	-0.184557	0.588662	0.588662	-3.78507	-0.854681	-0.643162
181	1.0878	0.0794091	0.0794091	-2.83897	-0.207521	-0.22052	1.33863	1.33863	-3.55723	-0.797309	-0.675995
181	0.972458	0.122697	0.122697	-2.43267	-0.053573	-0.00192452	2.06834	2.06834	-3.04813	-0.264036	-0.0104538
181	1.09032	0.170487	0.170487	-2.37255	-0.171108	-0.164479	2.87397	2.87397	-2.9728	-0.556845	-0.486749
181	1.02476	0.0685519	0.0685519	-2.37774	-0.126713	-0.0677818	1.15561	1.15561	-2.97931	-0.546068	-0.366836
181	1.01473	0.0772709	0.0772709	-2.17359	-0.121712	-0.0999341	1.30259	1.30259	-2.72351	-0.55881	-0.421642
181	0.905226	0.0134477	0.0134477	-3.31298	-0.134234	-0.120694	0.226693	0.226693	-4.15117	-0.824544	-0.669413
181	0.945622	0.109467	0.109467	-2.55344	-0.0405282	-0.0198162	1.84533	1.84533	-3.19947	-0.233926	-0.110619
181	0.960499	0.117951	0.117951	-2.22124	-0.0686629	-0.0326056	1.98834	1.98834	-2.78321	-0.287697	-0.141785
181	0.89717	0.151675	0.151675	-2.69796	0.0130775	0.0202312	2.55684	2.55684	-3.38055	0.0844418	0.104653
181	0.957137	0.140265	0.140265	-2.39757	-0.0152179	0.0127596	2.3645	2.3645	-3.00416	-0.0884882	0.072288
181	1.21699	-0.117326	-0.131625	-2.73383	-1.00043	-0.687225	-1.97782	-2.21272	-3.42549	-2.62373	-1.72463
181	1.17278	0.175911	0.175911	-2.54371	-0.380367	-0.297156	2.96539	2.96539	-3.18727	-1.04585	-0.682446
181	1.06575	0.120078	0.120078	-2.40538	-0.160478	-0.147977	2.02419	2.02419	-3.01395	-0.577035	-0.47227
181	0.944899	0.0849362	0.0849362	-2.62389	-0.088909	-0.0463906	1.4318	1.4318	-3.28773	-0.42979	-0.232007
181	1.00678	0.101689	0.101689	-2.67347	-0.0999245	-0.0321201	1.71422	1.71422	-3.34986	-0.428548	-0.168727
181	1.00484	0.164573	0.164573	-2.45252	-0.0118622	0.0171856	2.77427	2.77427	-3.073	-0.0638173	0.0734198
181	0.742009	0.131927	0.131927	-2.33181	0.00605525	0.0311263	2.22394	2.22394	-2.92176	0.0423488	0.197962
181	1.02068	-0.000163588	-0.000163588	-3.18376	-0.206119	-0.142481	-0.00275766	-0.00275766	-3.98926	-0.86736	-0.764516
181	0.831671	-0.00141183	-0.00141183	-2.25404	-0.127584	-0.0945038	-0.0237997	-0.0237997	-2.82432	-0.901221	-0.628589
181	0.963344	0.105829	0.105829	-2.20103	-0.0741088	-0.0392534	1.784	1.784	-2.75789	-0.357582	-0.18219
181	0.974288	-0.00590183	-0.00590183	-2.28503	-0.189381	-0.156053	-0.0994895	-0.0994895	-2.86315	-0.894992	-0.750945
181	0.899613	0.0777783	0.0777783	-2.42699	-0.0657213	-0.0414058	1.31114	1.31114	-3.04102	-0.366492	-0.226908
181	0.93871	0.0874267	0.0874267	-2.20713	-0.0640338	-0.0512718	1.47379	1.47379	-2.76554	-0.368371	-0.257111
181	1.07921	-0.0104649	-0.0104649	-2.43984	-0.357568	-0.291602	-0.176411	-0.176411	-3.05712	-1.18741	-0.921498
181	1.12007	-0.0599495	-0.0599495	-2.90603	-0.595624	-0.371508	-1.01059	-1.01059	-3.64126	-1.5806	-1.23504
181	0.950035	0.0855284	0.0855284	-2.25772	-0.0698113	-0.0620375	1.44179	1.44179	-2.82893	-0.388576	-0.278853
181	1.10666	0.0735419	0.0735419	-2.88586	-0.330375	-0.271318	1.23972	1.23972	-3.61598	-0.943882	-0.725069
181	0.93579	0.123807	0.123807	-2.50355	-0.0252424	-0.00925691	2.08706	2.08706	-3.13695	-0.129653	-0.0483211
181	1.05228	0.0979721	0.0979721	-2.55857	-0.14887	-0.116625	1.65155	1.65155	-3.20589	-0.559067	-0.428386
181	0.996438	0.000647976	0.000647976	-2.77576	-0.159059	-0.153337	0.0109232	0.0109232	-3.47803	-0.856561	-0.694403
181	0.928196	-0.0501101	-0.0501101	-2.72752	-0.211522	-0.169173	-0.844726	-0.844726	-3.41759	-1.16598	-0.961242
181	1.10242	0.0561921	0.0561921	-2.60354	-0.344656	-0.295047	0.947252	0.947252	-3.26223	-1.04753	-0.792739
181	0.988545	-0.0888438	-0.0888438	-2.871	-0.276027	-0.25723	-1.49768	-1.49768	-3.59737	-1.23033	-1.07252
181	0.990198	0.113498	0.113498	-2.84984	-0.0813305	-0.0196916	1.91328	1.91328	-3.57085	-0.408778	-0.102628
181	0.941115	0.0320669	0.0320669	-2.32244	-0.123238	-0.092619	0.540563	0.540563	-2.91001	-0.699039	-0.508934
181	0.982805	0.134622	0.134622	-2.48557	-0.0362099	-0.00118514	2.26937	2.26937	-3.11442	-0.167931	-0.00594541
181	0.851226	0.0832297	0.0832297	-2.78396	-0.0320791	-0.0489778	1.40304	1.40304	-3.48831	-0.231699	-0.272097
181	0.927265	0.224428	0.224428	-2.27682	0.081057	0.0749876	3.78327	3.78327	-2.85286	0.489403	0.398967
181	1.0196	-0.0278489	-0.0278489	-2.79484	-0.170661	-0.243187	-0.46946	-0.46946	-3.50193	-0.961981	-0.873741
181	0.883322	0.0449856	0.0449856	-1.94902	-0.106496	-0.082785	0.75834	0.75834	-2.44213	-0.579981	-0.43683
181	0.970586	0.102695	0.102695	-2.4243	-0.0676913	-0.0337968	1.73117	1.73117	-3.03765	-0.331767	-0.159288
181	1.02593	0.100069	0.100069	-2.48546	-0.134975	-0.0663537	1.68691	1.68691	-3.11428	-0.535514	-0.270773
181	0.99729	0.0303315	0.0303315	-2.66871	-0.133802	-0.111019	0.51131	0.51131	-3.34389	-0.659269	-0.552117
181	0.923819	0.220259	0.220259	-3.16514	0.0538127	0.10325	3.71299	3.71299	-3.96592	0.280467	0.591324
181	0.984296	0.0968714	0.0968714	-2.59048	-0.0688768	-0.0468487	1.633	1.633	-3.24588	-0.343578	-0.219362
181	1.09631	0.0733825	0.0733825	-2.75718	-0.384902	-0.195275	1.23704	1.23704	-3.45474	-1.0265	-0.621331
181	0.99072	0.099433	0.099433	-3.05689	-0.0844775	-0.0509242	1.67618	1.67618	-3.83029	-0.385755	-0.231741
181	1.06246	0.0584436	0.0584436	-3.14308	-0.176365	-0.197246	0.985206	0.985206	-3.93828	-0.717652	-0.645081
181	1.02522	0.0940695	0.0940695	-2.26451	-0.0901811	-0.0768489	1.58577	1.58577	-2.83743	-0.42844	-0.319429
181	1.12122	0.0559477	0.0559477	-3.14308	-0.372775	-0.313295	0.943133	0.943133	-3.93828	-1.00384	-0.801238
181	1.06132	0.145954	0.145954	-2.89657	-0.119273	-0.0466863	2.4604	2.4604	-3.62941	-0.43878	-0.18244
181	1.03214	-0.0893041	-0.0893041	-2.82427	-0.332843	-0.257064	-1.50543	-1.50543	-3.53881	-1.18669	-1.08283
181	0.961377	-0.0353904	-0.0353904	-2.74123	-0.196857	-0.178374	-0.59659	-0.59659	-3.43476	-1.00993	-0.884235
181	0.954241	0.0313982	0.0313982	-2.9606	-0.132011	-0.105814	0.529293	0.529293	-3.70963	-0.690563	-0.518557
181	0.958768	0.00706086	0.00706086	-2.65651	-0.187609	-0.122552	0.119028	0.119028	-3.3286	-0.933861	-0.640275
181	0.948866	0.0450908	0.0450908	-2.67585	-0.112324	-0.0866036	0.760113	0.760113	-3.35284	-0.588686	-0.460747
181	0.92034	0.127758	0.127758	-2.22525	0.00107184	0.00276662	2.15367	2.15367	-2.78824	0.00709215	0.0151915
181	0.959632	0.175713	0.175713	-2.62303	0.0251209	0.0102295	2.96206	2.96206	-3.28665	0.140633	0.0441306
181	0.891818	0.300551	0.300551	-2.38152	0.174066	0.171415	5.06651	5.06651	-2.98405	1.10925	0.874509
181	0.932939	0.0973631	0.0973631	-2.71346	-0.059744	-0.00017546	1.64129	1.64129	-3.39997	-0.314138	-0.00113156
181	1.03944	0.0124668	0.0124668	-3.01029	-0.20775	-0.163953	0.210157	0.210157	-3.77189	-0.806156	-0.708097
181	1.1834	0.0611353	0.0611353	-2.13105	-0.609253	-0.65874	1.03058	1.03058	-2.6702	-1.60543	-1.98721
181	0.970711	0.077273	0.077273	-2.69699	-0.0852161	-0.0580373	1.30262	1.30262	-3.37932	-0.428582	-0.308916
181	1.11434	0.045504	0.045504	-2.43435	-0.306562	-0.292152	0.767079	0.767079	-3.05023	-1.07989	-0.827603
181	1.05948	0.076276	0.076276	-2.35224	-0.188115	-0.179061	1.28581	1.28581	-2.94735	-0.702815	-0.572193
181	0.972415	0.0322019	0.0322019	-2.37171	-0.13831	-0.135546	0.54284	0.54284	-2.97175	-0.758902	-0.594181
181	0.810152	0.0309689	0.0309689	-2.23446	-0.107694	-0.0879822	0.522054	0.522054	-2.79977	-0.679017	-0.530155
181	0.97175	0.012966	0.012966	-2.9365	-0.159259	-0.136985	0.218574	0.218574	-3.67944	-0.782197	-0.646109
181	1.02069	0.0126	0.0126	-3.28515	-0.201938	-0.138136	0.212403	0.212403	-4.11629	-0.897439	-0.657721
181	1.16904	0.119344	0.119344	-2.85797	-0.601654	-0.320317	2.01183	2.01183	-3.58104	-1.51221	-0.858035
181	0.808921	0.124992	0.124992	-2.13883	-0.0105054	0.0220694	2.10703	2.10703	-2.67995	-0.0729292	0.148915
181	0.978801	0.00760042	0.00760042	-2.76538	-0.171337	-0.151237	0.128123	0.128123	-3.46503	-0.777698	-0.71154
181	1.04772	-0.00274265	-0.00274265	-2.50978	-0.204082	-0.191277	-0.0462339	-0.0462339	-3.14475	-0.903075	-0.714977
181	0.895296	-0.0881731	-0.0881731	-2.23579	-0.258037	-0.20083	-1.48637	-1.48637	-2.80145	-1.3189	-1.27213
181	0.898924	-0.0509662	-0.0509662	-2.386	-0.198073	-0.173795	-0.859157	-0.859157	-2.98965	-1.1322	-0.905612
181	0.805175	-0.0320239	-0.0320239	-2.52706	-0.156212	-0.134776	-0.539839	-0.539839	-3.16641	-1.16041	-0.834093
181	0.837759	0.0867069	0.0867069	-2.15373	-0.0381727	-0.0236829	1.46165	1.46165	-2.69862	-0.255277	-0.136989
181	0.928128	-0.0296971	-0.0296971	-2.19836	-0.182058	-0.169832	-0.500616	-0.500616	-2.75455	-1.01078	-0.879692
181	1.06244	0.10271	0.10271	-3.28291	-0.117104	-0.0966277	1.73143	1.73143	-4.11349	-0.489305	-0.379867
181	0.958457	0.147335	0.147335	-2.69888	-0.0232146	0.00954217	2.48368	2.48368	-3.3817	-0.124055	0.0453622
181	0.805796	0.112393	0.112393	-2.28253	-0.0134818	0.000121399	1.89465	1.89465	-2.86002	-0.0895223	0.000718072
181	0.960199	-0.0379116	-0.0379116	-2.84649	-0.220675	-0.175642	-0.639091	-0.639091	-3.56665	-1.05296	-0.916613
181	0.994622	0.0429306	0.0429306	-2.72786	-0.144416	-0.0866985	0.723699	0.723699	-3.418	-0.692106	-0.426728
181	1.0014	0.0504565	0.0504565	-3.29548	-0.133123	-0.113856	0.850565	0.850565	-4.12924	-0.617619	-0.498007
181	0.945353	0.0519334	0.0519334	-2.23257	-0.112839	-0.0758862	0.875461	0.875461	-2.79741	-0.57036	-0.377107
181	1.08714	0.0748214	0.0748214	-3.10126	-0.313548	-0.189438	1.26129	1.26129	-3.88588	-0.870232	-0.589764
181	0.847356	0.10535	0.10535	-2.62738	-0.0582617	-0.000429364	1.77593	1.77593	-3.29211	-0.336089	-0.00275018
181	0.822739	0.0828967	0.0828967	-2.65802	-0.0355718	-0.0294143	1.39742	1.39742	-3.33049	-0.249032	-0.174902
181	1.09909	-0.0151435	-0.0151435	-2.5258	-0.320481	-0.309711	-0.25528	-0.25528	-3.16483	-1.10281	-0.920855
181	0.868363	-0.0259053	-0.0259053	-2.70971	-0.160461	-0.152906	-0.436696	-0.436696	-3.39527	-1.05438	-0.900603
181	0.95094	0.0369473	0.0369473	-2.46358	-0.115159	-0.0967173	0.622836	0.622836	-3.08686	-0.60703	-0.497471
181	1.13063	0.00168638	0.00168638	-2.73796	-0.5956	-0.401225	0.028428	0.028428	-3.43067	-1.50986	-1.15928
181	1.04892	0.0260056	0.0260056	-3.35964	-0.158246	-0.167385	0.438386	0.438386	-4.20963	-0.762983	-0.617015
181	0.886987	-0.0281791	-0.0281791	-2.71061	-0.17442	-0.168192	-0.475026	-0.475026	-3.39639	-1.11261	-0.853893
181	0.986324	-0.00193276	-0.00193276	-2.9679	-0.178488	-0.132668	-0.0325813	-0.0325813	-3.71878	-0.885826	-0.694889
181	0.92648	0.0790294	0.0790294	-2.35669	-0.0676517	-0.0430957	1.33223	1.33223	-2.95293	-0.363365	-0.249616
181	1.08785	0.110413	0.110413	-2.67411	-0.199698	-0.189441	1.86128	1.86128	-3.35066	-0.688727	-0.580674
181	0.779098	0.127049	0.127049	-2.29044	0.00943635	0.0219809	2.14172	2.14172	-2.86992	0.0696445	0.131309
181	1.13647	0.0411493	0.0411493	-2.98189	-0.411171	-0.333009	0.693671	0.693671	-3.7363	-1.09119	-1.04128
181	0.874574	-0.0595304	-0.0595304	-2.25828	-0.197707	-0.180401	-1.00353	-1.00353	-2.82963	-1.17462	-1.05723
181	1.06391	0.0817098	0.0817098	-2.79075	-0.162044	-0.142354	1.37741	1.37741	-3.4968	-0.661302	-0.489941
181	0.96034	0.0840479	0.0840479	-2.80208	-0.0560215	-0.0633832	1.41683	1.41683	-3.51101	-0.357021	-0.308086
181	0.991055	-0.0736444	-0.0736444	-2.34792	-0.248253	-0.209775	-1.24145	-1.24145	-2.94195	-1.28687	-0.942331
181	0.900086	0.00494077	0.00494077	-2.60563	-0.126808	-0.112722	0.0832885	0.0832885	-3.26486	-0.796071	-0.609399
181	0.984534	-0.101586	-0.101586	-2.49132	-0.280321	-0.235328	-1.71247	-1.71247	-3.12163	-1.4346	-1.16793
181	0.888323	0.00344466	0.00344466	-2.13552	-0.127222	-0.104443	0.0580681	0.0580681	-2.67581	-0.783777	-0.665739
181	0.756415	0.147575	0.147575	-1.93364	0.0238777	0.0502996	2.48773	2.48773	-2.42285	0.175642	0.331579
181	1.05134	0.0962381	0.0962381	-2.48701	-0.105192	-0.0622387	1.62232	1.62232	-3.11622	-0.445719	-0.284513
181	0.842944	0.0644492	0.0644492	-2.12303	-0.0614677	-0.0702569	1.08645	1.08645	-2.66015	-0.396233	-0.338873
181	0.906649	-0.0354757	-0.0354757	-2.9173	-0.184451	-0.162875	-0.598028	-0.598028	-3.65537	-0.970641	-0.888552
181	0.845768	0.161224	0.161224	-2.25396	0.037707	0.0488658	2.71782	2.71782	-2.82421	0.267516	0.298118
181	1.02158	0.127049	0.127049	-2.25311	-0.0659409	-0.0454253	2.14171	2.14171	-2.82315	-0.292734	-0.194886
181	0.99081	0.0730467	0.0730467	-2.71089	-0.0815298	-0.0511666	1.23138	1.23138	-3.39675	-0.415557	-0.269857
181	0.832433	0.126579	0.126579	-1.84507	-0.005241	0.0189795	2.1338	2.1338	-2.31188	-0.0367035	0.126184
181	0.918737	-0.109357	-0.109357	-2.51895	-0.275409	-0.23741	-1.84347	-1.84347	-3.15625	-1.37992	-1.32305
181	1.00226	0.0501626	0.0501626	-2.64616	-0.109766	-0.0982358	0.84561	0.84561	-3.31563	-0.562785	-0.432792
181	0.980656	0.0953786	0.0953786	-2.15828	-0.0635858	-0.0467624	1.60783	1.60783	-2.70433	-0.372475	-0.242965
181	0.905358	0.0100633	0.0100633	-2.93116	-0.151628	-0.12596	0.16964	0.16964	-3.67274	-0.829473	-0.67427
181	0.938984	0.125605	0.125605	-2.80269	-0.00079869	-0.000989287	2.11737	2.11737	-3.51177	-0.00530991	-0.0046848
181	0.990484	-0.0880073	-0.0880073	-2.63234	-0.258426	-0.266161	-1.48357	-1.48357	-3.29832	-1.41609	-0.995633
181	1.1967	0.0768432	0.0768432	-3.18616	-0.730349	-0.423382	1.29538	1.29538	-3.99226	-1.9339	-1.03961
181	0.96104	-0.0234275	-0.0234275	-2.19551	-0.17119	-0.144305	-0.394926	-0.394926	-2.75098	-0.952923	-0.803585
181	0.88191	0.0195952	0.0195952	-2.79681	-0.150289	-0.0892554	0.330324	0.330324	-3.5044	-0.86275	-0.547546
181	0.988659	0.10566	0.10566	-2.03207	-0.0474671	-0.0639086	1.78115	1.78115	-2.54619	-0.250518	-0.277683
181	1.14529	0.0641733	0.0641733	-2.52121	-0.654008	-0.422961	1.08179	1.08179	-3.15907	-1.82596	-1.11851
181	0.985584	0.0674427	0.0674427	-2.10238	-0.143546	-0.0798324	1.13691	1.13691	-2.63429	-0.659784	-0.351376
181	1.00573	-0.0381777	-0.0381777	-2.57864	-0.233198	-0.192878	-0.643577	-0.643577	-3.23103	-1.03224	-0.878841
181	0.916077	0.021353	0.021353	-2.25009	-0.119221	-0.0999625	0.359956	0.359956	-2.81936	-0.72411	-0.523811
181	1.0043	0.053802	0.053802	-2.09087	-0.105124	-0.0996037	0.906961	0.906961	-2.61986	-0.576073	-0.454457
181	1.03946	0.142556	0.142556	-2.40616	-0.050254	-0.066032	2.40313	2.40313	-3.01492	-0.225362	-0.24299
181	0.910848	-0.0195032	-0.0195032	-1.90279	-0.172205	-0.142188	-0.328773	-0.328773	-2.38419	-0.983964	-0.806707
181	0.928306	-0.0209265	-0.0209265	-2.3363	-0.206326	-0.142871	-0.352766	-0.352766	-2.92739	-0.945644	-0.789663
181	0.883506	0.14866	0.14866	-2.68232	-0.0042168	0.0347903	2.50602	2.50602	-3.36095	-0.0237705	0.21236
181	0.963855	0.0730124	0.0730124	-2.80227	-0.0808467	-0.0835622	1.2308	1.2308	-3.51124	-0.396647	-0.358125
181	0.962104	0.113527	0.113527	-2.1229	-0.017665	-0.0482613	1.91377	1.91377	-2.65999	-0.11561	-0.20971
181	0.889689	0.159284	0.159284	-2.4045	0.024222	0.0370684	2.68512	2.68512	-3.01283	0.145164	0.218011
181	1.08013	0.153728	0.153728	-2.3197	-0.133696	-0.0892055	2.59145	2.59145	-2.90659	-0.511412	-0.309307
181	1.06061	0.155524	0.155524	-2.62849	-0.135133	-0.0576988	2.62172	2.62172	-3.2935	-0.465556	-0.222117
181	1.09656	0.0551974	0.0551974	-2.64205	-0.341703	-0.199892	0.930483	0.930483	-3.31048	-0.981597	-0.651475
181	0.820035	0.031206	0.031206	-2.169	-0.0910337	-0.0781406	0.526052	0.526052	-2.71776	-0.632531	-0.502397
181	1.10757	0.0353547	0.0353547	-2.63887	-0.345221	-0.312223	0.595988	0.595988	-3.30651	-1.09895	-0.866051
181	1.1135	0.095718	0.095718	-2.71431	-0.379904	-0.198058	1.61356	1.61356	-3.40102	-0.950193	-0.573412
181	1.09505	0.0139254	0.0139254	-2.23487	-0.279317	-0.283653	0.234746	0.234746	-2.80029	-1.00928	-0.842422
181	0.871661	0.0801929	0.0801929	-2.69154	-0.0423891	-0.0246786	1.35184	1.35184	-3.3725	-0.295357	-0.148249
181	0.831225	0.0203823	0.0203823	-2.19245	-0.112239	-0.0851796	0.343593	0.343593	-2.74714	-0.753609	-0.576242
181	1.03152	0.182598	0.182598	-2.5929	-0.034418	-0.0171544	3.07812	3.07812	-3.24891	-0.15278	-0.0647389
181	1.22137	0.203609	0.18925	-2.72599	-0.635857	-0.523044	3.43232	3.18143	-3.41567	-1.58427	-1.36725
181	1.05445	0.0657674	0.0657674	-2.71355	-0.144809	-0.137791	1.10867	1.10867	-3.40008	-0.626674	-0.511779
181	1.06919	0.0771252	0.0771252	-2.71726	-0.23914	-0.15133	1.30013	1.30013	-3.40473	-0.794219	-0.535967
181	0.967766	0.0364234	0.0364234	-3.29934	-0.177926	-0.107907	0.614004	0.614004	-4.13407	-0.815973	-0.554037
181	0.961647	0.0463701	0.0463701	-2.04977	-0.113015	-0.0914708	0.781678	0.781678	-2.56836	-0.55332	-0.455157
181	1.03754	0.0960583	0.0960583	-2.71337	-0.105763	-0.0424166	1.61929	1.61929	-3.39985	-0.459522	-0.216674
181	0.79391	0.076886	0.076886	-2.35862	-0.049706	-0.0230148	1.2961	1.2961	-2.95535	-0.35806	-0.159551
181	0.848842	0.0545446	0.0545446	-2.11471	-0.0892848	-0.0625227	0.91948	0.91948	-2.64973	-0.529526	-0.338292
181	0.900968	-0.0843045	-0.0843045	-2.67268	-0.214228	-0.214325	-1.42115	-1.42115	-3.34887	-1.34602	-1.13149
181	0.982977	0.116351	0.116351	-2.04209	-0.0579796	-0.0377667	1.96137	1.96137	-2.55874	-0.287166	-0.169814
181	1.13856	0.218541	0.218541	-3.14283	-0.420566	-0.282154	3.68403	3.68403	-3.93797	-1.05328	-0.756187
181	1.04469	0.0179763	0.0179763	-2.6154	-0.199213	-0.191599	0.303033	0.303033	-3.2771	-0.835113	-0.674581
181	1.02975	-0.0207026	-0.0207026	-2.14109	-0.18638	-0.215164	-0.348992	-0.348992	-2.68279	-1.03008	-0.8682
181	1.06371	0.0268213	0.0268213	-2.93829	-0.259187	-0.21023	0.452137	0.452137	-3.68168	-0.928709	-0.729071
181	0.85766	0.0440802	0.0440802	-2.14121	-0.0918043	-0.0749392	0.743077	0.743077	-2.68294	-0.607114	-0.464738
181	0.921002	-0.0534505	-0.0534505	-2.38485	-0.212238	-0.171784	-0.901035	-0.901035	-2.98822	-1.13905	-1.0118
181	1.09695	0.0672237	0.0672237	-2.69875	-0.195551	-0.209046	1.13322	1.13322	-3.38153	-0.710324	-0.611431
181	0.876978	0.0915756	0.0915756	-1.92434	-0.0573667	-0.0113763	1.54373	1.54373	-2.41119	-0.32324	-0.0707339
181	0.852612	0.00430581	0.00430581	-2.76743	-0.116699	-0.117779	0.0725847	0.0725847	-3.46759	-0.844979	-0.612292
181	0.977139	-0.00411739	-0.00411739	-2.25608	-0.163267	-0.132991	-0.0694085	-0.0694085	-2.82687	-0.859429	-0.7165
181	1.15666	0.183928	0.183928	-2.56832	-0.457075	-0.356383	3.10055	3.10055	-3.2181	-1.23764	-0.890711
181	0.929629	0.133248	0.133248	-3.00895	-0.00911338	0.00779408	2.24621	2.24621	-3.77021	-0.0536295	0.0419277
181	0.939691	0.067807	0.067807	-2.70706	-0.0800507	-0.0659478	1.14305	1.14305	-3.39194	-0.490191	-0.338115
181	0.980131	0.0912275	0.0912275	-3.17504	-0.0514514	-0.0586269	1.53786	1.53786	-3.97832	-0.29043	-0.284952
181	0.812908	0.0354942	0.0354942	-2.87793	-0.0875967	-0.0766903	0.59834	0.59834	-3.60605	-0.610606	-0.484221
181	1.04933	0.120106	0.120106	-2.50171	-0.104371	-0.0793872	2.02467	2.02467	-3.13464	-0.439182	-0.300927
181	0.981385	0.111109	0.111109	-2.21044	-0.0423365	-0.015716	1.87301	1.87301	-2.76968	-0.233887	-0.081322
181	1.08545	-0.0623435	-0.0623435	-3.00441	-0.394171	-0.346343	-1.05095	-1.05095	-3.76453	-1.24055	-1.01834
181	0.84655	0.0499205	0.0499205	-1.87159	-0.0849291	-0.0586204	0.841529	0.841529	-2.3451	-0.566718	-0.339486
181	0.920832	0.146522	0.146522	-2.71932	-0.0220988	0.0128552	2.46997	2.46997	-3.40731	-0.107057	0.0674808
181	0.826931	0.0683026	0.0683026	-2.11006	-0.0559446	-0.0399086	1.1514	1.1514	-2.6439	-0.399253	-0.254188
181	0.959942	0.088521	0.088521	-2.20526	-0.0585188	-0.0714062	1.49223	1.49223	-2.76319	-0.309588	-0.31788
181	1.05685	-0.0416989	-0.0416989	-2.38553	-0.283528	-0.228965	-0.702934	-0.702934	-2.98907	-1.13087	-0.888308
181	1.02742	0.104107	0.104107	-2.13097	-0.0986428	-0.0849238	1.75497	1.75497	-2.67011	-0.423983	-0.336907
181	0.948975	-0.0607225	-0.0607225	-3.19253	-0.246213	-0.208089	-1.02362	-1.02362	-4.00025	-1.23248	-0.953543
181	1.13591	0.119127	0.119127	-2.90962	-0.397104	-0.34102	2.00817	2.00817	-3.64576	-1.10693	-0.863966
181	1.03087	0.049714	0.049714	-2.26368	-0.161925	-0.131685	0.838049	0.838049	-2.83639	-0.695617	-0.522662
181	1.01658	0.0961094	0.0961094	-2.54556	-0.0684829	-0.0827538	1.62015	1.62015	-3.18958	-0.34527	-0.35173
181	1.16019	0.138535	0.138535	-2.4567	-0.474816	-0.394798	2.33533	2.33533	-3.07824	-1.30801	-1.00291
181	0.938276	0.14306	0.14306	-2.88996	-0.020141	0.0235349	2.41161	2.41161	-3.62113	-0.104733	0.133304
181	1.07021	0.00627507	0.00627507	-2.21833	-0.281805	-0.214674	0.105781	0.105781	-2.77956	-0.984528	-0.725775
181	1.12585	0.0182904	0.0182904	-2.76774	-0.441142	-0.349768	0.308328	0.308328	-3.46798	-1.34538	-1.02159
181	0.870229	0.117394	0.117394	-2.56095	-0.0165283	0.00422859	1.97895	1.97895	-3.20886	-0.110529	0.0256154
181	1.09287	0.0740655	0.0740655	-2.58598	-0.294814	-0.329411	1.24855	1.24855	-3.24023	-0.953251	-0.861955
181	1.12926	0.137314	0.137314	-2.98338	-0.387805	-0.33172	2.31475	2.31475	-3.73817	-0.992388	-0.942901
181	0.866499	0.0196511	0.0196511	-3.25687	-0.121954	-0.0922762	0.331266	0.331266	-4.08086	-0.719035	-0.534945
181	0.926365	-0.00525454	-0.00525454	-2.16973	-0.176989	-0.161571	-0.0885778	-0.0885778	-2.71868	-0.892646	-0.759688
181	0.959599	0.0322634	0.0322634	-2.4926	-0.142856	-0.11137	0.543877	0.543877	-3.12322	-0.773055	-0.490039
181	0.907537	-0.077604	-0.077604	-2.26322	-0.225049	-0.200968	-1.3082	-1.3082	-2.83582	-1.27952	-1.11841
181	0.734465	0.0304708	0.0304708	-2.17944	-0.0823135	-0.0660986	0.513657	0.513657	-2.73084	-0.648474	-0.469768
181	0.886261	0.014066	0.014066	-2.12295	-0.12058	-0.0867402	0.237116	0.237116	-2.66006	-0.738705	-0.536625
181	1.08402	0.0318659	0.0318659	-3.24329	-0.258349	-0.265389	0.537176	0.537176	-4.06384	-0.91765	-0.814214
181	0.826035	0.140962	0.140962	-2.39052	0.0045091	0.0339053	2.37625	2.37625	-2.99532	0.0297538	0.2185
181	1.05821	0.0722745	0.0722745	-2.4941	-0.158877	-0.201559	1.21836	1.21836	-3.1251	-0.649282	-0.628097
181	1.04691	0.131973	0.131973	-2.43699	-0.0836095	-0.0897938	2.22472	2.22472	-3.05355	-0.342191	-0.330743
181	0.752496	0.0362536	0.0362536	-2.13655	-0.0772919	-0.059017	0.611142	0.611142	-2.6771	-0.549566	-0.395317
181	0.967422	0.0986115	0.0986115	-2.48708	-0.0771884	-0.0584637	1.66233	1.66233	-3.11631	-0.365035	-0.275886
181	1.00406	-0.114057	-0.114057	-2.79383	-0.301305	-0.275246	-1.9227	-1.9227	-3.50066	-1.46879	-1.1353
181	0.929866	0.0783459	0.0783459	-2.59585	-0.0798075	-0.0497531	1.32071	1.32071	-3.2526	-0.411654	-0.274187
181	0.966106	0.145199	0.145199	-2.34247	-0.0196588	-0.0042057	2.44768	2.44768	-2.93512	-0.0982309	-0.0200187
181	0.973458	0.139913	0.139913	-2.88046	-0.0164397	-0.01308	2.35858	2.35858	-3.60922	-0.0836668	-0.0630323
181	1.0821	0.0554429	0.0554429	-2.77731	-0.194117	-0.163745	0.934622	0.934622	-3.47997	-0.804504	-0.592672
181	0.965692	0.0670859	0.0670859	-3.14553	-0.119187	-0.065142	1.13089	1.13089	-3.94135	-0.564735	-0.334473
181	0.80285	0.0652285	0.0652285	-2.26999	-0.0628653	-0.055241	1.09958	1.09958	-2.84429	-0.421495	-0.315831
181	0.92393	0.163507	0.163507	-2.10652	0.0331789	0.0337597	2.7563	2.7563	-2.63946	0.210287	0.174083
181	1.12623	0.09988	0.09988	-2.30924	-0.444422	-0.297375	1.68372	1.68372	-2.89348	-1.20688	-0.779755
181	0.945891	0.0397033	0.0397033	-2.29331	-0.127803	-0.110804	0.669294	0.669294	-2.87352	-0.625143	-0.546001
181	0.915825	0.169057	0.169057	-2.34059	0.0112387	0.0364219	2.84987	2.84987	-2.93276	0.0632819	0.188644
181	0.899024	-0.0468963	-0.0468963	-2.4685	-0.188289	-0.172727	-0.790549	-0.790549	-3.09303	-1.11357	-0.911683
181	0.77999	0.106694	0.106694	-2.68648	-0.0243584	0.0061178	1.79859	1.79859	-3.36616	-0.162125	0.0431265
181	0.900965	0.107098	0.107098	-1.98406	-0.0324907	-0.0186296	1.8054	1.8054	-2.48603	-0.213196	-0.0990203
181	1.0385	-0.0499777	-0.0499777	-3.11035	-0.323031	-0.223331	-0.842494	-0.842494	-3.89727	-1.14307	-0.881231
181	0.946099	0.0838065	0.0838065	-2.4282	-0.0554546	-0.0736751	1.41276	1.41276	-3.04253	-0.343633	-0.337629
181	1.03385	0.00405721	0.00405721	-2.76995	-0.205035	-0.17004	0.068394	0.068394	-3.47074	-0.902474	-0.690542
181	1.05033	0.18534	0.18534	-2.60472	-0.0816826	-0.022716	3.12436	3.12436	-3.26371	-0.297259	-0.084059
181	0.986072	0.0891038	0.0891038	-2.02141	-0.0958213	-0.0686521	1.50206	1.50206	-2.53283	-0.445961	-0.307354
181	0.9554	-0.0373962	-0.0373962	-3.12936	-0.199091	-0.207339	-0.630403	-0.630403	-3.92108	-1.05377	-0.766855
181	0.842096	0.0201541	0.0201541	-3.0469	-0.0989056	-0.0880057	0.339746	0.339746	-3.81777	-0.684619	-0.563879
181	1.04504	-0.0091094	-0.0091094	-2.5572	-0.20922	-0.179761	-0.153561	-0.153561	-3.20417	-0.977428	-0.726149
181	1.13797	-0.0733169	-0.0733169	-2.61117	-0.553248	-0.474858	-1.23593	-1.23593	-3.2718	-1.80699	-1.25661
181	0.880959	-0.0844236	-0.0844236	-2.42894	-0.210577	-0.198642	-1.42316	-1.42316	-3.04347	-1.38807	-1.14275
181	0.949912	0.0991093	0.0991093	-2.22265	-0.0720167	-0.0256752	1.67072	1.67072	-2.78498	-0.36209	-0.125871
181	1.10045	0.0944533	0.0944533	-3.27571	-0.281786	-0.183939	1.59224	1.59224	-4.10447	-0.8494	-0.594132
181	0.993808	0.0657079	0.0657079	-2.40027	-0.105744	-0.0831756	1.10766	1.10766	-3.00753	-0.513145	-0.413416
181	1.04971	0.0935597	0.0935597	-2.56345	-0.160025	-0.0925051	1.57717	1.57717	-3.212	-0.583379	-0.348199
181	1.09488	0.0510711	0.0510711	-2.28653	-0.356937	-0.308857	0.860925	0.860925	-2.86502	-1.07891	-0.848079
181	0.993394	0.0773837	0.0773837	-2.70936	-0.0681181	-0.081993	1.30449	1.30449	-3.39483	-0.412664	-0.367446
181	0.84904	0.145019	0.145019	-2.35418	0.00800689	0.0374555	2.44464	2.44464	-2.94979	0.0489197	0.233439
181	1.12562	0.0139959	0.0139959	-2.79396	-0.526351	-0.368251	0.235934	0.235934	-3.50084	-1.51	-1.05938
181	1.02767	0.0386265	0.0386265	-2.82338	-0.148547	-0.116868	0.651142	0.651142	-3.5377	-0.747034	-0.522375
181	0.964625	0.143235	0.143235	-2.12786	-0.0259094	0.00317102	2.41457	2.41457	-2.66621	-0.126893	0.0168343
181	0.931752	0.0221184	0.0221184	-3.1821	-0.100763	-0.0920914	0.372858	0.372858	-3.98717	-0.668033	-0.521639
181	1.10006	0.0260033	0.0260033	-2.36919	-0.418346	-0.314051	0.438349	0.438349	-2.96859	-1.18717	-0.881005
181	0.961581	0.0727328	0.0727328	-2.46869	-0.144827	-0.0669288	1.22609	1.22609	-3.09327	-0.569085	-0.330341
181	0.883826	0.0803128	0.0803128	-2.00002	-0.10394	-0.0279407	1.35386	1.35386	-2.50602	-0.535551	-0.165052
181	1.11634	0.172466	0.172466	-3.14412	-0.268366	-0.18518	2.90733	2.90733	-3.93958	-0.773986	-0.52189
181	0.918296	0.0245673	0.0245673	-2.08154	-0.112532	-0.113664	0.414141	0.414141	-2.60817	-0.693245	-0.552366
181	0.885013	0.0407802	0.0407802	-2.42578	-0.110907	-0.0747508	0.687448	0.687448	-3.0395	-0.657303	-0.47784
181	0.852681	0.176861	0.176861	-1.93673	0.0310152	0.0535584	2.98142	2.98142	-2.42673	0.187686	0.293243
181	1.2125	0.101527	0.0872191	-2.89786	-0.850192	-0.617929	1.71148	1.46622	-3.63102	-2.80031	-1.7329
181	0.939358	0.130572	0.130572	-2.15763	-0.0115536	-0.01186	2.2011	2.2011	-2.70351	-0.0679573	-0.0584851
181	1.03573	-0.0423802	-0.0423802	-2.52825	-0.286206	-0.266493	-0.71442	-0.71442	-3.16789	-1.1226	-0.920326
181	0.979472	0.260053	0.260053	-2.28028	0.0807696	0.100012	4.38382	4.38382	-2.85719	0.386899	0.489085
181	1.14866	0.0196688	0.0196688	-2.58351	-0.555754	-0.447744	0.331564	0.331564	-3.23714	-1.36771	-1.18049
181	0.936866	0.0961858	0.0961858	-2.48938	-0.0730119	-0.0357545	1.62144	1.62144	-3.1192	-0.405994	-0.185766
181	0.992613	0.039625	0.039625	-2.34407	-0.103931	-0.106382	0.667975	0.667975	-2.93712	-0.610714	-0.510403
181	0.93666	0.0243526	0.0243526	-2.84895	-0.118719	-0.119108	0.410522	0.410522	-3.56974	-0.69639	-0.536825
181	0.856055	0.065997	0.065997	-2.35337	-0.068637	-0.0441711	1.11254	1.11254	-2.94877	-0.460504	-0.241929
181	0.91591	-0.0664886	-0.0664886	-2.26433	-0.225462	-0.17875	-1.12083	-1.12083	-2.8372	-1.19504	-1.06977
181	1.05532	0.031682	0.031682	-2.94459	-0.231425	-0.144383	0.534077	0.534077	-3.68957	-0.814024	-0.587099
181	1.04651	0.0894341	0.0894341	-2.53995	-0.142277	-0.121187	1.50763	1.50763	-3.18256	-0.589313	-0.461855
181	0.962047	0.0704357	0.0704357	-2.486	-0.0840964	-0.0803724	1.18736	1.18736	-3.11496	-0.462186	-0.365504
181	1.02528	0.0215959	0.0215959	-2.82611	-0.201645	-0.135471	0.36405	0.36405	-3.54111	-0.839382	-0.576798
181	1.05813	-0.0292202	-0.0292202	-2.77492	-0.278192	-0.25923	-0.492577	-0.492577	-3.47697	-1.07145	-0.864951
181	0.992377	0.0660666	0.0660666	-3.00498	-0.135789	-0.0723276	1.11371	1.11371	-3.76523	-0.569389	-0.362418
181	0.762257	0.129394	0.129394	-2.43304	-0.00943107	0.017016	2.18125	2.18125	-3.0486	-0.0617737	0.103752
181	0.751595	0.0769045	0.0769045	-2.47777	-0.0349553	-0.0157221	1.29641	1.29641	-3.10464	-0.260586	-0.116052
181	0.90178	0.06469	0.06469	-2.26382	-0.0840877	-0.087213	1.09051	1.09051	-2.83657	-0.512533	-0.391611
181	0.911514	0.00858817	0.00858817	-2.1347	-0.146637	-0.103369	0.144774	0.144774	-2.67478	-0.846471	-0.634616
181	0.942056	0.0398775	0.0398775	-2.64391	-0.100982	-0.0801783	0.672231	0.672231	-3.31282	-0.628358	-0.456117
181	1.07622	0.0739412	0.0739412	-2.38264	-0.245747	-0.225987	1.24646	1.24646	-2.98545	-0.833799	-0.715793
181	0.967595	0.0367618	0.0367618	-2.57692	-0.131044	-0.0847088	0.619708	0.619708	-3.22888	-0.636154	-0.480366
181	0.979709	0.159674	0.159674	-2.79498	0.000307902	0.0247543	2.6917	2.6917	-3.50211	0.00166592	0.121382
181	1.17352	0.210624	0.210624	-3.26969	-0.381676	-0.386213	3.55057	3.55057	-4.09692	-0.953038	-1.0224
181	0.844842	-0.0294404	-0.0294404	-2.14128	-0.184183	-0.157545	-0.496289	-0.496289	-2.68302	-0.969253	-0.877372
181	0.982304	0.0912148	0.0912148	-2.06844	-0.0759513	-0.0490698	1.53764	1.53764	-2.59175	-0.352396	-0.241193
181	0.932645	0.224355	0.224355	-2.60473	0.0500509	0.104307	3.78204	3.78204	-3.26372	0.248124	0.593726
181	0.963245	0.106058	0.106058	-2.16339	-0.0695903	-0.0141845	1.78787	1.78787	-2.71073	-0.331796	-0.0785228
181	0.912721	0.129525	0.129525	-2.21453	0.00473427	-0.000361208	2.18346	2.18346	-2.77481	0.0335884	-0.00197369
181	0.90597	0.0925978	0.0925978	-2.20042	-0.0771384	-0.0176281	1.56096	1.56096	-2.75713	-0.410896	-0.103254
181	1.09617	0.102247	0.102247	-3.1814	-0.223122	-0.11026	1.72362	1.72362	-3.9863	-0.669567	-0.399702
181	1.08144	0.0826505	0.0826505	-3.06241	-0.161739	-0.141039	1.39327	1.39327	-3.8372	-0.682565	-0.478299
181	0.920793	0.0863941	0.0863941	-2.1626	-0.0687903	-0.0359981	1.45638	1.45638	-2.70974	-0.367888	-0.202376
181	1.02346	0.0671582	0.0671582	-2.42658	-0.181978	-0.102015	1.13211	1.13211	-3.04051	-0.716436	-0.438656
181	1.15292	0.0917753	0.0917753	-2.99455	-0.539177	-0.393251	1.54709	1.54709	-3.75217	-1.36949	-1.09788
181	1.02551	0.105442	0.105442	-3.23491	-0.0643693	-0.0841369	1.77747	1.77747	-4.05334	-0.339005	-0.321777
181	0.975862	0.0738783	0.0738783	-2.68765	-0.0862137	-0.0576776	1.2454	1.2454	-3.36763	-0.4694	-0.295937
181	0.793549	0.029961	0.029961	-2.41911	-0.115141	-0.0709706	0.505065	0.505065	-3.03115	-0.713262	-0.471078
181	0.91399	0.104112	0.104112	-2.80127	-0.0616013	-0.0255171	1.75505	1.75505	-3.50999	-0.339719	-0.129186
181	1.05655	0.0759613	0.0759613	-2.59253	-0.23632	-0.152541	1.28051	1.28051	-3.24845	-0.766957	-0.511199
181	0.99514	0.123993	0.123993	-3.30716	-0.0592344	-0.0221483	2.09019	2.09019	-4.14387	-0.288754	-0.103187
181	0.916393	0.164985	0.164985	-2.18108	-0.0010593	0.0348154	2.78121	2.78121	-2.7329	-0.00579616	0.180821
181	1.01328	0.132068	0.132068	-2.44962	-0.0653374	-0.0235958	2.22632	2.22632	-3.06937	-0.29093	-0.110424
181	1.16083	0.117288	0.117288	-3.09854	-0.411085	-0.389332	1.97716	1.97716	-3.88247	-1.12091	-1.06332
181	0.838475	0.214354	0.214354	-2.21997	0.0984481	0.0863623	3.61345	3.61345	-2.78162	0.726176	0.458515
181	0.943033	0.0365184	0.0365184	-2.74871	-0.0940227	-0.108632	0.615604	0.615604	-3.44413	-0.622888	-0.490415
181	1.03609	0.191966	0.191966	-2.30962	-0.0668468	0.0446892	3.23604	3.23604	-2.89395	-0.243711	0.219951
181	0.898515	0.0880624	0.0880624	-2.15762	-0.0773148	-0.0208644	1.4845	1.4845	-2.7035	-0.419719	-0.130753
181	0.915147	-0.0296903	-0.0296903	-2.4468	-0.175774	-0.139526	-0.5005	-0.5005	-3.06584	-1.05923	-0.86038
181	1.03428	0.052435	0.052435	-3.244	-0.137642	-0.121958	0.883918	0.883918	-4.06473	-0.620643	-0.498176
181	1.02063	-0.0511702	-0.0511702	-3.287	-0.282511	-0.206869	-0.862597	-0.862597	-4.11861	-1.23283	-0.888019
181	0.975908	0.105933	0.105933	-2.85316	-0.0520767	-0.0487038	1.78576	1.78576	-3.57501	-0.269576	-0.229337
181	0.816173	-0.013982	-0.013982	-2.53434	-0.147717	-0.132144	-0.235699	-0.235699	-3.17553	-0.915345	-0.796565
181	0.946392	-0.0314359	-0.0314359	-2.71115	-0.186133	-0.174419	-0.529927	-0.529927	-3.39707	-1.02987	-0.906107
181	0.976265	0.0681679	0.0681679	-2.73348	-0.0932246	-0.0835127	1.14913	1.14913	-3.42505	-0.503919	-0.388612
181	1.04666	0.158276	0.158276	-2.47972	-0.0677406	-0.0269927	2.66811	2.66811	-3.10709	-0.291619	-0.101032
181	0.960238	0.0172617	0.0172617	-3.05876	-0.129198	-0.108126	0.290987	0.290987	-3.83263	-0.814706	-0.547362
181	0.98018	0.0101615	0.0101615	-2.28986	-0.145294	-0.136176	0.171296	0.171296	-2.86919	-0.848567	-0.657196
181	0.922291	0.124776	0.124776	-2.31574	-0.0512712	-0.00540017	2.10339	2.10339	-2.90162	-0.284229	-0.0272172
181	1.2231	-0.0278578	-0.0433027	-3.27239	-0.876618	-0.72186	-0.469609	-0.727951	-4.1003	-2.55428	-1.76793
181	0.991417	0.0621781	0.0621781	-2.33786	-0.113511	-0.0687846	1.04816	1.04816	-2.92934	-0.570152	-0.379166
181	1.01582	0.0474898	0.0474898	-3.02346	-0.169636	-0.0895495	0.800554	0.800554	-3.7884	-0.691859	-0.410885
181	0.828983	-0.0592975	-0.0592975	-2.15357	-0.195137	-0.175303	-0.999601	-0.999601	-2.69843	-1.1159	-0.979843
181	0.872649	0.212793	0.212793	-2.21434	0.0445374	0.0786083	3.58714	3.58714	-2.77457	0.208689	0.438697
181	1.02048	0.0397257	0.0397257	-2.52563	-0.178314	-0.118924	0.669672	0.669672	-3.16461	-0.728473	-0.502218
181	0.956276	0.081647	0.081647	-2.47239	-0.0857769	-0.0366031	1.37635	1.37635	-3.0979	-0.43854	-0.205792
181	0.938575	-0.0699138	-0.0699138	-2.33225	-0.224125	-0.229873	-1.17856	-1.17856	-2.9223	-1.13457	-1.09023
181	1.05417	0.117016	0.117016	-2.45327	-0.185438	-0.110436	1.97258	1.97258	-3.07395	-0.658052	-0.390181
181	0.86521	0.00792954	0.00792954	-2.6126	-0.106867	-0.108529	0.133671	0.133671	-3.27359	-0.742316	-0.607534
181	1.00766	0.0406896	0.0406896	-2.76195	-0.11865	-0.0986406	0.68592	0.68592	-3.46073	-0.615048	-0.515911
181	0.869602	-0.00292913	-0.00292913	-3.0442	-0.127906	-0.115721	-0.0493775	-0.0493775	-3.81438	-0.837589	-0.69159
181	1.0939	0.0159837	0.0159837	-2.95745	-0.2844	-0.269804	0.269443	0.269443	-3.70568	-0.925376	-0.814112
181	0.847223	0.0226136	0.0226136	-2.60717	-0.114339	-0.0890966	0.381206	0.381206	-3.26678	-0.756214	-0.527771
181	1.02807	0.0675831	0.0675831	-2.2964	-0.104339	-0.133573	1.13927	1.13927	-2.87739	-0.533527	-0.489273
181	0.968772	-0.030873	-0.030873	-2.88296	-0.204683	-0.167142	-0.520439	-0.520439	-3.61235	-1.05879	-0.88091
181	0.833844	0.219223	0.219223	-2.42187	0.100718	0.0920058	3.69553	3.69553	-3.0346	0.653094	0.522386
181	0.94197	0.0183227	0.0183227	-2.72949	-0.119768	-0.13017	0.308873	0.308873	-3.42004	-0.755828	-0.573867
181	1.01903	0.210501	0.210501	-2.39021	0.0160002	0.0553826	3.54849	3.54849	-2.99493	0.0745611	0.251337
181	0.980239	0.030597	0.030597	-1.90843	-0.14615	-0.111789	0.515786	0.515786	-2.39126	-0.688808	-0.569791
181	0.953575	0.103424	0.103424	-3.14798	-0.0317859	-0.022936	1.74345	1.74345	-3.94442	-0.196515	-0.130902
181	1.0504	0.0347052	0.0347052	-2.82932	-0.210152	-0.207204	0.585039	0.585039	-3.54514	-0.835749	-0.656171
181	1.00586	0.163074	0.163074	-2.13296	-0.0250755	-0.0136354	2.74901	2.74901	-2.67259	-0.110367	-0.0589804
181	0.910731	0.0827427	0.0827427	-2.6602	-0.0693549	-0.0276114	1.39483	1.39483	-3.33323	-0.400103	-0.163552
181	1.02141	0.060931	0.060931	-2.93668	-0.131707	-0.0972112	1.02714	1.02714	-3.67966	-0.626054	-0.399779
181	1.0981	0.0203591	0.0203591	-2.36373	-0.380571	-0.279622	0.343202	0.343202	-2.96175	-1.22797	-0.87468
181	0.914461	-0.012814	-0.012814	-2.91545	-0.167792	-0.154902	-0.21601	-0.21601	-3.65306	-0.963024	-0.755981
181	0.969964	0.18618	0.18618	-2.8924	0.0217081	0.0510267	3.1385	3.1385	-3.62418	0.110628	0.252294
181	0.874355	0.11079	0.11079	-3.19887	-0.0420952	-0.00561935	1.86764	1.86764	-4.00819	-0.260608	-0.0333586
181	0.952064	0.0652201	0.0652201	-2.17103	-0.111296	-0.113386	1.09944	1.09944	-2.7203	-0.520249	-0.463774
181	0.974424	0.106135	0.106135	-2.64798	-0.0490525	-0.0205572	1.78916	1.78916	-3.31792	-0.255443	-0.120094
181	1.11854	-0.10408	-0.10408	-2.9957	-0.441444	-0.401954	-1.75451	-1.75451	-3.75361	-1.48565	-1.19012
181	0.897167	0.0896809	0.0896809	-2.57781	-0.0498209	-0.0366307	1.51179	1.51179	-3.23	-0.302399	-0.201138
181	1.15445	-0.0156955	-0.0156955	-2.71679	-0.575195	-0.473516	-0.264584	-0.264584	-3.40413	-1.65192	-1.2469
181	1.02418	0.00687423	0.00687423	-2.62481	-0.200215	-0.176708	0.115882	0.115882	-3.28889	-0.792468	-0.657903
181	0.99348	0.0906534	0.0906534	-2.77465	-0.0881192	-0.0522288	1.52818	1.52818	-3.47663	-0.455423	-0.250562
181	0.976212	0.0252565	0.0252565	-2.14098	-0.13583	-0.125338	0.425758	0.425758	-2.68265	-0.713116	-0.621208
181	1.04693	0.128352	0.128352	-2.69937	-0.123188	-0.0817681	2.16367	2.16367	-3.38231	-0.457394	-0.286413
181	0.990924	0.158574	0.158574	-2.80655	0.0148988	0.0170684	2.67314	2.67314	-3.51661	0.0857985	0.0826619
181	0.89367	-0.0429755	-0.0429755	-2.78052	-0.1933	-0.169887	-0.724454	-0.724454	-3.48399	-1.11112	-0.98349
181	0.887259	0.0511561	0.0511561	-2.17318	-0.0773128	-0.0595811	0.862359	0.862359	-2.723	-0.516125	-0.352126
181	1.04564	0.0697913	0.0697913	-2.89057	-0.221878	-0.104388	1.1765	1.1765	-3.62188	-0.805758	-0.417956
181	0.845535	-0.0144438	-0.0144438	-2.019	-0.144653	-0.138851	-0.243485	-0.243485	-2.52981	-0.974225	-0.761698
181	1.0499	0.107753	0.107753	-2.12174	-0.139693	-0.08279	1.81644	1.81644	-2.65854	-0.523042	-0.307844
181	0.918377	0.188156	0.188156	-2.42405	0.0281211	0.0759395	3.17182	3.17182	-3.03733	0.158057	0.435415
181	1.03599	0.0531777	0.0531777	-2.08866	-0.161487	-0.140089	0.896437	0.896437	-2.61709	-0.68425	-0.526121
181	1.03163	0.118888	0.118888	-2.60846	-0.0476709	-0.0798842	2.00415	2.00415	-3.26839	-0.261771	-0.289433
181	1.08818	0.0488546	0.0488546	-2.22497	-0.238739	-0.16293	0.823562	0.823562	-2.78789	-0.923754	-0.617682
181	1.13823	0.0611171	0.0611171	-2.28585	-0.504172	-0.493868	1.03027	1.03027	-2.86417	-1.31472	-1.19583
181	1.17293	0.0985484	0.0985484	-2.43722	-0.507863	-0.513863	1.66127	1.66127	-3.05383	-1.22041	-1.26462
181	0.813022	0.110083	0.110083	-2.48852	-0.00966718	0.00356366	1.85571	1.85571	-3.11811	-0.0667183	0.0232097
181	1.06157	0.0856007	0.0856007	-2.76506	-0.125923	-0.107062	1.443	1.443	-3.46462	-0.558189	-0.40732
181	0.948687	0.105189	0.105189	-2.43117	-0.0519236	-0.0133979	1.77321	1.77321	-3.04625	-0.256437	-0.0728776
181	0.904913	0.127289	0.127289	-2.51604	-0.00612327	-0.000903183	2.14576	2.14576	-3.1526	-0.0379236	-0.0048437
181	1.09849	-0.00641706	-0.00641706	-2.80713	-0.37381	-0.320433	-0.108175	-0.108175	-3.51734	-1.15251	-0.889243
181	1.24843	0.0854687	0.0697085	-2.62467	-0.705944	-0.607297	1.44078	1.17185	-3.28871	-1.68637	-1.50214
181	0.922942	0.0358177	0.0358177	-2.02724	-0.114613	-0.0867865	0.603793	0.603793	-2.54013	-0.649915	-0.464485
181	0.846841	0.0172164	0.0172164	-2.72825	-0.0926483	-0.0885121	0.290223	0.290223	-3.4185	-0.700818	-0.60552
181	1.00954	0.0570948	0.0570948	-3.01355	-0.141112	-0.12053	0.962469	0.962469	-3.77598	-0.654329	-0.511794
181	1.01173	0.00535331	0.00535331	-2.84214	-0.217971	-0.15079	0.0902428	0.0902428	-3.56121	-0.943953	-0.696242
181	1.10863	0.092071	0.092071	-2.32926	-0.319884	-0.241595	1.55208	1.55208	-2.91856	-0.888372	-0.736355
181	0.767887	0.183884	0.183884	-2.35631	0.0561104	0.0761233	3.09981	3.09981	-2.95246	0.379421	0.49228
181	1.0696	0.114589	0.114589	-1.90601	-0.157756	-0.20921	1.93167	1.93167	-2.38823	-0.55174	-0.564839
181	1.08989	-0.0127092	-0.0127092	-2.50325	-0.322617	-0.276885	-0.214244	-0.214244	-3.13658	-1.00225	-0.871078
181	0.81299	0.0414296	0.0414296	-2.43727	-0.085885	-0.0622441	0.698394	0.698394	-3.0539	-0.590572	-0.410848
181	0.903725	0.146512	0.146512	-2.4006	0.0170069	0.0287763	2.46981	2.46981	-3.00795	0.112747	0.161329
181	0.930091	0.255895	0.255895	-2.09845	0.0851646	0.105437	4.31372	4.31372	-2.62936	0.426717	0.501853
181	0.908188	0.188893	0.188893	-2.74822	0.0598852	0.0860004	3.18424	3.18424	-3.44351	0.384522	0.507776
181	0.942295	0.117818	0.117818	-2.27544	-0.0624435	-0.0162967	1.9861	1.9861	-2.85113	-0.304562	-0.0784528
181	0.961421	0.0238287	0.0238287	-2.50037	-0.136826	-0.150085	0.40169	0.40169	-3.13296	-0.768815	-0.6317
181	0.858163	0.0726069	0.0726069	-1.88712	-0.0657849	-0.0397255	1.22396	1.22396	-2.36456	-0.369928	-0.244434
181	0.938309	-0.0122868	-0.0122868	-3.20422	-0.190847	-0.159199	-0.207123	-0.207123	-4.01489	-0.933155	-0.751063
181	0.91411	0.116565	0.116565	-2.28497	-0.037442	-0.0187277	1.96498	1.96498	-2.86307	-0.221298	-0.0914813
181	0.990749	0.043168	0.043168	-2.55927	-0.10788	-0.115432	0.7277	0.7277	-3.20677	-0.634565	-0.524645
181	1.14359	-0.0130985	-0.0130985	-3.12497	-0.554566	-0.492457	-0.220806	-0.220806	-3.91559	-1.54581	-1.34857
181	0.923526	0.0269322	0.0269322	-2.91738	-0.136483	-0.104197	0.454006	0.454006	-3.65548	-0.706965	-0.50832
181	0.903018	-0.153978	-0.153978	-2.23294	-0.290196	-0.273812	-2.59566	-2.59566	-2.79787	-1.93245	-1.53769
181	0.847124	0.0330623	0.0330623	-2.41451	-0.12586	-0.0869938	0.557343	0.557343	-3.02539	-0.675016	-0.508147
181	0.881385	0.0215196	0.0215196	-2.71565	-0.112373	-0.109753	0.362765	0.362765	-3.4027	-0.702532	-0.54767
181	1.08176	-0.0208195	-0.0208195	-2.83114	-0.275536	-0.268765	-0.350962	-0.350962	-3.54742	-1.00734	-0.904767
181	1.04666	0.095359	0.095359	-2.42742	-0.131989	-0.158534	1.6075	1.6075	-3.04155	-0.531321	-0.510101
181	0.927876	-0.0773557	-0.0773557	-2.58105	-0.241925	-0.204406	-1.30402	-1.30402	-3.23406	-1.34144	-1.07741
181	0.903182	0.130413	0.130413	-2.59091	-0.0195114	0.00593904	2.19842	2.19842	-3.24642	-0.126398	0.0375385
181	0.868289	0.0999263	0.0999263	-2.37813	-0.0224874	-0.00203344	1.6845	1.6845	-2.9798	-0.142773	-0.0134997
181	1.07646	0.0711112	0.0711112	-2.89456	-0.219517	-0.141898	1.19875	1.19875	-3.62689	-0.725024	-0.545629
181	1.10503	0.0844989	0.0844989	-2.4334	-0.309829	-0.197925	1.42443	1.42443	-3.04905	-1.03538	-0.64084
181	1.06462	0.018296	0.018296	-2.28279	-0.285036	-0.187842	0.308423	0.308423	-2.86034	-0.991371	-0.704611
181	0.862339	-0.0548486	-0.0548486	-2.18996	-0.200014	-0.175122	-0.924605	-0.924605	-2.74402	-1.1855	-1.00585
181	0.817215	0.0968732	0.0968732	-2.14346	-0.0316508	-0.0177668	1.63303	1.63303	-2.68576	-0.22379	-0.0971802
181	1.03312	0.0902514	0.0902514	-2.68678	-0.105415	-0.129674	1.5214	1.5214	-3.36654	-0.479063	-0.448044
181	1.0448	-0.0247956	-0.0247956	-2.83065	-0.300334	-0.200106	-0.417989	-0.417989	-3.54681	-1.09398	-0.836725
181	1.25675	0.212685	0.184008	-2.6828	-0.683137	-0.568118	3.58531	3.0847	-3.36154	-1.60541	-1.37503
181	1.03296	0.106581	0.106581	-3.20276	-0.109005	-0.0478483	1.79667	1.79667	-4.01306	-0.455851	-0.237667
181	0.959388	0.106333	0.106333	-2.33996	-0.0378002	-0.033658	1.7925	1.7925	-2.93197	-0.220277	-0.177904
181	0.892292	0.167185	0.167185	-2.63011	0.0205758	0.0312563	2.8183	2.8183	-3.29553	0.130966	0.15548
181	0.91972	0.137415	0.137415	-2.48583	-0.0252007	0.0175116	2.31645	2.31645	-3.11475	-0.129564	0.103021
181	1.06958	0.0819535	0.0819535	-2.13895	-0.190761	-0.122669	1.38152	1.38152	-2.6801	-0.749598	-0.432195
181	1.09745	-0.0294325	-0.0294325	-3.11296	-0.285586	-0.342123	-0.496155	-0.496155	-3.90054	-1.1459	-1.04677
181	0.941767	0.133683	0.133683	-2.7004	-0.0101547	-0.00422029	2.25355	2.25355	-3.3836	-0.0596515	-0.0220326
181	0.864819	0.0420072	0.0420072	-2.28644	-0.084478	-0.086994	0.708133	0.708133	-2.86491	-0.581507	-0.481754
181	0.923216	0.0373295	0.0373295	-3.30262	-0.112939	-0.0778351	0.629279	0.629279	-4.13818	-0.669454	-0.456576
181	0.981732	0.0126851	0.0126851	-2.83418	-0.120457	-0.131831	0.213837	0.213837	-3.55123	-0.692231	-0.645914
181	1.13517	0.136246	0.136246	-3.33391	-0.436247	-0.326602	2.29675	2.29675	-4.17739	-1.14354	-0.857297
181	0.827162	-0.0399498	-0.0399498	-2.02577	-0.153212	-0.147084	-0.673449	-0.673449	-2.53829	-1.1567	-0.941184
181	1.0145	0.115824	0.115824	-2.55215	-0.0663381	-0.0613376	1.95249	1.95249	-3.19785	-0.314588	-0.251525
181	1.13128	0.0712609	0.0712609	-2.6606	-0.419162	-0.310152	1.20127	1.20127	-3.33373	-1.18848	-0.860503
181	1.09196	0.0490618	0.0490618	-2.89407	-0.287077	-0.243453	0.827054	0.827054	-3.62626	-0.945671	-0.787225
181	1.0358	-0.0129274	-0.0129274	-2.81368	-0.202019	-0.175433	-0.217922	-0.217922	-3.52554	-0.947622	-0.821688
181	1.03681	-0.116166	-0.116166	-2.71726	-0.301235	-0.29398	-1.95826	-1.95826	-3.40472	-1.43875	-1.27942
181	0.820654	0.0320439	0.0320439	-1.85892	-0.0977481	-0.0756694	0.540176	0.540176	-2.32922	-0.673177	-0.453671
181	1.09979	0.0130417	0.0130417	-2.71381	-0.411964	-0.326341	0.219848	0.219848	-3.40041	-1.22228	-1.0074
181	1.03515	0.0595936	0.0595936	-2.65942	-0.175605	-0.108569	1.00459	1.00459	-3.33225	-0.700325	-0.475184
181	0.940307	-0.0480636	-0.0480636	-2.26607	-0.199522	-0.172056	-0.810227	-0.810227	-2.83939	-1.06444	-0.998022
181	0.96972	0.110526	0.110526	-2.46142	-0.0841741	-0.0334143	1.86318	1.86318	-3.08416	-0.375902	-0.149173
181	1.00474	-0.0313209	-0.0313209	-2.61471	-0.246052	-0.170534	-0.527989	-0.527989	-3.27624	-1.00656	-0.797825
181	0.879605	0.0115047	0.0115047	-2.0274	-0.135302	-0.0906239	0.193939	0.193939	-2.54034	-0.771716	-0.606525
181	0.988646	0.11484	0.11484	-2.57157	-0.0697646	0.00445151	1.9359	1.9359	-3.22217	-0.328171	0.0262729
181	1.15784	0.0342302	0.0342302	-2.80035	-0.657847	-0.53237	0.577031	0.577031	-3.50884	-1.71869	-1.43459
181	0.94399	-0.0335086	-0.0335086	-2.73219	-0.18502	-0.152442	-0.564868	-0.564868	-3.42343	-0.978028	-0.833374
181	0.958136	0.125817	0.125817	-2.39289	-0.0447104	-0.00447121	2.12094	2.12094	-2.99829	-0.240492	-0.0230897
181	0.99527	0.0777542	0.0777542	-2.99414	-0.0971173	-0.0688957	1.31073	1.31073	-3.75166	-0.492957	-0.295943
181	1.06002	0.121904	0.121904	-3.25647	-0.167556	-0.106178	2.05498	2.05498	-4.08036	-0.541218	-0.343809
181	1.01865	0.0881942	0.0881942	-2.5388	-0.0864398	-0.0933622	1.48672	1.48672	-3.18111	-0.414228	-0.364324
181	1.13688	0.0722767	0.0722767	-2.44409	-0.401561	-0.295502	1.2184	1.2184	-3.06244	-1.11293	-0.796595
181	0.982205	0.0949878	0.0949878	-2.27668	-0.11019	-0.0661866	1.60125	1.60125	-2.85268	-0.458555	-0.261754
181	1.02329	0.00438799	0.00438799	-2.58257	-0.165113	-0.162948	0.0739701	0.0739701	-3.23595	-0.7768	-0.682965
181	0.955331	-0.059105	-0.059105	-2.33099	-0.195902	-0.179552	-0.996356	-0.996356	-2.92073	-1.10953	-0.997106
181	0.749987	0.0482821	0.0482821	-2.57153	-0.0792803	-0.0567981	0.813909	0.813909	-3.22213	-0.543415	-0.344333
181	0.943063	0.0810915	0.0810915	-2.25656	-0.0704587	-0.0448618	1.36699	1.36699	-2.82748	-0.395249	-0.256424
181	1.13056	0.0582966	0.0582966	-2.36385	-0.441792	-0.292338	0.982729	0.982729	-2.96191	-1.25897	-0.849286
181	0.981992	-0.0310357	-0.0310357	-2.24144	-0.201878	-0.183392	-0.523181	-0.523181	-2.80852	-1.06772	-0.821352
181	1.06425	0.0591815	0.0591815	-2.93887	-0.190999	-0.130985	0.997645	0.997645	-3.6824	-0.763318	-0.515139
181	1.07351	0.0641482	0.0641482	-2.25803	-0.191024	-0.157182	1.08137	1.08137	-2.82931	-0.68413	-0.526842
181	1.19179	0.0398019	0.0398019	-2.93466	-0.703354	-0.645065	0.670956	0.670956	-3.67713	-1.7867	-1.6779
181	0.847369	-0.0111344	-0.0111344	-2.44946	-0.169075	-0.147408	-0.187697	-0.187697	-3.06918	-0.869845	-0.735519
181	0.848338	-0.0346065	-0.0346065	-2.69276	-0.180235	-0.146407	-0.583375	-0.583375	-3.37403	-1.11898	-0.863265
181	1.12858	0.0259253	0.0259253	-2.6875	-0.49614	-0.311479	0.437033	0.437033	-3.36744	-1.38595	-0.92185
181	0.963433	-0.039105	-0.039105	-2.51431	-0.183219	-0.169916	-0.659209	-0.659209	-3.15043	-1.17938	-0.827532
181	0.915266	-0.0323805	-0.0323805	-2.39636	-0.17059	-0.16653	-0.54585	-0.54585	-3.00264	-1.1024	-0.842523
181	0.823515	-0.0115503	-0.0115503	-2.44489	-0.151	-0.0989953	-0.194708	-0.194708	-3.06345	-0.878944	-0.727649
181	0.823537	0.112803	0.112803	-2.12421	0.00224778	0.00744791	1.90156	1.90156	-2.66163	0.0171163	0.0448151
181	1.02118	0.00369566	0.00369566	-2.66337	-0.184686	-0.19036	0.0622992	0.0622992	-3.3372	-0.815367	-0.69961
181	0.89953	0.065636	0.065636	-2.3811	-0.0811245	-0.0551879	1.10645	1.10645	-2.98352	-0.505258	-0.315733
181	1.12294	0.0288769	0.0288769	-2.57121	-0.475141	-0.410192	0.486789	0.486789	-3.22172	-1.35958	-1.07395
181	0.943201	-0.0141885	-0.0141885	-2.19511	-0.192289	-0.14498	-0.239182	-0.239182	-2.75048	-0.975665	-0.765355
181	0.964498	0.0349011	0.0349011	-2.35233	-0.122014	-0.0969553	0.588342	0.588342	-2.94747	-0.66994	-0.516376
181	0.997672	0.0783482	0.0783482	-2.54531	-0.123424	-0.0853019	1.32075	1.32075	-3.18928	-0.534126	-0.384934
181	1.0049	0.00234254	0.00234254	-3.04205	-0.157992	-0.17211	0.0394891	0.0394891	-3.81168	-0.811198	-0.704128
181	0.930154	0.0133802	0.0133802	-2.27834	-0.117175	-0.102041	0.225555	0.225555	-2.85476	-0.732765	-0.609216
181	0.957633	0.11905	0.11905	-2.31538	-0.0164584	-0.0098327	2.00686	2.00686	-2.90118	-0.100772	-0.0499315
181	0.890273	0.167493	0.167493	-2.51573	0.00885531	0.055154	2.82349	2.82349	-3.15221	0.0501925	0.342639
181	1.01703	-0.027889	-0.027889	-2.83309	-0.203988	-0.167524	-0.470135	-0.470135	-3.54986	-0.973531	-0.804127
181	0.983191	0.10333	0.10333	-2.67725	-0.0331344	-0.0484568	1.74187	1.74187	-3.35459	-0.224776	-0.221076
181	0.999233	0.128583	0.128583	-2.81755	-0.0708791	-0.0181793	2.16758	2.16758	-3.53039	-0.300008	-0.0903708
181	0.895063	0.0514313	0.0514313	-2.37176	-0.112842	-0.0592906	0.866998	0.866998	-2.97181	-0.566307	-0.34782
181	0.925877	0.136394	0.136394	-1.76251	-0.0256011	0.0210957	2.29924	2.29924	-2.20843	-0.134164	0.120663
181	1.15568	0.00562658	0.00562658	-2.62657	-0.568583	-0.541982	0.0948494	0.0948494	-3.29109	-1.40006	-1.32339
181	1.02561	0.00883692	0.00883692	-2.20772	-0.211659	-0.138871	0.148967	0.148967	-2.76628	-0.909671	-0.63821
181	1.10261	0.0261719	0.0261719	-2.70048	-0.304277	-0.373878	0.441191	0.441191	-3.3837	-1.08141	-1.0286
181	0.977062	0.141925	0.141925	-2.03157	-0.0288481	0.00246807	2.39249	2.39249	-2.54555	-0.150007	0.0118781
181	0.982244	0.0536529	0.0536529	-1.80611	-0.0914735	-0.112033	0.904448	0.904448	-2.26306	-0.500472	-0.479918
181	1.19419	0.0663975	0.0663975	-3.29451	-0.772135	-0.548683	1.11929	1.11929	-4.12802	-1.97434	-1.32263
181	1.03623	0.0196084	0.0196084	-2.43192	-0.227876	-0.1503	0.330547	0.330547	-3.04719	-0.847144	-0.588681
181	1.2258	0.118374	0.103591	-2.48948	-0.606466	-0.568627	1.99547	1.74145	-3.11932	-1.56586	-1.52361
181	0.903335	-0.0264872	-0.0264872	-2.92602	-0.182845	-0.168009	-0.446504	-0.446504	-3.66631	-0.981029	-0.772386
181	0.833634	-0.0947996	-0.0947996	-2.72781	-0.213592	-0.195038	-1.59807	-1.59807	-3.41795	-1.56792	-1.36622
181	0.991871	-0.127634	-0.127634	-2.76906	-0.299264	-0.261589	-2.15158	-2.15158	-3.46963	-1.53696	-1.34115
181	0.937086	0.0362479	0.0362479	-2.90118	-0.133196	-0.073227	0.611046	0.611046	-3.63518	-0.67769	-0.43959
181	0.92878	-0.139673	-0.139673	-2.27405	-0.296023	-0.287147	-2.35452	-2.35452	-2.84938	-1.60992	-1.33426
181	1.03419	0.128749	0.128749	-2.83046	-0.0463754	-0.0467286	2.17037	2.17037	-3.54656	-0.237769	-0.204261
181	1.11301	0.151663	0.151663	-2.63007	-0.204142	-0.144731	2.55664	2.55664	-3.29548	-0.603035	-0.442141
181	0.904765	0.0073359	0.0073359	-2.21531	-0.139939	-0.0997337	0.123664	0.123664	-2.77579	-0.863569	-0.602928
181	0.801863	0.0833522	0.0833522	-2.54547	-0.0416851	-0.0215459	1.4051	1.4051	-3.18948	-0.269783	-0.135716
181	0.875816	0.0273572	0.0273572	-2.60731	-0.110898	-0.0979459	0.461171	0.461171	-3.26696	-0.711605	-0.538127
181	0.908924	0.0348139	0.0348139	-2.11746	-0.114563	-0.0665598	0.586872	0.586872	-2.65318	-0.668419	-0.449928
181	0.97866	-0.0321713	-0.0321713	-2.39289	-0.189723	-0.18998	-0.542325	-0.542325	-2.99829	-1.07358	-0.831567
181	1.08805	0.0116908	0.0116908	-2.51398	-0.334112	-0.275547	0.197076	0.197076	-3.15002	-1.02677	-0.85124
181	1.12932	0.202998	0.202998	-3.18033	-0.338971	-0.178522	3.42202	3.42202	-3.98496	-0.924533	-0.498913
181	0.839301	0.0703789	0.0703789	-2.42588	-0.0599281	-0.0420225	1.18641	1.18641	-3.03963	-0.397024	-0.25656
181	0.997705	0.00814751	0.00814751	-2.7764	-0.152588	-0.10552	0.137346	0.137346	-3.47884	-0.766134	-0.577368
181	0.950126	0.132786	0.132786	-2.35367	-0.0249207	-0.0111383	2.23843	2.23843	-2.94915	-0.139532	-0.0518358
181	1.11234	0.0511296	0.0511296	-2.91041	-0.301149	-0.311768	0.861912	0.861912	-3.64675	-0.933758	-0.853651
181	0.946503	0.119072	0.119072	-2.6003	-0.0429504	-0.0190741	2.00724	2.00724	-3.25818	-0.216108	-0.099202
181	0.945088	0.20144	0.20144	-2.50963	0.050358	0.0674933	3.39576	3.39576	-3.14457	0.282133	0.333237
181	1.02938	-0.0123817	-0.0123817	-2.30188	-0.235653	-0.142293	-0.208724	-0.208724	-2.88426	-0.999016	-0.725011
181	0.86138	0.0290605	0.0290605	-2.8098	-0.120564	-0.0893497	0.489884	0.489884	-3.52068	-0.675733	-0.514346
181	0.875127	0.0326402	0.0326402	-2.98659	-0.101507	-0.0911865	0.550229	0.550229	-3.7422	-0.617596	-0.518622
181	1.03997	-0.00988148	-0.00988148	-3.15512	-0.230803	-0.190008	-0.166576	-0.166576	-3.95336	-0.989461	-0.799583
181	0.913848	0.155604	0.155604	-2.14804	-0.00127263	0.026824	2.62307	2.62307	-2.69149	-0.00657832	0.135479
181	0.99268	0.0433587	0.0433587	-2.78084	-0.12819	-0.104224	0.730915	0.730915	-3.48439	-0.686686	-0.477232
181	0.848638	0.0708638	0.0708638	-2.25054	-0.053997	-0.0487543	1.19458	1.19458	-2.81993	-0.348543	-0.292166
181	1.07609	-0.0821826	-0.0821826	-2.64537	-0.409423	-0.322382	-1.38538	-1.38538	-3.31465	-1.38916	-1.06864
181	0.879037	0.0469705	0.0469705	-2.32801	-0.115517	-0.0624617	0.791799	0.791799	-2.91699	-0.607078	-0.383741
181	0.986219	-0.0199647	-0.0199647	-2.86008	-0.211112	-0.181114	-0.336553	-0.336553	-3.58368	-1.0923	-0.745973
181	0.853674	0.211632	0.211632	-2.51707	0.0796644	0.0895923	3.56756	3.56756	-3.15389	0.575559	0.523945
181	0.93263	0.0776069	0.0776069	-2.41671	-0.0811636	-0.0532708	1.30825	1.30825	-3.02813	-0.452568	-0.285467
181	1.09449	-0.0240696	-0.0240696	-2.30787	-0.394472	-0.318515	-0.40575	-0.40575	-2.89176	-1.17895	-0.910535
181	1.05527	-0.0260534	-0.0260534	-3.38235	-0.324769	-0.223153	-0.439193	-0.439193	-4.23809	-1.06622	-0.832657
181	0.897791	-0.0518126	-0.0518126	-2.45392	-0.214454	-0.188911	-0.873425	-0.873425	-3.07476	-1.13593	-1.02383
181	0.991519	0.0405525	0.0405525	-3.17058	-0.142568	-0.108018	0.68361	0.68361	-3.97274	-0.659976	-0.471185
181	1.02732	0.188449	0.188449	-2.62775	-0.0525944	0.0320286	3.17676	3.17676	-3.29257	-0.193764	0.150735
181	0.848511	0.0962909	0.0962909	-2.59608	-0.0479701	-0.018044	1.62321	1.62321	-3.25289	-0.294326	-0.109694
181	0.793691	-0.0336214	-0.0336214	-2.44255	-0.162311	-0.134179	-0.566769	-0.566769	-3.06051	-1.05342	-0.85771
181	1.05401	0.0165557	0.0165557	-2.48525	-0.166565	-0.218991	0.279086	0.279086	-3.11402	-0.849757	-0.708317
181	0.908438	0.126734	0.126734	-2.35071	-0.027918	0.016786	2.13641	2.13641	-2.94544	-0.144478	0.099776
181	0.916077	0.11468	0.11468	-2.23054	-0.0402189	-0.0218958	1.93321	1.93321	-2.79487	-0.237898	-0.106724
181	0.858571	-0.198776	-0.198776	-2.54623	-0.320091	-0.317354	-3.35084	-3.35084	-3.19042	-2.13733	-1.8242
181	0.981556	-0.00215011	-0.00215011	-3.18889	-0.178115	-0.157644	-0.0362452	-0.0362452	-3.99568	-0.864183	-0.756198
181	1.17481	-0.0261993	-0.0261993	-2.53601	-0.857622	-0.562689	-0.441651	-0.441651	-3.17762	-2.50544	-1.38426
181	1.03151	0.0825176	0.0825176	-3.09182	-0.139048	-0.0997828	1.39103	1.39103	-3.87404	-0.57586	-0.411858
181	1.06215	0.051488	0.051488	-2.50996	-0.263316	-0.167304	0.867953	0.867953	-3.14498	-0.876879	-0.584569
181	1.02344	0.0630193	0.0630193	-2.31113	-0.145534	-0.0965113	1.06234	1.06234	-2.89585	-0.62056	-0.428676
181	1.02128	-0.0829778	-0.0829778	-2.8293	-0.311036	-0.257755	-1.39879	-1.39879	-3.54511	-1.23083	-1.07759
181	0.886966	0.0796006	0.0796006	-2.27326	-0.0480237	-0.0277652	1.34186	1.34186	-2.84839	-0.30465	-0.183641
181	0.830636	-0.104357	-0.104357	-1.90836	-0.241873	-0.212822	-1.75918	-1.75918	-2.39118	-1.6095	-1.26974
181	0.935169	0.0199216	0.0199216	-2.99352	-0.140024	-0.114889	0.335826	0.335826	-3.75088	-0.822978	-0.634464
181	1.18965	0.176086	0.176086	-2.32373	-0.624806	-0.416417	2.96836	2.96836	-2.91163	-1.66957	-1.06237
181	0.923936	0.180168	0.180168	-2.43708	0.0430741	0.047462	3.03716	3.03716	-3.05366	0.259467	0.240115
181	0.876556	-0.0337672	-0.0337672	-2.16604	-0.174591	-0.148174	-0.569227	-0.569227	-2.71404	-1.0787	-0.892528
181	1.16158	0.0825259	0.0825259	-2.53351	-0.54739	-0.410966	1.39117	1.39117	-3.17449	-1.47387	-1.05526
181	0.829753	0.0564616	0.0564616	-2.91546	-0.0752393	-0.0414269	0.951795	0.951795	-3.65307	-0.501314	-0.273976
181	1.10942	0.0966544	0.0966544	-2.75488	-0.293577	-0.22371	1.62934	1.62934	-3.45186	-0.905273	-0.647476
181	1.02857	0.0627412	0.0627412	-2.76118	-0.19163	-0.134023	1.05765	1.05765	-3.45976	-0.647176	-0.539161
181	0.936764	0.016023	0.016023	-2.47966	-0.136635	-0.116164	0.270106	0.270106	-3.10702	-0.79499	-0.595432
181	1.03074	0.0753839	0.0753839	-2.6182	-0.106919	-0.0992838	1.27078	1.27078	-3.2806	-0.567675	-0.410435
181	1.0344	0.0502766	0.0502766	-2.39787	-0.15061	-0.0814633	0.847531	0.847531	-3.00453	-0.659743	-0.438714
181	0.887272	-0.057081	-0.057081	-2.53385	-0.210242	-0.17839	-0.962238	-0.962238	-3.17491	-1.21338	-1.06967
181	1.20239	0.0415801	0.0415801	-3.08618	-0.733593	-0.607522	0.700932	0.700932	-3.86699	-2.00568	-1.64145
181	1.07075	-0.013967	-0.013967	-2.75378	-0.233067	-0.230092	-0.235447	-0.235447	-3.45049	-1.0312	-0.796598
181	0.916064	0.207182	0.207182	-2.17876	0.078267	0.0932353	3.49255	3.49255	-2.72999	0.529452	0.526864
181	0.951754	0.008804	0.008804	-2.26738	-0.141493	-0.103694	0.148412	0.148412	-2.84102	-0.822154	-0.640611
181	0.948348	0.0784283	0.0784283	-2.56289	-0.0613096	-0.0661558	1.3221	1.3221	-3.2113	-0.366936	-0.2898
181	0.927316	0.114824	0.114824	-2.57854	-0.0422492	-0.00464461	1.93563	1.93563	-3.23091	-0.231315	-0.0269134
181	0.787747	0.0297845	0.0297845	-2.15368	-0.105295	-0.0797754	0.502089	0.502089	-2.69857	-0.677003	-0.499813
181	1.02606	-0.0368541	-0.0368541	-2.70865	-0.251356	-0.217063	-0.621265	-0.621265	-3.39394	-1.03536	-0.966591
181	0.872892	0.0433623	0.0433623	-2.10825	-0.0962532	-0.0565798	0.730976	0.730976	-2.64164	-0.619256	-0.368636
181	0.896246	0.116209	0.116209	-2.74296	-0.0546793	-0.02602	1.95899	1.95899	-3.43693	-0.259581	-0.129995
181	1.17038	0.0969638	0.0969638	-2.61594	-0.571712	-0.497112	1.63456	1.63456	-3.27778	-1.59536	-1.35913
181	0.970889	-0.00439274	-0.00439274	-2.36491	-0.17625	-0.142003	-0.0740501	-0.0740501	-2.96323	-0.963713	-0.693711
181	0.896848	-0.0666285	-0.0666285	-2.41901	-0.234017	-0.196038	-1.12318	-1.12318	-3.03102	-1.15163	-1.08631
181	0.966972	0.0948987	0.0948987	-2.6649	-0.074871	-0.0498447	1.59974	1.59974	-3.33912	-0.388701	-0.239104
181	0.998639	-0.00813867	-0.00813867	-2.4031	-0.165662	-0.148042	-0.137197	-0.137197	-3.01109	-0.890285	-0.746084
181	0.948131	0.14967	0.14967	-2.42655	0.00380536	-0.00163515	2.52304	2.52304	-3.04047	0.0248967	-0.00749798
181	1.02828	-0.0112183	-0.0112183	-2.39433	-0.158928	-0.185828	-0.189112	-0.189112	-3.0001	-0.950093	-0.675717
181	1.08671	0.100261	0.100261	-2.79899	-0.239282	-0.19248	1.69013	1.69013	-3.50713	-0.76022	-0.594199
181	1.15519	0.0659218	0.0659218	-3.06582	-0.620922	-0.443794	1.11127	1.11127	-3.84148	-1.51412	-1.09601
181	0.92803	0.0076901	0.0076901	-1.99887	-0.133495	-0.11609	0.129635	0.129635	-2.50459	-0.825225	-0.62135
181	0.95615	-0.045272	-0.045272	-3.23021	-0.206997	-0.17453	-0.763167	-0.763167	-4.04745	-1.13328	-0.936633
181	1.10829	-0.0645727	-0.0645727	-2.84029	-0.438858	-0.325329	-1.08853	-1.08853	-3.55888	-1.28135	-1.05591
181	1.15537	0.192828	0.192828	-2.93471	-0.439059	-0.301285	3.25057	3.25057	-3.67719	-1.17387	-0.75857
181	0.739866	0.0840838	0.0840838	-2.19042	-0.0493087	-0.0153643	1.41743	1.41743	-2.74459	-0.321368	-0.108029
181	1.02219	0.0488188	0.0488188	-2.51384	-0.152219	-0.132644	0.822958	0.822958	-3.14984	-0.698413	-0.50453
181	0.989037	-0.0831105	-0.0831105	-3.07042	-0.227015	-0.238829	-1.40103	-1.40103	-3.84724	-1.3082	-0.958544
181	0.965613	0.206334	0.206334	-2.81196	0.0356111	0.0351853	3.47825	3.47825	-3.52338	0.164461	0.145234
181	0.939714	0.10023	0.10023	-2.26053	-0.102297	-0.0319635	1.68962	1.68962	-2.83245	-0.429715	-0.168819
181	1.07838	-0.0179796	-0.0179796	-2.63416	-0.37419	-0.278614	-0.303089	-0.303089	-3.3006	-1.13417	-0.914714
181	0.892403	0.00963566	0.00963566	-2.04907	-0.134856	-0.11234	0.162432	0.162432	-2.56749	-0.753293	-0.613148
181	0.817963	0.146609	0.146609	-2.61769	0.0152666	0.0366037	2.47144	2.47144	-3.27996	0.0976505	0.211557
181	0.866963	0.030001	0.030001	-2.61016	-0.096108	-0.100406	0.505739	0.505739	-3.27053	-0.65164	-0.509781
181	0.914396	0.0468384	0.0468384	-2.22882	-0.140736	-0.0754122	0.789574	0.789574	-2.79271	-0.657552	-0.382317
181	0.891215	0.0371638	0.0371638	-2.19734	-0.0950273	-0.0757325	0.626484	0.626484	-2.75327	-0.623985	-0.43655
181	1.21719	0.127782	0.112462	-3.07085	-0.859054	-0.67738	2.15408	1.89057	-3.84777	-2.67729	-1.84999
181	1.22366	0.0851123	0.0673766	-3.25687	-0.648558	-0.536434	1.43477	1.13265	-4.08086	-1.60319	-1.4366
181	1.10173	0.00286425	0.00286425	-2.46702	-0.402987	-0.274021	0.0482838	0.0482838	-3.09118	-1.20111	-0.822059
181	0.863977	-0.022673	-0.022673	-2.11683	-0.13156	-0.147462	-0.382208	-0.382208	-2.65239	-1.0313	-0.818009
181	0.880756	0.057506	0.057506	-2.414	-0.0827017	-0.0598709	0.969401	0.969401	-3.02475	-0.506682	-0.359184
181	1.11033	0.121319	0.121319	-2.93047	-0.299058	-0.192093	2.04511	2.04511	-3.67188	-0.919414	-0.612208
181	1.07836	-0.0373466	-0.0373466	-2.84813	-0.36075	-0.228947	-0.629567	-0.629567	-3.56871	-1.10204	-0.827445
181	1.23683	-0.0190753	-0.0450446	-3.05158	-0.943831	-0.752327	-0.32156	-0.755128	-3.82363	-2.53373	-2.03037
181	0.913677	0.0357436	0.0357436	-2.42888	-0.101193	-0.0827458	0.602544	0.602544	-3.04339	-0.594925	-0.484151
181	1.01593	0.047643	0.047643	-2.21092	-0.142718	-0.100882	0.803137	0.803137	-2.77028	-0.667522	-0.488397
181	0.965921	0.0587535	0.0587535	-2.32949	-0.0999211	-0.0935524	0.990431	0.990431	-2.91885	-0.525181	-0.433289
181	0.936333	0.129889	0.129889	-2.38943	0.00047958	-0.00563326	2.18958	2.18958	-2.99396	0.00337089	-0.0284999
181	0.979267	0.0443493	0.0443493	-2.74754	-0.141935	-0.12461	0.747613	0.747613	-3.44267	-0.658517	-0.516885
181	0.984435	0.138022	0.138022	-2.4065	-0.0418087	0.0118603	2.3267	2.3267	-3.01535	-0.195834	0.060454
181	1.00027	0.176166	0.176166	-2.51718	-0.00822825	-0.00186989	2.9697	2.9697	-3.15402	-0.0413969	-0.00791963
181	0.974077	0.0870304	0.0870304	-2.27783	-0.0784006	-0.0642813	1.4671	1.4671	-2.85412	-0.383461	-0.290438
181	0.960332	0.0534419	0.0534419	-1.97871	-0.087323	-0.0823487	0.900891	0.900891	-2.47932	-0.53689	-0.444176
181	0.892464	0.0197928	0.0197928	-2.61043	-0.11915	-0.108909	0.333654	0.333654	-3.27087	-0.740663	-0.55827
181	0.969598	0.105976	0.105976	-2.43804	-0.0701805	-0.0316817	1.78648	1.78648	-3.05487	-0.346525	-0.160475
181	1.01401	0.0847598	0.0847598	-2.67204	-0.084608	-0.0548407	1.42883	1.42883	-3.34806	-0.415035	-0.273093
181	1.12287	0.0618752	0.0618752	-2.14121	-0.421581	-0.319334	1.04305	1.04305	-2.68294	-1.15581	-0.853522
181	1.08033	0.0735497	0.0735497	-2.49291	-0.226951	-0.147731	1.23986	1.23986	-3.12362	-0.797255	-0.60065
181	0.920808	0.0155557	0.0155557	-2.45372	-0.145169	-0.121564	0.262228	0.262228	-3.07451	-0.834528	-0.612123
181	1.1575	-0.0843388	-0.0843388	-2.61435	-0.641669	-0.541086	-1.42173	-1.42173	-3.27579	-1.73526	-1.48142
181	1.06412	0.0116309	0.0116309	-2.87465	-0.262472	-0.149371	0.196067	0.196067	-3.60194	-0.964723	-0.683249
181	1.0823	-0.112006	-0.112006	-2.90465	-0.421147	-0.319658	-1.88813	-1.88813	-3.63953	-1.36691	-1.19937
181	0.969335	0.0803799	0.0803799	-2.37397	-0.0882343	-0.0699398	1.355	1.355	-2.97459	-0.466437	-0.337825
181	1.07489	0.0495094	0.0495094	-2.59778	-0.242634	-0.189467	0.834599	0.834599	-3.25502	-0.870236	-0.665793
181	1.10282	0.0966911	0.0966911	-2.56169	-0.307654	-0.28417	1.62996	1.62996	-3.2098	-0.834284	-0.78737
181	1.15865	0.0622433	0.0622433	-2.78227	-0.449124	-0.41446	1.04926	1.04926	-3.48618	-1.27225	-1.13044
181	0.999522	0.00371017	0.00371017	-2.16093	-0.181354	-0.160593	0.0625438	0.0625438	-2.70764	-0.884075	-0.69091
181	0.93295	0.0620648	0.0620648	-2.38047	-0.099966	-0.0572359	1.04625	1.04625	-2.98273	-0.508967	-0.341037
181	1.00244	-0.0209183	-0.0209183	-2.24476	-0.23478	-0.17263	-0.352628	-0.352628	-2.81268	-0.936529	-0.815634
181	0.842178	0.0192213	0.0192213	-2.01601	-0.0932416	-0.0860085	0.324021	0.324021	-2.52606	-0.674121	-0.568341
181	1.10681	0.09496	0.09496	-2.53403	-0.306882	-0.235219	1.60078	1.60078	-3.17513	-0.947863	-0.624126
181	0.868207	0.167009	0.167009	-2.55314	0.023576	0.0551073	2.81533	2.81533	-3.19908	0.137692	0.340667
181	0.909599	-0.0205687	-0.0205687	-2.49867	-0.168073	-0.160804	-0.346735	-0.346735	-3.13083	-0.96814	-0.824451
181	0.967957	0.00605935	0.00605935	-2.60373	-0.15675	-0.157683	0.102145	0.102145	-3.26247	-0.794721	-0.666287
181	0.948565	0.0325787	0.0325787	-2.62226	-0.146196	-0.100278	0.549193	0.549193	-3.2857	-0.739378	-0.494476
181	0.925844	0.0730623	0.0730623	-3.1835	-0.0712607	-0.0394103	1.23164	1.23164	-3.98893	-0.427947	-0.231044
181	1.02132	-0.0459272	-0.0459272	-3.2006	-0.229683	-0.208405	-0.774212	-0.774212	-4.01035	-1.05169	-0.913603
181	0.827409	0.0575831	0.0575831	-2.51206	-0.0720548	-0.0483906	0.970701	0.970701	-3.14761	-0.479551	-0.284793
181	0.947368	-0.0352369	-0.0352369	-2.22232	-0.202653	-0.17436	-0.594002	-0.594002	-2.78457	-1.0071	-0.863195
181	0.908491	0.114893	0.114893	-2.13603	-0.0422106	-0.00628219	1.9368	1.9368	-2.67645	-0.232426	-0.0356397
181	1.0242	0.147217	0.147217	-2.35042	-0.0797606	-0.00856653	2.4817	2.4817	-2.94508	-0.323263	-0.038728
181	1.22527	-0.0397301	-0.0562416	-3.33714	-0.848583	-0.764273	-0.669746	-0.945463	-4.18143	-2.48822	-2.2979
181	0.896309	0.0230871	0.0230871	-2.73329	-0.138641	-0.104007	0.389188	0.389188	-3.42481	-0.731594	-0.573214
181	0.924759	0.10244	0.10244	-2.79078	-0.0352571	-0.0365697	1.72687	1.72687	-3.49685	-0.216269	-0.198989
181	0.808729	0.0236738	0.0236738	-2.85975	-0.0767734	-0.0885503	0.399078	0.399078	-3.58327	-0.615183	-0.531859
181	1.02306	0.151831	0.151831	-2.99144	-0.0514704	-0.0260579	2.55948	2.55948	-3.74827	-0.225234	-0.105232
181	0.996677	0.0586947	0.0586947	-2.68651	-0.117066	-0.0638467	0.98944	0.98944	-3.36619	-0.577793	-0.347581
181	0.917562	0.132825	0.132825	-2.63144	-0.00113366	-0.0011297	2.23909	2.23909	-3.29719	-0.00770945	-0.00550136
181	0.948364	0.145583	0.145583	-2.46958	-0.0279089	0.00625762	2.45416	2.45416	-3.09438	-0.152601	0.0314924
181	0.975895	-0.0206789	-0.0206789	-2.70538	-0.222541	-0.162412	-0.348593	-0.348593	-3.38984	-1.08405	-0.762575
181	0.860498	0.0779183	0.0779183	-2.432	-0.0552082	-0.0351958	1.3135	1.3135	-3.0473	-0.357843	-0.203391
181	0.849278	0.0234964	0.0234964	-2.31244	-0.125605	-0.0867102	0.396088	0.396088	-2.89748	-0.784994	-0.567127
181	0.987807	-0.104304	-0.104304	-2.8136	-0.291851	-0.221988	-1.7583	-1.7583	-3.52545	-1.36074	-1.16095
181	0.991321	-0.0148613	-0.0148613	-2.59121	-0.202031	-0.148118	-0.250522	-0.250522	-3.24679	-0.978413	-0.796066
181	0.933954	0.161858	0.161858	-2.78764	-0.018593	0.0229486	2.72851	2.72851	-3.49291	-0.0896015	0.121726
181	0.948771	0.1067	0.1067	-2.56351	-0.040402	-0.0334718	1.79868	1.79868	-3.21208	-0.232303	-0.167259
181	1.09734	-0.0653731	-0.0653731	-2.63667	-0.47182	-0.406824	-1.10202	-1.10202	-3.30375	-1.41502	-1.15854
181	1.0516	0.0916604	0.0916604	-2.03449	-0.161022	-0.135466	1.54516	1.54516	-2.54921	-0.588799	-0.468261
181	0.995823	0.0217477	0.0217477	-2.33664	-0.186492	-0.112453	0.366609	0.366609	-2.92781	-0.78526	-0.601303
181	0.979602	0.0487387	0.0487387	-2.58541	-0.174172	-0.103157	0.821607	0.821607	-3.23952	-0.77073	-0.433454
181	0.950547	0.0347052	0.0347052	-2.32993	-0.115637	-0.0924901	0.58504	0.58504	-2.9194	-0.641629	-0.518747
181	1.04199	0.00136564	0.00136564	-2.58822	-0.214673	-0.16709	0.0230211	0.0230211	-3.24304	-0.937369	-0.686089
181	0.806902	0.188737	0.188737	-2.20443	0.046937	0.0771504	3.18161	3.18161	-2.76215	0.296801	0.470238
181	0.999323	0.160762	0.160762	-3.04003	-0.0280767	0.0301163	2.71002	2.71002	-3.80916	-0.132579	0.158788
181	1.04114	-0.0564924	-0.0564924	-2.75498	-0.289611	-0.207035	-0.952314	-0.952314	-3.452	-1.19997	-0.944489
181	1.06457	0.108209	0.108209	-3.02771	-0.194645	-0.0854975	1.82412	1.82412	-3.79372	-0.665064	-0.354768
181	0.938258	-0.0626812	-0.0626812	-2.62176	-0.227323	-0.194005	-1.05664	-1.05664	-3.28507	-1.13105	-0.985724
181	0.865969	-0.154449	-0.154449	-2.34278	-0.293099	-0.26875	-2.6036	-2.6036	-2.93551	-1.89287	-1.67384
181	1.04135	0.0714569	0.0714569	-2.64178	-0.115807	-0.102174	1.20458	1.20458	-3.31015	-0.521494	-0.431045
181	0.944208	0.143692	0.143692	-2.28127	0.0181198	-0.00359586	2.42228	2.42228	-2.85843	0.120331	-0.0167297
181	0.908254	0.182491	0.182491	-1.89889	0.0240559	0.0615204	3.07632	3.07632	-2.37931	0.137863	0.351215
181	0.850548	0.0139939	0.0139939	-2.26605	-0.109436	-0.10361	0.235901	0.235901	-2.83937	-0.776183	-0.623589
181	0.936123	-0.0709581	-0.0709581	-2.64626	-0.214982	-0.192044	-1.19617	-1.19617	-3.31576	-1.25125	-1.08164
181	1.21474	0.105816	0.0880075	-2.92667	-0.692454	-0.503666	1.78379	1.47947	-3.66712	-1.78768	-1.19111
181	1.07156	-0.0279794	-0.0279794	-2.58261	-0.277377	-0.243041	-0.471659	-0.471659	-3.23601	-1.10967	-0.89478
181	0.881774	0.109726	0.109726	-2.54847	-0.0184361	-0.0409052	1.84969	1.84969	-3.19323	-0.119811	-0.187578
181	1.05653	0.0410652	0.0410652	-3.1504	-0.236692	-0.152133	0.692252	0.692252	-3.94745	-0.821153	-0.564888
181	0.924746	0.0719772	0.0719772	-2.44542	-0.0679074	-0.0684103	1.21335	1.21335	-3.06411	-0.416483	-0.346801
181	1.12545	0.0345871	0.0345871	-3.31244	-0.382708	-0.347469	0.583048	0.583048	-4.15049	-1.07443	-0.903857
181	0.76994	0.0141773	0.0141773	-2.40326	-0.117793	-0.0803688	0.238992	0.238992	-3.01129	-0.73933	-0.594323
181	0.947884	-0.00592762	-0.00592762	-2.33498	-0.15144	-0.158027	-0.0999241	-0.0999241	-2.92573	-0.897473	-0.700569
181	0.845845	0.00984214	0.00984214	-2.29694	-0.119519	-0.103291	0.165913	0.165913	-2.87806	-0.784484	-0.618906
181	1.03752	0.0469541	0.0469541	-2.96374	-0.211558	-0.146277	0.791524	0.791524	-3.71357	-0.773849	-0.578255
181	1.05222	-0.0063276	-0.0063276	-2.89665	-0.248649	-0.185193	-0.106667	-0.106667	-3.6295	-0.962497	-0.733441
181	0.873458	-0.00454137	-0.00454137	-2.72525	-0.131148	-0.140587	-0.0765557	-0.0765557	-3.41474	-0.911334	-0.7213
181	0.884499	0.065669	0.065669	-2.61538	-0.0650496	-0.0566778	1.10701	1.10701	-3.27707	-0.404452	-0.317686
181	1.09402	-0.147202	-0.147202	-2.77644	-0.492265	-0.504532	-2.48143	-2.48143	-3.47888	-1.63601	-1.43394
181	1.00941	-0.00522854	-0.00522854	-3.1541	-0.205973	-0.153969	-0.0881395	-0.0881395	-3.95209	-0.887109	-0.720973
181	0.819024	0.0551307	0.0551307	-2.28394	-0.0660711	-0.0542407	0.929359	0.929359	-2.86177	-0.472142	-0.321544
181	0.827665	0.133506	0.133506	-2.15934	0.00448978	0.016357	2.25057	2.25057	-2.70566	0.0304118	0.100297
181	1.03228	0.0906936	0.0906936	-3.33369	-0.0820777	-0.0656949	1.52886	1.52886	-4.17711	-0.427147	-0.290087
181	0.946242	0.183531	0.183531	-2.44353	0.0187198	0.0674988	3.09386	3.09386	-3.06174	0.103881	0.365448
181	0.859867	0.00177614	0.00177614	-2.35689	-0.10927	-0.110568	0.0299412	0.0299412	-2.95318	-0.891631	-0.671656
181	0.834211	0.0892381	0.0892381	-2.43205	-0.0425273	-0.0116128	1.50432	1.50432	-3.04736	-0.281744	-0.0822722
181	0.929452	0.177315	0.177315	-1.99842	0.00379664	0.0499044	2.98907	2.98907	-2.50402	0.0193453	0.258287
181	1.03542	0.161859	0.161859	-2.23199	-0.0178465	-0.0402948	2.72852	2.72852	-2.79668	-0.0864466	-0.157468
181	1.03436	0.172663	0.172663	-2.45232	0.0235614	-0.018949	2.91065	2.91065	-3.07276	0.141485	-0.0701192
181	0.901234	0.024579	0.024579	-2.02685	-0.152152	-0.105817	0.414338	0.414338	-2.53964	-0.766546	-0.591007
181	1.1146	0.18813	0.18813	-2.78801	-0.248991	-0.212852	3.17138	3.17138	-3.49337	-0.68435	-0.581432
181	0.975959	0.0775385	0.0775385	-2.13366	-0.107404	-0.0632612	1.3071	1.3071	-2.67348	-0.536492	-0.312474
181	0.980672	0.0495475	0.0495475	-2.46911	-0.111831	-0.10633	0.835241	0.835241	-3.0938	-0.585707	-0.459578
181	0.86775	-0.00870792	-0.00870792	-2.81471	-0.146754	-0.116109	-0.146793	-0.146793	-3.52683	-0.914556	-0.717021
181	1.07402	-0.0238652	-0.0238652	-3.27092	-0.325824	-0.273141	-0.402306	-0.402306	-4.09846	-1.09568	-0.836558
181	0.955741	0.118844	0.118844	-2.24723	-0.0368275	-0.0107666	2.0034	2.0034	-2.81578	-0.206642	-0.0580024
181	0.678438	-0.00277194	-0.00277194	-2.29273	-0.108639	-0.101239	-0.0467278	-0.0467278	-2.8728	-0.844946	-0.72272
181	0.961431	0.00533734	0.00533734	-2.69065	-0.163873	-0.147554	0.0899736	0.0899736	-3.37139	-0.867941	-0.614622
181	0.948103	0.0803453	0.0803453	-2.53262	-0.090748	-0.0285016	1.35441	1.35441	-3.17338	-0.429445	-0.166952
181	0.943947	-0.0781651	-0.0781651	-2.80394	-0.221106	-0.227782	-1.31766	-1.31766	-3.51334	-1.44262	-1.10035
181	1.05147	0.129833	0.129833	-2.26138	-0.135188	-0.121852	2.18865	2.18865	-2.83351	-0.439191	-0.387275
181	1.06013	-0.0334719	-0.0334719	-2.65114	-0.272151	-0.246899	-0.564248	-0.564248	-3.32188	-1.08687	-0.882755
181	1.01291	0.00411388	0.00411388	-2.64087	-0.201354	-0.159063	0.0693492	0.0693492	-3.30901	-0.836186	-0.703254
181	0.898427	0.154171	0.154171	-2.4731	-0.00977184	0.0342341	2.59892	2.59892	-3.0988	-0.0545446	0.193093
181	0.998599	0.171609	0.171609	-2.37289	0.0179767	0.0347872	2.89287	2.89287	-2.97323	0.0898526	0.166811
181	1.07298	-0.0521517	-0.0521517	-2.55977	-0.311537	-0.309267	-0.879141	-0.879141	-3.20739	-1.11346	-1.04541
181	0.890482	0.103466	0.103466	-2.55896	-0.0379739	-0.0145476	1.74417	1.74417	-3.20638	-0.214325	-0.0876368
181	0.925388	0.0984793	0.0984793	-2.56308	-0.0343579	-0.0349696	1.6601	1.6601	-3.21154	-0.208335	-0.19039
181	1.06391	0.0399933	0.0399933	-2.45028	-0.266267	-0.17483	0.674182	0.674182	-3.0702	-0.946524	-0.614383
181	1.15137	0.0904263	0.0904263	-2.49047	-0.363944	-0.35033	1.52435	1.52435	-3.12056	-1.06341	-0.941295
181	1.03415	0.129493	0.129493	-2.8191	-0.134111	-0.0318403	2.18291	2.18291	-3.53233	-0.494094	-0.139932
181	0.976382	0.0216882	0.0216882	-3.35599	-0.143907	-0.0972073	0.365606	0.365606	-4.20506	-0.761847	-0.538124
181	0.999545	0.077403	0.077403	-2.70829	-0.0880811	-0.0422561	1.30481	1.30481	-3.39348	-0.448717	-0.222085
181	0.958206	0.162498	0.162498	-2.96489	0.0110213	0.0222692	2.73929	2.73929	-3.71501	0.0601999	0.112599
181	1.00787	-0.0726026	-0.0726026	-2.49039	-0.266076	-0.250583	-1.22389	-1.22389	-3.12045	-1.23507	-0.94148
181	1.05306	-0.0375654	-0.0375654	-2.53225	-0.292986	-0.284975	-0.633255	-0.633255	-3.17291	-1.14488	-0.918198
181	0.930675	0.134776	0.134776	-3.16996	0.00798408	-0.00489379	2.27197	2.27197	-3.97197	0.0545564	-0.0253529
181	0.921219	0.0235094	0.0235094	-2.52048	-0.127624	-0.103675	0.396307	0.396307	-3.15816	-0.673974	-0.573033
181	0.950532	-0.0225044	-0.0225044	-2.50905	-0.194972	-0.144803	-0.379365	-0.379365	-3.14385	-0.96613	-0.787715
181	0.87606	0.0173109	0.0173109	-2.4086	-0.111372	-0.0836859	0.291817	0.291817	-3.01797	-0.710937	-0.564373
181	0.783781	-0.051525	-0.051525	-2.10532	-0.166893	-0.14357	-0.868578	-0.868578	-2.63796	-1.19278	-1.04347
181	0.873082	0.121899	0.121899	-2.52388	-0.0229053	0.00410104	2.0549	2.0549	-3.16242	-0.140972	0.0252363
181	0.890873	0.0488002	0.0488002	-2.37672	-0.08417	-0.0767846	0.822645	0.822645	-2.97803	-0.526116	-0.407392
181	0.989875	0.0383547	0.0383547	-2.71412	-0.161645	-0.106619	0.646561	0.646561	-3.4008	-0.753694	-0.482495
181	0.94634	-0.000716201	-0.000716201	-2.04172	-0.189216	-0.124865	-0.0120733	-0.0120733	-2.55828	-0.86728	-0.708846
181	0.882122	0.0743435	0.0743435	-2.32988	-0.0439901	-0.0322979	1.25324	1.25324	-2.91934	-0.307369	-0.203565
181	1.11064	-0.03801	-0.03801	-3.07794	-0.534251	-0.336198	-0.64075	-0.64075	-3.85666	-1.57013	-1.03302
181	0.992275	-0.0329006	-0.0329006	-2.59404	-0.222491	-0.156144	-0.554618	-0.554618	-3.25033	-1.06573	-0.897451
181	1.08498	0.0859971	0.0859971	-2.6384	-0.268295	-0.221545	1.44969	1.44969	-3.30592	-0.765478	-0.708546
181	1.08061	0.0645317	0.0645317	-2.74997	-0.238045	-0.177465	1.08784	1.08784	-3.44571	-0.821284	-0.60755
181	0.987358	0.0678954	0.0678954	-2.3216	-0.131859	-0.0857325	1.14454	1.14454	-2.90896	-0.621515	-0.396706
181	0.946032	0.10499	0.10499	-1.88685	-0.0332761	-0.0235945	1.76985	1.76985	-2.36423	-0.219418	-0.126685
181	1.04697	0.0220587	0.0220587	-2.49145	-0.188924	-0.153937	0.371852	0.371852	-3.12178	-0.792668	-0.585315
181	1.00276	0.0806508	0.0806508	-2.31354	-0.108874	-0.0627471	1.35956	1.35956	-2.89886	-0.481473	-0.300188
181	1.0872	0.0685014	0.0685014	-2.49425	-0.267167	-0.192448	1.15476	1.15476	-3.1253	-0.904751	-0.624664
181	0.969138	0.16659	0.16659	-2.54326	0.0255821	0.0245823	2.80828	2.80828	-3.18671	0.145668	0.123897
181	1.02749	0.191975	0.191975	-2.44127	-0.0195042	-0.0277442	3.2362	3.2362	-3.05891	-0.0823574	-0.097209
181	0.948719	-0.0543546	-0.0543546	-2.76768	-0.203976	-0.187621	-0.916276	-0.916276	-3.4679	-1.09277	-0.847958
181	1.09218	0.103396	0.103396	-3.08215	-0.186887	-0.142441	1.74299	1.74299	-3.86194	-0.66628	-0.497028
181	1.08384	0.122768	0.122768	-3.16654	-0.171193	-0.12282	2.06955	2.06955	-3.96768	-0.567997	-0.392982
181	1.04119	0.173435	0.173435	-2.68724	-0.0992242	-0.0187503	2.92367	2.92367	-3.36711	-0.350515	-0.0717436
181	0.989545	0.23012	0.23012	-2.07266	0.0560594	0.07259	3.87923	3.87923	-2.59704	0.283496	0.344174
181	1.04794	-0.00306396	-0.00306396	-2.97373	-0.254672	-0.182354	-0.0516504	-0.0516504	-3.72608	-1.05665	-0.675839
181	1.05662	0.125373	0.125373	-2.26601	-0.17542	-0.105985	2.11347	2.11347	-2.83931	-0.605178	-0.372083
181	0.983013	-0.0539668	-0.0539668	-2.60995	-0.233444	-0.20177	-0.909739	-0.909739	-3.27026	-1.1388	-0.958325
181	1.03054	-0.0190962	-0.0190962	-2.84768	-0.238819	-0.181981	-0.321912	-0.321912	-3.56814	-1.00068	-0.776096
181	1.06526	-0.0432495	-0.0432495	-2.43385	-0.246409	-0.233164	-0.729074	-0.729074	-3.04961	-1.16607	-0.87645
181	1.05225	0.143588	0.143588	-2.50482	-0.147317	-0.059024	2.42052	2.42052	-3.13854	-0.509141	-0.210233
181	1.02474	0.0810753	0.0810753	-2.36573	-0.181132	-0.0967701	1.36672	1.36672	-2.96426	-0.661318	-0.404238
181	0.913285	0.132572	0.132572	-2.70909	-0.00843657	0.0102219	2.23481	2.23481	-3.39449	-0.0485377	0.0566285
181	0.89939	0.208872	0.208872	-1.88354	0.0768595	0.0833865	3.52104	3.52104	-2.36008	0.474446	0.429925
181	0.952716	0.192712	0.192712	-2.07225	0.0238755	0.0601975	3.24862	3.24862	-2.59652	0.131774	0.296955
181	0.934752	0.0801756	0.0801756	-2.83399	-0.0890056	-0.0559199	1.35155	1.35155	-3.551	-0.43955	-0.270987
181	1.01334	0.0751525	0.0751525	-3.11067	-0.11497	-0.0923772	1.26688	1.26688	-3.89767	-0.552443	-0.393935
181	1.01869	0.0806098	0.0806098	-2.20561	-0.107988	-0.100745	1.35887	1.35887	-2.76363	-0.500893	-0.390168
181	0.829252	0.00770277	0.00770277	-2.2946	-0.132803	-0.102063	0.129849	0.129849	-2.87513	-0.823759	-0.627076
181	1.05114	0.0231724	0.0231724	-2.55002	-0.195934	-0.189819	0.390626	0.390626	-3.19518	-0.822459	-0.689718
181	1.09395	0.141239	0.141239	-1.94454	-0.187132	-0.0927295	2.38092	2.38092	-2.43651	-0.634824	-0.342109
181	1.13126	0.0908328	0.0908328	-2.73615	-0.383416	-0.301204	1.5312	1.5312	-3.4284	-1.01672	-0.772502
181	0.940421	0.150794	0.150794	-2.78996	-0.0105271	0.000554591	2.54199	2.54199	-3.49582	-0.0549661	0.00276334
181	1.00486	0.0856206	0.0856206	-2.21611	-0.125479	-0.0761294	1.44334	1.44334	-2.77679	-0.53125	-0.347091
181	0.948492	0.062538	0.062538	-2.19071	-0.0979329	-0.0900118	1.05423	1.05423	-2.74496	-0.526242	-0.427024
181	0.79483	0.0600968	0.0600968	-2.58152	-0.0634759	-0.0418446	1.01308	1.01308	-3.23464	-0.447648	-0.277735
181	0.93078	0.0760542	0.0760542	-2.38959	-0.0639037	-0.0487006	1.28207	1.28207	-2.99415	-0.396236	-0.267514
181	1.08343	-0.0141175	-0.0141175	-2.53922	-0.328845	-0.276075	-0.237984	-0.237984	-3.18164	-1.1109	-0.869002
181	1.00712	0.0495447	0.0495447	-2.4154	-0.108176	-0.107623	0.835194	0.835194	-3.0265	-0.599483	-0.482594
181	0.915303	0.0555111	0.0555111	-2.54365	-0.105065	-0.0680518	0.935773	0.935773	-3.1872	-0.560058	-0.383463
181	0.74446	-0.0172691	-0.0172691	-2.245	-0.12781	-0.119871	-0.291112	-0.291112	-2.81299	-1.01091	-0.775588
181	0.899762	0.108819	0.108819	-2.41816	-0.0266444	-0.0161947	1.83441	1.83441	-3.02995	-0.175447	-0.0826118
181	1.02555	-0.0511682	-0.0511682	-3.20619	-0.216795	-0.22001	-0.862562	-0.862562	-4.01735	-1.08438	-0.879424
181	1.04861	-0.017595	-0.017595	-2.83269	-0.262025	-0.216641	-0.296606	-0.296606	-3.54936	-0.976912	-0.777898
181	1.11991	0.0093454	0.0093454	-2.34339	-0.449822	-0.352012	0.157539	0.157539	-2.93626	-1.27724	-0.979506
181	1.04125	0.0179494	0.0179494	-2.76758	-0.19519	-0.145932	0.30258	0.30258	-3.46778	-0.825352	-0.624392
181	1.17067	0.0105289	0.0105289	-2.77587	-0.692749	-0.566269	0.177491	0.177491	-3.47816	-1.67274	-1.45604
181	0.88105	-0.0237107	-0.0237107	-2.86393	-0.180935	-0.142022	-0.399701	-0.399701	-3.5885	-1.04738	-0.884126
181	1.2181	0.0210293	0.00485847	-2.651	-0.777394	-0.536662	0.3545	0.0816746	-3.3217	-1.96373	-1.30621
181	1.09834	0.00533219	0.00533219	-2.54627	-0.376709	-0.258815	0.0898868	0.0898868	-3.19048	-1.16008	-0.834172
181	0.984699	0.0411633	0.0411633	-2.4007	-0.126001	-0.0921055	0.693906	0.693906	-3.00808	-0.69197	-0.50241
181	1.06281	-0.0438008	-0.0438008	-2.61428	-0.334211	-0.2847	-0.738368	-0.738368	-3.27569	-1.12888	-0.957604
181	0.840058	0.0113023	0.0113023	-1.94285	-0.115451	-0.0961433	0.190528	0.190528	-2.43439	-0.784361	-0.603692
181	0.921282	0.0111345	0.0111345	-2.45254	-0.156322	-0.10638	0.187698	0.187698	-3.07304	-0.804946	-0.624268
181	1.10343	-0.0811225	-0.0811225	-2.73161	-0.472664	-0.382453	-1.36751	-1.36751	-3.4227	-1.31001	-1.16618
181	0.826333	0.0706312	0.0706312	-2.54093	-0.0585566	-0.0305396	1.19066	1.19066	-3.18378	-0.343992	-0.196559
181	1.01169	0.0565987	0.0565987	-2.40072	-0.0827867	-0.10023	0.954107	0.954107	-3.0081	-0.523113	-0.459327
181	0.924485	0.139152	0.139152	-2.23544	-0.0195512	0.00748764	2.34574	2.34574	-2.801	-0.105531	0.0417423
181	1.02287	0.0690047	0.0690047	-2.48185	-0.11926	-0.0941383	1.16324	1.16324	-3.10975	-0.576942	-0.436059
181	1.15745	0.0233021	0.0233021	-3.02045	-0.692887	-0.463146	0.392813	0.392813	-3.78462	-1.75436	-1.15451
181	0.947654	-0.0101587	-0.0101587	-2.52867	-0.186883	-0.125624	-0.171249	-0.171249	-3.16842	-0.944667	-0.648447
181	0.958185	0.123961	0.123961	-2.42851	-0.0314962	-0.0386573	2.08966	2.08966	-3.04293	-0.179497	-0.180384
181	0.856799	0.0129991	0.0129991	-2.63097	-0.131498	-0.0990509	0.219131	0.219131	-3.2966	-0.775437	-0.606649
181	0.881854	0.00330238	0.00330238	-2.13815	-0.137756	-0.105118	0.0556695	0.0556695	-2.6791	-0.880551	-0.591165
181	1.02945	0.125148	0.125148	-2.22525	-0.0202615	-0.0344125	2.10967	2.10967	-2.78824	-0.11386	-0.147471
181	1.04287	0.134298	0.134298	-2.37928	-0.00920124	-0.0498719	2.26392	2.26392	-2.98123	-0.052126	-0.185958
181	0.859578	-0.0354389	-0.0354389	-2.57058	-0.188649	-0.149839	-0.597408	-0.597408	-3.22094	-1.07253	-0.883305
181	1.01999	-0.110578	-0.110578	-3.34165	-0.302365	-0.287379	-1.86405	-1.86405	-4.18708	-1.41268	-1.16938
181	0.990001	-0.126417	-0.126417	-2.51138	-0.293952	-0.270372	-2.13105	-2.13105	-3.14676	-1.39421	-1.33264
181	1.06186	0.144911	0.144911	-2.91177	-0.103125	-0.102015	2.44283	2.44283	-3.64845	-0.380377	-0.335221
181	1.00812	0.00953276	0.00953276	-2.87238	-0.191063	-0.133276	0.160698	0.160698	-3.59909	-0.860753	-0.620567
181	0.89013	-0.126469	-0.126469	-3.10847	-0.292649	-0.261517	-2.13194	-2.13194	-3.89492	-1.60207	-1.29996
181	1.00899	0.0872525	0.0872525	-2.50503	-0.108921	-0.0618332	1.47085	1.47085	-3.1388	-0.484114	-0.318978
181	0.9186	0.0542907	0.0542907	-2.46179	-0.114828	-0.0722176	0.915199	0.915199	-3.08462	-0.586862	-0.394802
181	0.859669	0.103679	0.103679	-1.90617	-0.0545285	-0.00765633	1.74776	1.74776	-2.38842	-0.299532	-0.0441094
181	0.894215	0.109076	0.109076	-2.58925	-0.0490679	-0.00841515	1.83874	1.83874	-3.24433	-0.257056	-0.0473985
181	1.15402	0.0781292	0.0781292	-3.34501	-0.408516	-0.344689	1.31705	1.31705	-4.1913	-1.19331	-0.907881
181	0.910256	0.0713421	0.0713421	-2.37451	-0.0497197	-0.0587325	1.20264	1.20264	-2.97526	-0.335087	-0.285872
181	1.04105	-0.0159979	-0.0159979	-2.80183	-0.216888	-0.207383	-0.269683	-0.269683	-3.51069	-0.980622	-0.756392
181	1.00646	0.132517	0.132517	-2.34131	-0.0164789	-0.0355391	2.23389	2.23389	-2.93366	-0.0906914	-0.146231
181	1.07779	0.0673988	0.0673988	-3.21955	-0.279818	-0.20614	1.13617	1.13617	-4.03409	-0.900883	-0.639826
181	0.931799	0.242661	0.242661	-2.70472	0.0867858	0.110836	4.09062	4.09062	-3.38902	0.500067	0.588001
181	1.1118	-0.0284833	-0.0284833	-3.27695	-0.497041	-0.320493	-0.480154	-0.480154	-4.10602	-1.31414	-1.0218
181	0.867251	0.0387159	0.0387159	-2.49035	-0.102098	-0.072794	0.652649	0.652649	-3.12041	-0.549268	-0.445614
181	1.12232	0.0060393	0.0060393	-2.50374	-0.526135	-0.336085	0.101807	0.101807	-3.13718	-1.40212	-0.946092
181	0.875296	0.0992916	0.0992916	-2.29547	-0.0379827	-0.00738012	1.6738	1.6738	-2.87623	-0.214309	-0.0462746
181	0.919296	-0.0478556	-0.0478556	-2.78385	-0.197669	-0.158416	-0.806721	-0.806721	-3.48817	-1.18732	-1.03857
181	1.05506	0.0577768	0.0577768	-2.76827	-0.175763	-0.129258	0.973966	0.973966	-3.46865	-0.739689	-0.528368
181	0.860167	0.0793016	0.0793016	-2.29306	-0.064461	-0.0256212	1.33682	1.33682	-2.8732	-0.382205	-0.167075
181	0.973438	0.00149424	0.00149424	-2.24099	-0.202721	-0.147909	0.0251889	0.0251889	-2.80796	-0.920511	-0.717907
181	1.04213	0.145729	0.145729	-2.85746	-0.0997151	-0.0420465	2.4566	2.4566	-3.58039	-0.353561	-0.170742
181	1.04425	0.0906791	0.0906791	-2.98203	-0.159319	-0.0691025	1.52861	1.52861	-3.73648	-0.642133	-0.31377
181	1.01215	0.142319	0.142319	-2.55524	-0.0344888	-0.0155891	2.39912	2.39912	-3.20171	-0.153963	-0.0698554
181	1.10392	-0.0353104	-0.0353104	-3.13155	-0.399358	-0.332112	-0.595241	-0.595241	-3.92383	-1.22286	-1.06798
181	1.00848	0.0637075	0.0637075	-2.58595	-0.132673	-0.0924156	1.07394	1.07394	-3.24019	-0.584751	-0.424443
181	1.00455	0.0691639	0.0691639	-2.46743	-0.110245	-0.0597375	1.16592	1.16592	-3.09169	-0.540357	-0.309135
181	0.956729	0.062802	0.062802	-2.25553	-0.082098	-0.0561806	1.05868	1.05868	-2.82618	-0.486314	-0.309241
181	0.932273	0.068943	0.068943	-2.60419	-0.104258	-0.0757479	1.1622	1.1622	-3.26305	-0.546319	-0.37254
181	1.00722	0.179218	0.179218	-2.19597	-0.00282352	0.0152766	3.02115	3.02115	-2.75155	-0.013645	0.0651289
181	0.977316	-0.0163968	-0.0163968	-2.22053	-0.172019	-0.155155	-0.276407	-0.276407	-2.78232	-0.891292	-0.754036
181	1.07066	-0.125484	-0.125484	-2.97962	-0.381281	-0.37205	-2.11533	-2.11533	-3.73346	-1.44678	-1.328
181	1.05293	0.136808	0.136808	-2.60404	-0.13296	-0.0559737	2.30622	2.30622	-3.26286	-0.485589	-0.218145
181	1.12261	0.156987	0.156987	-2.65382	-0.290127	-0.217111	2.64639	2.64639	-3.32523	-0.765358	-0.562207
181	0.839505	0.0176822	0.0176822	-2.82374	-0.124831	-0.095567	0.298075	0.298075	-3.53815	-0.691265	-0.610848
181	0.929746	0.0119383	0.0119383	-2.60429	-0.15015	-0.132971	0.201249	0.201249	-3.26318	-0.813192	-0.629191
181	0.939566	0.167758	0.167758	-2.017	0.0410575	0.0561865	2.82797	2.82797	-2.5273	0.272252	0.33889
181	0.82598	0.104382	0.104382	-2.36078	-0.0161782	0.00250953	1.75961	1.75961	-2.95806	-0.10923	0.0160754
181	1.06592	0.154816	0.154816	-2.08471	-0.173032	-0.083321	2.60979	2.60979	-2.61214	-0.558767	-0.283757
181	0.87578	0.0419659	0.0419659	-2.37388	-0.0988919	-0.0637248	0.707436	0.707436	-2.97447	-0.607597	-0.39475
181	1.00385	0.143761	0.143761	-2.98967	-0.00800352	-0.0140428	2.42344	2.42344	-3.74606	-0.0429901	-0.0603237
181	0.866733	0.032992	0.032992	-2.78057	-0.108683	-0.0652915	0.556158	0.556158	-3.48405	-0.653031	-0.439988
181	0.995133	0.013702	0.013702	-2.15568	-0.155064	-0.15489	0.23098	0.23098	-2.70107	-0.812543	-0.667963
181	0.849367	0.0844316	0.0844316	-2.42219	-0.0433104	-0.0263078	1.4233	1.4233	-3.035	-0.273987	-0.159948
181	0.91921	0.0960566	0.0960566	-2.16047	-0.0658524	-0.0224378	1.61926	1.61926	-2.70707	-0.327882	-0.120026
181	0.841642	-0.0283126	-0.0283126	-2.68248	-0.178481	-0.1454	-0.477276	-0.477276	-3.36114	-1.06836	-0.845463
181	0.988027	0.0538894	0.0538894	-2.59582	-0.113434	-0.0881963	0.908434	0.908434	-3.25256	-0.577651	-0.448115
181	1.08704	0.117863	0.117863	-2.80702	-0.245959	-0.184999	1.98686	1.98686	-3.5172	-0.686376	-0.560725
181	0.872348	0.127339	0.127339	-2.03362	-0.0308131	0.00348592	2.1466	2.1466	-2.54813	-0.16437	0.0192752
181	0.917651	0.0162624	0.0162624	-2.939	-0.112743	-0.104063	0.274142	0.274142	-3.68257	-0.733085	-0.563044
181	0.942809	0.0422423	0.0422423	-2.63482	-0.106427	-0.0784134	0.712096	0.712096	-3.30143	-0.626961	-0.447928
181	0.790608	-0.0528193	-0.0528193	-2.54595	-0.167991	-0.164377	-0.890395	-0.890395	-3.19008	-1.32976	-0.979876
181	0.818233	-0.0325189	-0.0325189	-2.49201	-0.161618	-0.143361	-0.548183	-0.548183	-3.12248	-1.04368	-0.914434
181	0.841733	0.0866171	0.0866171	-2.93453	-0.0450937	-0.0402583	1.46014	1.46014	-3.67696	-0.293637	-0.213054
181	0.858507	-0.0102437	-0.0102437	-2.58172	-0.148969	-0.123727	-0.172682	-0.172682	-3.23489	-0.944449	-0.784782
181	0.949348	-0.0327343	-0.0327343	-2.52165	-0.194651	-0.155128	-0.551814	-0.551814	-3.15962	-1.01979	-0.851825
181	0.84771	0.103659	0.103659	-2.19913	-0.0220722	0.000463547	1.74742	1.74742	-2.75552	-0.141388	0.00307508
181	0.922855	0.108717	0.108717	-2.91189	-0.056869	-0.0205262	1.83268	1.83268	-3.6486	-0.301187	-0.107916
181	0.977748	0.118388	0.118388	-2.05375	-0.0379833	-0.00617283	1.99572	1.99572	-2.57335	-0.216342	-0.0325103
181	1.03929	0.0422377	0.0422377	-2.36838	-0.148901	-0.148567	0.712017	0.712017	-2.96758	-0.679026	-0.546398
181	0.9893	0.143227	0.143227	-2.82788	-0.0430292	-0.000752787	2.41444	2.41444	-3.54333	-0.197144	-0.00359443
181	0.874392	0.0635497	0.0635497	-3.06439	-0.0915957	-0.0496535	1.07128	1.07128	-3.83968	-0.4944	-0.283801
181	1.05265	0.00217219	0.00217219	-3.01707	-0.252125	-0.209462	0.0366175	0.0366175	-3.78039	-0.964678	-0.811406
181	0.973152	-0.045063	-0.045063	-2.23575	-0.181836	-0.190726	-0.759644	-0.759644	-2.8014	-1.1191	-0.83873
181	1.1467	0.0666948	0.0666948	-2.77121	-0.444636	-0.475448	1.1243	1.1243	-3.47232	-1.32283	-1.31242
181	1.13044	0.0699976	0.0699976	-2.39499	-0.407485	-0.293112	1.17998	1.17998	-3.00092	-1.09665	-0.822044
181	0.843877	-0.0100467	-0.0100467	-2.32094	-0.13869	-0.154629	-0.169362	-0.169362	-2.90814	-0.927644	-0.76375
181	1.01565	0.0712746	0.0712746	-2.50134	-0.101694	-0.111189	1.2015	1.2015	-3.13418	-0.52624	-0.456911
181	0.907217	-0.0215677	-0.0215677	-2.34995	-0.147669	-0.145555	-0.363576	-0.363576	-2.94449	-1.03848	-0.831979
181	0.969956	0.0536365	0.0536365	-2.55735	-0.134509	-0.0895121	0.904171	0.904171	-3.20436	-0.596272	-0.44601
181	0.824524	0.123488	0.123488	-2.07538	-0.0214703	0.0149884	2.08168	2.08168	-2.60045	-0.132841	0.0898019
181	1.05495	0.014423	0.014423	-2.83502	-0.227356	-0.196409	0.243134	0.243134	-3.55228	-0.841608	-0.707437
181	0.893334	0.0638647	0.0638647	-2.49926	-0.0708562	-0.048775	1.07659	1.07659	-3.13158	-0.400908	-0.302563
181	0.950466	0.167873	0.167873	-2.12727	-0.00282288	0.031229	2.8299	2.8299	-2.66547	-0.01494	0.1673
181	0.911804	0.0143655	0.0143655	-2.60343	-0.133044	-0.105101	0.242165	0.242165	-3.26209	-0.818204	-0.597732
181	0.824317	0.105198	0.105198	-2.02348	-0.0246136	-0.0210315	1.77337	1.77337	-2.53542	-0.155619	-0.110661
181	0.860239	0.111421	0.111421	-2.37559	-0.0221268	0.00921562	1.87826	1.87826	-2.97662	-0.150878	0.0597699
181	0.72811	0.18273	0.18273	-2.19094	0.0661318	0.100105	3.08034	3.08034	-2.74525	0.507711	0.763135
181	0.89465	0.153067	0.153067	-1.71066	0.0107286	0.0490289	2.58031	2.58031	-2.14346	0.0629666	0.316637
181	0.906313	0.0763744	0.0763744	-2.54915	-0.0701755	-0.0329642	1.28747	1.28747	-3.19408	-0.414569	-0.204973
181	1.12351	-0.0726	-0.0726	-2.70977	-0.642533	-0.441916	-1.22385	-1.22385	-3.39535	-1.78999	-1.22338
181	0.886694	0.0499326	0.0499326	-2.76269	-0.0912166	-0.0514939	0.841734	0.841734	-3.46165	-0.555311	-0.338672
181	1.04097	-0.00262511	-0.00262511	-2.48105	-0.202562	-0.185023	-0.0442525	-0.0442525	-3.10876	-0.867089	-0.717405
181	0.818915	-0.0231993	-0.0231993	-2.7407	-0.162359	-0.12725	-0.39108	-0.39108	-3.43409	-1.05706	-0.732172
181	0.639532	0.170241	0.170241	-2.09881	0.0590622	0.0876295	2.86981	2.86981	-2.6298	0.431667	0.702064
181	0.932417	0.0609834	0.0609834	-3.14474	-0.0929119	-0.061522	1.02802	1.02802	-3.94036	-0.510614	-0.317013
181	1.19934	0.0786346	0.0786346	-3.13351	-0.692804	-0.628733	1.32557	1.32557	-3.92629	-1.94511	-1.5721
181	0.941828	0.0618017	0.0618017	-2.44773	-0.0836797	-0.0519032	1.04182	1.04182	-3.067	-0.507376	-0.327056
181	0.997674	0.0426029	0.0426029	-2.60036	-0.120917	-0.0988491	0.718173	0.718173	-3.25825	-0.581876	-0.468532
181	0.873721	-0.0084427	-0.0084427	-2.36719	-0.125271	-0.125195	-0.142322	-0.142322	-2.96609	-0.935058	-0.735887
181	0.95173	0.0966219	0.0966219	-2.2678	-0.0660746	-0.053134	1.62879	1.62879	-2.84155	-0.353203	-0.265266
181	1.02464	0.0386788	0.0386788	-2.57394	-0.17403	-0.110589	0.652023	0.652023	-3.22515	-0.73503	-0.523068
181	0.908408	0.0710061	0.0710061	-2.47473	-0.0632765	-0.0394611	1.19698	1.19698	-3.10083	-0.374641	-0.239706
181	1.18586	0.16259	0.16259	-2.63196	-0.52087	-0.41895	2.74084	2.74084	-3.29785	-1.49663	-1.0732
181	1.12277	0.0862753	0.0862753	-2.97761	-0.566043	-0.299617	1.45438	1.45438	-3.73095	-1.47251	-0.874842
181	0.976019	0.137091	0.137091	-2.68914	-0.0360034	0.0136633	2.311	2.311	-3.36949	-0.171575	0.073472
181	1.0722	0.104204	0.104204	-3.19528	-0.267042	-0.12185	1.7566	1.7566	-4.00369	-0.793402	-0.435836
181	0.964723	-0.0092891	-0.0092891	-3.34888	-0.163174	-0.173402	-0.15659	-0.15659	-4.19615	-0.871556	-0.795329
181	1.17773	-0.0127932	-0.0127932	-2.17495	-0.680532	-0.674226	-0.215659	-0.215659	-2.72521	-1.90769	-1.69507
181	0.84766	0.0622557	0.0622557	-2.32431	-0.0853565	-0.0471825	1.04947	1.04947	-2.91236	-0.519452	-0.28071
181	1.25656	0.181105	0.164031	-2.66849	-0.82606	-0.645564	3.05296	2.75748	-3.34362	-2.57175	-1.91632
181	0.855433	0.0277585	0.0277585	-1.77587	-0.116775	-0.0853701	0.467936	0.467936	-2.22516	-0.694208	-0.530683
181	1.00083	0.0946276	0.0946276	-2.27948	-0.105093	-0.0579942	1.59517	1.59517	-2.85619	-0.423899	-0.250308
181	0.844454	0.0275127	0.0275127	-2.47584	-0.114729	-0.0854764	0.463792	0.463792	-3.10223	-0.710496	-0.49985
181	0.861768	0.033391	0.033391	-2.49126	-0.109498	-0.0689677	0.562885	0.562885	-3.12155	-0.671484	-0.459081
181	1.17665	0.0424927	0.0424927	-2.89664	-0.556941	-0.450951	0.716315	0.716315	-3.62949	-1.55205	-1.20453
181	1.00004	-0.0672181	-0.0672181	-2.33626	-0.200271	-0.203733	-1.13312	-1.13312	-2.92734	-1.25425	-1.00444
181	1.00702	0.165671	0.165671	-2.78434	0.00124323	-0.0115906	2.79278	2.79278	-3.48878	0.00678167	-0.0453785
181	0.994951	0.120406	0.120406	-2.69542	-0.0528694	-0.0311262	2.02973	2.02973	-3.37736	-0.265691	-0.151838
181	0.990928	-0.0494249	-0.0494249	-2.82737	-0.208293	-0.208545	-0.833175	-0.833175	-3.54269	-1.12682	-0.937731
181	1.11475	0.026332	0.026332	-2.67245	-0.397816	-0.376074	0.443889	0.443889	-3.34858	-1.21571	-1.04166
181	1.10539	0.0917681	0.0917681	-2.44067	-0.336956	-0.256943	1.54697	1.54697	-3.05816	-1.00446	-0.696937
181	1.0415	0.129977	0.129977	-2.43057	-0.115191	-0.0175423	2.19107	2.19107	-3.0455	-0.467469	-0.0829168
181	1.08585	0.0566763	0.0566763	-2.98876	-0.332234	-0.141685	0.955414	0.955414	-3.74492	-1.00071	-0.543322
181	0.871059	0.101727	0.101727	-2.33718	-0.0315583	-0.00885443	1.71486	1.71486	-2.92848	-0.192889	-0.0565889
181	0.993517	0.0129381	0.0129381	-2.4394	-0.145664	-0.166747	0.218103	0.218103	-3.05656	-0.746615	-0.695463
181	0.945417	0.0339469	0.0339469	-3.37953	-0.14778	-0.0863876	0.572255	0.572255	-4.23455	-0.706969	-0.496976
181	1.03034	0.0835345	0.0835345	-2.08979	-0.0974449	-0.089078	1.40817	1.40817	-2.61851	-0.45918	-0.368402
181	0.939748	0.042315	0.042315	-2.19635	-0.125022	-0.0824378	0.71332	0.71332	-2.75203	-0.60811	-0.444694
181	0.950949	0.0245954	0.0245954	-2.26047	-0.131856	-0.092918	0.414614	0.414614	-2.83237	-0.718797	-0.534114
181	0.861044	0.0329519	0.0329519	-2.2935	-0.101383	-0.0946546	0.555483	0.555483	-2.87376	-0.658564	-0.502648
181	0.979152	0.0576961	0.0576961	-2.38378	-0.131912	-0.0963359	0.972606	0.972606	-2.98688	-0.638363	-0.430329
181	0.935256	0.110931	0.110931	-2.54401	-0.047818	-0.000110905	1.87002	1.87002	-3.18764	-0.263216	-0.000658588
181	0.936759	0.193573	0.193573	-2.14483	0.0619844	0.0665805	3.26314	3.26314	-2.68747	0.424085	0.355223
181	0.982362	0.0834039	0.0834039	-2.18688	-0.106733	-0.0435197	1.40597	1.40597	-2.74016	-0.515148	-0.229376
181	1.10605	0.0762309	0.0762309	-2.97523	-0.302985	-0.200469	1.28505	1.28505	-3.72797	-1.00253	-0.57712
181	0.981557	0.0194002	0.0194002	-2.69543	-0.177904	-0.125436	0.327037	0.327037	-3.37737	-0.795098	-0.555971
181	0.96917	0.0884112	0.0884112	-1.96899	-0.0940359	-0.0591957	1.49038	1.49038	-2.46714	-0.448399	-0.270657
181	0.98394	0.0495686	0.0495686	-2.49887	-0.0978328	-0.102053	0.835598	0.835598	-3.13109	-0.555434	-0.453412
181	0.980453	0.0364801	0.0364801	-2.30851	-0.11161	-0.113353	0.61496	0.61496	-2.89256	-0.638258	-0.519929
181	0.999262	0.26104	0.26104	-2.12289	0.0997221	0.142209	4.40046	4.40046	-2.65998	0.523306	0.777532
181	1.04826	0.219811	0.219811	-2.45216	-0.0131677	0.00240283	3.70544	3.70544	-3.07256	-0.0542835	0.00808516
181	0.883548	0.0101401	0.0101401	-2.46153	-0.133483	-0.122133	0.170936	0.170936	-3.0843	-0.851825	-0.657199
181	1.066	0.0382393	0.0382393	-2.90519	-0.224905	-0.243256	0.644615	0.644615	-3.64021	-0.809899	-0.777395
181	0.866633	-0.0670614	-0.0670614	-2.81797	-0.205334	-0.169579	-1.13048	-1.13048	-3.53092	-1.28811	-1.06167
181	1.22987	-0.02383	-0.0397578	-3.26908	-0.924037	-0.674923	-0.401712	-0.66836	-4.09615	-2.52244	-1.74416
181	1.26128	-0.0135299	-0.0448986	-2.77091	-1.02386	-0.761821	-0.228078	-0.752679	-3.47195	-3.2895	-1.99087
181	0.90527	-0.031588	-0.031588	-2.6817	-0.172934	-0.13614	-0.532492	-0.532492	-3.36017	-1.02845	-0.945281
181	1.20718	0.0623611	0.0623611	-2.66385	-0.679623	-0.500667	1.05124	1.05124	-3.3378	-1.82729	-1.21274
181	0.860056	0.11881	0.11881	-1.99221	-0.0328961	-0.00219317	2.00283	2.00283	-2.49624	-0.199614	-0.0124412
181	0.909689	0.122141	0.122141	-2.49299	-0.0397156	-0.0222318	2.05898	2.05898	-3.12372	-0.211094	-0.107066
181	0.923028	0.0199989	0.0199989	-2.87359	-0.121836	-0.106695	0.337129	0.337129	-3.60061	-0.789412	-0.573801
181	1.00907	0.0562954	0.0562954	-2.46923	-0.127329	-0.0850149	0.948993	0.948993	-3.09394	-0.605291	-0.417763
181	1.00142	-0.0349641	-0.0349641	-2.52368	-0.223533	-0.188518	-0.589404	-0.589404	-3.16217	-0.934103	-0.862853
181	1.07424	0.00827328	0.00827328	-2.55133	-0.260699	-0.216846	0.139466	0.139466	-3.19681	-1.00192	-0.779561
181	1.05629	0.102888	0.102888	-2.33112	-0.176495	-0.0892261	1.73442	1.73442	-2.92089	-0.64139	-0.339881
181	0.956895	-0.000336785	-0.000336785	-3.06877	-0.176046	-0.126876	-0.00567732	-0.00567732	-3.84517	-0.843615	-0.682744
181	0.985048	-0.00924922	-0.00924922	-2.69691	-0.191858	-0.151108	-0.155918	-0.155918	-3.37923	-0.858813	-0.762151
181	0.875513	0.0488813	0.0488813	-2.89976	-0.105735	-0.0653569	0.824011	0.824011	-3.6334	-0.564759	-0.349455
181	0.909812	0.0362797	0.0362797	-2.49296	-0.103745	-0.0690441	0.61158	0.61158	-3.12368	-0.606992	-0.413948
181	1.26066	0.111475	0.0822758	-2.25456	-0.851273	-0.635915	1.87918	1.37927	-2.82497	-2.13367	-1.58437
181	1.10591	0.0744685	0.0744685	-2.19096	-0.287413	-0.275319	1.25535	1.25535	-2.74527	-0.839445	-0.777747
181	0.949621	0.00657516	0.00657516	-2.45768	-0.131214	-0.122544	0.11084	0.11084	-3.07947	-0.800453	-0.653149
181	1.07814	0.107792	0.107792	-2.39727	-0.207785	-0.0876142	1.81709	1.81709	-3.00377	-0.743471	-0.351143
181	0.908602	0.0340756	0.0340756	-2.50212	-0.125813	-0.0894498	0.574426	0.574426	-3.13515	-0.714024	-0.491047
256	1.11632	0.0319583	0.0319583	-3.26371	-0.577202	-0.349288	0.6407	0.6407	-4.08943	-1.7757	-1.00093
256	0.880465	0.0231567	0.0231567	-1.95499	-0.093812	-0.0717865	0.464246	0.464246	-2.4496	-0.741812	-0.475836
256	1.1075	0.078462	0.078462	-2.59786	-0.48074	-0.273507	1.57301	1.57301	-3.25511	-1.44848	-0.824168
256	0.952987	0.0819922	0.0819922	-2.93949	-0.0850365	-0.0374489	1.64378	1.64378	-3.68318	-0.420527	-0.216835
256	0.931496	0.0523565	0.0523565	-3.12308	-0.109423	-0.0831596	1.04964	1.04964	-3.91321	-0.673726	-0.434488
256	1.00231	0.0326866	0.0326866	-2.42662	-0.164746	-0.100356	0.655301	0.655301	-3.04055	-0.782865	-0.538068
256	0.970073	0.193648	0.193648	-2.12476	0.0411449	0.0604726	3.88226	3.88226	-2.66233	0.232362	0.320894
256	0.996217	-0.00345067	-0.00345067	-2.66524	-0.158362	-0.147982	-0.069179	-0.069179	-3.33955	-0.865691	-0.694668
256	0.935131	0.0865137	0.0865137	-2.82842	-0.0709392	-0.0627986	1.73443	1.73443	-3.54401	-0.372576	-0.308882
256	0.940615	0.0168051	0.0168051	-2.58614	-0.107396	-0.105219	0.336909	0.336909	-3.24044	-0.71783	-0.6327
256	1.03614	0.0566002	0.0566002	-2.54329	-0.131775	-0.146579	1.13472	1.13472	-3.18674	-0.609412	-0.551988
256	0.940652	0.0713568	0.0713568	-2.23543	-0.0628779	-0.0349412	1.43056	1.43056	-2.80099	-0.421751	-0.215375
256	0.897023	-0.0126589	-0.0126589	-2.2899	-0.137492	-0.117112	-0.253785	-0.253785	-2.86924	-0.98447	-0.789316
256	0.925376	0.0100294	0.0100294	-2.33849	-0.113824	-0.121937	0.201069	0.201069	-2.93013	-0.757598	-0.647871
256	0.940937	0.115894	0.115894	-2.3266	-0.0233017	0.00598722	2.32343	2.32343	-2.91523	-0.149017	0.0410916
256	0.862498	-0.0348365	-0.0348365	-3.15758	-0.159303	-0.146435	-0.698401	-0.698401	-3.95645	-1.13816	-0.965168
256	1.0751	0.0819479	0.0819479	-2.66715	-0.258269	-0.193646	1.64289	1.64289	-3.34194	-0.900146	-0.669015
256	0.838805	-0.0244877	-0.0244877	-2.65871	-0.134851	-0.121387	-0.49093	-0.49093	-3.33137	-1.11276	-0.878113
256	0.856808	-0.0242128	-0.0242128	-2.5024	-0.152681	-0.122774	-0.485417	-0.485417	-3.1355	-1.09205	-0.825754
256	1.00705	0.0626886	0.0626886	-2.9236	-0.121084	-0.0556508	1.25678	1.25678	-3.66327	-0.6158	-0.333291
256	0.937966	0.11711	0.11711	-2.67467	-0.0179533	-0.0172766	2.34783	2.34783	-3.35136	-0.116158	-0.0951607
256	0.921733	0.0772331	0.0772331	-2.8667	-0.0561177	-0.0557805	1.54837	1.54837	-3.59197	-0.331462	-0.287613
256	0.897848	0.100072	0.100072	-2.74536	-0.033785	-0.00840337	2.00624	2.00624	-3.43994	-0.239246	-0.0556358
256	0.92964	0.131294	0.131294	-2.47169	-0.0243069	-0.00834781	2.63219	2.63219	-3.09703	-0.146815	-0.0426296
256	1.18284	0.0758115	0.0654057	-2.95903	-0.65438	-0.501774	1.51987	1.30869	-3.70766	-1.82216	-1.41059
256	1.1517	0.0296781	0.0296781	-2.42848	-0.560666	-0.504903	0.594987	0.594987	-3.04289	-1.58677	-1.39207
256	0.900627	0.0602131	0.0602131	-2.93557	-0.055358	-0.0514589	1.20715	1.20715	-3.67827	-0.387884	-0.347292
256	0.965916	0.130659	0.130659	-2.45476	-0.00864928	-0.00728243	2.61944	2.61944	-3.07581	-0.0560503	-0.037803
256	0.921836	0.134986	0.134986	-2.62049	-0.025171	0.025228	2.70621	2.70621	-3.28348	-0.12828	0.153253
256	1.0215	-0.0565317	-0.0565317	-2.72799	-0.229268	-0.182763	-1.13335	-1.13335	-3.41817	-1.16764	-0.951145
256	1.04211	0.0444474	0.0444474	-2.9752	-0.162032	-0.147872	0.891081	0.891081	-3.72792	-0.723631	-0.570807
256	0.911563	0.0836253	0.0836253	-3.20286	-0.067689	-0.0207948	1.67652	1.67652	-4.01319	-0.407868	-0.140437
256	0.939749	0.0617408	0.0617408	-2.81846	-0.0894058	-0.0629992	1.23778	1.23778	-3.53153	-0.500354	-0.356206
256	0.944041	-0.0420217	-0.0420217	-2.66218	-0.169234	-0.171254	-0.842452	-0.842452	-3.33571	-1.10505	-0.96886
256	0.979691	-0.0521462	-0.0521462	-2.32909	-0.19903	-0.188639	-1.04543	-1.04543	-2.91835	-1.26064	-0.919585
256	0.900298	0.030214	0.030214	-2.32964	-0.109513	-0.0774025	0.605731	0.605731	-2.91903	-0.697852	-0.507677
256	0.999984	-0.00933167	-0.00933167	-2.0485	-0.172206	-0.134869	-0.187081	-0.187081	-2.56677	-1.04308	-0.738618
256	0.937244	0.169112	0.169112	-2.41402	0.0358277	0.0518506	3.39035	3.39035	-3.02477	0.220177	0.303801
256	1.05016	0.0886734	0.0886734	-2.36679	-0.110461	-0.0936418	1.77772	1.77772	-2.96559	-0.496948	-0.384378
256	0.993529	0.00986253	0.00986253	-2.29388	-0.130521	-0.113441	0.197724	0.197724	-2.87423	-0.757077	-0.636173
256	0.867718	0.0223216	0.0223216	-2.88121	-0.0943625	-0.0797489	0.447503	0.447503	-3.61016	-0.707066	-0.537513
256	1.10625	0.141865	0.141865	-2.68523	-0.307638	-0.249773	2.8441	2.8441	-3.36459	-0.899067	-0.738985
256	1.1748	0.0280548	0.0280548	-3.35389	-0.714884	-0.580537	0.562443	0.562443	-4.20242	-2.2496	-1.77099
256	1.01856	0.0623653	0.0623653	-2.74959	-0.0975666	-0.0914428	1.2503	1.2503	-3.44523	-0.549569	-0.422655
256	1.21255	0.108225	0.0873138	-2.94953	-0.709243	-0.553214	2.16969	1.74362	-3.69576	-2.2159	-1.59486
256	0.969246	0.0826522	0.0826522	-3.0233	-0.0788554	-0.0320894	1.65701	1.65701	-3.78819	-0.39535	-0.195273
256	0.934976	0.0109362	0.0109362	-2.45919	-0.129042	-0.103923	0.219248	0.219248	-3.08136	-0.844596	-0.651995
256	0.858345	-0.0306072	-0.0306072	-2.73471	-0.153069	-0.130976	-0.613614	-0.613614	-3.42659	-0.995369	-0.87915
256	0.906118	0.0269167	0.0269167	-3.23244	-0.103729	-0.0687114	0.539626	0.539626	-4.05025	-0.728317	-0.473455
256	0.936295	-0.124841	-0.124841	-2.64368	-0.237109	-0.247848	-2.50282	-2.50282	-3.31253	-1.83912	-1.37655
256	1.00429	0.0604992	0.0604992	-2.62841	-0.0756984	-0.080247	1.21289	1.21289	-3.29339	-0.502551	-0.388541
256	0.965592	0.128448	0.128448	-2.77365	-0.0634574	0.00482512	2.57512	2.57512	-3.47539	-0.326363	0.0250824
256	1.00504	0.0658108	0.0658108	-2.51994	-0.102887	-0.0852816	1.31937	1.31937	-3.15749	-0.527084	-0.413919
256	1.05629	0.0135171	0.0135171	-2.58359	-0.241135	-0.19937	0.270991	0.270991	-3.23723	-0.946413	-0.713476
256	1.02757	0.112246	0.112246	-2.98595	-0.130506	-0.074574	2.25031	2.25031	-3.7414	-0.489301	-0.303325
256	1.03749	-0.0517861	-0.0517861	-2.77113	-0.293737	-0.220783	-1.03821	-1.03821	-3.47222	-1.18968	-0.972183
256	1.06334	0.0464364	0.0464364	-3.06391	-0.235019	-0.23966	0.930956	0.930956	-3.83908	-0.866456	-0.825403
256	1.01028	0.0869258	0.0869258	-2.75808	-0.0992078	-0.0906969	1.74269	1.74269	-3.45588	-0.459892	-0.343209
256	1.00839	-0.0749859	-0.0749859	-2.6597	-0.237576	-0.216036	-1.50332	-1.50332	-3.3326	-1.29573	-1.0373
256	0.844608	0.167148	0.167148	-2.33044	0.0552153	0.0543429	3.35098	3.35098	-2.92005	0.381949	0.354307
256	1.1005	-0.0582535	-0.0582535	-3.08367	-0.476647	-0.458621	-1.16787	-1.16787	-3.86383	-1.50512	-1.27909
256	0.922674	0.0746545	0.0746545	-2.69746	-0.0494888	-0.0518668	1.49667	1.49667	-3.37992	-0.344145	-0.286305
256	0.8685	-0.000796495	-0.000796495	-2.40449	-0.153665	-0.107462	-0.0159681	-0.0159681	-3.01282	-0.902475	-0.678038
256	0.899999	0.156348	0.156348	-3.21464	0.0368292	0.0474331	3.13447	3.13447	-4.02794	0.283232	0.310227
256	0.888479	0.0915451	0.0915451	-2.21337	-0.0262224	-0.0224864	1.8353	1.8353	-2.77336	-0.188861	-0.132092
256	1.12811	0.0233238	0.0233238	-3.0268	-0.523466	-0.443543	0.467595	0.467595	-3.79257	-1.68685	-1.31694
256	0.917352	-0.00725263	-0.00725263	-2.78059	-0.151747	-0.118124	-0.145401	-0.145401	-3.48408	-0.897687	-0.771558
256	1.03555	0.0727836	0.0727836	-3.06864	-0.174704	-0.0962456	1.45917	1.45917	-3.84501	-0.757154	-0.428573
256	1.00722	0.102817	0.102817	-2.61491	-0.0680379	-0.0456077	2.06127	2.06127	-3.27648	-0.324533	-0.23681
256	1.07227	0.123366	0.123366	-2.8977	-0.144294	-0.136245	2.47324	2.47324	-3.63082	-0.528935	-0.464416
256	0.901685	0.0411149	0.0411149	-2.76873	-0.0754784	-0.0583527	0.824272	0.824272	-3.46922	-0.547036	-0.370698
256	1.02008	0.013207	0.013207	-3.3635	-0.167257	-0.145646	0.264774	0.264774	-4.21447	-0.817691	-0.683536
256	0.968916	0.0154577	0.0154577	-2.89781	-0.139912	-0.153569	0.309896	0.309896	-3.63096	-0.705062	-0.661564
256	0.847889	-0.0100803	-0.0100803	-2.23477	-0.128278	-0.100632	-0.202091	-0.202091	-2.80017	-0.98057	-0.75734
256	0.998785	0.0664865	0.0664865	-2.39656	-0.115581	-0.106992	1.33292	1.33292	-3.0029	-0.613384	-0.491142
256	0.932851	0.0746142	0.0746142	-2.62285	-0.061806	-0.0364611	1.49586	1.49586	-3.28644	-0.385446	-0.229887
256	0.943863	-0.0767183	-0.0767183	-3.08852	-0.233802	-0.195324	-1.53805	-1.53805	-3.86992	-1.39472	-1.14642
256	1.08859	0.0900519	0.0900519	-3.17727	-0.251852	-0.178629	1.80536	1.80536	-3.98112	-0.799771	-0.585003
256	1.06012	0.14045	0.14045	-3.17155	-0.136571	-0.0952003	2.81574	2.81574	-3.97395	-0.530667	-0.341438
256	1.0035	0.08632	0.08632	-2.52806	-0.0625549	-0.0661532	1.73054	1.73054	-3.16766	-0.372258	-0.307455
256	1.09577	-0.0269389	-0.0269389	-2.55521	-0.337589	-0.295621	-0.54007	-0.54007	-3.20168	-1.1538	-1.02186
256	0.917915	0.123793	0.123793	-2.30693	-0.013418	0.00863119	2.4818	2.4818	-2.89058	-0.0820115	0.0502198
256	0.954914	-0.017786	-0.017786	-2.49425	-0.197991	-0.13285	-0.356575	-0.356575	-3.1253	-0.964657	-0.866905
256	1.02762	0.00884652	0.00884652	-2.85829	-0.13745	-0.14409	0.177355	0.177355	-3.58144	-0.75364	-0.656019
256	0.880861	-0.00933019	-0.00933019	-2.57523	-0.136209	-0.125366	-0.187052	-0.187052	-3.22677	-0.953595	-0.693056
256	0.913053	0.0437012	0.0437012	-2.33625	-0.0953202	-0.0594955	0.876122	0.876122	-2.92733	-0.583489	-0.414223
256	0.866275	0.090461	0.090461	-1.94475	-0.0243149	-0.00599854	1.81356	1.81356	-2.43677	-0.170303	-0.0390776
256	0.870112	0.00599548	0.00599548	-2.43339	-0.119607	-0.0954329	0.120197	0.120197	-3.04904	-0.803073	-0.69631
256	0.88438	0.0737019	0.0737019	-2.67314	-0.0597438	-0.0326014	1.47758	1.47758	-3.34944	-0.399454	-0.222357
256	0.787569	0.138675	0.138675	-2.52066	0.0217376	0.051181	2.78016	2.78016	-3.15839	0.153867	0.371326
256	0.937448	0.00499012	0.00499012	-2.28664	-0.145581	-0.102958	0.100042	0.100042	-2.86517	-0.843964	-0.620759
256	1.02589	0.0913422	0.0913422	-2.73548	-0.16143	-0.0697856	1.83123	1.83123	-3.42755	-0.647578	-0.292304
256	0.956313	-0.0683135	-0.0683135	-2.34989	-0.231364	-0.216469	-1.36955	-1.36955	-2.94441	-1.15659	-1.06168
256	0.967021	0.0307895	0.0307895	-2.17999	-0.10299	-0.0949927	0.617268	0.617268	-2.73153	-0.675199	-0.512146
256	0.989123	-0.0506913	-0.0506913	-3.01174	-0.185307	-0.199798	-1.01626	-1.01626	-3.77371	-1.123	-0.964511
256	0.926032	0.00154695	0.00154695	-2.89998	-0.131954	-0.10407	0.0310132	0.0310132	-3.63367	-0.835811	-0.60889
256	0.852354	0.00638018	0.00638018	-2.95871	-0.119214	-0.0960169	0.12791	0.12791	-3.70726	-0.796996	-0.658744
256	1.02019	-0.000632621	-0.000632621	-2.82949	-0.164956	-0.152853	-0.0126828	-0.0126828	-3.54535	-0.882855	-0.781665
256	1.08628	0.0455	0.0455	-3.223	-0.309319	-0.314089	0.912185	0.912185	-4.03842	-1.00611	-0.954923
256	0.966312	0.0104585	0.0104585	-2.78724	-0.122822	-0.114468	0.209672	0.209672	-3.49241	-0.763857	-0.62634
256	1.08596	0.0217706	0.0217706	-3.17295	-0.40419	-0.224166	0.436458	0.436458	-3.97571	-1.28143	-0.756529
256	1.08626	0.116262	0.116262	-2.31592	-0.178886	-0.174728	2.33081	2.33081	-2.90185	-0.647322	-0.57368
256	1.0566	-0.00413861	-0.00413861	-2.96724	-0.216117	-0.207519	-0.0829709	-0.0829709	-3.71796	-0.942884	-0.844164
256	0.99294	0.0667783	0.0667783	-2.48653	-0.105401	-0.0589839	1.33877	1.33877	-3.11563	-0.485547	-0.314265
256	0.907414	0.0811092	0.0811092	-2.30978	-0.0623705	-0.034089	1.62608	1.62608	-2.89416	-0.379479	-0.222652
256	0.90805	0.0713801	0.0713801	-2.90185	-0.0496651	-0.0357907	1.43103	1.43103	-3.63602	-0.334866	-0.216656
256	1.00804	0.016839	0.016839	-2.94739	-0.170793	-0.115491	0.337589	0.337589	-3.69308	-0.822699	-0.635305
256	0.990746	-0.0116516	-0.0116516	-2.82805	-0.160971	-0.161854	-0.233591	-0.233591	-3.54355	-0.908898	-0.752618
256	0.983751	0.00130306	0.00130306	-3.25234	-0.128956	-0.133148	0.0261237	0.0261237	-4.07519	-0.866822	-0.670969
256	1.01303	0.0575301	0.0575301	-2.51348	-0.142662	-0.0889646	1.15336	1.15336	-3.14939	-0.644236	-0.423185
256	0.979016	0.0789789	0.0789789	-2.72572	-0.0655813	-0.048689	1.58337	1.58337	-3.41533	-0.395336	-0.248828
256	1.10754	-0.00690843	-0.00690843	-2.88759	-0.414864	-0.368659	-0.1385	-0.1385	-3.61815	-1.24051	-1.10432
256	0.938888	0.144738	0.144738	-2.18062	0.0173743	0.0305258	2.9017	2.9017	-2.73232	0.113998	0.181161
256	0.879281	0.133044	0.133044	-2.4918	0.00478315	0.0398237	2.66726	2.66726	-3.12222	0.0327565	0.284444
256	1.12008	-0.0767498	-0.0767498	-2.56266	-0.543298	-0.500837	-1.53868	-1.53868	-3.21102	-1.71628	-1.58581
256	0.996589	0.0384273	0.0384273	-3.2046	-0.125884	-0.0898511	0.770391	0.770391	-4.01537	-0.62868	-0.457315
256	0.96143	0.0650567	0.0650567	-2.63161	-0.0641873	-0.0793279	1.30426	1.30426	-3.29741	-0.449287	-0.398397
256	0.869661	0.00841311	0.00841311	-2.26669	-0.125595	-0.0963642	0.168666	0.168666	-2.84017	-0.787427	-0.629696
256	0.943397	0.0505293	0.0505293	-2.37121	-0.0807064	-0.119847	1.01301	1.01301	-2.97112	-0.602215	-0.535943
256	0.885156	0.0331773	0.0331773	-3.05186	-0.0888417	-0.076244	0.665139	0.665139	-3.82398	-0.584286	-0.484102
256	0.85922	0.136831	0.136831	-2.39396	0.0143999	0.0477602	2.74319	2.74319	-2.99964	0.110358	0.367266
256	1.00406	0.0513259	0.0513259	-2.52513	-0.164219	-0.101724	1.02898	1.02898	-3.16398	-0.727636	-0.496885
256	0.815795	-0.0152798	-0.0152798	-2.8181	-0.142641	-0.112126	-0.30633	-0.30633	-3.53107	-0.932717	-0.776478
256	1.02201	0.1624	0.1624	-2.59389	-0.0131907	-0.000752371	3.2558	3.2558	-3.25015	-0.0676492	-0.00327589
256	0.981071	0.169978	0.169978	-2.67799	0.0220798	0.0333501	3.40772	3.40772	-3.35552	0.129243	0.163523
256	0.857741	0.114193	0.114193	-2.34651	-0.00413929	0.0109075	2.28934	2.28934	-2.94018	-0.0306336	0.0732156
256	0.946533	0.112719	0.112719	-2.82625	-0.0431883	-0.0168952	2.25979	2.25979	-3.54129	-0.268772	-0.0946414
256	1.11908	-0.0561583	-0.0561583	-3.223	-0.599437	-0.407179	-1.12586	-1.12586	-4.03842	-1.77255	-1.20687
256	0.909737	0.0431655	0.0431655	-3.19231	-0.108737	-0.0678056	0.865382	0.865382	-3.99997	-0.642174	-0.416417
256	1.06293	0.0107306	0.0107306	-2.31418	-0.231328	-0.20638	0.215127	0.215127	-2.89967	-1.02259	-0.755318
256	0.930291	0.0667176	0.0667176	-2.73827	-0.0754072	-0.0430577	1.33755	1.33755	-3.43105	-0.431059	-0.261255
256	0.841013	0.050591	0.050591	-2.6499	-0.0472248	-0.0438228	1.01425	1.01425	-3.32032	-0.422231	-0.327615
256	1.1236	-0.00492485	-0.00492485	-2.58384	-0.549078	-0.441035	-0.0987333	-0.0987333	-3.23755	-1.728	-1.46375
256	0.984934	-0.0192496	-0.0192496	-2.90829	-0.201241	-0.137892	-0.385916	-0.385916	-3.64409	-0.900007	-0.78402
256	0.969931	0.0465586	0.0465586	-2.27489	-0.101663	-0.100996	0.933406	0.933406	-2.85044	-0.575009	-0.498884
256	1.09385	0.000752386	0.000752386	-2.75828	-0.288928	-0.304678	0.0150838	0.0150838	-3.45613	-1.06695	-0.97199
256	1.02325	0.136347	0.136347	-2.92636	-0.123571	-0.00117118	2.73348	2.73348	-3.66672	-0.460507	-0.00586181
256	0.897806	0.0620435	0.0620435	-2.5927	-0.067312	-0.0548401	1.24385	1.24385	-3.24865	-0.451894	-0.308013
256	1.108	-0.0468446	-0.0468446	-3.24385	-0.498172	-0.374551	-0.939141	-0.939141	-4.06455	-1.5103	-1.22319
256	1.03916	0.082704	0.082704	-2.08206	-0.155302	-0.13178	1.65805	1.65805	-2.60882	-0.678027	-0.473631
256	0.879932	0.0478628	0.0478628	-2.79451	-0.0822307	-0.0490169	0.959554	0.959554	-3.50152	-0.60115	-0.339948
256	1.01259	-0.0337269	-0.0337269	-3.10663	-0.227333	-0.192684	-0.676157	-0.676157	-3.89261	-1.05301	-0.906706
256	0.99576	0.0561919	0.0561919	-2.25216	-0.145449	-0.0821964	1.12654	1.12654	-2.82195	-0.701606	-0.408826
256	1.11385	0.114975	0.114975	-2.21614	-0.263359	-0.268503	2.30501	2.30501	-2.77683	-0.861181	-0.818968
256	0.898683	0.00448337	0.00448337	-2.8179	-0.151687	-0.0997105	0.0898826	0.0898826	-3.53083	-0.84972	-0.641174
256	0.845725	0.1393	0.1393	-2.18313	0.0200094	0.0422743	2.79269	2.79269	-2.73546	0.144963	0.292043
256	0.954526	-0.000813895	-0.000813895	-2.49726	-0.151452	-0.118963	-0.016317	-0.016317	-3.12906	-0.941915	-0.705895
256	0.927842	0.039263	0.039263	-2.05004	-0.108119	-0.0877818	0.787145	0.787145	-2.56869	-0.602765	-0.468658
256	0.927424	0.02971	0.02971	-2.40686	-0.107934	-0.0835806	0.595626	0.595626	-3.01579	-0.727107	-0.499929
256	0.981244	0.0296536	0.0296536	-2.88587	-0.161023	-0.0918659	0.594494	0.594494	-3.616	-0.733353	-0.510151
256	1.0315	-0.000680208	-0.000680208	-3.10243	-0.277877	-0.173007	-0.0136368	-0.0136368	-3.88735	-0.967822	-0.780425
256	0.849538	-0.0506128	-0.0506128	-2.30619	-0.192478	-0.149246	-1.01469	-1.01469	-2.88966	-1.22577	-1.06072
256	1.0604	0.0937275	0.0937275	-2.94965	-0.156832	-0.171936	1.87905	1.87905	-3.69591	-0.700564	-0.573825
256	1.00101	0.0467179	0.0467179	-2.18075	-0.13003	-0.0923716	0.9366	0.9366	-2.73248	-0.674413	-0.435599
256	0.942984	0.136061	0.136061	-3.23131	-0.00636206	0.0341646	2.72775	2.72775	-4.04883	-0.0380631	0.232911
256	0.922769	-0.0940272	-0.0940272	-2.4624	-0.235127	-0.216171	-1.88506	-1.88506	-3.08539	-1.64411	-1.24848
256	0.979047	0.0683641	0.0683641	-2.74579	-0.113369	-0.053388	1.37056	1.37056	-3.44047	-0.54657	-0.293467
256	1.14269	-0.0133357	-0.0133357	-2.77697	-0.477529	-0.542551	-0.267355	-0.267355	-3.47954	-1.41518	-1.52229
256	0.986237	0.145957	0.145957	-2.28725	0.00991652	0.0184842	2.92614	2.92614	-2.86592	0.0617463	0.102956
256	1.11854	0.167499	0.167499	-3.00729	-0.285589	-0.256101	3.35803	3.35803	-3.76813	-0.880655	-0.834363
256	0.999292	0.0905616	0.0905616	-2.31914	-0.0906398	-0.0414717	1.81558	1.81558	-2.90588	-0.455359	-0.215038
256	0.971089	0.017965	0.017965	-2.99712	-0.127755	-0.100985	0.360163	0.360163	-3.75539	-0.762736	-0.621124
256	0.861897	0.0976179	0.0976179	-2.00635	-0.022332	-0.00794729	1.95704	1.95704	-2.51396	-0.159436	-0.0554508
256	0.877391	0.112231	0.112231	-2.21716	-0.0026159	0.0144724	2.25	2.25	-2.7781	-0.0203061	0.103657
256	1.05663	-0.010731	-0.010731	-2.84604	-0.284283	-0.255719	-0.215135	-0.215135	-3.56608	-1.14223	-0.908091
256	0.936914	0.117108	0.117108	-2.70545	-0.0272299	0.000533519	2.34777	2.34777	-3.38993	-0.162828	0.00323493
256	0.790081	0.0465964	0.0465964	-2.52435	-0.0520795	-0.0512087	0.934165	0.934165	-3.16301	-0.438208	-0.370799
256	1.0678	0.0886221	0.0886221	-3.27755	-0.195987	-0.175453	1.7767	1.7767	-4.10677	-0.682667	-0.596872
256	0.985721	0.0680786	0.0680786	-2.57616	-0.0869865	-0.0858129	1.36484	1.36484	-3.22792	-0.488248	-0.403827
256	0.976572	0.0124089	0.0124089	-2.46898	-0.202449	-0.117763	0.248774	0.248774	-3.09363	-0.816437	-0.639701
256	1.09918	0.103206	0.103206	-2.48438	-0.318206	-0.199758	2.06907	2.06907	-3.11293	-1.00504	-0.622578
256	1.02711	0.11096	0.11096	-3.29541	-0.142679	-0.0390426	2.22452	2.22452	-4.12914	-0.520826	-0.202417
256	0.962924	0.0995957	0.0995957	-2.49914	-0.0601303	-0.0294416	1.99669	1.99669	-3.13142	-0.322789	-0.153341
256	1.10886	0.0852296	0.0852296	-2.76099	-0.359606	-0.204651	1.70868	1.70868	-3.45952	-1.1966	-0.640457
256	1.11484	-0.00713675	-0.00713675	-2.97557	-0.422416	-0.382798	-0.143078	-0.143078	-3.72839	-1.37322	-1.17764
256	0.976042	0.0848064	0.0848064	-2.30542	-0.0657839	-0.0310863	1.7002	1.7002	-2.8887	-0.366754	-0.177825
256	1.22799	-0.0276685	-0.0586602	-2.87102	-0.96926	-0.783131	-0.554699	-1.16911	-3.59738	-2.68848	-2.52589
256	1.15549	0.141357	0.141357	-3.19338	-0.422224	-0.351682	2.83392	2.83392	-4.00131	-1.09383	-1.02268
256	0.903348	-0.0219964	-0.0219964	-2.26116	-0.135403	-0.12621	-0.440984	-0.440984	-2.83323	-1.01229	-0.777387
256	0.992759	-0.0308663	-0.0308663	-2.51627	-0.2018	-0.169864	-0.618807	-0.618807	-3.15289	-1.08629	-0.834565
256	1.07755	0.135397	0.135397	-2.50942	-0.140355	-0.177897	2.71444	2.71444	-3.14431	-0.515311	-0.543669
256	0.957755	0.0948073	0.0948073	-2.91442	-0.0701793	-0.030922	1.9007	1.9007	-3.65177	-0.361916	-0.172419
256	0.918729	-0.100885	-0.100885	-2.81716	-0.264996	-0.202653	-2.02255	-2.02255	-3.52991	-1.44016	-1.35852
256	1.1416	0.0939172	0.0939172	-2.48039	-0.618687	-0.438813	1.88285	1.88285	-3.10793	-1.9558	-1.27187
256	0.954763	0.03716	0.03716	-2.52144	-0.0962922	-0.0957183	0.744985	0.744985	-3.15936	-0.618427	-0.486418
256	0.903138	0.0478339	0.0478339	-3.04712	-0.0779985	-0.0731319	0.958974	0.958974	-3.81804	-0.51198	-0.442718
256	0.990273	0.113544	0.113544	-2.97138	-0.0702835	-0.017966	2.27634	2.27634	-3.72314	-0.303521	-0.087278
256	1.02569	-0.027862	-0.027862	-2.909	-0.21304	-0.20618	-0.558578	-0.558578	-3.64498	-1.00827	-0.946526
256	0.977684	0.0267281	0.0267281	-2.56598	-0.137914	-0.104091	0.535846	0.535846	-3.21518	-0.727371	-0.540304
256	0.888248	0.102867	0.102867	-2.77372	0.00411954	-0.0143579	2.06227	2.06227	-3.47547	0.0366744	-0.0866318
256	0.828004	-0.0544533	-0.0544533	-2.31178	-0.173699	-0.152965	-1.09168	-1.09168	-2.89667	-1.24689	-1.11209
256	0.931936	0.0460676	0.0460676	-2.53354	-0.114858	-0.0741535	0.923564	0.923564	-3.17453	-0.650099	-0.414445
256	1.01668	0.0867203	0.0867203	-3.06602	-0.135312	-0.0633208	1.73857	1.73857	-3.84172	-0.569296	-0.303611
256	1.02801	0.0196329	0.0196329	-2.69542	-0.253882	-0.13711	0.393601	0.393601	-3.37737	-0.928695	-0.607105
256	0.859371	0.024944	0.024944	-2.68821	-0.124838	-0.0710122	0.500078	0.500078	-3.36833	-0.721142	-0.48696
256	1.00254	0.0684208	0.0684208	-2.87797	-0.181863	-0.104188	1.3717	1.3717	-3.60609	-0.654939	-0.425226
256	0.888434	0.0906948	0.0906948	-2.69159	-0.0454422	-0.0193343	1.81825	1.81825	-3.37256	-0.270833	-0.121463
256	0.97129	0.0940465	0.0940465	-2.52611	-0.0651819	-0.0175591	1.88544	1.88544	-3.16522	-0.372915	-0.116062
256	0.981215	-0.0386075	-0.0386075	-2.58956	-0.20936	-0.171791	-0.774004	-0.774004	-3.24472	-1.11671	-0.873992
256	1.03229	0.139445	0.139445	-2.69926	-0.0233271	-0.0311698	2.79559	2.79559	-3.38218	-0.126354	-0.128391
256	0.987563	0.113449	0.113449	-3.10029	-0.0286249	-0.0296645	2.27442	2.27442	-3.88467	-0.164856	-0.147103
256	1.08265	0.0550087	0.0550087	-2.87408	-0.292032	-0.183265	1.10281	1.10281	-3.60123	-0.960786	-0.625597
256	1.0098	0.0413503	0.0413503	-2.93547	-0.123125	-0.111165	0.828992	0.828992	-3.67814	-0.640042	-0.508072
256	0.919322	0.118135	0.118135	-2.33056	-0.0113571	-0.0188164	2.36838	2.36838	-2.92019	-0.0774131	-0.0953413
256	1.07902	0.107469	0.107469	-3.30937	-0.206974	-0.181043	2.15454	2.15454	-4.14665	-0.757767	-0.595631
256	0.935841	0.0563298	0.0563298	-2.67448	-0.105667	-0.0557717	1.1293	1.1293	-3.35112	-0.566369	-0.369184
256	0.908633	0.0620371	0.0620371	-2.84817	-0.0844379	-0.0627923	1.24372	1.24372	-3.56876	-0.545861	-0.353544
256	0.974443	0.090711	0.090711	-3.04743	-0.0630253	-0.0271162	1.81857	1.81857	-3.81843	-0.330685	-0.163205
256	1.18701	0.0379758	0.0266816	-2.9216	-0.891612	-0.601885	0.761339	0.533866	-3.66076	-3.16359	-1.82721
256	0.962155	-0.0535139	-0.0535139	-2.31266	-0.201613	-0.180312	-1.07285	-1.07285	-2.89776	-1.16263	-0.945211
256	1.08639	0.0677179	0.0677179	-2.92018	-0.274916	-0.226713	1.35761	1.35761	-3.65898	-0.968343	-0.768148
256	0.938675	0.11719	0.11719	-2.46831	-0.0416338	0.0117758	2.34942	2.34942	-3.09279	-0.230657	0.0793171
256	1.18818	0.0716134	0.0612334	-2.70935	-0.803508	-0.500005	1.4357	1.22521	-3.39481	-2.55275	-1.46543
256	1.03932	0.01775	0.01775	-2.96366	-0.213836	-0.194577	0.355852	0.355852	-3.71347	-0.88433	-0.733084
256	1.0487	0.168521	0.168521	-2.79543	-0.0500264	-0.0106336	3.37851	3.37851	-3.50267	-0.207234	-0.0439656
256	1.16135	-0.0284626	-0.0284626	-2.8584	-0.805329	-0.502446	-0.570618	-0.570618	-3.58157	-2.84152	-1.40338
256	0.87549	0.0611804	0.0611804	-2.8065	-0.0507043	-0.0394304	1.22654	1.22654	-3.51654	-0.388511	-0.255363
256	1.07673	0.110596	0.110596	-2.41381	-0.199658	-0.154263	2.21722	2.21722	-3.0245	-0.698872	-0.49788
256	1.04387	0.0706192	0.0706192	-3.24703	-0.123817	-0.112928	1.41577	1.41577	-4.06852	-0.605238	-0.466892
256	0.931851	0.049956	0.049956	-2.45825	-0.113951	-0.0705724	1.00152	1.00152	-3.08018	-0.657256	-0.410036
256	0.964308	-0.00393635	-0.00393635	-2.3325	-0.119291	-0.136296	-0.0789159	-0.0789159	-2.92263	-0.851752	-0.694963
256	0.961542	0.0207907	0.0207907	-3.32068	-0.15188	-0.112879	0.416813	0.416813	-4.16081	-0.793396	-0.582906
256	0.964381	0.158308	0.158308	-2.51546	0.00544401	0.0139854	3.17376	3.17376	-3.15187	0.0303342	0.0722931
256	1.08058	0.0878521	0.0878521	-2.87124	-0.325733	-0.172942	1.76126	1.76126	-3.59767	-1.07502	-0.610387
256	0.960996	0.106346	0.106346	-2.79719	-0.0591327	0.0024421	2.13202	2.13202	-3.50488	-0.305087	0.0159788
256	1.06582	0.0859967	0.0859967	-3.29762	-0.283163	-0.213037	1.72406	1.72406	-4.13192	-0.95533	-0.64942
256	1.03555	0.113631	0.113631	-2.71643	-0.144524	-0.0650331	2.27808	2.27808	-3.40369	-0.548299	-0.293542
256	1.00418	0.0940695	0.0940695	-2.65339	-0.0672158	-0.0441873	1.8859	1.8859	-3.32469	-0.371862	-0.216637
256	1.04754	0.0528094	0.0528094	-2.33588	-0.162844	-0.151646	1.05872	1.05872	-2.92685	-0.794936	-0.621814
256	1.02544	0.0529397	0.0529397	-2.73333	-0.114444	-0.112497	1.06134	1.06134	-3.42486	-0.570124	-0.514935
256	1.11641	0.056686	0.056686	-2.8553	-0.458972	-0.443531	1.13644	1.13644	-3.57769	-1.36527	-1.23928
256	0.955849	-0.00593335	-0.00593335	-2.61528	-0.13124	-0.133307	-0.118952	-0.118952	-3.27694	-0.957005	-0.72086
256	1.00743	0.0707052	0.0707052	-2.62957	-0.122487	-0.0802859	1.4175	1.4175	-3.29486	-0.617352	-0.375681
256	1.10087	0.111634	0.111634	-2.32087	-0.236602	-0.268906	2.23803	2.23803	-2.90805	-0.829113	-0.833549
256	0.958027	0.00211666	0.00211666	-2.31287	-0.160088	-0.120856	0.0424348	0.0424348	-2.89803	-0.866346	-0.696705
256	0.947308	0.0306686	0.0306686	-2.26312	-0.104859	-0.0947581	0.614845	0.614845	-2.83569	-0.664237	-0.523328
256	1.10778	0.06728	0.06728	-3.05327	-0.39717	-0.217304	1.34883	1.34883	-3.82574	-1.15288	-0.73071
256	1.02713	0.110842	0.110842	-3.10202	-0.0564238	-0.0273555	2.22216	2.22216	-3.88683	-0.296601	-0.137241
256	0.962273	0.0742269	0.0742269	-2.75751	-0.068679	-0.0666051	1.4881	1.4881	-3.45516	-0.401387	-0.334576
256	0.960701	-0.0168389	-0.0168389	-3.05766	-0.173465	-0.148638	-0.337586	-0.337586	-3.83124	-1.01643	-0.836337
256	1.02134	0.10658	0.10658	-3.02499	-0.0764459	-0.0353463	2.13672	2.13672	-3.79031	-0.361384	-0.188809
256	0.799538	-0.0137843	-0.0137843	-2.64882	-0.137392	-0.111948	-0.276348	-0.276348	-3.31897	-0.957755	-0.703504
256	1.17151	0.062902	0.062902	-3.04566	-0.684508	-0.453049	1.26106	1.26106	-3.81621	-2.13779	-1.2716
256	0.876932	0.127009	0.127009	-2.86822	-0.000277887	0.0179137	2.54628	2.54628	-3.59388	-0.001962	0.117416
256	1.03026	0.0644993	0.0644993	-2.53499	-0.147698	-0.114687	1.29308	1.29308	-3.17634	-0.651547	-0.476389
256	1.1787	0.0416069	0.0285103	-2.95613	-0.747451	-0.538005	0.834134	0.570457	-3.70404	-2.3643	-1.5811
256	0.931768	0.0986857	0.0986857	-2.71899	-0.0301513	-0.0187557	1.97845	1.97845	-3.40689	-0.198129	-0.113286
256	0.939395	0.0400835	0.0400835	-2.74906	-0.0925433	-0.0964234	0.803594	0.803594	-3.44457	-0.615854	-0.5024
256	0.999347	0.0872919	0.0872919	-2.54977	-0.0893688	-0.0743305	1.75003	1.75003	-3.19486	-0.438023	-0.350536
256	1.06783	0.034119	0.034119	-2.81742	-0.279747	-0.172396	0.684017	0.684017	-3.53023	-0.988342	-0.666261
256	0.92229	0.0329776	0.0329776	-2.69194	-0.118476	-0.0861104	0.661135	0.661135	-3.373	-0.663891	-0.50772
256	0.902871	0.0538399	0.0538399	-2.67544	-0.101357	-0.0699579	1.07938	1.07938	-3.35233	-0.560525	-0.390373
256	1.01664	-0.0217442	-0.0217442	-3.31674	-0.195982	-0.166035	-0.435928	-0.435928	-4.15587	-0.950077	-0.863788
256	0.970681	0.0178464	0.0178464	-2.67029	-0.11167	-0.0887415	0.357785	0.357785	-3.34587	-0.719994	-0.548931
256	0.947977	0.0899745	0.0899745	-2.90946	-0.0711999	-0.0310307	1.80381	1.80381	-3.64556	-0.367271	-0.159897
256	0.868464	0.0642212	0.0642212	-2.86618	-0.0684234	-0.0494055	1.28751	1.28751	-3.59132	-0.429805	-0.300497
256	1.18675	0.015237	0.0043464	-2.70417	-0.784927	-0.577015	0.305471	0.0869662	-3.38833	-2.30589	-1.65315
256	1.02809	0.110547	0.110547	-2.82433	-0.131191	-0.0592866	2.21625	2.21625	-3.53889	-0.514159	-0.257099
256	1.06397	0.0256074	0.0256074	-3.14035	-0.264918	-0.160678	0.513376	0.513376	-3.93485	-0.949538	-0.672769
256	1.04855	0.0945736	0.0945736	-2.98564	-0.107106	-0.111987	1.89601	1.89601	-3.74101	-0.479631	-0.44918
256	0.860776	-0.0393075	-0.0393075	-2.31483	-0.179967	-0.133677	-0.788037	-0.788037	-2.90049	-1.22197	-0.951566
256	1.05371	-0.0385091	-0.0385091	-2.46587	-0.290633	-0.273728	-0.77203	-0.77203	-3.08974	-1.27752	-0.905912
256	0.891264	0.109613	0.109613	-3.0716	-0.0291514	-0.00361477	2.19751	2.19751	-3.84871	-0.182319	-0.0226261
256	1.03619	0.11292	0.11292	-2.45283	-0.155966	-0.105968	2.26382	2.26382	-3.0734	-0.568722	-0.375523
256	0.938892	-0.006704	-0.006704	-2.26654	-0.163868	-0.123547	-0.134402	-0.134402	-2.83998	-0.88055	-0.706571
256	1.01442	-0.0037576	-0.0037576	-2.80483	-0.206762	-0.132882	-0.0753323	-0.0753323	-3.51445	-1.02328	-0.703993
256	0.987543	-0.00912946	-0.00912946	-2.83798	-0.183215	-0.149355	-0.183027	-0.183027	-3.55599	-0.974818	-0.739562
256	1.18246	0.0258748	0.0146141	-2.78662	-0.675247	-0.442459	0.518738	0.292411	-3.49163	-2.06216	-1.17954
256	1.20761	0.128996	0.10901	-3.10306	-0.723587	-0.55328	2.58611	2.17687	-3.88813	-2.34581	-1.72959
256	1.02208	-0.00687723	-0.00687723	-2.58071	-0.228467	-0.153645	-0.137875	-0.137875	-3.23363	-0.928367	-0.708464
256	0.874075	0.0199764	0.0199764	-2.51172	-0.0873019	-0.067253	0.400488	0.400488	-3.14719	-0.698202	-0.536954
256	0.866897	0.119182	0.119182	-2.80981	-0.0118977	0.0073404	2.38937	2.38937	-3.52069	-0.0818134	0.0404434
256	0.987419	0.101964	0.101964	-2.67808	-0.0427693	-0.0365468	2.04418	2.04418	-3.35563	-0.236469	-0.183144
256	0.96702	0.0588413	0.0588413	-2.46421	-0.0551074	-0.0415761	1.17965	1.17965	-3.08766	-0.390493	-0.264497
256	0.928168	0.0022713	0.0022713	-3.1419	-0.143436	-0.0930815	0.0455351	0.0455351	-3.9368	-0.877127	-0.675856
256	1.16517	0.174028	0.174028	-2.89425	-0.589976	-0.3319	3.48891	3.48891	-3.6265	-1.66592	-0.929265
256	0.854411	0.0291767	0.0291767	-3.11101	-0.0821338	-0.0619881	0.584935	0.584935	-3.8981	-0.658196	-0.449156
256	0.834215	0.179928	0.179928	-2.42735	0.0743117	0.0894556	3.60721	3.60721	-3.04147	0.611026	0.661969
256	1.02878	-0.0306736	-0.0306736	-2.64348	-0.258521	-0.197397	-0.614944	-0.614944	-3.31228	-1.04818	-0.82199
256	1.20364	0.0362203	0.0174995	-2.47841	-0.866224	-0.682918	0.726145	0.349456	-3.10544	-2.97435	-2.24597
256	1.09233	0.101052	0.101052	-3.02284	-0.281377	-0.19345	2.0259	2.0259	-3.78762	-0.878825	-0.596336
256	0.840228	0.045417	0.045417	-2.35423	-0.0740568	-0.0439524	0.91052	0.91052	-2.94985	-0.558417	-0.333808
256	0.98474	0.131046	0.131046	-2.56099	-0.0136212	-0.00975923	2.62721	2.62721	-3.20892	-0.0870979	-0.0487003
256	0.827275	0.129177	0.129177	-2.8957	0.0212477	0.0392984	2.58974	2.58974	-3.62831	0.179592	0.288975
256	0.916964	0.0404379	0.0404379	-2.78197	-0.0763068	-0.0661252	0.810699	0.810699	-3.4858	-0.584189	-0.454499
256	0.955052	0.169655	0.169655	-2.50272	-0.00558264	0.0567402	3.40125	3.40125	-3.13591	-0.0289621	0.332343
256	0.989432	0.0812299	0.0812299	-2.7908	-0.0823924	-0.0598118	1.6285	1.6285	-3.49687	-0.408661	-0.297127
256	1.07584	0.142485	0.142485	-2.47216	-0.135268	-0.125309	2.85654	2.85654	-3.09762	-0.488825	-0.429176
256	1.08771	-0.023522	-0.023522	-2.47511	-0.465716	-0.284928	-0.47157	-0.47157	-3.10132	-1.44429	-0.989322
256	0.918175	0.199686	0.199686	-2.53003	0.0410836	0.0963181	4.00331	4.00331	-3.17012	0.248382	0.645579
256	0.816649	-0.00421863	-0.00421863	-2.34514	-0.122122	-0.10204	-0.0845752	-0.0845752	-2.93846	-0.954406	-0.69337
256	1.01639	0.122577	0.122577	-2.89959	-0.0533208	-0.0493588	2.45743	2.45743	-3.63319	-0.282531	-0.222833
256	1.03772	0.0455681	0.0455681	-2.50455	-0.187435	-0.102533	0.913548	0.913548	-3.1382	-0.768539	-0.538228
256	1.03389	0.0889937	0.0889937	-3.03109	-0.128459	-0.0655847	1.78415	1.78415	-3.79795	-0.586233	-0.294383
256	1.02227	0.0961829	0.0961829	-2.85631	-0.133509	-0.0577266	1.92828	1.92828	-3.57896	-0.560383	-0.266863
256	1.00373	0.0967767	0.0967767	-2.48677	-0.11393	-0.0416443	1.94018	1.94018	-3.11592	-0.50143	-0.204606
256	1.0316	0.0801732	0.0801732	-2.59302	-0.100522	-0.0693395	1.60731	1.60731	-3.24906	-0.523181	-0.338891
256	0.888083	-0.0263496	-0.0263496	-2.78727	-0.14589	-0.150055	-0.528258	-0.528258	-3.49245	-1.08027	-0.816739
256	1.00519	0.111878	0.111878	-2.6346	-0.0628071	-0.0249218	2.24293	2.24293	-3.30115	-0.32232	-0.135492
256	1.06342	0.0378607	0.0378607	-2.18416	-0.217079	-0.214221	0.759031	0.759031	-2.73676	-0.946393	-0.731883
256	1.05277	0.0669397	0.0669397	-2.68791	-0.137329	-0.108804	1.34201	1.34201	-3.36796	-0.60107	-0.493917
256	0.972848	0.0196174	0.0196174	-2.81267	-0.13423	-0.134774	0.39329	0.39329	-3.52428	-0.764773	-0.657657
256	0.970862	0.094408	0.094408	-2.51464	-0.0359743	-0.0224516	1.89269	1.89269	-3.15084	-0.265666	-0.136982
256	1.13075	0.0125073	0.0125073	-2.2775	-0.533865	-0.400971	0.250746	0.250746	-2.85371	-1.56593	-1.13278
256	0.975208	-0.0187329	-0.0187329	-2.63634	-0.191304	-0.139662	-0.375556	-0.375556	-3.30333	-1.03991	-0.787369
256	0.962181	0.0720914	0.0720914	-2.25115	-0.0951326	-0.0507969	1.44529	1.44529	-2.82068	-0.525984	-0.28186
256	0.98087	-0.0773274	-0.0773274	-2.82052	-0.234523	-0.229422	-1.55026	-1.55026	-3.53411	-1.25991	-1.05328
256	0.966782	0.0781988	0.0781988	-3.05383	-0.0600524	-0.0460997	1.56773	1.56773	-3.82645	-0.364999	-0.280074
256	0.976278	0.179577	0.179577	-3.00158	0.0253571	0.0589719	3.60015	3.60015	-3.76097	0.137104	0.321323
256	0.974622	-0.0200724	-0.0200724	-2.2107	-0.165007	-0.142386	-0.402412	-0.402412	-2.77	-1.0117	-0.751223
256	0.990272	0.0806665	0.0806665	-2.41655	-0.0830114	-0.0567978	1.6172	1.6172	-3.02793	-0.457279	-0.270579
256	1.13098	0.0902929	0.0902929	-3.33929	-0.362682	-0.287226	1.81019	1.81019	-4.18413	-1.07316	-0.819591
256	1.04142	0.0685523	0.0685523	-2.46954	-0.168425	-0.11569	1.37434	1.37434	-3.09434	-0.690174	-0.455387
256	0.94526	0.127839	0.127839	-2.20221	-0.0303643	0.00432607	2.56291	2.56291	-2.75937	-0.154876	0.0245517
256	0.839004	0.0438256	0.0438256	-2.65951	-0.0677961	-0.0523932	0.878615	0.878615	-3.33236	-0.539968	-0.364013
256	0.859326	0.0963334	0.0963334	-2.35912	-0.0280406	0.00471651	1.93129	1.93129	-2.95598	-0.181605	0.0351994
256	0.979488	0.0852593	0.0852593	-2.30095	-0.0531863	-0.0119956	1.70928	1.70928	-2.8831	-0.312813	-0.0829507
256	1.07261	0.0871475	0.0871475	-2.37845	-0.171714	-0.140321	1.74713	1.74713	-2.9802	-0.730423	-0.484902
256	0.880256	0.0231222	0.0231222	-2.6083	-0.10619	-0.0792783	0.463554	0.463554	-3.2682	-0.788605	-0.545268
256	0.912367	0.12128	0.12128	-2.09031	-0.0118511	0.0177972	2.43141	2.43141	-2.61915	-0.0790403	0.128487
256	0.975311	0.0776073	0.0776073	-3.05949	-0.078951	-0.0624693	1.55587	1.55587	-3.83354	-0.461249	-0.32492
256	1.02411	0.0123215	0.0123215	-3.08604	-0.203743	-0.153926	0.247022	0.247022	-3.8668	-0.832707	-0.693935
256	1.03088	-0.0121938	-0.0121938	-2.62251	-0.220715	-0.161798	-0.244461	-0.244461	-3.28601	-0.961967	-0.748675
256	0.909512	0.0477369	0.0477369	-2.81991	-0.106127	-0.0622317	0.95703	0.95703	-3.53335	-0.564407	-0.374695
256	1.04085	0.057396	0.057396	-2.62315	-0.215646	-0.140174	1.15067	1.15067	-3.2868	-0.740778	-0.561877
256	0.835497	0.0826072	0.0826072	-2.66496	-0.0304715	-0.00808795	1.65611	1.65611	-3.33919	-0.214422	-0.0603611
256	0.838712	0.211404	0.211404	-2.55821	0.0816229	0.120409	4.23823	4.23823	-3.20544	0.565423	0.876851
256	1.09938	0.0792835	0.0792835	-2.38731	-0.353642	-0.272591	1.58948	1.58948	-2.9913	-1.09973	-0.825168
256	0.938427	0.0749302	0.0749302	-2.16279	-0.103542	-0.0448049	1.5022	1.5022	-2.70997	-0.468946	-0.265276
256	1.04637	0.177645	0.177645	-2.64133	-0.0809034	-0.01599	3.56142	3.56142	-3.30959	-0.317557	-0.063614
256	1.01231	0.0768241	0.0768241	-3.19114	-0.130521	-0.0761321	1.54017	1.54017	-3.9985	-0.582663	-0.342017
256	1.16181	0.0133425	0.0133425	-2.91274	-0.661189	-0.527382	0.26749	0.26749	-3.64966	-1.96859	-1.36873
256	1.0943	0.0693148	0.0693148	-2.46885	-0.278989	-0.302329	1.38962	1.38962	-3.09347	-0.890119	-0.846315
256	0.988508	0.14171	0.14171	-2.83076	-0.0355286	0.00382202	2.84099	2.84099	-3.54694	-0.171605	0.0205106
256	1.05916	-0.00609446	-0.00609446	-2.72323	-0.286126	-0.242746	-0.122182	-0.122182	-3.41221	-1.11773	-0.917217
256	0.881726	0.0552257	0.0552257	-2.61285	-0.0865662	-0.0558558	1.10716	1.10716	-3.2739	-0.536014	-0.341425
256	0.955813	-0.00912438	-0.00912438	-2.37441	-0.149447	-0.125029	-0.182925	-0.182925	-2.97513	-0.946822	-0.750275
256	1.06553	0.0623981	0.0623981	-2.46831	-0.24676	-0.202897	1.25096	1.25096	-3.09279	-0.839778	-0.694289
256	1.10999	-0.0173247	-0.0173247	-3.11721	-0.424582	-0.347225	-0.347325	-0.347325	-3.90587	-1.46366	-1.08035
256	1.06677	0.0833489	0.0833489	-2.77778	-0.233424	-0.126653	1.67098	1.67098	-3.48055	-0.753866	-0.439799
256	1.05125	0.063377	0.063377	-2.65677	-0.13619	-0.113915	1.27058	1.27058	-3.32894	-0.616081	-0.445634
256	0.837364	0.144278	0.144278	-2.56782	0.0232389	0.0369067	2.89248	2.89248	-3.21748	0.16164	0.237704
256	0.941029	-0.0438504	-0.0438504	-2.71993	-0.185018	-0.161732	-0.879113	-0.879113	-3.40807	-1.08805	-0.901322
256	0.976121	0.160586	0.160586	-2.77275	0.0318484	0.012962	3.21943	3.21943	-3.47425	0.203849	0.0616795
256	1.00851	0.127967	0.127967	-2.59047	-0.110269	-0.036324	2.56549	2.56549	-3.24586	-0.423581	-0.153223
256	1.01614	0.0399353	0.0399353	-2.24419	-0.150026	-0.12228	0.800624	0.800624	-2.81197	-0.759944	-0.568118
256	1.10222	0.12531	0.12531	-2.59172	-0.301396	-0.231476	2.51221	2.51221	-3.24743	-0.871559	-0.65399
256	0.790168	0.0259898	0.0259898	-2.50392	-0.0720176	-0.064817	0.521044	0.521044	-3.13742	-0.656375	-0.488234
256	0.841871	0.00902023	0.00902023	-2.18042	-0.0982387	-0.0830684	0.180838	0.180838	-2.73207	-0.749692	-0.573761
256	1.00992	0.0737772	0.0737772	-2.63642	-0.125654	-0.0839045	1.47909	1.47909	-3.30344	-0.563677	-0.42887
256	1.13948	0.00464235	0.00464235	-3.12208	-0.512986	-0.386561	0.0930698	0.0930698	-3.91197	-1.46078	-1.14807
256	0.959312	0.0658213	0.0658213	-2.90435	-0.0737243	-0.0313559	1.31959	1.31959	-3.63915	-0.436808	-0.224325
256	1.15365	0.175332	0.175332	-3.14061	-0.417315	-0.381734	3.51506	3.51506	-3.93518	-1.36279	-1.18325
256	1.13911	0.158319	0.158319	-2.82135	-0.421157	-0.325559	3.17398	3.17398	-3.53516	-1.32245	-0.940331
256	1.04456	-0.0447676	-0.0447676	-3.29293	-0.259973	-0.196812	-0.8975	-0.8975	-4.12605	-1.18027	-0.970205
256	1.0811	0.0591388	0.0591388	-2.93481	-0.312039	-0.226565	1.18561	1.18561	-3.67731	-0.984183	-0.768393
256	0.960165	0.0726834	0.0726834	-2.43416	-0.0811894	-0.0508257	1.45716	1.45716	-3.05	-0.449313	-0.275265
256	0.992142	0.0312526	0.0312526	-2.71442	-0.118533	-0.0985495	0.626553	0.626553	-3.40117	-0.653552	-0.490668
256	1.00658	0.0461536	0.0461536	-2.72981	-0.123054	-0.106298	0.925287	0.925287	-3.42045	-0.628932	-0.47606
256	0.96843	0.0206019	0.0206019	-3.31707	-0.140653	-0.0849973	0.413027	0.413027	-4.15629	-0.737218	-0.537562
256	0.964049	0.104283	0.104283	-3.06719	-0.0319643	-0.0374353	2.09068	2.09068	-3.84319	-0.197179	-0.185806
256	1.02935	0.0520665	0.0520665	-2.52441	-0.163655	-0.135834	1.04383	1.04383	-3.16308	-0.703889	-0.509742
256	0.791003	0.0732862	0.0732862	-2.63079	-0.039123	-0.0173381	1.46924	1.46924	-3.29639	-0.306019	-0.117035
256	1.01011	0.0842602	0.0842602	-2.98929	-0.117939	-0.0394369	1.68925	1.68925	-3.74558	-0.57972	-0.203127
256	0.958929	0.0630578	0.0630578	-2.74298	-0.0938346	-0.051674	1.26418	1.26418	-3.43696	-0.549267	-0.304555
256	1.15788	0.069273	0.069273	-3.25032	-0.548371	-0.40382	1.38879	1.38879	-4.07265	-1.59336	-1.23298
256	1.05537	-0.0397911	-0.0397911	-2.66887	-0.266139	-0.228329	-0.797731	-0.797731	-3.34409	-1.09793	-0.901281
256	0.999626	-0.0480667	-0.0480667	-2.90306	-0.194466	-0.176227	-0.963641	-0.963641	-3.63753	-1.12532	-0.890286
256	0.87973	0.12133	0.12133	-2.31647	0.010357	-0.0124357	2.43243	2.43243	-2.90254	0.0836265	-0.0682657
256	1.0471	0.0899434	0.0899434	-3.27634	-0.133689	-0.088736	1.80318	1.80318	-4.10526	-0.554972	-0.373861
256	1.02423	0.0794809	0.0794809	-2.57663	-0.122684	-0.091692	1.59343	1.59343	-3.22852	-0.562317	-0.358794
256	1.05147	-0.0174536	-0.0174536	-2.48961	-0.305531	-0.268303	-0.34991	-0.34991	-3.11949	-1.18296	-0.878312
256	1.04642	0.0629144	0.0629144	-2.84118	-0.136401	-0.162966	1.26131	1.26131	-3.55999	-0.625675	-0.584235
256	0.937589	0.0410685	0.0410685	-2.5931	-0.092899	-0.0771771	0.823342	0.823342	-3.24915	-0.601341	-0.442679
256	1.02198	-0.063813	-0.063813	-2.99876	-0.342142	-0.202137	-1.27932	-1.27932	-3.75744	-1.22946	-1.10941
256	0.929898	-0.000445782	-0.000445782	-2.0873	-0.142016	-0.131111	-0.00893704	-0.00893704	-2.61539	-0.851937	-0.707554
256	0.8101	0.0696722	0.0696722	-2.12922	-0.0366133	-0.0234916	1.39679	1.39679	-2.66791	-0.30378	-0.17812
256	0.88087	0.118122	0.118122	-2.07023	0.00625224	0.018352	2.36812	2.36812	-2.594	0.0467051	0.118714
256	0.852093	0.00469135	0.00469135	-2.65997	-0.108967	-0.0982028	0.0940522	0.0940522	-3.33295	-0.830294	-0.693615
256	1.05457	0.00113535	0.00113535	-2.64021	-0.210002	-0.17868	0.0227614	0.0227614	-3.30818	-0.970695	-0.74744
256	0.901457	0.122979	0.122979	-2.86346	-0.0114676	0.0152102	2.46547	2.46547	-3.58792	-0.0753511	0.0990893
256	1.04382	0.0712107	0.0712107	-2.65074	-0.21699	-0.129659	1.42763	1.42763	-3.32138	-0.764578	-0.480745
256	1.06644	0.0497063	0.0497063	-2.58506	-0.237684	-0.159325	0.996511	0.996511	-3.23908	-0.962448	-0.632301
256	0.937545	0.0115241	0.0115241	-2.63071	-0.104125	-0.11191	0.231034	0.231034	-3.29628	-0.813281	-0.640855
256	0.905873	0.031505	0.031505	-2.01063	-0.114449	-0.0850318	0.631613	0.631613	-2.51932	-0.675353	-0.539708
256	0.94763	-0.00928081	-0.00928081	-2.40532	-0.135009	-0.13175	-0.186062	-0.186062	-3.01386	-0.955948	-0.75674
256	1.03465	0.116674	0.116674	-2.49527	-0.102932	-0.0540853	2.33909	2.33909	-3.12657	-0.447431	-0.230686
256	0.933095	-0.0103971	-0.0103971	-2.50095	-0.155026	-0.120901	-0.208441	-0.208441	-3.13369	-0.917849	-0.777158
256	0.97165	0.0044803	0.0044803	-2.64557	-0.171891	-0.137852	0.089821	0.089821	-3.3149	-0.843036	-0.670788
256	0.96735	0.055758	0.055758	-2.92816	-0.0967674	-0.0673168	1.11784	1.11784	-3.66898	-0.575066	-0.393269
256	1.03707	0.0410878	0.0410878	-2.37196	-0.142956	-0.121827	0.823728	0.823728	-2.97207	-0.690043	-0.521795
256	0.798724	0.143571	0.143571	-2.54427	0.0232153	0.0529474	2.87831	2.87831	-3.18797	0.170467	0.402133
256	0.930463	-0.0168434	-0.0168434	-3.12484	-0.157758	-0.130439	-0.337677	-0.337677	-3.91542	-0.922357	-0.825094
256	1.07905	-0.0778397	-0.0778397	-3.01117	-0.363335	-0.313497	-1.56053	-1.56053	-3.77299	-1.4535	-1.14262
256	0.82663	-0.00629438	-0.00629438	-2.34431	-0.121143	-0.0988722	-0.12619	-0.12619	-2.93742	-0.867406	-0.729649
256	0.749535	0.034074	0.034074	-2.42916	-0.0583582	-0.0530718	0.683115	0.683115	-3.04374	-0.562254	-0.399085
256	1.05644	0.0100675	0.0100675	-2.32461	-0.235707	-0.203788	0.201834	0.201834	-2.91273	-1.00812	-0.758005
256	0.863307	0.0617849	0.0617849	-2.72807	-0.0462391	-0.0310234	1.23866	1.23866	-3.41828	-0.363105	-0.210881
256	0.956368	0.102358	0.102358	-2.43287	-0.0452557	-0.0290421	2.05206	2.05206	-3.04839	-0.276027	-0.149203
256	0.951005	0.0183731	0.0183731	-2.59744	-0.133464	-0.117608	0.368345	0.368345	-3.25459	-0.75488	-0.590574
256	0.889915	0.106889	0.106889	-2.52422	-0.0460185	0.00364961	2.14291	2.14291	-3.16285	-0.274424	0.02419
256	0.97227	0.020719	0.020719	-2.79481	-0.116634	-0.112014	0.415375	0.415375	-3.5019	-0.703894	-0.630761
256	0.939621	-0.0155107	-0.0155107	-2.96333	-0.168261	-0.121059	-0.310958	-0.310958	-3.71306	-1.0043	-0.743333
256	1.02911	0.141934	0.141934	-2.9267	-0.094367	-0.0138932	2.8455	2.8455	-3.66716	-0.382008	-0.0666593
256	0.848402	-0.0125632	-0.0125632	-2.5071	-0.131218	-0.123479	-0.251867	-0.251867	-3.14139	-0.945746	-0.794688
256	0.973728	0.0526917	0.0526917	-2.75423	-0.123183	-0.0702415	1.05636	1.05636	-3.45105	-0.633905	-0.382659
256	1.08539	-0.00735331	-0.00735331	-3.22277	-0.318759	-0.264008	-0.147419	-0.147419	-4.03813	-1.22274	-0.907735
256	1.06682	0.108779	0.108779	-2.70104	-0.187361	-0.106741	2.1808	2.1808	-3.3844	-0.631819	-0.39924
256	0.937452	0.0937132	0.0937132	-2.29527	-0.0449002	-0.0280141	1.87876	1.87876	-2.87598	-0.289719	-0.151199
256	0.93391	0.0418191	0.0418191	-2.21955	-0.121032	-0.0832903	0.83839	0.83839	-2.7811	-0.65077	-0.515907
256	0.953378	0.0501901	0.0501901	-2.42896	-0.0888494	-0.0580094	1.00621	1.00621	-3.04349	-0.52123	-0.366385
256	0.994519	-0.0508995	-0.0508995	-2.79591	-0.220045	-0.170869	-1.02043	-1.02043	-3.50327	-1.23647	-1.02244
256	1.08317	0.0237596	0.0237596	-3.22169	-0.436188	-0.2716	0.476333	0.476333	-4.03678	-1.2323	-0.877162
256	0.961966	-0.0626025	-0.0626025	-2.5125	-0.216695	-0.206652	-1.25505	-1.25505	-3.14817	-1.33425	-0.968963
256	0.96672	0.0828591	0.0828591	-2.34081	-0.0745266	-0.0530512	1.66116	1.66116	-2.93304	-0.419524	-0.268953
256	0.956404	0.036292	0.036292	-2.796	-0.112386	-0.0805113	0.727582	0.727582	-3.50338	-0.669209	-0.496647
256	1.01299	-0.0183505	-0.0183505	-2.41596	-0.170265	-0.178868	-0.36789	-0.36789	-3.0272	-0.957187	-0.829995
256	1.00314	0.068643	0.068643	-2.71411	-0.117712	-0.0578995	1.37616	1.37616	-3.40078	-0.558716	-0.320175
256	0.942884	0.164056	0.164056	-2.57974	0.0255969	0.0185275	3.28899	3.28899	-3.23242	0.173126	0.0864942
256	0.950244	0.0148509	0.0148509	-2.30755	-0.153955	-0.0890105	0.297731	0.297731	-2.89136	-0.756286	-0.573294
256	1.02891	-0.0360974	-0.0360974	-2.71336	-0.190926	-0.195966	-0.72368	-0.72368	-3.39985	-1.00531	-0.867484
256	1.01379	0.164729	0.164729	-2.23547	-0.0447897	-0.0110604	3.30249	3.30249	-2.80104	-0.190759	-0.0458874
256	0.995289	0.0554997	0.0554997	-2.40092	-0.139312	-0.0922655	1.11266	1.11266	-3.00835	-0.628422	-0.453697
256	1.0241	0.0212546	0.0212546	-2.5657	-0.170903	-0.145661	0.426113	0.426113	-3.21482	-0.787707	-0.642695
256	0.956412	0.115057	0.115057	-2.78226	-0.0166071	-0.00322357	2.30666	2.30666	-3.48617	-0.1046	-0.0191289
256	0.988201	0.0621688	0.0621688	-2.91423	-0.0698944	-0.0946292	1.24636	1.24636	-3.65153	-0.475487	-0.445204
256	1.06592	-0.0276839	-0.0276839	-3.15139	-0.282112	-0.203306	-0.555006	-0.555006	-3.94869	-1.09639	-0.875042
256	0.923356	0.165821	0.165821	-2.81579	0.0119315	0.0374254	3.32438	3.32438	-3.52819	0.0648174	0.204453
256	1.0284	0.0745494	0.0745494	-2.6446	-0.115635	-0.0931688	1.49457	1.49457	-3.31368	-0.545001	-0.398568
256	1.03612	-0.0291295	-0.0291295	-2.70985	-0.294125	-0.213526	-0.583987	-0.583987	-3.39544	-1.03097	-0.831918
256	0.938793	0.0895375	0.0895375	-2.38759	-0.0564399	-0.0509433	1.79505	1.79505	-2.99165	-0.326282	-0.260827
256	0.833016	0.0777485	0.0777485	-2.57604	-0.0607882	-0.0303696	1.5587	1.5587	-3.22778	-0.408346	-0.195955
256	0.879072	0.014195	0.014195	-2.91283	-0.10424	-0.120995	0.284581	0.284581	-3.64977	-0.699966	-0.671276
256	1.09165	0.220407	0.220407	-2.56957	-0.0819937	-0.0220147	4.41872	4.41872	-3.21967	-0.311342	-0.0749321
256	0.930633	-0.116302	-0.116302	-2.73729	-0.229867	-0.242377	-2.33161	-2.33161	-3.42982	-1.60095	-1.37243
256	0.951547	0.156687	0.156687	-2.76032	0.00321418	0.0305912	3.14127	3.14127	-3.45868	0.0175609	0.166323
256	0.968411	-0.00415541	-0.00415541	-2.49007	-0.171404	-0.136776	-0.0833077	-0.0833077	-3.12005	-0.916036	-0.715674
256	0.831746	0.0930481	0.0930481	-2.49311	-0.0194958	-0.00783939	1.86543	1.86543	-3.12387	-0.154458	-0.0553811
256	1.16456	0.039961	0.039961	-2.79885	-0.678042	-0.635186	0.801137	0.801137	-3.50697	-2.04541	-2.02462
256	1.10404	-0.0121077	-0.0121077	-2.23007	-0.344047	-0.370769	-0.242735	-0.242735	-2.79428	-1.221	-1.14361
256	0.980726	-0.0271478	-0.0271478	-2.72099	-0.197611	-0.148529	-0.544258	-0.544258	-3.4094	-1.08585	-0.838283
256	0.93407	0.0113328	0.0113328	-3.02886	-0.11562	-0.101189	0.227199	0.227199	-3.79516	-0.776558	-0.665427
256	1.03604	0.202144	0.202144	-2.9261	-0.0269563	0.0436235	4.05259	4.05259	-3.66641	-0.128688	0.209685
256	0.974589	0.0397174	0.0397174	-2.77132	-0.087749	-0.0943065	0.796255	0.796255	-3.47246	-0.610464	-0.48746
256	1.02249	0.192399	0.192399	-3.01633	0.0127203	0.0447025	3.85721	3.85721	-3.77946	0.0689808	0.21922
256	0.834373	0.0576573	0.0576573	-1.89092	-0.05892	-0.0407612	1.15591	1.15591	-2.36932	-0.427075	-0.264733
256	0.909641	-0.00190151	-0.00190151	-2.41094	-0.141701	-0.135283	-0.0381215	-0.0381215	-3.02091	-0.912677	-0.725945
256	0.953033	-0.0319586	-0.0319586	-2.92067	-0.160673	-0.149165	-0.640705	-0.640705	-3.6596	-1.05747	-0.870219
256	0.881362	-0.0279317	-0.0279317	-2.49411	-0.17461	-0.134075	-0.559974	-0.559974	-3.12512	-1.06804	-0.949077
256	1.06822	0.179757	0.179757	-2.42078	-0.0994516	-0.0938778	3.60377	3.60377	-3.03324	-0.380872	-0.31356
256	0.986818	0.107138	0.107138	-3.215	-0.0395555	-0.033175	2.1479	2.1479	-4.02839	-0.237867	-0.164422
256	0.980174	0.128851	0.128851	-2.18377	-0.0109788	0.00719311	2.5832	2.5832	-2.73627	-0.0688276	0.0387969
256	1.06015	-0.0436632	-0.0436632	-2.31756	-0.314098	-0.22395	-0.875359	-0.875359	-2.9039	-1.15945	-0.999632
256	1.10049	0.0373259	0.0373259	-2.85741	-0.468949	-0.312502	0.74831	0.74831	-3.58034	-1.33303	-0.918808
256	0.910886	0.0753405	0.0753405	-2.8609	-0.0578498	-0.0343075	1.51043	1.51043	-3.58471	-0.358377	-0.202075
256	1.04994	-0.0190845	-0.0190845	-2.4797	-0.269114	-0.221779	-0.382605	-0.382605	-3.10707	-1.00109	-0.911949
256	1.00855	-0.0307213	-0.0307213	-2.96193	-0.199503	-0.188663	-0.615901	-0.615901	-3.71129	-1.1203	-0.821074
256	1.04597	0.141249	0.141249	-2.99989	-0.0674776	-0.0585105	2.83177	2.83177	-3.75886	-0.311089	-0.238209
256	0.878452	-0.145722	-0.145722	-2.92469	-0.276264	-0.243133	-2.92143	-2.92143	-3.66464	-1.76029	-1.69637
256	0.849958	0.0483535	0.0483535	-2.59592	-0.096301	-0.0484437	0.969391	0.969391	-3.25268	-0.524913	-0.359769
256	0.980854	0.0227468	0.0227468	-3.26694	-0.15905	-0.098444	0.456029	0.456029	-4.09347	-0.75135	-0.516057
256	0.830541	0.0643662	0.0643662	-2.51743	-0.0347906	-0.040652	1.29041	1.29041	-3.15434	-0.271164	-0.263479
256	0.939281	-0.112143	-0.112143	-2.23972	-0.253068	-0.234541	-2.24825	-2.24825	-2.80637	-1.62296	-1.36076
256	1.05282	0.132455	0.132455	-2.39905	-0.0874496	-0.0871281	2.65545	2.65545	-3.006	-0.359543	-0.312985
256	0.818244	-0.0232908	-0.0232908	-2.20551	-0.140128	-0.122081	-0.466933	-0.466933	-2.7635	-1.11834	-0.831308
256	1.06602	-0.000438914	-0.000438914	-2.44427	-0.348667	-0.211374	-0.00879935	-0.00879935	-3.06267	-1.21049	-0.885784
256	0.886773	0.0174883	0.0174883	-2.70153	-0.106863	-0.0943528	0.350605	0.350605	-3.38502	-0.700957	-0.62001
256	0.999731	0.0102426	0.0102426	-2.65367	-0.140599	-0.157516	0.205344	0.205344	-3.32505	-0.78458	-0.661726
256	0.917331	0.0262861	0.0262861	-2.22293	-0.097148	-0.088539	0.526984	0.526984	-2.78533	-0.667355	-0.522079
256	1.04139	0.0617141	0.0617141	-2.71288	-0.142876	-0.157933	1.23724	1.23724	-3.39924	-0.66315	-0.53267
256	1.05922	0.14678	0.14678	-2.8509	-0.220025	-0.0643301	2.94264	2.94264	-3.57218	-0.693495	-0.234151
256	1.20161	0.0303829	0.0193846	-3.38612	-0.783443	-0.602959	0.609117	0.387863	-4.24281	-2.19233	-1.81878
256	1.00943	0.0576079	0.0576079	-2.98499	-0.120333	-0.062705	1.15492	1.15492	-3.74019	-0.622783	-0.366317
256	1.06226	0.0696131	0.0696131	-2.62347	-0.205805	-0.169906	1.3956	1.3956	-3.28721	-0.726886	-0.622604
256	1.01524	0.0021627	0.0021627	-3.18078	-0.152286	-0.117601	0.0433579	0.0433579	-3.98552	-0.83734	-0.665611
256	0.929231	0.00642759	0.00642759	-2.64946	-0.151921	-0.105145	0.12886	0.12886	-3.31977	-0.795381	-0.646292
256	0.925091	0.111563	0.111563	-2.8933	-0.0322689	-0.0280797	2.23661	2.23661	-3.6253	-0.21422	-0.142555
256	1.0241	-0.0125698	-0.0125698	-2.44333	-0.171847	-0.182583	-0.252	-0.252	-3.06149	-0.895067	-0.842612
256	1.08119	-0.0078929	-0.0078929	-2.97484	-0.304629	-0.231315	-0.158237	-0.158237	-3.72747	-1.06564	-0.91664
256	0.93799	0.120756	0.120756	-2.87938	-0.0319034	0.00254425	2.42092	2.42092	-3.60786	-0.189034	0.014668
256	0.995658	-0.0209737	-0.0209737	-2.75642	-0.182525	-0.159982	-0.42048	-0.42048	-3.4538	-0.975277	-0.837721
256	0.831575	0.0427837	0.0427837	-2.9317	-0.0659629	-0.0536259	0.857727	0.857727	-3.67342	-0.530229	-0.372254
256	0.97821	0.036921	0.036921	-2.47835	-0.107636	-0.101466	0.740193	0.740193	-3.10538	-0.692835	-0.536866
256	1.10807	0.126125	0.126125	-2.36302	-0.252189	-0.197001	2.52856	2.52856	-2.96086	-0.898991	-0.607498
256	0.941216	0.193464	0.193464	-2.98787	0.0574565	0.0624294	3.87857	3.87857	-3.7438	0.387176	0.340021
256	0.873486	0.0759768	0.0759768	-2.06761	-0.053473	-0.0395911	1.52318	1.52318	-2.59072	-0.362645	-0.240559
256	1.04087	0.0480919	0.0480919	-2.78002	-0.149367	-0.127672	0.964146	0.964146	-3.48336	-0.695612	-0.523695
256	1.02631	0.0934854	0.0934854	-2.17246	-0.0844755	-0.0716442	1.8742	1.8742	-2.72209	-0.419622	-0.308846
256	0.825828	0.155796	0.155796	-3.30275	0.0458175	0.071172	3.12339	3.12339	-4.13835	0.343723	0.563159
256	0.912055	0.0399916	0.0399916	-2.40331	-0.098036	-0.0767435	0.801751	0.801751	-3.01134	-0.668631	-0.474026
256	0.951451	0.0272314	0.0272314	-2.58655	-0.177305	-0.0871145	0.545935	0.545935	-3.24094	-0.768073	-0.543498
256	0.958544	0.00544036	0.00544036	-2.63134	-0.128001	-0.122166	0.109068	0.109068	-3.29706	-0.885231	-0.599685
256	0.872118	0.0672905	0.0672905	-2.2403	-0.0676267	-0.033479	1.34904	1.34904	-2.80709	-0.44029	-0.216505
256	0.922807	0.0286658	0.0286658	-2.77264	-0.086173	-0.101983	0.574691	0.574691	-3.47412	-0.647719	-0.564537
256	1.12234	-0.00131874	-0.00131874	-3.17039	-0.391499	-0.400347	-0.0264382	-0.0264382	-3.9725	-1.18645	-1.25931
256	0.966326	0.0144069	0.0144069	-2.9321	-0.134587	-0.110261	0.288829	0.288829	-3.67392	-0.752682	-0.590845
256	1.03346	0.11709	0.11709	-3.01589	-0.0361214	-0.0642133	2.34743	2.34743	-3.77891	-0.204731	-0.269109
256	0.849558	0.0545415	0.0545415	-2.90096	-0.0704563	-0.0443712	1.09345	1.09345	-3.63491	-0.499725	-0.303957
256	0.951607	0.125467	0.125467	-2.76674	0.00163011	0.0104616	2.51536	2.51536	-3.46673	0.0109803	0.064569
256	1.01819	0.0345788	0.0345788	-2.69265	-0.170523	-0.135671	0.693236	0.693236	-3.37389	-0.772331	-0.580775
256	0.825266	-0.0776562	-0.0776562	-2.23179	-0.206506	-0.182248	-1.55685	-1.55685	-2.79644	-1.46056	-1.14719
256	1.10073	0.11587	0.11587	-3.08443	-0.328485	-0.16838	2.32296	2.32296	-3.86479	-1.00059	-0.595681
256	0.850881	-0.00790667	-0.00790667	-2.67236	-0.114926	-0.105321	-0.158513	-0.158513	-3.34847	-0.970811	-0.751869
256	0.92029	0.0500791	0.0500791	-2.21521	-0.0923778	-0.0656675	1.00399	1.00399	-2.77566	-0.575997	-0.377389
256	1.11641	0.0236095	0.0236095	-3.35831	-0.424641	-0.379987	0.473323	0.473323	-4.20796	-1.26538	-1.12925
256	1.05278	0.0795965	0.0795965	-3.07888	-0.202173	-0.154619	1.59575	1.59575	-3.85783	-0.726027	-0.552137
256	1.00307	0.110031	0.110031	-2.62661	-0.0871604	-0.072486	2.20591	2.20591	-3.29114	-0.370964	-0.305582
256	0.822329	0.0515772	0.0515772	-2.76662	-0.0712913	-0.0515394	1.03402	1.03402	-3.46657	-0.514243	-0.344207
256	0.867505	0.0633643	0.0633643	-2.53752	-0.072661	-0.0390655	1.27033	1.27033	-3.17952	-0.475418	-0.2606
256	1.01339	0.120968	0.120968	-2.902	-0.0816039	-0.0404355	2.42516	2.42516	-3.63621	-0.36409	-0.186808
256	0.947263	0.0467401	0.0467401	-2.57692	-0.10628	-0.0972137	0.937046	0.937046	-3.22889	-0.644083	-0.487134
256	0.815851	0.138057	0.138057	-2.62746	0.0164489	0.0373821	2.76776	2.76776	-3.29221	0.120732	0.246895
256	0.84085	0.0705642	0.0705642	-2.19813	-0.0257958	-0.0258659	1.41467	1.41467	-2.75426	-0.225245	-0.169072
256	0.945175	-0.0678571	-0.0678571	-2.68106	-0.192806	-0.185784	-1.3604	-1.3604	-3.35936	-1.21693	-1.15036
256	1.21556	0.0768434	0.0532735	-2.6803	-0.812522	-0.668554	1.54056	1.06385	-3.35842	-2.99312	-2.3337
256	0.925454	0.119681	0.119681	-2.62832	-0.00418638	0.000637834	2.39936	2.39936	-3.29328	-0.0302524	0.00375344
256	1.07977	0.0766314	0.0766314	-2.97013	-0.266233	-0.193957	1.53631	1.53631	-3.72157	-0.882761	-0.646945
256	1.16272	0.0662369	0.0662369	-3.1063	-0.714639	-0.562213	1.32792	1.32792	-3.8922	-2.27465	-1.93606
256	0.957845	0.0321243	0.0321243	-2.52208	-0.0891571	-0.0739542	0.644028	0.644028	-3.16016	-0.611182	-0.470221
256	0.95069	0.0378499	0.0378499	-3.03115	-0.11191	-0.119871	0.758814	0.758814	-3.79803	-0.63425	-0.53775
256	1.06374	0.0102588	0.0102588	-3.14746	-0.34739	-0.211561	0.205668	0.205668	-3.94377	-1.21555	-0.757424
256	1.11908	-0.0120434	-0.0120434	-3.16727	-0.50691	-0.429682	-0.241445	-0.241445	-3.96859	-1.47811	-1.12021
256	1.00489	0.0299495	0.0299495	-2.78118	-0.135577	-0.119632	0.600428	0.600428	-3.48481	-0.792498	-0.596733
256	0.891492	0.00287162	0.00287162	-2.24566	-0.108823	-0.0965443	0.0575703	0.0575703	-2.81381	-0.768084	-0.693406
256	1.07628	0.147832	0.147832	-3.01754	-0.140652	-0.103548	2.96374	2.96374	-3.78097	-0.478696	-0.36908
256	1.10031	0.118269	0.118269	-2.41252	-0.257776	-0.160691	2.37106	2.37106	-3.02289	-0.840848	-0.529256
256	1.04578	0.0794315	0.0794315	-3.11103	-0.167905	-0.139835	1.59244	1.59244	-3.89812	-0.617074	-0.521954
256	0.924668	0.0876661	0.0876661	-2.82927	-0.0346588	-0.0320496	1.75753	1.75753	-3.54508	-0.231481	-0.181131
256	1.02197	-0.000726	-0.000726	-3.09593	-0.254089	-0.1586	-0.0145548	-0.0145548	-3.8792	-0.948949	-0.795326
256	1.13967	-0.0245844	-0.0245844	-2.7676	-0.507926	-0.513192	-0.492868	-0.492868	-3.4678	-1.56885	-1.39659
256	0.904419	0.140698	0.140698	-2.44711	0.00994645	0.0299455	2.82072	2.82072	-3.06623	0.0691916	0.196127
256	1.03217	-0.0304336	-0.0304336	-2.80663	-0.219219	-0.192623	-0.610134	-0.610134	-3.51671	-1.0204	-0.878189
256	0.953447	0.0843262	0.0843262	-2.89264	-0.0631492	-0.0437299	1.69057	1.69057	-3.62447	-0.365389	-0.241331
256	0.977209	0.0844403	0.0844403	-2.1838	-0.0614534	-0.0555517	1.69286	1.69286	-2.7363	-0.359096	-0.287096
256	1.04929	0.0518107	0.0518107	-2.54536	-0.160799	-0.213666	1.0387	1.0387	-3.18934	-0.749919	-0.725476
256	1.06765	-0.0427007	-0.0427007	-2.67089	-0.353401	-0.277237	-0.856064	-0.856064	-3.34662	-1.21654	-1.02268
256	1.03363	0.0170864	0.0170864	-3.07679	-0.16368	-0.151315	0.342548	0.342548	-3.85522	-0.86472	-0.719731
256	1.05725	0.0796476	0.0796476	-2.25902	-0.180652	-0.140524	1.59678	1.59678	-2.83055	-0.706563	-0.52969
256	1.05376	0.111327	0.111327	-3.01119	-0.137212	-0.146075	2.23187	2.23187	-3.77301	-0.592699	-0.498684
256	0.94327	0.182268	0.182268	-2.68471	0.0447436	0.0507917	3.65411	3.65411	-3.36394	0.300633	0.293205
256	0.950583	0.0339488	0.0339488	-2.5289	-0.13084	-0.0944789	0.680606	0.680606	-3.16871	-0.67087	-0.49515
256	0.979174	-0.0717535	-0.0717535	-2.88448	-0.241911	-0.219012	-1.43851	-1.43851	-3.61425	-1.1698	-1.09584
256	0.994391	0.0603192	0.0603192	-3.04534	-0.120463	-0.0686068	1.20928	1.20928	-3.81581	-0.572679	-0.357292
256	1.01584	0.0185627	0.0185627	-3.31785	-0.153486	-0.137906	0.372144	0.372144	-4.15726	-0.781755	-0.662314
256	0.965949	-0.0726214	-0.0726214	-2.78824	-0.21141	-0.198813	-1.45591	-1.45591	-3.49367	-1.31896	-1.08835
256	1.08921	0.0380737	0.0380737	-3.20528	-0.343249	-0.26218	0.763302	0.763302	-4.01621	-1.1506	-0.867424
256	0.831616	0.104607	0.104607	-2.16618	-0.0362703	0.0016401	2.09717	2.09717	-2.71422	-0.227575	0.0107777
256	1.11232	0.142095	0.142095	-2.39365	-0.183588	-0.255473	2.84872	2.84872	-2.99924	-0.618549	-0.767753
256	1.14101	0.0360031	0.0360031	-2.77589	-0.552556	-0.505614	0.72179	0.72179	-3.47819	-1.66425	-1.52173
256	1.02975	0.129183	0.129183	-2.80988	-0.0692696	-0.0121821	2.58987	2.58987	-3.52078	-0.335017	-0.0620169
256	0.893346	-0.0477836	-0.0477836	-2.61871	-0.170345	-0.158613	-0.957965	-0.957965	-3.28125	-1.24609	-0.997833
256	1.04693	0.068046	0.068046	-2.83161	-0.228355	-0.0778162	1.36419	1.36419	-3.54801	-0.773918	-0.398749
256	0.916908	-0.00928532	-0.00928532	-2.38088	-0.159108	-0.116058	-0.186152	-0.186152	-2.98324	-0.971969	-0.774155
256	1.04126	0.0436848	0.0436848	-2.7132	-0.158578	-0.152993	0.875794	0.875794	-3.39964	-0.753503	-0.607378
256	0.955628	-0.0281007	-0.0281007	-2.56297	-0.186291	-0.16637	-0.563363	-0.563363	-3.2114	-0.995379	-0.838614
256	0.979526	0.0803719	0.0803719	-3.15718	-0.0774953	-0.0483732	1.6113	1.6113	-3.95595	-0.414922	-0.268393
256	0.895988	0.147189	0.147189	-2.48912	0.0231674	0.0216396	2.95085	2.95085	-3.11887	0.171976	0.114587
256	1.00779	-0.0310401	-0.0310401	-2.59179	-0.181915	-0.174785	-0.622292	-0.622292	-3.24751	-1.07057	-0.876239
256	1.0947	0.00112625	0.00112625	-3.40279	-0.272127	-0.304479	0.022579	0.022579	-4.2637	-1.09071	-1.03986
256	1.07071	0.130495	0.130495	-2.46052	-0.119868	-0.115893	2.61617	2.61617	-3.08304	-0.496537	-0.402858
256	0.897722	0.110135	0.110135	-2.7341	-0.00974228	0.0003393	2.20798	2.20798	-3.42583	-0.0669072	0.00214111
256	0.82743	0.0357954	0.0357954	-2.49995	-0.0778241	-0.0571242	0.717627	0.717627	-3.13244	-0.586569	-0.405026
256	0.899985	0.0115596	0.0115596	-3.20441	-0.120366	-0.0983968	0.231747	0.231747	-4.01513	-0.784088	-0.621416
256	0.918505	0.0774459	0.0774459	-1.97421	-0.0408467	-0.0427059	1.55264	1.55264	-2.47369	-0.313309	-0.238246
256	1.00291	0.0529091	0.0529091	-2.41479	-0.134663	-0.0878862	1.06072	1.06072	-3.02574	-0.57286	-0.494282
256	1.02233	0.0383296	0.0383296	-3.12815	-0.108732	-0.0972867	0.768432	0.768432	-3.91957	-0.657989	-0.494353
256	1.08226	0.103206	0.103206	-2.84061	-0.270736	-0.183602	2.06906	2.06906	-3.55929	-0.925884	-0.639644
256	0.917139	-0.0158404	-0.0158404	-2.29359	-0.146514	-0.141239	-0.317568	-0.317568	-2.87387	-0.957882	-0.857322
256	0.990221	0.014496	0.014496	-2.87392	-0.149802	-0.121408	0.290615	0.290615	-3.60102	-0.858326	-0.57895
256	1.07682	0.0432217	0.0432217	-2.73796	-0.294915	-0.19439	0.866508	0.866508	-3.43067	-0.96996	-0.689513
256	0.925151	0.0204405	0.0204405	-2.56621	-0.119938	-0.0888031	0.409792	0.409792	-3.21546	-0.728425	-0.546774
256	0.862102	0.0629446	0.0629446	-2.65227	-0.0694907	-0.0451724	1.26191	1.26191	-3.32329	-0.479593	-0.280823
256	1.0424	-0.0273514	-0.0273514	-2.28914	-0.245561	-0.250561	-0.54834	-0.54834	-2.86829	-1.08869	-0.911796
256	0.923668	0.191189	0.191189	-2.44941	0.0556707	0.0671255	3.83296	3.83296	-3.06911	0.367769	0.359834
256	0.87285	0.0224697	0.0224697	-2.6012	-0.127396	-0.0939157	0.450473	0.450473	-3.2593	-0.768916	-0.576052
256	1.03049	0.0371947	0.0371947	-3.16631	-0.21154	-0.177685	0.74568	0.74568	-3.96738	-0.778448	-0.626378
256	0.949408	0.0910574	0.0910574	-2.58126	-0.070104	-0.0252571	1.82552	1.82552	-3.23432	-0.394276	-0.172712
256	0.942982	0.0434425	0.0434425	-2.51192	-0.0932795	-0.0892322	0.870936	0.870936	-3.14743	-0.617399	-0.455367
256	1.09708	0.012055	0.012055	-2.56181	-0.410659	-0.334676	0.241679	0.241679	-3.20995	-1.39614	-0.982907
256	0.90582	-0.0437245	-0.0437245	-2.29355	-0.192446	-0.150624	-0.87659	-0.87659	-2.87382	-1.17298	-0.893012
256	0.940391	0.12533	0.12533	-2.30432	-0.00758953	0.01689	2.51262	2.51262	-2.88731	-0.048929	0.104907
256	0.996641	0.0987159	0.0987159	-3.13787	-0.0960866	-0.0349878	1.97906	1.97906	-3.93175	-0.472421	-0.174328
256	1.08945	0.0736618	0.0736618	-2.86063	-0.343849	-0.23896	1.47677	1.47677	-3.58437	-1.06511	-0.721283
256	1.12532	0.0102166	0.0102166	-2.95687	-0.528203	-0.46839	0.204822	0.204822	-3.70496	-1.51622	-1.34159
256	1.06879	-0.0593747	-0.0593747	-3.19743	-0.303482	-0.282113	-1.19034	-1.19034	-4.00638	-1.13257	-1.0052
256	0.861827	-0.0190233	-0.0190233	-2.78749	-0.146217	-0.124644	-0.381379	-0.381379	-3.49273	-1.00485	-0.789531
256	1.06472	-0.0400216	-0.0400216	-2.55928	-0.335042	-0.280293	-0.802352	-0.802352	-3.20677	-1.08238	-1.04547
256	1.15652	0.194906	0.194906	-2.75715	-0.500016	-0.297111	3.90747	3.90747	-3.45471	-1.49189	-0.82191
256	1.06532	0.0192975	0.0192975	-2.64239	-0.319756	-0.237871	0.386875	0.386875	-3.31092	-1.09036	-0.793659
256	0.742638	-0.0548699	-0.0548699	-2.16971	-0.157212	-0.157651	-1.10003	-1.10003	-2.71864	-1.36241	-1.13508
256	0.989608	0.0199527	0.0199527	-2.95305	-0.18775	-0.118286	0.400011	0.400011	-3.70017	-0.812776	-0.633391
256	1.0862	0.0450474	0.0450474	-2.82251	-0.322802	-0.216779	0.90311	0.90311	-3.5366	-0.963117	-0.770489
256	1.17986	-0.031541	-0.0452916	-3.10567	-0.724469	-0.586263	-0.632334	-0.906231	-3.8914	-2.26214	-1.60687
256	1.02462	-0.0935588	-0.0935588	-2.70787	-0.286114	-0.2992	-1.87567	-1.87567	-3.39296	-1.3695	-1.26633
256	0.92176	0.078875	0.078875	-2.29022	-0.040653	-0.0246897	1.58129	1.58129	-2.86964	-0.286674	-0.15302
256	0.989822	0.151974	0.151974	-2.56242	-0.0124515	0.0161594	3.04677	3.04677	-3.21071	-0.0647127	0.0822209
256	1.04533	0.0769571	0.0769571	-2.84908	-0.183949	-0.102423	1.54284	1.54284	-3.5699	-0.746983	-0.414756
256	0.914537	0.150942	0.150942	-2.71376	0.0195706	0.0374063	3.02608	3.02608	-3.40035	0.137826	0.223303
256	0.980627	0.0460918	0.0460918	-2.58525	-0.0943395	-0.0967633	0.924048	0.924048	-3.23932	-0.606611	-0.514838
256	1.02942	-0.00435403	-0.00435403	-2.57393	-0.193339	-0.158938	-0.0872896	-0.0872896	-3.22513	-0.867161	-0.758894
256	1.07295	0.100948	0.100948	-2.53495	-0.250121	-0.129151	2.02381	2.02381	-3.1763	-0.858248	-0.432708
256	0.931912	0.0017239	0.0017239	-2.32764	-0.134222	-0.105605	0.0345608	0.0345608	-2.91653	-0.867755	-0.701835
256	0.942722	0.086889	0.086889	-2.2168	-0.0450389	-0.034385	1.74195	1.74195	-2.77765	-0.290233	-0.21133
256	0.92628	-0.0092174	-0.0092174	-2.72095	-0.156545	-0.105828	-0.18479	-0.18479	-3.40935	-0.957516	-0.775318
256	1.03768	-0.00834631	-0.00834631	-2.44332	-0.246618	-0.214809	-0.167327	-0.167327	-3.06147	-1.01023	-0.753342
256	0.929271	0.0658306	0.0658306	-2.40256	-0.0564176	-0.0427229	1.31977	1.31977	-3.0104	-0.399311	-0.275261
256	1.12821	-0.021388	-0.021388	-3.18444	-0.511992	-0.411762	-0.428787	-0.428787	-3.99011	-1.6237	-1.21449
256	0.969572	0.0793263	0.0793263	-2.64745	-0.0659502	-0.056561	1.59033	1.59033	-3.31726	-0.405156	-0.296378
256	1.02185	0.0468867	0.0468867	-2.33771	-0.14665	-0.0941763	0.939984	0.939984	-2.92915	-0.676798	-0.453636
256	0.944055	-0.0372893	-0.0372893	-2.80699	-0.198507	-0.147391	-0.747577	-0.747577	-3.51716	-1.10588	-0.954826
256	0.916383	0.104912	0.104912	-2.67834	-0.0179691	-0.00595569	2.10328	2.10328	-3.35596	-0.130934	-0.0357325
256	0.860716	0.119081	0.119081	-2.52997	-0.0221194	0.0262922	2.38733	2.38733	-3.17006	-0.147613	0.199641
256	0.983921	0.1767	0.1767	-2.60303	0.0055786	0.0359176	3.54249	3.54249	-3.26159	0.0273767	0.172484
256	0.943241	0.0338408	0.0338408	-2.39176	-0.0950589	-0.0912915	0.67844	0.67844	-2.99688	-0.692768	-0.530765
256	0.914139	0.118209	0.118209	-2.31401	-0.01921	-0.013346	2.36986	2.36986	-2.89945	-0.117665	-0.0729977
256	0.996418	0.0983549	0.0983549	-3.08931	-0.0744387	-0.0601665	1.97182	1.97182	-3.87091	-0.390805	-0.278874
256	0.978076	0.0547153	0.0547153	-2.7369	-0.103563	-0.0534981	1.09693	1.09693	-3.42934	-0.526497	-0.312317
256	0.955919	0.0978962	0.0978962	-2.50118	-0.0689564	-0.032178	1.96262	1.96262	-3.13398	-0.369442	-0.172091
256	1.0131	0.101941	0.101941	-2.79223	-0.0707463	-0.0156822	2.04372	2.04372	-3.49866	-0.36863	-0.0906161
256	0.822368	0.0849838	0.0849838	-2.74584	-0.0230452	-0.00790338	1.70376	1.70376	-3.44054	-0.173036	-0.0567157
256	0.964531	0.00549556	0.00549556	-2.52615	-0.152089	-0.129506	0.110175	0.110175	-3.16526	-0.831673	-0.675692
256	0.990494	0.0291612	0.0291612	-2.83938	-0.129186	-0.0894704	0.584624	0.584624	-3.55775	-0.659826	-0.514114
256	1.12007	0.0711002	0.0711002	-2.75245	-0.411593	-0.349442	1.42542	1.42542	-3.44882	-1.27419	-1.0134
256	0.975681	-0.0755231	-0.0755231	-2.22152	-0.215649	-0.212012	-1.51409	-1.51409	-2.78357	-1.21943	-1.1182
256	0.957314	-0.0563541	-0.0563541	-3.14388	-0.210861	-0.199246	-1.12979	-1.12979	-3.93929	-1.22471	-0.967606
256	0.92307	0.167597	0.167597	-3.0937	0.0248879	0.0491103	3.35998	3.35998	-3.8764	0.14708	0.280904
256	1.05901	0.151345	0.151345	-2.47873	-0.0935899	-0.021067	3.03416	3.03416	-3.10585	-0.3677	-0.091297
256	0.948905	0.0268602	0.0268602	-2.76539	-0.113918	-0.0895414	0.538494	0.538494	-3.46504	-0.697789	-0.553255
256	0.881797	0.0036085	0.0036085	-2.44753	-0.14243	-0.0963355	0.0723433	0.0723433	-3.06675	-0.909629	-0.65227
256	1.20216	0.0696019	0.0574911	-3.27472	-0.675937	-0.616022	1.39538	1.15033	-4.10322	-1.90913	-2.22056
256	1.01466	0.0701549	0.0701549	-2.53199	-0.102152	-0.087163	1.40647	1.40647	-3.17259	-0.507128	-0.39286
256	0.986181	0.109414	0.109414	-2.65548	-0.0450839	-0.0236867	2.19352	2.19352	-3.32732	-0.241515	-0.117493
256	1.08798	0.12124	0.12124	-2.90108	-0.104013	-0.182351	2.43063	2.43063	-3.63505	-0.42057	-0.561512
256	1.00939	0.0213388	0.0213388	-2.53126	-0.148653	-0.111495	0.4278	0.4278	-3.17166	-0.770225	-0.604504
256	0.868334	0.0868723	0.0868723	-2.62454	-0.0256208	-0.0281839	1.74162	1.74162	-3.28855	-0.20756	-0.164116
256	0.977816	-0.0117852	-0.0117852	-2.76035	-0.159873	-0.146935	-0.23627	-0.23627	-3.45872	-0.896161	-0.780054
256	1.07371	0.0273126	0.0273126	-3.32731	-0.311893	-0.21768	0.547564	0.547564	-4.16912	-1.0382	-0.750061
256	0.961838	0.0721349	0.0721349	-1.99607	-0.113111	-0.0634199	1.44616	1.44616	-2.50108	-0.537544	-0.306132
256	1.00145	0.134466	0.134466	-2.31533	-0.0966157	-0.0257624	2.69578	2.69578	-2.9011	-0.375067	-0.111555
256	0.936028	0.0125729	0.0125729	-2.49022	-0.142167	-0.0966023	0.252061	0.252061	-3.12025	-0.869193	-0.619175
256	1.03702	0.108173	0.108173	-2.64674	-0.100401	-0.0587712	2.16865	2.16865	-3.31636	-0.460573	-0.255604
256	0.947808	0.0412039	0.0412039	-3.40665	-0.133273	-0.0865851	0.826056	0.826056	-4.26853	-0.710279	-0.462213
256	0.984637	0.000987283	0.000987283	-2.79421	-0.182229	-0.119887	0.0197931	0.0197931	-3.50114	-0.914599	-0.685762
256	0.91636	0.127522	0.127522	-3.05099	-0.000833409	-0.00239614	2.55656	2.55656	-3.82289	-0.00545547	-0.0130109
256	1.10663	0.100526	0.100526	-2.82534	-0.362138	-0.274774	2.01535	2.01535	-3.54015	-1.08337	-0.79751
256	0.898591	0.1163	0.1163	-2.37256	-0.0222629	0.0202959	2.33159	2.33159	-2.97281	-0.149376	0.142062
256	0.972685	0.0761603	0.0761603	-2.37023	-0.0777119	-0.0737436	1.52686	1.52686	-2.96989	-0.409212	-0.381303
256	0.968833	0.0672099	0.0672099	-2.78659	-0.137207	-0.0759641	1.34742	1.34742	-3.4916	-0.599226	-0.397211
256	1.06493	0.0502347	0.0502347	-2.92972	-0.226836	-0.222077	1.00711	1.00711	-3.67094	-0.881422	-0.805629
256	0.805477	0.00687825	0.00687825	-2.83612	-0.107258	-0.0815306	0.137895	0.137895	-3.55366	-0.843911	-0.599441
256	0.828493	0.0525151	0.0525151	-2.47605	-0.0653398	-0.0397834	1.05282	1.05282	-3.1025	-0.499513	-0.290115
256	1.00888	0.0727424	0.0727424	-3.14138	-0.0862019	-0.0836974	1.45834	1.45834	-3.93614	-0.461771	-0.389672
256	0.944829	0.0627386	0.0627386	-2.63655	-0.0685523	-0.041907	1.25778	1.25778	-3.30359	-0.41159	-0.281265
256	0.969899	0.114936	0.114936	-3.24323	-0.0102368	-0.00401357	2.30424	2.30424	-4.06377	-0.0701991	-0.0229557
256	1.02173	0.212676	0.212676	-2.56186	0.0620411	0.0444637	4.26372	4.26372	-3.21001	0.369653	0.18969
256	0.836542	0.0160197	0.0160197	-2.39357	-0.120542	-0.0786464	0.321163	0.321163	-2.99914	-0.801565	-0.557751
256	1.03888	0.071524	0.071524	-3.27185	-0.168489	-0.0863875	1.43391	1.43391	-4.09963	-0.643288	-0.412266
256	0.963759	-0.0375595	-0.0375595	-2.41415	-0.18741	-0.151345	-0.752992	-0.752992	-3.02493	-1.08496	-0.864517
256	0.942748	0.0168063	0.0168063	-2.50476	-0.0851736	-0.10155	0.336932	0.336932	-3.13846	-0.700215	-0.542702
256	1.03287	0.0836903	0.0836903	-2.32699	-0.135961	-0.100871	1.67782	1.67782	-2.91571	-0.537217	-0.405059
256	1.01545	0.11238	0.11238	-2.26076	-0.0789636	-0.0243585	2.25299	2.25299	-2.83273	-0.374534	-0.125596
256	1.07815	0.00719547	0.00719547	-3.06079	-0.27785	-0.232589	0.144255	0.144255	-3.83516	-1.01608	-0.770698
256	1.01502	0.0729458	0.0729458	-2.63527	-0.121901	-0.07465	1.46242	1.46242	-3.30199	-0.553324	-0.36626
256	0.906888	0.0740113	0.0740113	-2.51658	-0.0469907	-0.0334073	1.48378	1.48378	-3.15327	-0.325241	-0.218481
256	1.08721	0.0115816	0.0115816	-3.10401	-0.327431	-0.293997	0.232189	0.232189	-3.88933	-1.08315	-0.928395
256	0.903019	0.139527	0.139527	-2.28239	0.0084112	0.0232599	2.79723	2.79723	-2.85983	0.0541634	0.135455
256	0.993507	0.0846989	0.0846989	-2.98211	-0.0829634	-0.0453786	1.69804	1.69804	-3.73658	-0.438216	-0.245968
256	1.07956	0.110731	0.110731	-2.58237	-0.225362	-0.161448	2.21993	2.21993	-3.23571	-0.789026	-0.492845
256	0.952779	0.0195473	0.0195473	-2.67477	-0.152974	-0.132416	0.391885	0.391885	-3.35149	-0.761854	-0.67804
256	1.09199	0.0184049	0.0184049	-2.70678	-0.304412	-0.242517	0.368981	0.368981	-3.3916	-1.12013	-0.823665
256	0.960075	0.0222442	0.0222442	-2.9651	-0.154942	-0.0847402	0.445951	0.445951	-3.71527	-0.796747	-0.533856
256	0.940179	0.0122092	0.0122092	-2.63057	-0.106993	-0.114437	0.244769	0.244769	-3.2961	-0.759772	-0.647401
256	0.876364	0.0463529	0.0463529	-2.54197	-0.0968378	-0.0576558	0.929282	0.929282	-3.18509	-0.554093	-0.401204
256	0.910921	0.124853	0.124853	-2.50515	-0.0254573	-0.0102672	2.50306	2.50306	-3.13895	-0.133135	-0.0520592
256	1.09534	0.107164	0.107164	-2.06211	-0.216029	-0.170413	2.14842	2.14842	-2.58382	-0.749124	-0.596505
256	0.894511	0.083218	0.083218	-1.85767	-0.0586997	-0.0444441	1.66835	1.66835	-2.32766	-0.361007	-0.250684
256	0.942622	0.10264	0.10264	-2.59706	-0.0172873	0.00113176	2.05774	2.05774	-3.25411	-0.12644	0.00721161
256	0.970831	0.0743646	0.0743646	-2.176	-0.0728991	-0.0430553	1.49086	1.49086	-2.72652	-0.419808	-0.240676
256	0.845345	-0.0920958	-0.0920958	-2.65633	-0.217291	-0.195931	-1.84634	-1.84634	-3.32839	-1.56655	-1.35555
256	1.14534	0.0627113	0.0627113	-2.5004	-0.472342	-0.399701	1.25724	1.25724	-3.13301	-1.51999	-1.21251
256	0.937028	0.0780359	0.0780359	-2.33039	-0.0577595	-0.0609194	1.56446	1.56446	-2.91998	-0.358812	-0.315601
256	1.12172	0.0234126	0.0234126	-3.01106	-0.415853	-0.321602	0.469375	0.469375	-3.77286	-1.29276	-1.02083
256	1.09517	0.104078	0.104078	-3.022	-0.265706	-0.228753	2.08655	2.08655	-3.78656	-0.9044	-0.712546
256	0.94971	0.0175576	0.0175576	-3.30999	-0.114633	-0.0887498	0.351995	0.351995	-4.14742	-0.74802	-0.523966
256	0.956992	0.132833	0.132833	-3.05927	-0.0376402	0.0142835	2.66304	2.66304	-3.83327	-0.200622	0.0782946
256	1.17277	0.0606659	0.0606659	-3.10626	-0.727525	-0.549987	1.21623	1.21623	-3.89214	-2.59561	-1.6763
256	0.966599	0.210197	0.210197	-2.11895	0.0498281	0.107906	4.21403	4.21403	-2.65504	0.277407	0.701842
256	0.869999	0.105099	0.105099	-2.58308	-0.0268382	0.00892618	2.10703	2.10703	-3.2366	-0.164969	0.0601487
256	0.945254	-0.0304567	-0.0304567	-3.17948	-0.177114	-0.13931	-0.610595	-0.610595	-3.98388	-0.998978	-0.787289
256	0.9463	0.0322073	0.0322073	-2.45713	-0.100406	-0.07325	0.645692	0.645692	-3.07878	-0.671218	-0.494171
256	0.927717	-0.0399671	-0.0399671	-2.5721	-0.195272	-0.172	-0.801261	-0.801261	-3.22284	-1.14881	-0.951707
256	0.94338	0.012873	0.012873	-2.47967	-0.122379	-0.0890652	0.258078	0.258078	-3.10703	-0.763102	-0.605422
256	1.02596	-0.00780692	-0.00780692	-2.88407	-0.220521	-0.200472	-0.156513	-0.156513	-3.61374	-0.87386	-0.807686
256	0.970488	-0.000612461	-0.000612461	-2.54733	-0.146552	-0.127962	-0.0122786	-0.0122786	-3.1918	-0.847219	-0.733068
256	1.00947	0.0175085	0.0175085	-2.90533	-0.163086	-0.124775	0.35101	0.35101	-3.64037	-0.792666	-0.656812
256	1.04702	0.0484041	0.0484041	-2.62737	-0.163081	-0.205415	0.970405	0.970405	-3.29209	-0.689819	-0.681472
256	0.943161	0.0542569	0.0542569	-2.17046	-0.064533	-0.062853	1.08774	1.08774	-2.71959	-0.447025	-0.367442
256	1.07796	0.238901	0.238901	-2.38113	-0.113718	-0.00776418	4.78949	4.78949	-2.98355	-0.353948	-0.0300918
256	0.910639	-0.00870164	-0.00870164	-2.67972	-0.172466	-0.123054	-0.17445	-0.17445	-3.35769	-0.968408	-0.737517
256	1.08495	-0.0510458	-0.0510458	-2.65021	-0.394244	-0.386647	-1.02337	-1.02337	-3.32071	-1.35303	-1.16203
256	0.874211	0.0585369	0.0585369	-2.43781	-0.0740516	-0.0724404	1.17355	1.17355	-3.05458	-0.507628	-0.38929
256	0.952283	0.124298	0.124298	-2.47247	-0.0143899	-0.000322742	2.49192	2.49192	-3.09801	-0.0908468	-0.00180684
256	1.024	0.0477506	0.0477506	-2.91017	-0.138771	-0.0865552	0.957305	0.957305	-3.64644	-0.704014	-0.442343
256	1.03459	0.0179243	0.0179243	-2.8459	-0.183382	-0.181013	0.359347	0.359347	-3.56591	-0.741714	-0.7222
256	0.935653	-0.00154808	-0.00154808	-2.10411	-0.160626	-0.116312	-0.0310359	-0.0310359	-2.63645	-0.919203	-0.661003
256	1.07985	0.0907208	0.0907208	-2.45198	-0.223081	-0.173228	1.81877	1.81877	-3.07233	-0.791932	-0.550042
256	0.958385	-0.045821	-0.045821	-2.48193	-0.196358	-0.138604	-0.91862	-0.91862	-3.10986	-1.19016	-0.977808
256	0.985559	0.146898	0.146898	-2.43873	-0.0348219	0.0201089	2.945	2.945	-3.05573	-0.175823	0.112002
256	1.21873	0.0612416	0.0477209	-2.74878	-0.75703	-0.612927	1.22777	0.954839	-3.44422	-2.38581	-1.80272
256	0.927932	0.0347457	0.0347457	-2.42543	-0.105146	-0.079748	0.696582	0.696582	-3.03906	-0.636689	-0.467777
256	0.832131	0.0874292	0.0874292	-2.27186	-0.0277278	0.00188302	1.75278	1.75278	-2.84664	-0.214684	0.0150403
256	1.09827	0.139946	0.139946	-2.77414	-0.298318	-0.191645	2.80563	2.80563	-3.476	-0.958788	-0.571765
256	0.921898	0.127262	0.127262	-2.7364	-0.0140142	0.0119775	2.55134	2.55134	-3.42871	-0.0797413	0.0762482
256	1.0304	0.0209763	0.0209763	-2.74716	-0.139726	-0.164715	0.420533	0.420533	-3.44219	-0.813091	-0.694386
256	0.820209	0.0982309	0.0982309	-2.46041	-0.0227803	-0.00603556	1.96933	1.96933	-3.08289	-0.154742	-0.0404042
256	0.947234	-0.0337409	-0.0337409	-2.16474	-0.193644	-0.159672	-0.676437	-0.676437	-2.71242	-0.994584	-0.894274
256	1.11256	0.169672	0.169672	-2.9777	-0.290104	-0.298168	3.40158	3.40158	-3.73105	-0.924725	-0.855074
256	1.01817	-0.0490752	-0.0490752	-2.91872	-0.246917	-0.229186	-0.983861	-0.983861	-3.65716	-1.13525	-0.995318
256	0.843848	0.11579	0.11579	-2.60669	0.0173756	0.00530397	2.32136	2.32136	-3.26618	0.137114	0.0344691
256	0.964834	0.0455267	0.0455267	-2.42873	-0.129302	-0.0803084	0.91272	0.91272	-3.0432	-0.724545	-0.453399
256	0.95294	0.0360163	0.0360163	-2.60241	-0.109594	-0.0819234	0.722054	0.722054	-3.26082	-0.686382	-0.481079
256	1.14645	0.0705638	0.0705638	-2.63971	-0.432954	-0.433215	1.41466	1.41466	-3.30755	-1.29639	-1.30067
256	0.89443	-0.0950205	-0.0950205	-2.19959	-0.234709	-0.206897	-1.90497	-1.90497	-2.75609	-1.53414	-1.28332
256	0.838437	0.0863017	0.0863017	-2.08145	-0.0291024	-0.0168831	1.73018	1.73018	-2.60805	-0.198538	-0.120639
256	1.10139	0.104689	0.104689	-2.93243	-0.30329	-0.207902	2.09881	2.09881	-3.67434	-0.894101	-0.639109
256	1.12283	0.115632	0.115632	-3.31741	-0.521327	-0.309657	2.31818	2.31818	-4.15671	-1.52925	-0.879846
256	1.0499	-0.0234605	-0.0234605	-2.5169	-0.230177	-0.232137	-0.470336	-0.470336	-3.15367	-0.990553	-0.865913
256	0.797332	0.101855	0.101855	-2.32106	-0.00804684	-0.000447618	2.04199	2.04199	-2.90829	-0.0665105	-0.00324704
256	1.06894	-0.0478047	-0.0478047	-2.73957	-0.354561	-0.250643	-0.958388	-0.958388	-3.43268	-1.19507	-0.935937
256	1.11498	0.0833036	0.0833036	-2.54607	-0.423101	-0.289329	1.67007	1.67007	-3.19023	-1.28946	-0.822127
256	1.03654	0.0676464	0.0676464	-3.23164	-0.108831	-0.115743	1.35618	1.35618	-4.04924	-0.570796	-0.477844
256	1.10778	0.0533374	0.0533374	-2.7503	-0.496623	-0.311567	1.06931	1.06931	-3.44613	-1.41485	-0.886108
256	1.0077	0.0646646	0.0646646	-2.90517	-0.121681	-0.0761399	1.2964	1.2964	-3.64018	-0.582667	-0.401112
256	0.945817	0.0749442	0.0749442	-2.46107	-0.0683003	-0.0449944	1.50248	1.50248	-3.08372	-0.41103	-0.257151
256	1.02389	-0.00444587	-0.00444587	-2.9751	-0.206018	-0.148646	-0.0891308	-0.0891308	-3.7278	-0.918446	-0.793853
256	0.837361	0.0758509	0.0758509	-2.18859	-0.0380274	-0.0259553	1.52066	1.52066	-2.7423	-0.297169	-0.184218
256	0.985442	0.0229714	0.0229714	-3.24647	-0.123355	-0.122915	0.460531	0.460531	-4.06783	-0.677919	-0.646473
256	1.01541	0.0268724	0.0268724	-2.38242	-0.16817	-0.0813645	0.538738	0.538738	-2.98517	-0.837813	-0.494185
256	1.04787	-0.00593131	-0.00593131	-2.37188	-0.218615	-0.176432	-0.118911	-0.118911	-2.97196	-0.928343	-0.722474
256	0.985496	0.088418	0.088418	-2.74888	-0.0636986	-0.0182571	1.7726	1.7726	-3.44435	-0.342797	-0.112081
256	0.964947	-0.0929807	-0.0929807	-2.80944	-0.269077	-0.225978	-1.86408	-1.86408	-3.52022	-1.35071	-1.20305
256	0.972838	0.19515	0.19515	-2.62123	0.0358398	0.0735649	3.91237	3.91237	-3.28441	0.186677	0.430108
256	0.883721	0.0668922	0.0668922	-2.66072	-0.0534927	-0.0408042	1.34106	1.34106	-3.33389	-0.392174	-0.26573
256	0.947459	-0.00650812	-0.00650812	-2.58944	-0.148072	-0.130828	-0.130475	-0.130475	-3.24457	-0.934604	-0.747154
256	1.05411	-0.0626214	-0.0626214	-2.73557	-0.28866	-0.2559	-1.25543	-1.25543	-3.42767	-1.20372	-1.03675
256	1.06179	0.0405998	0.0405998	-2.55303	-0.19996	-0.142045	0.813945	0.813945	-3.19894	-0.774093	-0.590029
256	0.945833	0.111582	0.111582	-2.18013	-0.0178069	0.00617372	2.23699	2.23699	-2.73171	-0.127578	0.0382214
256	1.09497	0.0130331	0.0130331	-2.84722	-0.454526	-0.280699	0.261288	0.261288	-3.56756	-1.37975	-0.941547
256	0.989384	0.0714685	0.0714685	-2.82329	-0.0860317	-0.0488009	1.4328	1.4328	-3.53758	-0.4858	-0.28295
256	0.978684	0.0447973	0.0447973	-3.07593	-0.109224	-0.0775105	0.898097	0.898097	-3.85414	-0.614622	-0.416333
256	1.09171	-0.00684329	-0.00684329	-3.01372	-0.365881	-0.363512	-0.137194	-0.137194	-3.77619	-1.1378	-1.05958
256	0.937451	0.0904292	0.0904292	-3.14659	-0.0446373	-0.0341182	1.81293	1.81293	-3.94268	-0.307486	-0.189901
256	0.945092	0.129353	0.129353	-2.27489	-0.0279577	0.00829599	2.59328	2.59328	-2.85043	-0.147915	0.0461827
256	0.913849	0.148273	0.148273	-2.32543	0.00734091	0.0318729	2.97259	2.97259	-2.91376	0.0465209	0.193246
256	1.00187	0.0914996	0.0914996	-2.89362	-0.0744414	-0.0510671	1.83438	1.83438	-3.62571	-0.407693	-0.239717
256	1.0193	0.0448344	0.0448344	-2.45328	-0.131267	-0.123337	0.898841	0.898841	-3.07396	-0.700815	-0.574541
256	0.94053	0.0559683	0.0559683	-2.63833	-0.0903196	-0.0625488	1.12205	1.12205	-3.30583	-0.55962	-0.369858
256	1.05622	0.0617959	0.0617959	-2.63952	-0.137845	-0.148679	1.23888	1.23888	-3.30731	-0.655754	-0.566053
256	0.882105	0.0203926	0.0203926	-2.6064	-0.109393	-0.0940197	0.408831	0.408831	-3.26582	-0.760531	-0.54837
256	0.84278	0.0751014	0.0751014	-2.29054	-0.0623131	-0.0123711	1.50563	1.50563	-2.87005	-0.394265	-0.0928671
256	0.95415	0.0703754	0.0703754	-2.42141	-0.0830308	-0.0458772	1.41089	1.41089	-3.03403	-0.447762	-0.2625
256	0.997901	0.0597214	0.0597214	-2.72587	-0.138357	-0.0973171	1.19729	1.19729	-3.41551	-0.581752	-0.445465
256	0.937601	-0.0073491	-0.0073491	-1.9132	-0.135175	-0.119257	-0.147335	-0.147335	-2.39724	-0.889243	-0.639278
256	0.94098	0.0649472	0.0649472	-2.08453	-0.0741696	-0.0616717	1.30206	1.30206	-2.61192	-0.437688	-0.342332
256	1.03598	0.067429	0.067429	-3.26113	-0.171772	-0.129498	1.35182	1.35182	-4.0862	-0.679966	-0.495644
256	1.05597	0.0280587	0.0280587	-2.33002	-0.207033	-0.228667	0.56252	0.56252	-2.91952	-0.833732	-0.834826
256	0.978317	0.0602723	0.0602723	-2.34521	-0.0625025	-0.0696819	1.20834	1.20834	-2.93855	-0.404649	-0.350418
256	0.871799	0.127559	0.127559	-1.98101	0.0092754	0.0283324	2.55731	2.55731	-2.4822	0.071463	0.207106
256	0.88473	0.0661822	0.0661822	-2.26122	-0.0723972	-0.0489573	1.32682	1.32682	-2.8333	-0.433857	-0.318456
256	1.0658	0.0371159	0.0371159	-2.74303	-0.197978	-0.160477	0.7441	0.7441	-3.43701	-0.761237	-0.58354
256	0.97516	0.0782395	0.0782395	-2.39176	-0.0613694	-0.072987	1.56855	1.56855	-2.99688	-0.389645	-0.337318
256	0.869713	0.0569175	0.0569175	-2.53242	-0.0682787	-0.0410174	1.14108	1.14108	-3.17312	-0.474595	-0.27567
256	0.902822	0.051873	0.051873	-2.88116	-0.0806822	-0.0518697	1.03995	1.03995	-3.6101	-0.536389	-0.347821
256	1.05092	0.0461328	0.0461328	-3.27914	-0.276418	-0.171882	0.92487	0.92487	-4.10876	-0.943341	-0.666742
256	0.948999	0.0850879	0.0850879	-2.3305	-0.0429634	-0.0465536	1.70584	1.70584	-2.92011	-0.280608	-0.23635
256	0.971745	0.1758	0.1758	-2.63867	0.029117	0.0520304	3.52444	3.52444	-3.30625	0.167765	0.284208
256	0.981654	-0.0228699	-0.0228699	-2.75893	-0.194421	-0.150839	-0.458496	-0.458496	-3.45694	-1.03293	-0.884338
256	1.03342	0.159293	0.159293	-2.91662	-0.0423495	0.0095923	3.1935	3.1935	-3.65452	-0.203601	0.04572
256	0.952216	-0.000637175	-0.000637175	-2.25181	-0.137306	-0.131517	-0.0127741	-0.0127741	-2.82151	-0.882448	-0.698984
256	0.953059	0.0622725	0.0622725	-2.79771	-0.112372	-0.0850926	1.24844	1.24844	-3.50553	-0.576658	-0.415534
256	0.980646	0.0843953	0.0843953	-2.81408	-0.0799431	-0.0570781	1.69196	1.69196	-3.52604	-0.415841	-0.258856
256	0.892809	0.0877918	0.0877918	-2.81648	-0.048999	-0.0292101	1.76005	1.76005	-3.52905	-0.298764	-0.181314
256	1.15234	0.0752332	0.0752332	-3.081	-0.463767	-0.392698	1.50827	1.50827	-3.86049	-1.31375	-1.03124
256	0.922127	0.125594	0.125594	-2.76811	-0.0145469	-0.0213054	2.5179	2.5179	-3.46844	-0.0946081	-0.102763
256	0.917072	0.0393651	0.0393651	-2.1545	-0.0867234	-0.0790836	0.789191	0.789191	-2.69959	-0.648774	-0.435066
256	0.888049	-0.0159544	-0.0159544	-2.38485	-0.149865	-0.116234	-0.319854	-0.319854	-2.98821	-1.00228	-0.742667
256	1.0939	0.15207	0.15207	-2.54083	-0.218238	-0.144015	3.0487	3.0487	-3.18366	-0.691142	-0.419109
256	0.877537	0.143405	0.143405	-2.13641	0.0187062	0.0485863	2.87498	2.87498	-2.67692	0.12833	0.350504
256	0.916828	0.0718508	0.0718508	-2.45694	-0.0716938	-0.0468706	1.44046	1.44046	-3.07855	-0.450436	-0.278028
256	1.07876	-0.00594208	-0.00594208	-2.90635	-0.348137	-0.286459	-0.119127	-0.119127	-3.64166	-1.237	-0.948575
256	1.18244	0.0633764	0.0529379	-2.40903	-0.736511	-0.512087	1.27057	1.05922	-3.01852	-2.41121	-1.47603
256	1.03063	0.0811442	0.0811442	-2.87727	-0.0875079	-0.0912142	1.62678	1.62678	-3.60522	-0.468308	-0.421977
256	1.03061	0.0661678	0.0661678	-2.59941	-0.11758	-0.0942111	1.32653	1.32653	-3.25706	-0.589949	-0.449364
256	1.03267	0.0303612	0.0303612	-3.03372	-0.225837	-0.130302	0.608682	0.608682	-3.80125	-0.877601	-0.587878
256	1.05353	0.0548437	0.0548437	-3.0502	-0.20128	-0.140562	1.09951	1.09951	-3.82189	-0.829218	-0.535186
256	1.10522	-0.00548629	-0.00548629	-2.78647	-0.390256	-0.27742	-0.109989	-0.109989	-3.49144	-1.17996	-0.928474
256	1.15049	0.14244	0.14244	-2.72973	-0.473913	-0.376089	2.85563	2.85563	-3.42035	-1.46924	-1.08436
256	0.948791	0.0927218	0.0927218	-2.82435	-0.0269841	-0.0387147	1.85889	1.85889	-3.53891	-0.201358	-0.20488
256	0.944672	-0.0727542	-0.0727542	-2.92242	-0.234611	-0.167167	-1.45858	-1.45858	-3.66179	-1.28829	-1.17757
256	1.03569	0.095187	0.095187	-2.6612	-0.106892	-0.1057	1.90831	1.90831	-3.33449	-0.493252	-0.386999
256	0.9572	0.0386296	0.0386296	-3.13053	-0.106732	-0.0959037	0.774445	0.774445	-3.92256	-0.668837	-0.462923
256	1.00389	0.0961212	0.0961212	-2.8334	-0.0494574	-0.0327734	1.92704	1.92704	-3.55025	-0.314637	-0.17867
256	1.13121	0.10636	0.10636	-2.7529	-0.452864	-0.318858	2.13231	2.13231	-3.44939	-1.38759	-0.858706
256	0.962697	0.144409	0.144409	-2.51715	-0.0277253	0.025472	2.89512	2.89512	-3.15399	-0.146057	0.142363
256	0.953655	-0.00177291	-0.00177291	-2.86568	-0.146185	-0.109856	-0.0355434	-0.0355434	-3.5907	-0.874173	-0.659884
256	0.931772	0.174341	0.174341	-2.60508	0.0268098	0.0588947	3.49519	3.49519	-3.26417	0.161081	0.365683
256	0.964783	0.142943	0.142943	-2.47016	0.00479273	0.0147415	2.86571	2.86571	-3.09511	0.0323489	0.0788054
256	0.948728	0.0392582	0.0392582	-2.68718	-0.0934928	-0.0856444	0.787048	0.787048	-3.36704	-0.559105	-0.467829
256	1.05224	-0.00886255	-0.00886255	-2.67601	-0.260225	-0.184256	-0.177676	-0.177676	-3.35304	-1.04663	-0.760493
256	0.999925	0.213986	0.213986	-2.30116	0.055123	0.0345605	4.28999	4.28999	-2.88335	0.295238	0.147383
256	1.04505	-0.0717438	-0.0717438	-2.74822	-0.313659	-0.25958	-1.43832	-1.43832	-3.44352	-1.20126	-1.08095
256	1.08452	0.0234464	0.0234464	-2.46335	-0.302036	-0.229447	0.470053	0.470053	-3.08658	-1.12408	-0.793269
256	1.05743	-0.0263774	-0.0263774	-2.86583	-0.27508	-0.251443	-0.528813	-0.528813	-3.59089	-1.13991	-0.947546
256	1.00996	0.0372946	0.0372946	-2.89239	-0.158122	-0.0939369	0.747682	0.747682	-3.62416	-0.710111	-0.491156
256	0.959752	0.0153995	0.0153995	-2.93054	-0.127981	-0.11333	0.308729	0.308729	-3.67197	-0.742791	-0.643049
256	0.769452	0.10326	0.10326	-2.81529	-0.00569774	0.012104	2.07015	2.07015	-3.52756	-0.0442407	0.0899445
256	1.00228	-0.033978	-0.033978	-2.71362	-0.235448	-0.198284	-0.68119	-0.68119	-3.40017	-1.00414	-0.808677
256	0.893907	0.0940848	0.0940848	-2.23985	-0.0297461	-0.00468618	1.88621	1.88621	-2.80653	-0.221723	-0.032837
256	0.994083	0.192637	0.192637	-3.20124	0.0617883	0.0370809	3.862	3.862	-4.01115	0.398944	0.184041
256	1.15083	-0.0665	-0.0665	-2.8769	-0.675087	-0.524924	-1.33319	-1.33319	-3.60476	-2.03208	-1.44116
256	1.14595	0.0203202	0.0203202	-2.98877	-0.527475	-0.457238	0.407379	0.407379	-3.74493	-1.62036	-1.30351
256	0.799493	-0.00269748	-0.00269748	-2.47389	-0.119433	-0.110977	-0.0540791	-0.0540791	-3.09979	-0.927934	-0.77847
256	0.966788	0.158292	0.158292	-2.5779	-0.0178343	0.0446752	3.17343	3.17343	-3.23011	-0.0913506	0.260154
256	1.00779	0.034469	0.034469	-3.06127	-0.159901	-0.129989	0.691035	0.691035	-3.83577	-0.677782	-0.610952
256	1.02671	0.0815902	0.0815902	-2.66699	-0.0857112	-0.11309	1.63572	1.63572	-3.34174	-0.460359	-0.44758
256	1.02706	0.0936513	0.0936513	-2.68441	-0.138336	-0.068794	1.87752	1.87752	-3.36357	-0.632422	-0.308768
256	1.07851	0.160703	0.160703	-2.63343	-0.167891	-0.0787175	3.22177	3.22177	-3.29969	-0.625292	-0.301424
256	0.856631	-0.02822	-0.02822	-2.58634	-0.160891	-0.156744	-0.565756	-0.565756	-3.24069	-1.07759	-0.875629
256	0.928825	0.00182202	0.00182202	-2.82878	-0.137148	-0.126592	0.0365278	0.0365278	-3.54446	-0.865842	-0.734629
256	1.13383	0.0298956	0.0298956	-2.70051	-0.536353	-0.377883	0.599346	0.599346	-3.38374	-1.50877	-1.13559
256	1.2023	-0.0292755	-0.04158	-2.99189	-0.755191	-0.660673	-0.586915	-0.831966	-3.74883	-2.03151	-1.85124
256	0.9229	-0.0131388	-0.0131388	-2.44106	-0.159246	-0.152993	-0.263406	-0.263406	-3.05864	-0.972871	-0.721731
256	1.03866	0.11411	0.11411	-2.996	-0.127498	-0.0542782	2.28769	2.28769	-3.75399	-0.573166	-0.258629
256	1.00056	0.0267604	0.0267604	-2.41264	-0.130721	-0.138862	0.536493	0.536493	-3.02304	-0.751555	-0.615173
256	1.09153	0.0476428	0.0476428	-2.70904	-0.263682	-0.276277	0.955142	0.955142	-3.39443	-0.90009	-0.878012
256	0.879873	0.0625936	0.0625936	-1.95356	-0.0623478	-0.0461856	1.25488	1.25488	-2.44781	-0.44271	-0.298402
256	0.989716	0.116994	0.116994	-3.14428	-0.0151954	-0.0110036	2.34549	2.34549	-3.93978	-0.0917109	-0.0643543
256	0.958397	0.0232362	0.0232362	-3.0074	-0.138909	-0.0847006	0.465839	0.465839	-3.76827	-0.797447	-0.544758
256	0.870807	0.0638032	0.0638032	-2.83213	-0.0702174	-0.0527382	1.27913	1.27913	-3.54866	-0.474853	-0.297176
256	0.953343	0.121396	0.121396	-2.74689	-0.0198313	0.0146249	2.43375	2.43375	-3.44185	-0.12006	0.0911581
256	0.871828	0.00194239	0.00194239	-3.35427	-0.164943	-0.108488	0.038941	0.038941	-4.2029	-0.860799	-0.668422
256	0.888779	0.0388447	0.0388447	-3.31476	-0.0858793	-0.0540526	0.778758	0.778758	-4.15339	-0.575796	-0.39066
256	0.962412	-0.00955739	-0.00955739	-3.03144	-0.197819	-0.132135	-0.191606	-0.191606	-3.7984	-0.937512	-0.729142
256	1.00901	-0.049838	-0.049838	-2.64799	-0.219298	-0.222625	-0.999152	-0.999152	-3.31794	-1.10347	-0.879134
256	1.14219	0.0208196	0.0208196	-3.07122	-0.493742	-0.420569	0.417391	0.417391	-3.84824	-1.5176	-1.1401
256	0.993867	0.100868	0.100868	-3.03281	-0.0703903	-0.0434219	2.0222	2.0222	-3.80011	-0.380074	-0.200435
256	0.907683	0.072711	0.072711	-3.15776	-0.0593056	-0.0473287	1.45771	1.45771	-3.95667	-0.414249	-0.263173
256	1.02784	0.11385	0.11385	-1.84159	-0.0795212	-0.0205737	2.28246	2.28246	-2.30751	-0.366054	-0.117096
256	1.03119	0.0183311	0.0183311	-2.85016	-0.144889	-0.157257	0.367501	0.367501	-3.57125	-0.758318	-0.698747
256	0.985587	0.102374	0.102374	-2.64911	-0.0296227	-0.0327268	2.05239	2.05239	-3.31934	-0.185097	-0.164715
256	0.97111	0.0552512	0.0552512	-2.53136	-0.118833	-0.0833131	1.10768	1.10768	-3.17179	-0.603377	-0.418749
256	1.04739	0.030756	0.030756	-2.69235	-0.225477	-0.136922	0.616597	0.616597	-3.37352	-0.893954	-0.641465
256	1.10057	0.141024	0.141024	-2.3156	-0.217829	-0.196174	2.82726	2.82726	-2.90144	-0.731256	-0.577363
256	1.20332	-0.00910449	-0.0203278	-2.99346	-0.855863	-0.693564	-0.182527	-0.406735	-3.7508	-2.7502	-1.99098
256	1.12533	-0.0444808	-0.0444808	-3.0791	-0.670033	-0.447913	-0.89175	-0.89175	-3.85811	-1.83712	-1.31867
256	1.17156	-0.026593	-0.026593	-3.33662	-0.743997	-0.641925	-0.533137	-0.533137	-4.18078	-2.23604	-2.10862
256	1.14623	0.0451374	0.0451374	-3.2153	-0.639866	-0.456516	0.904915	0.904915	-4.02877	-1.9217	-1.30764
256	1.07426	0.0476814	0.0476814	-2.75024	-0.279504	-0.224575	0.955918	0.955918	-3.44605	-0.98814	-0.753732
256	0.998578	0.00861952	0.00861952	-2.45816	-0.15386	-0.134447	0.172804	0.172804	-3.08007	-0.795621	-0.627764
256	0.982941	0.103357	0.103357	-2.75472	-0.0677875	-0.0469536	2.07211	2.07211	-3.45167	-0.335248	-0.218297
256	0.938089	0.0644043	0.0644043	-3.11267	-0.057659	-0.0521675	1.29118	1.29118	-3.90017	-0.41489	-0.315532
256	0.877686	0.00252153	0.00252153	-2.04911	-0.125945	-0.103314	0.0505516	0.0505516	-2.56753	-0.838123	-0.642632
256	0.959481	0.0644793	0.0644793	-2.8233	-0.093802	-0.0564478	1.29268	1.29268	-3.53759	-0.534479	-0.322585
256	0.968938	0.0216166	0.0216166	-2.56337	-0.142719	-0.128734	0.433369	0.433369	-3.2119	-0.794876	-0.570245
256	1.0487	0.118562	0.118562	-2.2785	-0.0733599	-0.0726444	2.37694	2.37694	-2.85496	-0.357518	-0.286941
256	1.101	0.0760619	0.0760619	-2.61006	-0.305769	-0.232139	1.52489	1.52489	-3.2704	-0.990827	-0.688692
256	1.0019	0.00486348	0.00486348	-2.30093	-0.167629	-0.130124	0.0975031	0.0975031	-2.88306	-0.892634	-0.673906
256	0.868172	0.0853465	0.0853465	-2.2681	-0.0321536	-0.0161809	1.71103	1.71103	-2.84193	-0.242798	-0.1095
256	1.06917	0.18267	0.18267	-2.49607	-0.100031	-0.0101709	3.66216	3.66216	-3.12758	-0.349749	-0.0406072
256	0.962231	0.0816625	0.0816625	-2.83799	-0.0973047	-0.0576672	1.63717	1.63717	-3.556	-0.429031	-0.29228
256	0.964579	0.108529	0.108529	-2.32772	-0.00325127	-0.00254567	2.1758	2.1758	-2.91663	-0.0252834	-0.0148783
256	1.05306	0.0484383	0.0484383	-2.97704	-0.196572	-0.148249	0.971092	0.971092	-3.73023	-0.835101	-0.596478
256	1.19551	0.0649014	0.053915	-2.64468	-0.652544	-0.614176	1.30114	1.07877	-3.31378	-1.71071	-1.84233
256	0.825575	-0.0166014	-0.0166014	-2.35907	-0.144229	-0.119078	-0.332825	-0.332825	-2.95592	-1.11139	-0.848877
256	1.17871	0.0189954	0.00682327	-3.16423	-0.821492	-0.564312	0.380821	0.136525	-3.96478	-2.70629	-1.60704
256	1.15283	-0.0762163	-0.0762163	-3.2072	-0.761537	-0.540328	-1.52798	-1.52798	-4.01862	-2.03421	-1.48516
256	0.973826	0.089822	0.089822	-2.50062	-0.0705032	-0.0178092	1.80075	1.80075	-3.13327	-0.42555	-0.102228
256	0.888027	0.0589564	0.0589564	-2.84756	-0.0645274	-0.0637759	1.18196	1.18196	-3.56799	-0.379084	-0.35712
256	0.804261	0.141719	0.141719	-2.73211	0.0439225	0.0552567	2.84118	2.84118	-3.42333	0.362286	0.398703
256	1.12846	0.132837	0.132837	-2.3287	-0.360534	-0.325609	2.66311	2.66311	-2.91786	-1.08832	-0.933237
256	1.07093	0.0346941	0.0346941	-2.87816	-0.338449	-0.179155	0.695547	0.695547	-3.60633	-0.974862	-0.690182
256	1.06053	0.0525168	0.0525168	-2.35394	-0.183976	-0.221001	1.05286	1.05286	-2.94949	-0.828915	-0.743745
256	0.894454	0.152688	0.152688	-2.52752	0.0101659	0.0458451	3.06109	3.06109	-3.16698	0.0614348	0.28679
256	0.948226	0.120254	0.120254	-3.09414	-0.0348784	-0.00793991	2.41085	2.41085	-3.87695	-0.198408	-0.0460689
256	0.932538	0.142644	0.142644	-2.63609	-0.0159692	0.0225364	2.85972	2.85972	-3.30302	-0.090995	0.133916
256	1.08195	0.0965326	0.0965326	-2.50553	-0.148978	-0.137107	1.93529	1.93529	-3.13943	-0.611578	-0.512921
256	1.14192	0.0782251	0.0782251	-2.86325	-0.522942	-0.352646	1.56826	1.56826	-3.58765	-1.3933	-1.04354
256	0.881525	0.103254	0.103254	-2.48055	-0.0170283	-0.00397203	2.07004	2.07004	-3.10813	-0.117599	-0.0252254
256	0.974307	-0.0566128	-0.0566128	-3.11625	-0.189118	-0.179574	-1.13497	-1.13497	-3.90466	-1.10638	-0.99823
256	0.852767	0.0692751	0.0692751	-2.4727	-0.0528042	-0.0425499	1.38883	1.38883	-3.0983	-0.368924	-0.27686
256	0.946516	0.105733	0.105733	-2.36209	-0.0314376	-0.0168248	2.11974	2.11974	-2.95969	-0.189338	-0.0965934
256	0.912596	0.0387555	0.0387555	-2.31591	-0.0885673	-0.0651218	0.776971	0.776971	-2.90183	-0.63987	-0.440351
256	0.847323	0.0707981	0.0707981	-2.42421	-0.0408077	-0.0291171	1.41936	1.41936	-3.03753	-0.307511	-0.208603
256	0.923389	-0.000943591	-0.000943591	-2.58676	-0.14334	-0.123581	-0.0189171	-0.0189171	-3.24121	-0.849185	-0.697237
256	0.861968	0.0495253	0.0495253	-2.2535	-0.0598284	-0.0548526	0.992884	0.992884	-2.82363	-0.452377	-0.361732
256	1.05259	0.0387098	0.0387098	-2.46936	-0.172847	-0.164665	0.776054	0.776054	-3.09411	-0.806057	-0.673486
256	1.01565	0.111695	0.111695	-2.64813	-0.0822626	-0.0686108	2.23925	2.23925	-3.3181	-0.381643	-0.290558
256	0.97716	0.0964958	0.0964958	-2.44758	-0.0625285	-0.0312038	1.93455	1.93455	-3.06682	-0.332891	-0.186484
256	1.07724	0.0927059	0.0927059	-2.44127	-0.181882	-0.171833	1.85857	1.85857	-3.05891	-0.665717	-0.581079
256	1.01867	0.0618862	0.0618862	-2.5187	-0.113866	-0.082161	1.24069	1.24069	-3.15593	-0.549912	-0.409662
256	1.00286	0.12235	0.12235	-2.7466	-0.00920811	-0.0388403	2.45287	2.45287	-3.44148	-0.0582788	-0.191033
256	1.01108	0.110332	0.110332	-2.41663	-0.0860329	-0.0212347	2.21193	2.21193	-3.02804	-0.395686	-0.115198
256	1.27132	0.00675891	-0.0353119	-2.68253	-1.04892	-0.875588	0.135503	-0.70238	-3.36121	-3.63863	-3.2354
256	1.07589	0.0306975	0.0306975	-2.53384	-0.28312	-0.214518	0.615423	0.615423	-3.1749	-0.962592	-0.748118
256	0.865467	0.0402011	0.0402011	-2.39932	-0.0968288	-0.0516426	0.805951	0.805951	-3.00635	-0.585306	-0.398474
256	0.996677	0.111168	0.111168	-2.58167	-0.0746181	-0.0465566	2.22869	2.22869	-3.23483	-0.358278	-0.211369
256	1.07804	0.11995	0.11995	-2.62938	-0.249808	-0.137924	2.40476	2.40476	-3.29462	-0.84451	-0.482563
256	1.0615	0.193376	0.193376	-2.42062	-0.108973	-0.0269294	3.8768	3.8768	-3.03304	-0.374417	-0.0984651
256	0.91493	-0.03884	-0.03884	-2.73154	-0.188279	-0.146627	-0.778664	-0.778664	-3.42262	-1.20338	-0.925903
256	0.925614	0.0821536	0.0821536	-3.21125	-0.0950981	-0.0352373	1.64702	1.64702	-4.02369	-0.494348	-0.202624
256	1.07841	0.0241323	0.0241323	-2.20018	-0.326292	-0.214686	0.483805	0.483805	-2.75683	-1.0689	-0.724153
256	1.00772	0.176412	0.176412	-2.73642	0.00549731	0.0458729	3.53671	3.53671	-3.42873	0.030122	0.241978
256	0.924449	0.034428	0.034428	-2.45004	-0.117704	-0.0821841	0.690212	0.690212	-3.0699	-0.684895	-0.503579
256	0.955943	0.0365292	0.0365292	-2.65216	-0.114361	-0.0606588	0.732337	0.732337	-3.32316	-0.663431	-0.461082
256	0.895091	0.128355	0.128355	-3.32099	0.00905421	-0.000264615	2.57326	2.57326	-4.16119	0.0682677	-0.00141933
256	0.813978	0.0805542	0.0805542	-3.0468	-0.0319907	-0.0116662	1.61495	1.61495	-3.81764	-0.244491	-0.0887594
256	1.05952	0.13407	0.13407	-2.98107	-0.164405	-0.146546	2.68783	2.68783	-3.73528	-0.646912	-0.48332
256	0.961834	0.00726792	0.00726792	-2.79607	-0.138476	-0.119991	0.145707	0.145707	-3.50347	-0.81836	-0.650381
256	0.907628	0.131138	0.131138	-2.48412	0.00896281	0.0245745	2.62906	2.62906	-3.1126	0.0602565	0.162683
256	0.843915	0.0959943	0.0959943	-2.09446	-0.0355774	-0.00972761	1.92449	1.92449	-2.62436	-0.265222	-0.0581795
256	1.00258	0.0871187	0.0871187	-2.67369	-0.0613817	-0.0288609	1.74656	1.74656	-3.35013	-0.371064	-0.151016
256	0.943079	0.255428	0.255428	-2.38013	0.124377	0.120556	5.12081	5.12081	-2.9823	0.758025	0.651194
256	0.981133	0.0595238	0.0595238	-2.97552	-0.115555	-0.063989	1.19333	1.19333	-3.72833	-0.614453	-0.392247
256	0.968075	0.130523	0.130523	-2.71322	-0.0193033	0.0124283	2.61673	2.61673	-3.39966	-0.11958	0.0757364
256	0.965044	0.0832694	0.0832694	-3.15998	-0.0912167	-0.0196797	1.66939	1.66939	-3.95946	-0.509618	-0.121977
256	0.981651	0.0368733	0.0368733	-2.22845	-0.138956	-0.138757	0.739237	0.739237	-2.79224	-0.712329	-0.555277
256	1.00834	-0.0281139	-0.0281139	-2.59492	-0.233327	-0.162131	-0.563627	-0.563627	-3.25144	-1.14469	-0.878941
256	1.1368	0.0899672	0.0899672	-2.76179	-0.485462	-0.437486	1.80366	1.80366	-3.46052	-1.31443	-1.20373
256	1.10143	0.0644126	0.0644126	-3.28283	-0.362294	-0.263724	1.29134	1.29134	-4.11339	-1.15198	-0.834469
256	0.979981	0.0260643	0.0260643	-2.92432	-0.148124	-0.0755656	0.522537	0.522537	-3.66417	-0.76407	-0.455971
256	1.11326	-0.00790546	-0.00790546	-2.89439	-0.432021	-0.409455	-0.158489	-0.158489	-3.62667	-1.31707	-1.17566
256	1.09597	-0.0411322	-0.0411322	-2.53781	-0.448464	-0.356337	-0.824618	-0.824618	-3.17988	-1.41993	-1.11506
256	0.971652	0.0569527	0.0569527	-2.52357	-0.129298	-0.0451131	1.14179	1.14179	-3.16203	-0.687735	-0.301845
256	0.894773	0.0813992	0.0813992	-2.18728	-0.0427857	-0.0167509	1.63189	1.63189	-2.74066	-0.309284	-0.112606
256	0.818722	0.0791654	0.0791654	-2.90983	-0.0340751	-0.0140917	1.58711	1.58711	-3.64602	-0.255159	-0.0987935
256	0.972873	0.0578576	0.0578576	-2.98579	-0.0877254	-0.0758533	1.15993	1.15993	-3.74119	-0.547	-0.407282
256	0.772074	0.057125	0.057125	-2.22357	-0.0600124	-0.0322821	1.14524	1.14524	-2.78613	-0.441371	-0.251826
256	0.907855	0.117618	0.117618	-2.646	-0.0143103	0.0135627	2.358	2.358	-3.31544	-0.095125	0.0907513
256	1.0846	0.134567	0.134567	-3.15214	-0.224377	-0.155128	2.69781	2.69781	-3.94963	-0.789451	-0.546552
256	1.07705	0.0309049	0.0309049	-3.14741	-0.278727	-0.175349	0.61958	0.61958	-3.9437	-0.976882	-0.691645
256	0.836883	-0.028252	-0.028252	-2.28855	-0.141538	-0.118396	-0.566395	-0.566395	-2.86756	-1.05417	-0.872104
256	0.918474	0.0600247	0.0600247	-2.66859	-0.102588	-0.0730393	1.20337	1.20337	-3.34375	-0.511325	-0.414926
256	0.915916	0.108082	0.108082	-2.37946	-0.00925484	0.00656304	2.16684	2.16684	-2.98146	-0.0679751	0.0446668
256	0.840194	0.113851	0.113851	-2.2045	0.00407298	0.0147573	2.28249	2.28249	-2.76224	0.0320296	0.0939297
256	0.93415	0.00715233	0.00715233	-3.0604	-0.152424	-0.109252	0.14339	0.14339	-3.83469	-0.834852	-0.631227
256	1.04603	0.0536441	0.0536441	-2.57721	-0.180287	-0.150928	1.07546	1.07546	-3.22924	-0.733221	-0.534209
256	1.01003	0.120572	0.120572	-1.99024	-0.052177	-0.0228432	2.41722	2.41722	-2.49378	-0.248239	-0.115681
256	1.07186	0.0134076	0.0134076	-2.42849	-0.315464	-0.257175	0.268797	0.268797	-3.0429	-1.0542	-0.83944
256	0.895169	0.0573897	0.0573897	-2.11043	-0.09257	-0.045231	1.15055	1.15055	-2.64437	-0.550073	-0.306423
256	0.952543	0.0206612	0.0206612	-2.76621	-0.12866	-0.0955347	0.414216	0.414216	-3.46606	-0.758109	-0.563825
256	1.11242	0.0803062	0.0803062	-3.26153	-0.402691	-0.288302	1.60998	1.60998	-4.08669	-1.19049	-0.981045
256	0.943986	0.0703031	0.0703031	-2.67709	-0.079497	-0.0665409	1.40944	1.40944	-3.3544	-0.464641	-0.338113
256	0.9407	-0.0258995	-0.0258995	-2.65284	-0.167984	-0.142651	-0.519233	-0.519233	-3.32401	-1.11779	-0.78972
256	0.930492	-0.0566498	-0.0566498	-2.4641	-0.195677	-0.152858	-1.13571	-1.13571	-3.08751	-1.24809	-1.04678
256	1.01465	0.031931	0.031931	-2.57857	-0.162712	-0.140983	0.640153	0.640153	-3.23095	-0.723145	-0.621387
256	1.08286	0.0156064	0.0156064	-2.97867	-0.370629	-0.218717	0.312877	0.312877	-3.73228	-1.21532	-0.837641
256	0.960447	0.098542	0.098542	-2.67559	-0.0317082	-0.0324385	1.97557	1.97557	-3.35252	-0.219179	-0.182152
256	1.06018	0.0390347	0.0390347	-3.08589	-0.268573	-0.18554	0.782568	0.782568	-3.86662	-0.924159	-0.689303
256	0.872317	-0.0041801	-0.0041801	-2.52187	-0.120106	-0.100991	-0.0838027	-0.0838027	-3.1599	-0.885996	-0.662294
256	0.971116	0.159019	0.159019	-2.45711	-0.00252534	0.00358864	3.18802	3.18802	-3.07877	-0.0146794	0.0163511
256	1.00547	0.109823	0.109823	-2.62821	-0.0643547	-0.0252825	2.20173	2.20173	-3.29315	-0.314768	-0.131389
256	1.03983	0.0675633	0.0675633	-2.74755	-0.18371	-0.118308	1.35451	1.35451	-3.44268	-0.707708	-0.479549
256	0.949583	0.0133241	0.0133241	-2.37611	-0.148951	-0.116822	0.267121	0.267121	-2.97726	-0.819864	-0.647357
256	1.08571	0.0808362	0.0808362	-2.38892	-0.369343	-0.161505	1.6206	1.6206	-2.99332	-1.25458	-0.558933
256	0.824303	0.075688	0.075688	-2.52042	-0.0452898	-0.0257827	1.51739	1.51739	-3.15809	-0.325181	-0.165932
256	0.988285	0.0605619	0.0605619	-3.15821	-0.0922228	-0.103464	1.21414	1.21414	-3.95724	-0.529034	-0.444166
256	0.997582	0.165381	0.165381	-2.78643	-0.0273629	0.0395347	3.31556	3.31556	-3.4914	-0.130108	0.2224
256	1.06996	-0.0519266	-0.0519266	-2.44274	-0.287455	-0.272769	-1.04103	-1.04103	-3.06076	-1.27015	-0.986668
256	1.01485	0.0329937	0.0329937	-2.88354	-0.0953977	-0.121685	0.661458	0.661458	-3.61308	-0.630484	-0.530169
256	0.988029	0.0979225	0.0979225	-2.59087	-0.0499472	-0.0503152	1.96315	1.96315	-3.24636	-0.300915	-0.261573
256	1.08537	0.0771341	0.0771341	-2.93035	-0.25651	-0.184547	1.54638	1.54638	-3.67173	-0.858332	-0.643085
256	0.983487	-0.0923791	-0.0923791	-2.84221	-0.250827	-0.236177	-1.85202	-1.85202	-3.56129	-1.3382	-1.16635
256	0.878538	0.038554	0.038554	-2.46155	-0.0724489	-0.0734709	0.77293	0.77293	-3.08432	-0.565276	-0.480632
256	0.877196	0.158808	0.158808	-1.90979	0.0164855	0.0570902	3.18378	3.18378	-2.39297	0.10449	0.374996
256	1.01588	-0.0212857	-0.0212857	-3.01737	-0.167021	-0.180817	-0.426735	-0.426735	-3.78076	-1.03972	-0.849236
256	1.04526	-0.001216	-0.001216	-2.30092	-0.287049	-0.194838	-0.0243784	-0.0243784	-2.88305	-1.02239	-0.785518
256	1.05296	0.0680134	0.0680134	-2.42769	-0.129516	-0.155159	1.36353	1.36353	-3.04189	-0.626002	-0.558875
256	0.98201	0.0679213	0.0679213	-2.64569	-0.0880791	-0.0682032	1.36169	1.36169	-3.31505	-0.474666	-0.339491
256	0.86371	0.0394012	0.0394012	-2.50732	-0.0999958	-0.0619299	0.789915	0.789915	-3.14167	-0.622161	-0.384036
256	0.973397	0.0878329	0.0878329	-2.64142	-0.0626822	-0.0483128	1.76087	1.76087	-3.3097	-0.395421	-0.25233
256	1.04783	0.0394012	0.0394012	-2.87172	-0.194457	-0.188598	0.789915	0.789915	-3.59827	-0.789519	-0.810257
256	1.08272	0.0715216	0.0715216	-2.47756	-0.291789	-0.143077	1.43387	1.43387	-3.10438	-1.02552	-0.469035
256	1.03865	0.0759164	0.0759164	-2.71044	-0.130934	-0.0807977	1.52197	1.52197	-3.39618	-0.54971	-0.367441
256	1.1772	0.051053	0.0409147	-2.42077	-0.692474	-0.520078	1.02351	0.818654	-3.03322	-2.03019	-1.44618
256	0.935481	0.0597978	0.0597978	-2.48152	-0.0959355	-0.0552697	1.19883	1.19883	-3.10935	-0.522092	-0.340607
256	1.04835	0.0366745	0.0366745	-2.68169	-0.204478	-0.16921	0.735251	0.735251	-3.36016	-0.826597	-0.640559
256	1.01289	0.100551	0.100551	-2.40711	-0.0454653	-0.047303	2.01584	2.01584	-3.01611	-0.265057	-0.231131
256	0.995754	0.0666058	0.0666058	-2.42326	-0.117077	-0.0867577	1.33531	1.33531	-3.03635	-0.557924	-0.403122
256	1.13843	0.0155125	0.0155125	-2.71679	-0.616133	-0.413532	0.310994	0.310994	-3.40413	-1.68812	-1.23619
256	1.03094	-0.00386941	-0.00386941	-3.05987	-0.235736	-0.175637	-0.0775738	-0.0775738	-3.83402	-0.93479	-0.794683
256	1.03045	0.155054	0.155054	-2.70536	-0.038409	0.0154329	3.10852	3.10852	-3.38981	-0.17326	0.0747292
256	0.889916	-0.00708907	-0.00708907	-2.68094	-0.149604	-0.133115	-0.142122	-0.142122	-3.35922	-1.01228	-0.757888
256	1.03189	0.0078125	0.0078125	-3.00571	-0.179436	-0.174243	0.156625	0.156625	-3.76616	-0.862365	-0.716049
256	0.94942	0.0507773	0.0507773	-2.76809	-0.126558	-0.0687783	1.01798	1.01798	-3.46842	-0.626067	-0.413791
256	0.903499	0.142952	0.142952	-2.31893	0.0221945	0.0395634	2.8659	2.8659	-2.90562	0.155777	0.244608
256	1.07272	-0.0455113	-0.0455113	-3.25818	-0.303744	-0.252945	-0.912411	-0.912411	-4.0825	-1.21229	-0.939319
256	0.948353	0.053526	0.053526	-2.39814	-0.0909127	-0.0811089	1.07309	1.07309	-3.00487	-0.507591	-0.412015
256	1.02337	0.187862	0.187862	-2.56473	-0.0507498	0.0290248	3.76626	3.76626	-3.2136	-0.194986	0.127202
256	1.03158	0.123419	0.123419	-2.38684	-0.138883	-0.03514	2.47431	2.47431	-2.99071	-0.523686	-0.14985
256	0.915852	0.126553	0.126553	-2.56626	-0.0102853	0.00271583	2.53714	2.53714	-3.21553	-0.0592083	0.0166685
256	0.966805	0.0845124	0.0845124	-2.60599	-0.0656878	-0.0527881	1.69431	1.69431	-3.2653	-0.36168	-0.271268
256	0.904745	-0.126562	-0.126562	-2.29557	-0.245763	-0.246858	-2.53732	-2.53732	-2.87635	-1.60966	-1.55934
256	1.10756	0.0201252	0.0201252	-2.55635	-0.367719	-0.324869	0.40347	0.40347	-3.2031	-1.26013	-0.989983
256	1.04866	-0.00819445	-0.00819445	-2.37743	-0.234504	-0.19305	-0.164282	-0.164282	-2.97892	-1.01685	-0.804394
256	0.897028	0.10513	0.10513	-2.72256	-0.0399922	-0.0163466	2.10765	2.10765	-3.41137	-0.265121	-0.0897536
256	1.06013	0.0690957	0.0690957	-2.8799	-0.301881	-0.145652	1.38523	1.38523	-3.60852	-0.946895	-0.54625
256	0.927824	0.0976908	0.0976908	-2.64018	-0.0212279	-0.0204244	1.9585	1.9585	-3.30814	-0.141555	-0.125233
256	0.913923	-0.0575972	-0.0575972	-2.62413	-0.199164	-0.178531	-1.15471	-1.15471	-3.28803	-1.22204	-1.01865
256	0.984441	0.0881079	0.0881079	-3.12484	-0.0615976	-0.0322334	1.76639	1.76639	-3.91542	-0.355871	-0.1915
256	1.0231	0.0816264	0.0816264	-2.41805	-0.136985	-0.0856294	1.63645	1.63645	-3.02981	-0.616243	-0.359028
256	1.09725	0.112939	0.112939	-2.98665	-0.303156	-0.214639	2.26419	2.26419	-3.74227	-0.946695	-0.679305
256	1.25229	0.087358	0.0526914	-3.12917	-0.805375	-0.683959	1.75135	1.05015	-3.92085	-2.30577	-2.07859
256	1.00073	-0.0132482	-0.0132482	-2.77928	-0.202937	-0.146113	-0.2656	-0.2656	-3.48244	-0.959743	-0.757585
256	1.04062	0.017739	0.017739	-2.94422	-0.201146	-0.167303	0.355631	0.355631	-3.68911	-0.946616	-0.728773
256	0.982302	0.0218879	0.0218879	-2.66349	-0.157521	-0.0942668	0.438808	0.438808	-3.33735	-0.830206	-0.540377
256	0.995767	-0.084291	-0.084291	-2.51254	-0.256937	-0.221286	-1.68987	-1.68987	-3.14821	-1.31147	-1.22108
256	0.951381	0.0426909	0.0426909	-2.59109	-0.121532	-0.083612	0.855867	0.855867	-3.24664	-0.697021	-0.44221
256	0.932064	0.0684611	0.0684611	-2.58577	-0.0907822	-0.0383622	1.37251	1.37251	-3.23997	-0.487865	-0.229306
256	0.918427	0.0277821	0.0277821	-2.67532	-0.0975141	-0.100315	0.556976	0.556976	-3.35217	-0.685389	-0.576163
256	0.993819	0.055952	0.055952	-2.14844	-0.0851495	-0.085515	1.12172	1.12172	-2.692	-0.505188	-0.447729
256	0.886086	0.0632183	0.0632183	-2.63916	-0.072639	-0.0347667	1.2674	1.2674	-3.30687	-0.514458	-0.249237
256	1.1597	-0.0226557	-0.0226557	-3.24149	-0.702515	-0.617098	-0.454202	-0.454202	-4.06158	-2.12725	-1.91598
256	0.967253	0.0345264	0.0345264	-2.82594	-0.151066	-0.107166	0.692184	0.692184	-3.5409	-0.779469	-0.519292
256	1.10984	0.0489181	0.0489181	-3.38077	-0.311453	-0.255375	0.980711	0.980711	-4.23611	-1.02509	-0.776198
256	1.0916	0.17207	0.17207	-3.05326	-0.174815	-0.152247	3.44966	3.44966	-3.82573	-0.532184	-0.453558
256	0.864906	0.0939095	0.0939095	-2.73724	-0.0251096	-0.00508082	1.8827	1.8827	-3.42977	-0.186425	-0.0340495
256	0.92024	0.0621093	0.0621093	-2.31095	-0.109377	-0.0568788	1.24517	1.24517	-2.89562	-0.601029	-0.324966
256	0.995055	-0.00784096	-0.00784096	-2.95555	-0.162223	-0.16989	-0.157196	-0.157196	-3.70331	-0.994437	-0.805884
256	0.934791	-0.0102957	-0.0102957	-2.69223	-0.156075	-0.136405	-0.206408	-0.206408	-3.37336	-0.834992	-0.712494
256	0.98122	0.123137	0.123137	-2.34844	-0.055875	-0.0428083	2.46866	2.46866	-2.94259	-0.274391	-0.199262
256	1.04535	0.0294203	0.0294203	-2.58236	-0.182341	-0.204884	0.589819	0.589819	-3.2357	-0.864974	-0.723417
256	0.906297	0.036578	0.036578	-2.40022	-0.0784954	-0.104496	0.733316	0.733316	-3.00747	-0.50364	-0.516835
256	0.901726	0.063668	0.063668	-2.89083	-0.0600174	-0.0334765	1.27642	1.27642	-3.62221	-0.43022	-0.231108
256	0.917342	0.0408777	0.0408777	-2.49295	-0.0591462	-0.0818621	0.819517	0.819517	-3.12367	-0.496993	-0.493532
256	0.881284	-0.0617208	-0.0617208	-2.64504	-0.186435	-0.180822	-1.23738	-1.23738	-3.31423	-1.42126	-1.11476
256	0.994236	0.034422	0.034422	-2.87566	-0.171258	-0.0743078	0.690092	0.690092	-3.60321	-0.781069	-0.42574
256	0.882469	0.0550058	0.0550058	-2.61135	-0.0722052	-0.0319124	1.10276	1.10276	-3.27202	-0.503699	-0.231681
256	1.03645	0.0523662	0.0523662	-2.39411	-0.142036	-0.118496	1.04984	1.04984	-2.99982	-0.684134	-0.501048
256	1.069	0.0327176	0.0327176	-2.9776	-0.259568	-0.20544	0.655922	0.655922	-3.73094	-0.902755	-0.72906
256	0.944857	0.02298	0.02298	-2.51853	-0.14701	-0.0924815	0.460703	0.460703	-3.15572	-0.707772	-0.526684
256	0.938096	0.12056	0.12056	-2.90825	-0.0512021	0.0116543	2.41699	2.41699	-3.64404	-0.271715	0.0715968
256	1.05367	0.0652633	0.0652633	-2.80215	-0.141963	-0.150528	1.3084	1.3084	-3.51109	-0.638476	-0.590977
256	1.043	0.0887878	0.0887878	-3.05049	-0.069508	-0.0622851	1.78002	1.78002	-3.82226	-0.391499	-0.305536
256	0.883985	0.108972	0.108972	-2.22797	-0.0119168	0.00937999	2.18467	2.18467	-2.79165	-0.0884601	0.0649029
256	0.982162	0.0325546	0.0325546	-2.30852	-0.127761	-0.0855438	0.652654	0.652654	-2.89258	-0.751853	-0.467981
256	1.13914	-0.000108199	-0.000108199	-3.01856	-0.702675	-0.507304	-0.00216917	-0.00216917	-3.78225	-2.08071	-1.5024
256	0.849039	0.0489576	0.0489576	-2.53922	-0.0574693	-0.0411183	0.981503	0.981503	-3.18165	-0.443207	-0.306455
256	1.13	0.05663	0.05663	-2.64604	-0.521062	-0.417933	1.13532	1.13532	-3.31549	-1.3478	-1.19229
256	0.965782	0.0757936	0.0757936	-2.35742	-0.0706143	-0.0589164	1.51951	1.51951	-2.95385	-0.409397	-0.311007
256	0.951835	0.10316	0.10316	-2.36926	-0.0296618	-0.00975153	2.06814	2.06814	-2.96868	-0.197433	-0.0580221
256	0.999187	0.0556877	0.0556877	-2.26616	-0.101756	-0.0925976	1.11643	1.11643	-2.8395	-0.575469	-0.43377
256	1.09942	-0.00975007	-0.00975007	-3.068	-0.408679	-0.356978	-0.195469	-0.195469	-3.8442	-1.22618	-1.1176
256	1.1244	0.223426	0.223426	-2.40439	-0.416376	-0.203334	4.47923	4.47923	-3.0127	-1.18211	-0.592226
256	0.907466	0.101066	0.101066	-2.69409	-0.0164861	-0.0185258	2.02616	2.02616	-3.3757	-0.126428	-0.117695
256	0.980094	0.115962	0.115962	-2.93749	-0.0226736	-0.00133525	2.3248	2.3248	-3.68067	-0.139526	-0.00790543
256	0.900344	0.111181	0.111181	-2.10525	-0.0136843	0.00283372	2.22895	2.22895	-2.63788	-0.0971943	0.0190149
256	0.9722	0.0875622	0.0875622	-2.72518	-0.0705645	-0.0190293	1.75545	1.75545	-3.41464	-0.400606	-0.125554
256	1.16574	-0.0400859	-0.0400859	-2.91648	-0.631768	-0.603155	-0.803641	-0.803641	-3.65435	-1.76385	-1.64023
256	1.14414	0.0389077	0.0389077	-2.76487	-0.510639	-0.49497	0.780021	0.780021	-3.46438	-1.45715	-1.35962
256	0.926597	0.106421	0.106421	-2.68734	-0.00935727	-0.00141445	2.13352	2.13352	-3.36723	-0.0724784	-0.00923452
256	1.13287	0.0171665	0.0171665	-2.95723	-0.519031	-0.436709	0.344154	0.344154	-3.70541	-1.56507	-1.28642
256	0.940636	0.0561123	0.0561123	-2.7242	-0.0903849	-0.0606642	1.12494	1.12494	-3.41343	-0.559413	-0.383271
256	0.969435	0.130451	0.130451	-3.17807	0.0157844	0.0173379	2.61527	2.61527	-3.98213	0.122875	0.0981586
256	0.898389	-0.065166	-0.065166	-3.16713	-0.206502	-0.158484	-1.30645	-1.30645	-3.96841	-1.35714	-1.16536
256	0.971331	0.0921394	0.0921394	-2.54606	-0.0703454	-0.00520566	1.84721	1.84721	-3.19021	-0.398278	-0.0354217
256	1.00058	0.036102	0.036102	-2.44055	-0.106744	-0.134716	0.723773	0.723773	-3.058	-0.652838	-0.595824
256	0.955911	0.0307415	0.0307415	-2.42983	-0.0916621	-0.103383	0.616306	0.616306	-3.04458	-0.691416	-0.51864
256	0.956096	-0.0267612	-0.0267612	-3.2861	-0.176255	-0.134714	-0.536508	-0.536508	-4.11748	-0.977101	-0.90129
256	1.0333	-0.0098038	-0.0098038	-2.68332	-0.172677	-0.20978	-0.196547	-0.196547	-3.3622	-0.932626	-0.850255
256	0.921667	0.0144606	0.0144606	-3.2245	-0.119007	-0.104921	0.289907	0.289907	-4.0403	-0.666101	-0.645888
256	0.834843	0.0461771	0.0461771	-1.91821	-0.0965406	-0.0547181	0.925759	0.925759	-2.40352	-0.598247	-0.372363
256	1.03204	0.0790225	0.0790225	-2.28388	-0.137808	-0.0920662	1.58424	1.58424	-2.86171	-0.55443	-0.428485
256	0.960499	0.156711	0.156711	-2.17641	0.00502096	0.0574943	3.14174	3.14174	-2.72704	0.0289882	0.399743
256	0.924705	0.0843226	0.0843226	-2.15107	-0.0596153	-0.0205431	1.6905	1.6905	-2.69529	-0.345965	-0.13745
256	0.987317	0.0903682	0.0903682	-2.38889	-0.0499887	-0.0400319	1.8117	1.8117	-2.99327	-0.309576	-0.213929
256	0.855168	0.0632687	0.0632687	-2.09959	-0.0698867	-0.0371031	1.26841	1.26841	-2.63079	-0.49922	-0.26754
256	1.24627	0.0757289	0.0418895	-2.75641	-0.890596	-0.762415	1.51821	0.834865	-3.45378	-2.77214	-2.47471
256	1.00951	-0.0036398	-0.0036398	-3.15998	-0.180008	-0.144894	-0.0729707	-0.0729707	-3.95945	-0.948726	-0.725112
256	0.944886	-0.00437374	-0.00437374	-2.56677	-0.150036	-0.137515	-0.0876847	-0.0876847	-3.21616	-0.921826	-0.76493
256	0.954638	0.0648935	0.0648935	-3.17264	-0.0854556	-0.0498976	1.30098	1.30098	-3.97532	-0.492283	-0.287149
256	0.923486	0.0182882	0.0182882	-2.67481	-0.132112	-0.0826141	0.366641	0.366641	-3.35153	-0.765731	-0.52989
256	0.989963	0.0779824	0.0779824	-3.0874	-0.0973054	-0.0503476	1.56339	1.56339	-3.86851	-0.474862	-0.284232
256	1.17505	0.0046305	0.0046305	-3.21791	-0.742029	-0.564737	0.0928322	0.0928322	-4.03204	-2.12267	-1.53603
256	0.956041	0.0310627	0.0310627	-2.42914	-0.129631	-0.0820961	0.622746	0.622746	-3.04371	-0.77203	-0.517805
256	0.930493	0.0998957	0.0998957	-3.11963	-0.0184233	-0.0312494	2.00271	2.00271	-3.90889	-0.145513	-0.169949
256	0.954443	-0.0637672	-0.0637672	-2.85562	-0.235442	-0.172106	-1.2784	-1.2784	-3.5781	-1.10804	-1.05268
256	1.09861	0.0242872	0.0242872	-3.30932	-0.388319	-0.331441	0.486909	0.486909	-4.14657	-1.1691	-1.052
256	0.973307	0.100441	0.100441	-2.28636	-0.0640081	-0.0603632	2.01365	2.01365	-2.86481	-0.329147	-0.265779
256	0.887183	0.0494533	0.0494533	-2.54417	-0.086473	-0.059126	0.99144	0.99144	-3.18784	-0.549266	-0.3698
256	1.01339	0.0308008	0.0308008	-2.57561	-0.156657	-0.124361	0.617495	0.617495	-3.22724	-0.763173	-0.586048
256	0.966979	-0.042	-0.042	-2.77458	-0.186975	-0.189957	-0.842016	-0.842016	-3.47655	-1.1864	-0.956439
256	1.10694	-0.0133838	-0.0133838	-2.93624	-0.390832	-0.311067	-0.268319	-0.268319	-3.6791	-1.27279	-1.02431
256	0.973035	0.184565	0.184565	-2.68606	0.0371532	0.0216271	3.70017	3.70017	-3.36563	0.216959	0.0932779
256	0.854289	0.157811	0.157811	-1.97033	0.010292	0.0683705	3.16379	3.16379	-2.46882	0.0567965	0.528552
256	1.02664	0.00239227	0.00239227	-2.49017	-0.193625	-0.15945	0.0479602	0.0479602	-3.12019	-0.864621	-0.681268
256	0.968175	-0.0594134	-0.0594134	-2.882	-0.219122	-0.198796	-1.19112	-1.19112	-3.61115	-1.14149	-1.04748
256	0.921556	0.179025	0.179025	-3.0683	0.0297129	0.0804044	3.58908	3.58908	-3.84458	0.196948	0.579122
256	1.01099	-0.0325879	-0.0325879	-2.51782	-0.222036	-0.1695	-0.653322	-0.653322	-3.15483	-0.99883	-0.875671
256	0.97627	0.0582141	0.0582141	-2.19778	-0.103656	-0.0543019	1.16708	1.16708	-2.75382	-0.552237	-0.326154
256	1.15783	-0.0427931	-0.0427931	-2.89995	-0.637864	-0.62295	-0.857916	-0.857916	-3.63364	-1.90786	-1.947
256	1.02823	0.109379	0.109379	-2.89998	-0.0723777	-0.0376943	2.19283	2.19283	-3.63368	-0.354646	-0.180134
256	0.830161	0.00355931	0.00355931	-2.56896	-0.100004	-0.112089	0.0713571	0.0713571	-3.21891	-0.801066	-0.6549
256	1.00835	0.193947	0.193947	-2.44899	-0.0177455	0.0453253	3.88824	3.88824	-3.06859	-0.0826168	0.217179
256	0.882594	0.0992726	0.0992726	-2.17319	-0.0307782	-0.0124867	1.99022	1.99022	-2.72301	-0.203988	-0.0858761
256	1.07737	0.00249841	0.00249841	-2.52461	-0.240057	-0.296196	0.0500882	0.0500882	-3.16334	-1.01068	-1.0115
256	1.07891	0.036541	0.036541	-3.14081	-0.230806	-0.255711	0.732575	0.732575	-3.93543	-0.872442	-0.845389
256	0.941946	0.073659	0.073659	-2.95976	-0.0754898	-0.0620043	1.47672	1.47672	-3.70858	-0.452391	-0.32454
256	1.0358	0.0472161	0.0472161	-2.48071	-0.178614	-0.11305	0.946589	0.946589	-3.10834	-0.759235	-0.468572
256	0.851597	0.0609982	0.0609982	-2.74631	-0.0615235	-0.037144	1.22289	1.22289	-3.44113	-0.439807	-0.280927
256	1.02097	0.0289076	0.0289076	-2.8435	-0.133696	-0.146945	0.57954	0.57954	-3.5629	-0.699316	-0.605666
256	0.94461	0.144936	0.144936	-2.09829	-0.0275882	0.0295317	2.90567	2.90567	-2.62916	-0.126182	0.17387
256	1.03449	0.0459288	0.0459288	-3.09311	-0.169303	-0.123874	0.920781	0.920781	-3.87567	-0.737279	-0.531486
256	0.921742	-0.0332199	-0.0332199	-2.19215	-0.170254	-0.139987	-0.665993	-0.665993	-2.74676	-1.1339	-0.916466
256	0.917692	0.0988646	0.0988646	-3.11478	-0.0522024	-0.00512833	1.98204	1.98204	-3.90282	-0.328357	-0.0337506
256	0.848196	0.0219201	0.0219201	-2.1294	-0.126147	-0.0784058	0.439454	0.439454	-2.66814	-0.788872	-0.530445
256	1.12224	0.0394071	0.0394071	-3.10473	-0.446685	-0.358505	0.790033	0.790033	-3.89022	-1.36624	-1.06606
256	0.971868	-0.00494287	-0.00494287	-2.49026	-0.157989	-0.136678	-0.0990946	-0.0990946	-3.1203	-0.913074	-0.742339
256	1.05896	0.145822	0.145822	-3.07312	-0.149034	-0.112241	2.92344	2.92344	-3.85062	-0.573431	-0.36568
256	0.951431	0.066105	0.066105	-2.44369	-0.0726652	-0.0396491	1.32527	1.32527	-3.06195	-0.486918	-0.245121
256	0.925306	0.0568645	0.0568645	-2.68271	-0.0628322	-0.0709369	1.14002	1.14002	-3.36143	-0.49469	-0.428863
256	1.09382	0.155785	0.155785	-2.55729	-0.227821	-0.134072	3.12317	3.12317	-3.20428	-0.659455	-0.415238
256	0.867171	0.0936529	0.0936529	-2.33736	-0.0271118	-0.00963768	1.87755	1.87755	-2.92872	-0.189221	-0.0621666
256	1.05154	0.0135336	0.0135336	-2.38151	-0.267458	-0.177451	0.271321	0.271321	-2.98404	-0.983051	-0.705788
256	1.17007	0.104244	0.104244	-2.88301	-0.48126	-0.482654	2.08988	2.08988	-3.61241	-1.28907	-1.39094
256	0.998018	0.163401	0.163401	-2.05348	-0.030895	0.0331205	3.27587	3.27587	-2.57301	-0.143691	0.176297
256	1.06511	0.162076	0.162076	-2.83987	-0.10126	-0.0345078	3.24929	3.24929	-3.55835	-0.389529	-0.13252
256	0.882512	0.106218	0.106218	-2.94158	-0.0362094	0.0101806	2.12946	2.12946	-3.6858	-0.21867	0.0710749
256	0.963299	-0.023301	-0.023301	-2.69589	-0.175072	-0.148688	-0.467138	-0.467138	-3.37795	-0.94185	-0.852062
256	1.0955	0.125147	0.125147	-2.83451	-0.288162	-0.194811	2.50896	2.50896	-3.55164	-0.90282	-0.614923
256	1.07121	0.212485	0.212485	-2.70266	-0.160252	-0.102285	4.2599	4.2599	-3.38643	-0.533896	-0.326497
256	1.09514	0.0781891	0.0781891	-3.23093	-0.310405	-0.221655	1.56754	1.56754	-4.04836	-0.987411	-0.681274
256	0.952689	0.0869769	0.0869769	-2.67348	-0.0459009	-0.0290296	1.74371	1.74371	-3.34987	-0.306255	-0.182056
256	0.913953	-0.0424017	-0.0424017	-2.74676	-0.17804	-0.148298	-0.850069	-0.850069	-3.44169	-1.12723	-0.965824
256	0.963366	0.0310822	0.0310822	-2.67276	-0.134686	-0.100589	0.623136	0.623136	-3.34896	-0.700409	-0.56625
256	1.00761	-0.0218598	-0.0218598	-2.79131	-0.212562	-0.156949	-0.438246	-0.438246	-3.49752	-0.940761	-0.800643
256	0.997428	0.0786771	0.0786771	-2.60283	-0.08567	-0.0503615	1.57732	1.57732	-3.26134	-0.475495	-0.295218
256	0.835947	0.123976	0.123976	-2.31374	-0.00367166	0.0231353	2.48548	2.48548	-2.89912	-0.0268099	0.16603
256	0.974958	0.0558991	0.0558991	-2.35123	-0.0924853	-0.0815755	1.12067	1.12067	-2.94609	-0.571797	-0.411995
256	0.944758	0.0186154	0.0186154	-2.81541	-0.134826	-0.101383	0.373202	0.373202	-3.52771	-0.654532	-0.579065
256	1.0447	-0.0387412	-0.0387412	-3.07794	-0.281777	-0.199362	-0.776683	-0.776683	-3.85666	-1.12311	-0.962993
256	1.04215	-0.0149029	-0.0149029	-2.60917	-0.226746	-0.205465	-0.298772	-0.298772	-3.2693	-1.04992	-0.804969
256	0.941656	0.0475038	0.0475038	-2.61436	-0.0866919	-0.0674635	0.952357	0.952357	-3.2758	-0.565779	-0.374862
256	0.907753	-0.0140853	-0.0140853	-2.7524	-0.138282	-0.116116	-0.282383	-0.282383	-3.44875	-0.945177	-0.783842
256	0.839389	0.134096	0.134096	-2.50185	-0.0106584	0.0207535	2.68836	2.68836	-3.13482	-0.0650792	0.124194
256	1.01344	0.0743117	0.0743117	-2.57143	-0.127084	-0.08436	1.4898	1.4898	-3.222	-0.556012	-0.365912
256	0.948297	0.0412628	0.0412628	-2.38498	-0.112274	-0.077771	0.827237	0.827237	-2.98837	-0.612783	-0.477646
256	0.939316	0.122324	0.122324	-2.83388	-0.0373369	0.0117918	2.45234	2.45234	-3.55085	-0.189653	0.0713197
256	1.02112	0.0533265	0.0533265	-2.85227	-0.12633	-0.104168	1.06909	1.06909	-3.57389	-0.605823	-0.490217
256	0.831062	0.104388	0.104388	-1.89401	-0.000834453	-0.000237123	2.09277	2.09277	-2.3732	-0.00660976	-0.00152936
256	1.05806	-0.0167873	-0.0167873	-2.57028	-0.326186	-0.241753	-0.336552	-0.336552	-3.22056	-1.06618	-0.891778
256	1.01453	-0.00778238	-0.00778238	-2.85814	-0.172444	-0.150842	-0.156021	-0.156021	-3.58125	-0.933821	-0.78057
256	0.827608	0.0817135	0.0817135	-3.09941	-0.0480093	-0.0107073	1.63819	1.63819	-3.88356	-0.316643	-0.0774593
362	0.977583	0.0942412	0.0942412	-2.52577	-0.0340773	-0.0281361	2.2467	2.2467	-3.16479	-0.236098	-0.175372
362	1.01125	0.0575085	0.0575085	-2.74566	-0.0727921	-0.0765926	1.371	1.371	-3.44031	-0.480635	-0.404047
362	1.08844	0.0242525	0.0242525	-2.91567	-0.26744	-0.296031	0.578178	0.578178	-3.65333	-1.0636	-0.964326
362	0.99666	-0.0230029	-0.0230029	-2.83407	-0.193932	-0.177054	-0.548388	-0.548388	-3.55109	-1.07582	-0.884507
362	0.992184	0.0611337	0.0611337	-2.31504	-0.0646604	-0.066674	1.45742	1.45742	-2.90075	-0.456661	-0.402024
362	1.07865	-0.0207372	-0.0207372	-3.29568	-0.404996	-0.360791	-0.494375	-0.494375	-4.12949	-1.44984	-1.21114
362	1.02865	0.156778	0.156778	-2.43355	-0.0267	0.0451303	3.73759	3.73759	-3.04924	-0.134322	0.27298
362	1.08777	0.088095	0.088095	-2.44764	-0.29766	-0.188063	2.10018	2.10018	-3.0669	-1.10256	-0.663415
362	1.05796	0.12677	0.12677	-2.41622	-0.115616	-0.0917789	3.02219	3.02219	-3.02753	-0.461858	-0.373439
362	0.933889	0.122048	0.122048	-2.89676	-0.00597585	0.0167589	2.90962	2.90962	-3.62963	-0.0415346	0.105379
362	0.931893	0.0698688	0.0698688	-3.19479	-0.0754619	-0.0234337	1.66567	1.66567	-4.00307	-0.459713	-0.182908
362	1.0578	-0.0216758	-0.0216758	-2.7577	-0.255626	-0.223079	-0.51675	-0.51675	-3.4554	-1.13196	-0.921261
362	0.955406	0.136417	0.136417	-2.59648	-0.00373406	0.0161009	3.25218	3.25218	-3.25339	-0.0231628	0.0962578
362	1.07177	0.0565275	0.0565275	-3.19915	-0.235846	-0.160816	1.34761	1.34761	-4.00853	-0.905995	-0.67488
362	1.07513	-0.0310092	-0.0310092	-2.98263	-0.48813	-0.325704	-0.739257	-0.739257	-3.73724	-1.52609	-1.09306
362	1.02947	0.0717098	0.0717098	-2.93115	-0.0918795	-0.067158	1.70956	1.70956	-3.67273	-0.497095	-0.364062
362	0.917584	0.0853926	0.0853926	-2.66119	-0.0308522	-0.0630413	2.03576	2.03576	-3.33448	-0.245045	-0.310877
362	0.916878	0.127074	0.127074	-2.12427	0.00934773	0.052904	3.02943	3.02943	-2.66171	0.0692371	0.471144
362	0.988318	0.0470702	0.0470702	-2.86745	-0.0962142	-0.0708699	1.12215	1.12215	-3.59291	-0.603205	-0.412025
362	0.892494	0.164391	0.164391	-2.1081	0.0532895	0.0672301	3.91907	3.91907	-2.64145	0.433991	0.501477
362	1.01666	0.0275696	0.0275696	-2.55798	-0.142226	-0.120732	0.657257	0.657257	-3.20515	-0.731271	-0.55409
362	0.975859	0.079328	0.079328	-3.23204	-0.0747054	-0.0312648	1.89118	1.89118	-4.04975	-0.449836	-0.205856
362	1.14126	0.0896976	0.0896976	-2.57313	-0.649501	-0.513381	2.13839	2.13839	-3.22413	-2.16296	-1.77133
362	1.03232	0.0862283	0.0862283	-3.02318	-0.11874	-0.0655417	2.05568	2.05568	-3.78804	-0.593148	-0.317331
362	1.0508	0.0713224	0.0713224	-2.96659	-0.15739	-0.118776	1.70032	1.70032	-3.71714	-0.67009	-0.53099
362	1.06884	0.0821673	0.0821673	-2.77231	-0.222824	-0.162482	1.95886	1.95886	-3.47371	-0.825115	-0.601887
362	0.950793	0.134988	0.134988	-2.45354	-0.0363138	0.0293212	3.21812	3.21812	-3.07428	-0.174611	0.187834
362	1.04473	0.0385018	0.0385018	-2.59476	-0.247281	-0.145681	0.91788	0.91788	-3.25124	-0.956163	-0.654459
362	1.03571	0.0255588	0.0255588	-2.79434	-0.198427	-0.185855	0.60932	0.60932	-3.50131	-0.872538	-0.775144
362	1.00739	0.0767682	0.0767682	-2.64453	-0.0948698	-0.0663585	1.83015	1.83015	-3.31359	-0.516811	-0.327653
362	0.911276	0.0811656	0.0811656	-2.44218	-0.0300115	-0.00254065	1.93498	1.93498	-3.06005	-0.22771	-0.0194938
362	0.903147	0.181514	0.181514	-3.20365	0.0647609	0.103772	4.32729	4.32729	-4.01418	0.502219	0.925491
362	0.916097	0.11892	0.11892	-2.44334	-0.00550643	0.0208567	2.83505	2.83505	-3.06151	-0.0369731	0.147692
362	1.06474	0.0857634	0.0857634	-2.69126	-0.231188	-0.155116	2.04459	2.04459	-3.37214	-0.87591	-0.578256
362	1.09095	0.137832	0.137832	-2.88705	-0.285221	-0.235575	3.28591	3.28591	-3.61748	-0.910035	-0.732679
362	1.02561	0.0347783	0.0347783	-3.05504	-0.123995	-0.140933	0.829113	0.829113	-3.82797	-0.672165	-0.600826
362	0.974336	0.114898	0.114898	-2.64611	-0.059059	-0.00839923	2.73917	2.73917	-3.31557	-0.298335	-0.0493572
362	1.04261	0.105166	0.105166	-2.68977	-0.183286	-0.106575	2.50716	2.50716	-3.37028	-0.655954	-0.445367
362	0.942159	0.0592105	0.0592105	-3.17211	-0.0635838	-0.0557229	1.41158	1.41158	-3.97466	-0.460806	-0.355941
362	1.01197	-0.0243095	-0.0243095	-2.57851	-0.182968	-0.167772	-0.579537	-0.579537	-3.23087	-0.997209	-0.808148
362	0.980592	0.0325274	0.0325274	-3.09533	-0.138883	-0.107485	0.775453	0.775453	-3.87845	-0.723626	-0.551264
362	0.981203	-0.00990225	-0.00990225	-2.77147	-0.146603	-0.1388	-0.236069	-0.236069	-3.47265	-0.913909	-0.726883
362	0.98607	0.0902122	0.0902122	-2.70945	-0.0469199	-0.0443784	2.15065	2.15065	-3.39494	-0.30422	-0.240553
362	1.00219	0.0229915	0.0229915	-3.2444	-0.133401	-0.117118	0.548117	0.548117	-4.06523	-0.712892	-0.630063
362	0.938915	0.065396	0.065396	-2.56997	-0.0625672	-0.0559554	1.55904	1.55904	-3.22017	-0.422757	-0.355367
362	0.942863	-0.0742084	-0.0742084	-2.77623	-0.186196	-0.174331	-1.76912	-1.76912	-3.47862	-1.48184	-1.16433
362	1.00328	0.0199005	0.0199005	-2.99741	-0.118743	-0.109728	0.474427	0.474427	-3.75576	-0.754311	-0.564244
362	1.01907	0.084552	0.084552	-2.58103	-0.11432	-0.0439174	2.01571	2.01571	-3.23404	-0.580103	-0.26017
362	0.986897	0.0951655	0.0951655	-2.79564	-0.0540065	-0.0142293	2.26874	2.26874	-3.50294	-0.311104	-0.0893431
362	0.959391	0.0859155	0.0859155	-2.4965	-0.063249	-0.0558828	2.04822	2.04822	-3.12811	-0.40128	-0.289279
362	0.908307	0.0385041	0.0385041	-2.62223	-0.0694785	-0.0791236	0.917936	0.917936	-3.28566	-0.550442	-0.497416
362	0.962851	0.0106539	0.0106539	-2.39636	-0.123536	-0.135136	0.253988	0.253988	-3.00264	-0.870206	-0.707598
362	0.968395	0.00556928	0.00556928	-2.68556	-0.118447	-0.132717	0.132771	0.132771	-3.36501	-0.854227	-0.707749
362	1.14621	0.152613	0.152613	-2.55258	-0.453449	-0.4085	3.6383	3.6383	-3.19838	-1.49799	-1.3375
362	0.973432	0.0439431	0.0439431	-3.03167	-0.0968318	-0.0791677	1.0476	1.0476	-3.79868	-0.619525	-0.509168
362	0.945172	-0.0211164	-0.0211164	-2.41118	-0.15578	-0.130159	-0.503414	-0.503414	-3.0212	-1.05079	-0.883423
362	0.936681	0.0033543	0.0033543	-3.21327	-0.13771	-0.0900258	0.0799663	0.0799663	-4.02623	-0.799236	-0.693889
362	0.909906	0.142963	0.142963	-2.46204	0.0329181	0.0340606	3.40822	3.40822	-3.08494	0.256928	0.229104
362	0.911904	0.0810403	0.0810403	-2.85181	-0.0294304	-0.0128712	1.932	1.932	-3.57332	-0.235168	-0.0898174
362	0.893646	0.10102	0.10102	-2.5257	-0.0383709	0.012222	2.4083	2.4083	-3.16471	-0.252745	0.091204
362	1.04982	0.0431732	0.0431732	-2.73942	-0.220207	-0.128376	1.02925	1.02925	-3.43249	-0.894406	-0.565143
362	0.871967	-0.0198179	-0.0198179	-2.74244	-0.145088	-0.11924	-0.472459	-0.472459	-3.43627	-1.08779	-0.883938
362	0.990626	0.0510775	0.0510775	-2.57337	-0.113426	-0.0696588	1.21768	1.21768	-3.22444	-0.654556	-0.415349
362	1.03592	-0.0385191	-0.0385191	-3.08943	-0.266621	-0.227773	-0.918292	-0.918292	-3.87106	-1.23211	-0.950021
362	1.01866	0.0570153	0.0570153	-2.69582	-0.134752	-0.084111	1.35924	1.35924	-3.37786	-0.662194	-0.412769
362	0.94318	0.0895471	0.0895471	-2.75818	-0.0399063	-0.02354	2.1348	2.1348	-3.456	-0.276344	-0.144048
362	0.994351	-0.0708505	-0.0708505	-2.93115	-0.241223	-0.208103	-1.68907	-1.68907	-3.67273	-1.23765	-1.09955
362	0.978575	-0.0163318	-0.0163318	-2.72892	-0.143427	-0.139416	-0.38935	-0.38935	-3.41934	-0.981346	-0.826987
362	0.937193	0.0804775	0.0804775	-2.56449	-0.0338229	-0.0226132	1.91858	1.91858	-3.21331	-0.232075	-0.146047
362	0.959043	0.0305243	0.0305243	-2.97699	-0.123642	-0.0633566	0.727698	0.727698	-3.73016	-0.679408	-0.452126
362	0.979714	0.0973905	0.0973905	-2.48434	-0.0419093	-0.0317995	2.32178	2.32178	-3.11288	-0.266195	-0.170612
362	0.850869	0.0858173	0.0858173	-2.41947	-0.0115923	-0.00356438	2.04588	2.04588	-3.0316	-0.0968662	-0.0291171
362	1.03752	0.0239642	0.0239642	-2.56063	-0.203761	-0.204394	0.571305	0.571305	-3.20847	-0.830126	-0.832912
362	0.875853	0.0765658	0.0765658	-2.78674	-0.0595203	-0.0211425	1.82533	1.82533	-3.49178	-0.439247	-0.145363
362	1.03192	-0.012369	-0.012369	-2.43104	-0.229987	-0.178377	-0.294877	-0.294877	-3.04609	-1.00799	-0.830181
362	1.00312	0.0528016	0.0528016	-2.97573	-0.137932	-0.0621191	1.25879	1.25879	-3.72859	-0.652939	-0.33718
362	1.00482	0.149438	0.149438	-2.96399	-0.0206195	0.0143036	3.5626	3.5626	-3.71387	-0.110448	0.0725687
362	0.916756	0.0230141	0.0230141	-2.5401	-0.0972052	-0.07526	0.548655	0.548655	-3.18275	-0.734685	-0.525471
362	0.934115	-0.00791564	-0.00791564	-2.79928	-0.152001	-0.131752	-0.188708	-0.188708	-3.5075	-0.918329	-0.751574
362	0.865859	0.0976314	0.0976314	-2.66042	-0.00564684	0.0163082	2.32753	2.32753	-3.33351	-0.0445037	0.136975
362	0.848788	0.0210042	0.0210042	-3.19399	-0.0812268	-0.0709138	0.500739	0.500739	-4.00207	-0.724756	-0.548791
362	0.967448	0.0162136	0.0162136	-2.88558	-0.135842	-0.110001	0.386531	0.386531	-3.61563	-0.792565	-0.648307
362	1.06221	0.0361215	0.0361215	-3.17377	-0.233645	-0.249578	0.861136	0.861136	-3.97674	-0.947733	-0.850822
362	1.01259	0.0839252	0.0839252	-3.28225	-0.0406507	-0.062481	2.00077	2.00077	-4.11266	-0.274669	-0.325776
362	0.990057	0.050937	0.050937	-2.60534	-0.112261	-0.0790728	1.21434	1.21434	-3.26449	-0.594099	-0.465322
362	1.09878	-0.0251213	-0.0251213	-2.97704	-0.427948	-0.301896	-0.598891	-0.598891	-3.73024	-1.43956	-1.08599
362	0.953115	0.0719481	0.0719481	-3.23117	-0.0638539	-0.0765674	1.71524	1.71524	-4.04866	-0.445378	-0.409748
362	1.10056	0.00913934	0.00913934	-2.78209	-0.465019	-0.367441	0.217881	0.217881	-3.48596	-1.43227	-1.19823
362	0.949853	-0.0179296	-0.0179296	-2.41659	-0.154985	-0.123175	-0.427441	-0.427441	-3.02799	-0.988037	-0.849167
362	1.10459	0.123351	0.123351	-3.04306	-0.379256	-0.229518	2.94068	2.94068	-3.81296	-1.38926	-0.771361
362	1.03133	0.022307	0.022307	-3.03931	-0.215928	-0.184903	0.531797	0.531797	-3.80826	-0.899237	-0.768778
362	1.09226	-0.0285283	-0.0285283	-2.88371	-0.485625	-0.443648	-0.680113	-0.680113	-3.61328	-1.50381	-1.43309
362	0.998201	0.0344136	0.0344136	-2.83397	-0.0888221	-0.0890672	0.820419	0.820419	-3.55096	-0.616608	-0.541501
362	1.03818	0.0190591	0.0190591	-3.22884	-0.213711	-0.173364	0.454369	0.454369	-4.04574	-0.904819	-0.72519
362	0.948967	0.101826	0.101826	-2.51328	-0.0470242	0.000848601	2.42752	2.42752	-3.14913	-0.298046	0.00535873
362	0.988204	0.0832129	0.0832129	-2.53815	-0.0557442	-0.0364302	1.98379	1.98379	-3.1803	-0.322343	-0.201204
362	0.868858	0.0245226	0.0245226	-2.75525	-0.100127	-0.0616172	0.584617	0.584617	-3.45233	-0.72291	-0.475518
362	1.02427	-0.00492048	-0.00492048	-2.97142	-0.247197	-0.178194	-0.117304	-0.117304	-3.72319	-0.98662	-0.785674
362	1.03025	-0.0243851	-0.0243851	-2.54458	-0.193547	-0.189629	-0.581339	-0.581339	-3.18836	-1.08851	-0.858575
362	0.956326	0.152528	0.152528	-3.32913	-0.00489088	0.0397256	3.63625	3.63625	-4.1714	-0.0281757	0.238179
362	1.00456	0.0697046	0.0697046	-2.63054	-0.0686113	-0.0430994	1.66175	1.66175	-3.29607	-0.454745	-0.264351
362	0.994277	0.0579526	0.0579526	-2.986	-0.0859247	-0.0643947	1.38159	1.38159	-3.74145	-0.501713	-0.360332
362	0.898589	0.0553084	0.0553084	-2.5226	-0.0636032	-0.044726	1.31855	1.31855	-3.16082	-0.499855	-0.339154
362	0.954723	0.0649077	0.0649077	-2.59294	-0.0524376	-0.0442002	1.5474	1.5474	-3.24895	-0.406937	-0.271447
362	0.973589	0.00871571	0.00871571	-3.13684	-0.163058	-0.111601	0.207782	0.207782	-3.93046	-0.828162	-0.628595
362	0.976041	0.0281264	0.0281264	-2.89372	-0.140512	-0.119182	0.670531	0.670531	-3.62583	-0.675655	-0.564225
362	1.0002	0.0684762	0.0684762	-3.34789	-0.0731365	-0.0533036	1.63247	1.63247	-4.1949	-0.41312	-0.304121
362	1.0366	0.0647256	0.0647256	-2.81023	-0.1738	-0.125228	1.54305	1.54305	-3.52122	-0.742849	-0.540417
362	0.988229	-0.0249146	-0.0249146	-2.6424	-0.137196	-0.150375	-0.593962	-0.593962	-3.31092	-1.03398	-0.842661
362	1.05839	0.0613636	0.0613636	-2.64533	-0.184513	-0.164372	1.4629	1.4629	-3.3146	-0.78312	-0.634192
362	1.0086	0.0446161	0.0446161	-2.70806	-0.138646	-0.0723788	1.06365	1.06365	-3.3932	-0.641554	-0.460476
362	1.04575	0.0762159	0.0762159	-2.22899	-0.144004	-0.143029	1.81698	1.81698	-2.79293	-0.664856	-0.598581
362	1.12974	0.0285081	0.0285081	-3.43506	-0.572763	-0.410202	0.679632	0.679632	-4.30413	-1.94087	-1.24867
362	1.04802	-0.00892157	-0.00892157	-3.03857	-0.17907	-0.206958	-0.21269	-0.21269	-3.80733	-1.04464	-0.82253
362	1.03195	0.0408443	0.0408443	-3.11409	-0.192766	-0.181447	0.973726	0.973726	-3.90196	-0.870442	-0.70259
362	1.07081	0.0684712	0.0684712	-2.609	-0.28407	-0.152894	1.63235	1.63235	-3.26908	-1.02021	-0.610291
362	0.870144	0.0951427	0.0951427	-2.19776	-0.0277589	-0.0115614	2.2682	2.2682	-2.75379	-0.211721	-0.0799705
362	0.926342	0.0415948	0.0415948	-2.36038	-0.141304	-0.0610617	0.991617	0.991617	-2.95755	-0.777065	-0.460287
362	0.953126	0.132086	0.132086	-2.91372	0.00497046	0.010875	3.14892	3.14892	-3.6509	0.0353321	0.0661518
362	0.897653	0.151597	0.151597	-2.38855	0.0299527	0.0554473	3.61407	3.61407	-2.99285	0.23172	0.395459
362	1.02896	0.00408082	0.00408082	-3.24041	-0.189529	-0.168313	0.0972866	0.0972866	-4.06023	-0.938044	-0.763653
362	0.964405	0.0327391	0.0327391	-2.97104	-0.103259	-0.0700614	0.7805	0.7805	-3.72271	-0.722649	-0.466439
362	1.08456	0.12658	0.12658	-2.5587	-0.344136	-0.200246	3.01766	3.01766	-3.20606	-1.01287	-0.665257
362	1.0037	0.0253874	0.0253874	-2.38137	-0.145107	-0.113247	0.605234	0.605234	-2.98386	-0.789472	-0.596856
362	0.968055	0.104593	0.104593	-2.56924	-0.0231571	-0.0142758	2.4935	2.4935	-3.21925	-0.153996	-0.0873213
362	1.06551	0.1521	0.1521	-3.00493	-0.181041	-0.0957748	3.62607	3.62607	-3.76518	-0.701744	-0.350961
362	1.02649	0.082845	0.082845	-3.07787	-0.0842916	-0.0791461	1.97502	1.97502	-3.85658	-0.441077	-0.38282
362	1.04388	0.0168749	0.0168749	-2.73462	-0.184614	-0.191664	0.402297	0.402297	-3.42648	-0.876271	-0.801511
362	0.855282	0.0249992	0.0249992	-3.28732	-0.081239	-0.0595401	0.595979	0.595979	-4.11901	-0.566036	-0.487888
362	1.0568	0.133688	0.133688	-2.67276	-0.12504	-0.0821552	3.18712	3.18712	-3.34896	-0.558501	-0.317575
362	1.0122	0.0532276	0.0532276	-2.24892	-0.142087	-0.0897779	1.26894	1.26894	-2.8179	-0.676194	-0.438037
362	0.992188	-0.106057	-0.106057	-2.43818	-0.257469	-0.206058	-2.5284	-2.5284	-3.05504	-1.45245	-1.48663
362	0.91608	0.0304819	0.0304819	-2.48701	-0.0986522	-0.0662417	0.726686	0.726686	-3.11622	-0.699427	-0.480007
362	0.968872	0.0584352	0.0584352	-2.85584	-0.0664359	-0.0488228	1.39309	1.39309	-3.57837	-0.475789	-0.315144
362	1.02154	0.0564059	0.0564059	-2.72673	-0.141223	-0.0787776	1.34471	1.34471	-3.41659	-0.707819	-0.442674
362	0.950685	0.0502211	0.0502211	-2.67962	-0.0725324	-0.0751271	1.19727	1.19727	-3.35756	-0.479057	-0.441369
362	1.05562	0.0284691	0.0284691	-2.6663	-0.3217	-0.210585	0.678701	0.678701	-3.34087	-1.10488	-0.831685
362	0.98677	0.130672	0.130672	-3.00834	-0.0355795	-0.0177083	3.11521	3.11521	-3.76945	-0.195893	-0.0915257
362	1.04031	0.150333	0.150333	-2.53116	-0.0503626	-0.00606455	3.58393	3.58393	-3.17155	-0.246618	-0.0279153
362	1.00913	0.102149	0.102149	-2.58769	-0.0300011	-0.0266904	2.43523	2.43523	-3.24238	-0.197605	-0.148216
362	0.918655	0.135104	0.135104	-2.67658	0.019932	0.0463008	3.22087	3.22087	-3.35376	0.148482	0.357201
362	0.915827	0.059767	0.059767	-2.47378	-0.0830346	-0.0356711	1.42484	1.42484	-3.09964	-0.510342	-0.265905
362	1.01885	0.0177528	0.0177528	-3.02607	-0.132995	-0.127222	0.423225	0.423225	-3.79167	-0.841567	-0.669552
362	1.0645	0.0350838	0.0350838	-2.9314	-0.207405	-0.188301	0.836396	0.836396	-3.67305	-0.874664	-0.723107
362	0.956911	0.0833999	0.0833999	-2.81418	-0.038568	-0.0381802	1.98825	1.98825	-3.52616	-0.289237	-0.215587
362	0.887037	0.00157723	0.00157723	-2.50912	-0.0939767	-0.0873461	0.037601	0.037601	-3.14393	-0.767567	-0.660551
362	0.934985	0.0849404	0.0849404	-2.74531	-0.0227043	-0.0435442	2.02497	2.02497	-3.43987	-0.179319	-0.248052
362	1.07594	0.176981	0.176981	-2.9493	-0.173765	-0.0717201	4.21923	4.21923	-3.69548	-0.617075	-0.275377
362	1.04538	0.0371641	0.0371641	-2.76205	-0.186932	-0.149573	0.88599	0.88599	-3.46085	-0.837217	-0.668593
362	1.1408	0.0790671	0.0790671	-3.15222	-0.659229	-0.466201	1.88495	1.88495	-3.94974	-2.24118	-1.46988
362	0.838859	0.0227365	0.0227365	-2.46098	-0.0787578	-0.0640627	0.542037	0.542037	-3.08361	-0.669463	-0.524011
362	0.970871	0.0359312	0.0359312	-3.05991	-0.117196	-0.091037	0.856598	0.856598	-3.83407	-0.665892	-0.527407
362	1.0171	0.068683	0.068683	-2.76105	-0.101048	-0.0704785	1.6374	1.6374	-3.4596	-0.590374	-0.379175
362	0.994357	0.00677415	0.00677415	-2.45521	-0.15517	-0.104514	0.161496	0.161496	-3.07637	-0.901008	-0.630009
362	0.968709	0.0225498	0.0225498	-3.27434	-0.135295	-0.0864946	0.537585	0.537585	-4.10274	-0.786083	-0.554471
362	0.931002	0.0628121	0.0628121	-2.4813	-0.057347	-0.0379212	1.49744	1.49744	-3.10907	-0.440807	-0.277208
362	0.944823	0.134264	0.134264	-2.39625	0.00129744	0.0267402	3.20085	3.20085	-3.0025	0.00887845	0.178393
362	0.941034	0.102606	0.102606	-2.7982	-0.0186426	-0.0198305	2.44613	2.44613	-3.50615	-0.125267	-0.118667
362	0.99176	0.0919576	0.0919576	-2.13858	-0.0719057	-0.0524419	2.19227	2.19227	-2.67964	-0.426868	-0.293439
362	0.931695	0.0555782	0.0555782	-2.872	-0.0885734	-0.0633717	1.32498	1.32498	-3.59862	-0.535133	-0.411881
362	1.15254	0.0529365	0.0449111	-2.48214	-0.680214	-0.525101	1.262	1.0692	-3.11012	-2.76462	-1.70424
362	1.06944	0.0621968	0.0621968	-2.92482	-0.304541	-0.174096	1.48277	1.48277	-3.6648	-1.03618	-0.593843
362	0.888243	0.0609997	0.0609997	-2.40748	-0.0427157	-0.0318599	1.45423	1.45423	-3.01657	-0.351458	-0.2344
362	0.949981	0.06196	0.06196	-2.98297	-0.0937903	-0.053561	1.47712	1.47712	-3.73766	-0.574929	-0.312703
362	1.11941	0.117908	0.117908	-2.85605	-0.435604	-0.301748	2.81092	2.81092	-3.57863	-1.31789	-0.909814
362	0.900006	0.0758657	0.0758657	-2.41927	-0.0463718	-0.0206522	1.80863	1.80863	-3.03135	-0.328461	-0.148092
362	0.946309	0.0154966	0.0154966	-2.74225	-0.145367	-0.0967699	0.369439	0.369439	-3.43604	-0.813633	-0.604034
362	0.904368	0.0454322	0.0454322	-2.70752	-0.0848895	-0.0444137	1.0831	1.0831	-3.39253	-0.587829	-0.356017
362	0.896687	0.100759	0.100759	-2.07514	-0.0118118	0.0128557	2.40209	2.40209	-2.60015	-0.083466	0.0964103
362	1.05283	-0.000891806	-0.000891806	-2.57973	-0.370843	-0.206543	-0.0212606	-0.0212606	-3.23241	-1.24315	-0.841673
362	1.01985	-0.0519534	-0.0519534	-3.07126	-0.206843	-0.180608	-1.23857	-1.23857	-3.84829	-1.33301	-0.978732
362	0.956753	-0.0131351	-0.0131351	-2.89303	-0.123973	-0.139664	-0.313139	-0.313139	-3.62497	-0.961418	-0.810412
362	0.934757	-0.00777425	-0.00777425	-2.88299	-0.118754	-0.113411	-0.185338	-0.185338	-3.61239	-0.905367	-0.709446
362	1.02576	0.0191097	0.0191097	-2.46724	-0.131492	-0.149374	0.455575	0.455575	-3.09145	-0.778678	-0.660325
362	1.05362	0.0687906	0.0687906	-3.05022	-0.195558	-0.118681	1.63996	1.63996	-3.82193	-0.780342	-0.538027
362	1.00052	0.0128759	0.0128759	-3.22566	-0.139736	-0.109374	0.306961	0.306961	-4.04175	-0.773781	-0.616524
362	0.980374	0.0304896	0.0304896	-2.17882	-0.110405	-0.118387	0.72687	0.72687	-2.73006	-0.650442	-0.566974
362	0.956685	0.0475862	0.0475862	-2.94508	-0.0705745	-0.0732718	1.13445	1.13445	-3.69019	-0.535807	-0.415743
362	0.969734	0.047307	0.047307	-2.52303	-0.0886245	-0.0700742	1.1278	1.1278	-3.16136	-0.578897	-0.442907
362	1.01399	-0.00834752	-0.00834752	-2.85677	-0.150119	-0.162877	-0.199005	-0.199005	-3.57954	-1.02144	-0.749448
362	1.05903	0.00578002	0.00578002	-3.33802	-0.20501	-0.233209	0.137795	0.137795	-4.18254	-1.08913	-0.842279
362	0.924064	0.0876122	0.0876122	-2.6029	-0.0472325	-0.0152686	2.08867	2.08867	-3.26144	-0.327457	-0.104936
362	0.912358	-0.0849656	-0.0849656	-2.6212	-0.195291	-0.199685	-2.02557	-2.02557	-3.28437	-1.56991	-1.34022
362	0.92507	0.0887161	0.0887161	-2.30553	-0.030621	-0.00407528	2.11499	2.11499	-2.88883	-0.233587	-0.0283351
362	0.925812	0.0659269	0.0659269	-2.34311	-0.0448054	-0.0329445	1.57169	1.57169	-2.93592	-0.36431	-0.228763
362	0.998354	0.0416417	0.0416417	-2.58758	-0.100533	-0.0900134	0.992737	0.992737	-3.24224	-0.654211	-0.49147
362	1.02141	0.0626404	0.0626404	-2.76626	-0.176314	-0.0850422	1.49334	1.49334	-3.46613	-0.738841	-0.409491
362	0.951788	0.0644134	0.0644134	-2.21195	-0.0808478	-0.0298616	1.53561	1.53561	-2.77157	-0.507095	-0.228602
362	0.969443	0.101467	0.101467	-3.27381	-0.0364599	-0.0169505	2.41897	2.41897	-4.10208	-0.245729	-0.0977265
362	1.0606	0.0969589	0.0969589	-2.63264	-0.234531	-0.149693	2.3115	2.3115	-3.2987	-0.827519	-0.525202
362	1.08611	0.00312693	0.00312693	-2.96614	-0.345219	-0.294952	0.0745458	0.0745458	-3.71657	-1.20532	-1.02314
362	1.08873	0.0273407	0.0273407	-2.79193	-0.37106	-0.277464	0.6518	0.6518	-3.49829	-1.19032	-0.978522
362	0.932268	0.064046	0.064046	-2.62576	-0.0617199	-0.0356266	1.52685	1.52685	-3.29008	-0.435884	-0.234078
362	1.08661	0.0330517	0.0330517	-3.41834	-0.420056	-0.272431	0.787952	0.787952	-4.28317	-1.37035	-0.911126
362	0.963139	0.0204595	0.0204595	-2.93196	-0.135225	-0.101351	0.487753	0.487753	-3.67375	-0.742238	-0.574082
362	0.93495	0.0446552	0.0446552	-2.59235	-0.101082	-0.0502919	1.06458	1.06458	-3.24821	-0.56259	-0.384644
362	1.05655	0.0694952	0.0694952	-3.06436	-0.248664	-0.145918	1.65676	1.65676	-3.83964	-0.911287	-0.516571
362	0.958517	0.0912715	0.0912715	-2.52198	-0.0349406	-0.0183361	2.17591	2.17591	-3.16005	-0.253896	-0.118954
362	1.04561	0.0438663	0.0438663	-2.89846	-0.152855	-0.155569	1.04577	1.04577	-3.63177	-0.713241	-0.639664
362	0.839796	0.070168	0.070168	-2.60126	-0.0497458	-0.0172757	1.6728	1.6728	-3.25938	-0.394537	-0.135974
362	1.0036	0.00411369	0.00411369	-3.24967	-0.167512	-0.131337	0.0980701	0.0980701	-4.07184	-0.946741	-0.685797
362	0.919297	0.130728	0.130728	-3.12125	0.0118347	0.0233961	3.11655	3.11655	-3.91093	0.0887057	0.15653
362	1.00295	0.0856889	0.0856889	-2.4061	-0.106235	-0.0464678	2.04282	2.04282	-3.01484	-0.561857	-0.250694
362	1.07751	0.0643177	0.0643177	-3.14086	-0.250603	-0.198481	1.53333	1.53333	-3.9355	-1.05419	-0.703341
362	1.01953	0.0423857	0.0423857	-2.95798	-0.109922	-0.0799031	1.01047	1.01047	-3.70635	-0.646993	-0.508911
362	1.10539	-0.00172634	-0.00172634	-3.25294	-0.5038	-0.354498	-0.0411558	-0.0411558	-4.07593	-1.71173	-1.14439
362	0.990249	0.0529799	0.0529799	-2.63779	-0.0838494	-0.0925835	1.26304	1.26304	-3.30515	-0.5399	-0.487901
362	0.981914	0.0921933	0.0921933	-2.63923	-0.0733093	-0.0326141	2.19788	2.19788	-3.30696	-0.425413	-0.201938
362	0.912901	0.0173318	0.0173318	-3.34886	-0.0805389	-0.0893217	0.41319	0.41319	-4.19612	-0.699264	-0.592091
362	0.964503	-0.00905313	-0.00905313	-3.16064	-0.144625	-0.119142	-0.215826	-0.215826	-3.96028	-0.949306	-0.754279
362	1.03453	0.121892	0.121892	-2.19099	-0.129956	-0.0682222	2.9059	2.9059	-2.74532	-0.530827	-0.288303
362	0.991465	0.015144	0.015144	-2.75055	-0.162836	-0.0965951	0.361033	0.361033	-3.44645	-0.809365	-0.592971
362	0.971234	0.141069	0.141069	-2.47447	0.00803765	0.0294526	3.36307	3.36307	-3.10051	0.0535613	0.192069
362	0.930842	0.00886751	0.00886751	-2.65676	-0.103395	-0.114557	0.211401	0.211401	-3.32892	-0.784781	-0.672193
362	0.949262	0.10244	0.10244	-2.70814	-0.0314388	-0.0122632	2.44216	2.44216	-3.3933	-0.199937	-0.0737851
362	0.970185	-0.0287496	-0.0287496	-2.3613	-0.154462	-0.184617	-0.68539	-0.68539	-2.95871	-1.05323	-0.939183
362	0.880875	0.0224455	0.0224455	-2.50015	-0.0813398	-0.065039	0.535099	0.535099	-3.13269	-0.671563	-0.522472
362	1.01342	0.0680201	0.0680201	-3.03058	-0.12465	-0.0624023	1.6216	1.6216	-3.79732	-0.578797	-0.374592
362	1.08884	0.0627785	0.0627785	-2.3136	-0.341979	-0.287787	1.49664	1.49664	-2.89894	-1.14417	-0.855529
362	0.924665	0.119177	0.119177	-2.66278	0.0163344	0.0187224	2.84117	2.84117	-3.33646	0.140683	0.129506
362	1.03918	0.0993471	0.0993471	-2.48565	-0.140397	-0.104984	2.36843	2.36843	-3.11452	-0.592584	-0.433476
362	0.919003	0.207783	0.207783	-2.54412	0.11376	0.108928	4.95353	4.95353	-3.18779	1.0359	0.808821
362	1.02196	0.0401117	0.0401117	-2.51887	-0.135152	-0.14206	0.956261	0.956261	-3.15615	-0.734968	-0.611845
362	1.06839	0.0919539	0.0919539	-2.68377	-0.170045	-0.14475	2.19218	2.19218	-3.36276	-0.662173	-0.52781
362	0.9893	0.128517	0.128517	-2.71178	-0.00938763	-0.0262812	3.06384	3.06384	-3.39785	-0.0605117	-0.138178
362	0.951868	0.0392114	0.0392114	-3.03924	-0.0945801	-0.0692666	0.934797	0.934797	-3.80816	-0.671044	-0.444089
362	0.967008	0.0923002	0.0923002	-2.86529	-0.055849	-0.0332994	2.20043	2.20043	-3.5902	-0.336739	-0.188515
362	0.866369	-0.0298737	-0.0298737	-2.15793	-0.137285	-0.122719	-0.712188	-0.712188	-2.70389	-1.10807	-0.866205
362	0.881375	0.0920518	0.0920518	-2.5755	-0.00173059	-0.009199	2.19451	2.19451	-3.2271	-0.0159516	-0.0654261
362	0.883321	0.0556973	0.0556973	-2.83828	-0.0570568	-0.0502887	1.32782	1.32782	-3.55637	-0.454112	-0.348889
362	1.0645	0.0272881	0.0272881	-2.57591	-0.247693	-0.239521	0.650547	0.650547	-3.22761	-0.997255	-0.838483
362	1.06458	0.108903	0.108903	-2.94111	-0.131102	-0.106065	2.59624	2.59624	-3.6852	-0.528374	-0.449273
362	1.07658	0.0201818	0.0201818	-3.10047	-0.362719	-0.278125	0.481132	0.481132	-3.88488	-1.23052	-0.859967
362	1.04446	0.144641	0.144641	-3.03278	-0.0695716	-0.077745	3.44824	3.44824	-3.80007	-0.300967	-0.312892
362	1.06267	0.0293647	0.0293647	-3.21089	-0.196339	-0.193357	0.700054	0.700054	-4.02325	-0.819628	-0.709373
362	0.965505	-0.025931	-0.025931	-2.91915	-0.194119	-0.125444	-0.618194	-0.618194	-3.65769	-0.968534	-0.862472
362	0.884517	0.0599285	0.0599285	-2.40756	-0.051713	-0.0395502	1.42869	1.42869	-3.01667	-0.436294	-0.285056
362	1.03227	0.0565371	0.0565371	-2.69223	-0.147635	-0.0896575	1.34784	1.34784	-3.37336	-0.638377	-0.469197
362	0.962394	0.0184896	0.0184896	-2.67013	-0.109857	-0.102652	0.440791	0.440791	-3.34567	-0.705573	-0.589266
362	0.909498	0.0314957	0.0314957	-2.15802	-0.077451	-0.0643088	0.750857	0.750857	-2.704	-0.627957	-0.493488
362	0.923975	0.10744	0.10744	-2.64554	-0.0115251	0.00560306	2.56137	2.56137	-3.31486	-0.0841827	0.0399897
362	0.98481	0.00496854	0.00496854	-2.7656	-0.132616	-0.11693	0.11845	0.11845	-3.4653	-0.89672	-0.656329
362	0.952937	0.0159768	0.0159768	-3.03077	-0.104861	-0.117609	0.380885	0.380885	-3.79755	-0.78114	-0.663811
362	0.917795	0.0309672	0.0309672	-3.23928	-0.0663399	-0.0777766	0.738257	0.738257	-4.05882	-0.601171	-0.502722
362	0.883097	0.00821146	0.00821146	-2.3452	-0.103477	-0.0845009	0.195761	0.195761	-2.93853	-0.799078	-0.621168
362	1.01312	0.0980816	0.0980816	-2.98563	-0.067205	-0.0311233	2.33826	2.33826	-3.741	-0.401147	-0.174627
362	1.00232	0.00848493	0.00848493	-3.20126	-0.118372	-0.138185	0.20228	0.20228	-4.01118	-0.809878	-0.69374
362	1.12286	0.0786418	0.0786418	-2.63982	-0.415831	-0.372337	1.87482	1.87482	-3.3077	-1.2498	-1.08826
362	1.02085	0.0750238	0.0750238	-2.48116	-0.131097	-0.0698952	1.78856	1.78856	-3.10889	-0.599229	-0.34966
362	0.918279	0.0861786	0.0861786	-2.76461	-0.0538567	-0.034592	2.05449	2.05449	-3.46405	-0.358121	-0.205927
362	0.98542	0.0444313	0.0444313	-3.27288	-0.116675	-0.0708628	1.05924	1.05924	-4.10092	-0.649062	-0.41218
362	0.97925	0.0368468	0.0368468	-3.08558	-0.0832741	-0.090107	0.878427	0.878427	-3.86623	-0.654195	-0.543529
362	1.09261	0.0921404	0.0921404	-2.78528	-0.357016	-0.224305	2.19662	2.19662	-3.48995	-1.21922	-0.74766
362	0.900166	0.038062	0.038062	-2.28274	-0.0556431	-0.055925	0.907397	0.907397	-2.86027	-0.501505	-0.387279
362	0.893355	0.0791439	0.0791439	-3.33294	-0.0273005	-0.00489969	1.88679	1.88679	-4.17617	-0.247838	-0.0406599
362	0.997674	0.0143083	0.0143083	-2.97435	-0.122598	-0.109843	0.341109	0.341109	-3.72686	-0.733234	-0.608869
362	0.834987	0.120725	0.120725	-2.54388	0.0117043	0.0219182	2.87809	2.87809	-3.18748	0.0985164	0.15742
362	1.00368	0.0513188	0.0513188	-2.45512	-0.0989317	-0.0610842	1.22344	1.22344	-3.07627	-0.612365	-0.37058
362	1.04742	0.143096	0.143096	-2.74014	-0.0616933	-0.100518	3.41141	3.41141	-3.43339	-0.315515	-0.373914
362	1.08627	0.0764756	0.0764756	-3.07236	-0.313497	-0.256185	1.82318	1.82318	-3.84967	-1.13746	-0.918885
362	1.05722	-0.0138374	-0.0138374	-2.67706	-0.247798	-0.308863	-0.329884	-0.329884	-3.35436	-1.10302	-1.00965
362	0.995052	-0.0321905	-0.0321905	-2.83988	-0.201627	-0.176365	-0.767419	-0.767419	-3.55836	-1.05113	-0.913727
362	0.990885	0.0910481	0.0910481	-2.77554	-0.0428082	-0.0464523	2.17058	2.17058	-3.47776	-0.257287	-0.236953
362	0.890532	-0.0248757	-0.0248757	-3.16187	-0.145409	-0.112042	-0.593037	-0.593037	-3.96183	-1.15558	-0.891899
362	0.975924	-0.030025	-0.030025	-2.69812	-0.178149	-0.142999	-0.715794	-0.715794	-3.38075	-1.09091	-0.864206
362	0.856702	0.0684097	0.0684097	-3.09622	-0.0425433	-0.00605201	1.63088	1.63088	-3.87957	-0.335164	-0.0542594
362	0.995088	0.0334127	0.0334127	-2.57398	-0.127473	-0.0920789	0.796556	0.796556	-3.22519	-0.712759	-0.54233
362	0.962623	0.0819786	0.0819786	-2.95916	-0.022568	-0.0317057	1.95437	1.95437	-3.70783	-0.18232	-0.194521
362	0.962075	-0.0731689	-0.0731689	-3.03245	-0.211987	-0.200563	-1.74434	-1.74434	-3.79966	-1.40779	-1.04089
362	1.03286	0.117393	0.117393	-2.66113	-0.106067	-0.0926139	2.79865	2.79865	-3.33439	-0.438517	-0.380032
362	0.970625	0.167432	0.167432	-2.50573	0.0550269	0.0578471	3.99157	3.99157	-3.13968	0.426736	0.374077
362	1.00981	0.0264674	0.0264674	-2.68114	-0.140983	-0.101208	0.63098	0.63098	-3.35947	-0.78979	-0.552262
362	0.98213	0.0500116	0.0500116	-2.46351	-0.127305	-0.115465	1.19227	1.19227	-3.08678	-0.66548	-0.517039
362	1.01858	0.0267712	0.0267712	-3.34168	-0.142833	-0.104579	0.638224	0.638224	-4.18713	-0.737424	-0.501573
362	0.929246	-0.00469268	-0.00469268	-2.69593	-0.149047	-0.0948347	-0.111873	-0.111873	-3.378	-0.893347	-0.663517
362	1.09182	0.0989703	0.0989703	-3.1463	-0.335563	-0.233448	2.35945	2.35945	-3.94232	-1.07795	-0.781026
362	0.911083	0.130415	0.130415	-2.54576	0.0226022	0.0250149	3.10909	3.10909	-3.18984	0.168627	0.167419
362	1.03815	0.0852275	0.0852275	-3.31893	-0.117356	-0.0752652	2.03182	2.03182	-4.15862	-0.518577	-0.344572
362	0.88116	0.115276	0.115276	-2.32131	0.00717769	0.0139686	2.74817	2.74817	-2.90861	0.0571375	0.101783
362	0.98055	-0.0695971	-0.0695971	-2.8817	-0.203063	-0.211016	-1.65919	-1.65919	-3.61077	-1.3073	-1.12397
362	0.998254	0.020032	0.020032	-3.37963	-0.101995	-0.102817	0.477562	0.477562	-4.23468	-0.725409	-0.5565
362	0.910984	0.120866	0.120866	-2.76227	-0.00591826	0.0177017	2.88143	2.88143	-3.46113	-0.0392295	0.136822
362	1.0294	0.107365	0.107365	-2.88942	-0.0766183	-0.0575312	2.55958	2.55958	-3.62045	-0.384944	-0.279177
362	0.902353	-0.0571512	-0.0571512	-2.8771	-0.185114	-0.167067	-1.36248	-1.36248	-3.605	-1.32765	-1.05338
362	0.929322	0.042087	0.042087	-2.7569	-0.0760205	-0.0647586	1.00335	1.00335	-3.45439	-0.524714	-0.435181
362	1.01425	0.128903	0.128903	-2.62087	-0.0327935	-0.00228918	3.07304	3.07304	-3.28395	-0.185974	-0.0122291
362	0.996392	0.0392647	0.0392647	-3.02034	-0.126256	-0.0890497	0.936068	0.936068	-3.78448	-0.738209	-0.481369
362	0.871647	0.141055	0.141055	-3.23922	-0.002738	0.0539014	3.36275	3.36275	-4.05874	-0.0164265	0.406204
362	1.02767	-0.00689959	-0.00689959	-2.46285	-0.196241	-0.183304	-0.164486	-0.164486	-3.08595	-1.02287	-0.784919
362	0.972013	0.118511	0.118511	-2.61961	-0.0517272	0.00953563	2.8253	2.8253	-3.28237	-0.257883	0.0607678
362	1.0145	0.0784198	0.0784198	-2.37509	-0.134667	-0.106872	1.86952	1.86952	-2.97599	-0.598542	-0.462736
362	0.991596	0.0277843	0.0277843	-2.51158	-0.112608	-0.108364	0.662377	0.662377	-3.147	-0.690592	-0.629913
362	1.03242	0.0578631	0.0578631	-2.91147	-0.19279	-0.121231	1.37945	1.37945	-3.64807	-0.816212	-0.511342
362	0.989094	0.0677926	0.0677926	-2.53825	-0.108144	-0.0437054	1.61617	1.61617	-3.18042	-0.518235	-0.269291
362	0.868761	0.00100585	0.00100585	-2.12421	-0.117056	-0.0892029	0.0239795	0.0239795	-2.66164	-0.897993	-0.689495
362	1.06007	-0.0510698	-0.0510698	-2.81966	-0.362118	-0.303576	-1.2175	-1.2175	-3.53303	-1.22001	-1.04268
362	0.989124	0.130492	0.130492	-2.6084	0.00769188	0.0219038	3.11093	3.11093	-3.26832	0.0545964	0.142576
362	1.04865	0.184058	0.184058	-2.92335	-0.0411039	0.0143138	4.38793	4.38793	-3.66296	-0.179869	0.0683488
362	0.961677	0.0811141	0.0811141	-2.55106	-0.0740202	-0.027861	1.93376	1.93376	-3.19648	-0.44521	-0.186906
362	0.870857	0.158108	0.158108	-2.41464	0.0558109	0.0596703	3.76928	3.76928	-3.02554	0.490842	0.404778
362	0.935896	0.0686027	0.0686027	-2.31281	-0.0488063	-0.0450209	1.63548	1.63548	-2.89795	-0.377108	-0.299015
362	1.13852	0.0747417	0.0747417	-2.61701	-0.594377	-0.462726	1.78184	1.78184	-3.27911	-1.91377	-1.47323
362	0.983775	-0.0031055	-0.0031055	-2.78239	-0.181841	-0.116092	-0.0740349	-0.0740349	-3.48633	-0.901392	-0.739788
362	1.00049	0.0217287	0.0217287	-3.3902	-0.133162	-0.130132	0.518012	0.518012	-4.24792	-0.801755	-0.614063
362	1.05017	0.061097	0.061097	-2.90199	-0.164154	-0.175133	1.45655	1.45655	-3.63619	-0.690266	-0.667314
362	0.909317	0.13568	0.13568	-2.48311	-0.00879504	0.0350163	3.23461	3.23461	-3.11134	-0.0588201	0.239774
362	1.03233	0.0329058	0.0329058	-2.73908	-0.219908	-0.115134	0.784473	0.784473	-3.43207	-0.929585	-0.581777
362	0.881124	0.112018	0.112018	-2.91679	0.0147206	0.0242464	2.67049	2.67049	-3.65474	0.139679	0.203789
362	0.968386	0.0314256	0.0314256	-2.75457	-0.145591	-0.0697214	0.749185	0.749185	-3.45147	-0.780598	-0.484781
362	1.00079	-0.00976797	-0.00976797	-2.79429	-0.129916	-0.148108	-0.232868	-0.232868	-3.50125	-1.00485	-0.772221
362	0.903869	0.0806227	0.0806227	-2.82422	-0.0416498	-0.0150061	1.92204	1.92204	-3.53875	-0.295991	-0.115526
362	1.03047	0.0651036	0.0651036	-2.90372	-0.145392	-0.082247	1.55207	1.55207	-3.63836	-0.697279	-0.42748
362	0.991719	0.0380234	0.0380234	-2.80417	-0.121386	-0.0837897	0.906475	0.906475	-3.51363	-0.62558	-0.463888
362	1.0056	0.0800881	0.0800881	-2.52358	-0.0847559	-0.0639886	1.9093	1.9093	-3.16205	-0.487936	-0.32833
362	0.939225	-0.0777558	-0.0777558	-2.79103	-0.193304	-0.194114	-1.85369	-1.85369	-3.49716	-1.46998	-1.12689
362	0.935251	0.171849	0.171849	-2.43978	0.0262593	0.0713866	4.09688	4.09688	-3.05705	0.1783	0.495337
362	0.918428	0.0872708	0.0872708	-2.96721	-0.0565568	-0.0166448	2.08053	2.08053	-3.71791	-0.354184	-0.105113
362	1.01194	-0.0150766	-0.0150766	-2.73288	-0.162129	-0.152507	-0.359425	-0.359425	-3.4243	-0.91795	-0.770067
362	0.899923	0.102708	0.102708	-3.39333	-0.00432953	0.00618564	2.44855	2.44855	-4.25184	-0.0374784	0.0460173
362	0.98299	0.00415233	0.00415233	-2.80237	-0.145046	-0.118749	0.0989913	0.0989913	-3.51137	-0.786376	-0.654105
362	1.08121	0.0676912	0.0676912	-3.14403	-0.291444	-0.274426	1.61376	1.61376	-3.93947	-1.00605	-0.885004
362	1.02975	0.0191909	0.0191909	-3.03362	-0.179045	-0.130743	0.45751	0.45751	-3.80112	-0.837838	-0.721736
362	0.987866	0.114355	0.114355	-2.50005	-0.0359219	-0.00327443	2.72621	2.72621	-3.13257	-0.230039	-0.0184696
362	1.00448	0.10932	0.10932	-2.36646	-0.0490195	-0.0311261	2.60618	2.60618	-2.96518	-0.235473	-0.149434
362	0.909183	0.0231276	0.0231276	-2.60366	-0.0766127	-0.0937645	0.551361	0.551361	-3.26239	-0.685062	-0.580376
362	0.953967	0.0186256	0.0186256	-2.72201	-0.122796	-0.0850375	0.444033	0.444033	-3.41068	-0.654059	-0.581039
362	1.11779	0.098384	0.098384	-2.74186	-0.356033	-0.349128	2.34547	2.34547	-3.43555	-1.10751	-1.08281
362	0.990172	0.169127	0.169127	-3.30537	0.0445119	0.0640534	4.03198	4.03198	-4.14163	0.295442	0.439351
362	0.996517	0.0871791	0.0871791	-2.59503	-0.0680695	-0.0477392	2.07835	2.07835	-3.25157	-0.410913	-0.267464
362	0.94939	0.0812255	0.0812255	-2.86466	-0.0770471	-0.035688	1.93641	1.93641	-3.58942	-0.449283	-0.223807
362	1.06788	0.067979	0.067979	-2.96868	-0.253254	-0.158004	1.62062	1.62062	-3.71975	-0.998876	-0.587173
362	1.0555	0.035862	0.035862	-2.93243	-0.181264	-0.18407	0.854949	0.854949	-3.67433	-0.859505	-0.709262
362	0.987671	0.0693114	0.0693114	-2.44005	-0.0892285	-0.0723655	1.65238	1.65238	-3.05738	-0.528306	-0.363889
362	1.00555	0.0629924	0.0629924	-2.8934	-0.103734	-0.0668015	1.50174	1.50174	-3.62543	-0.607983	-0.381894
362	1.0839	0.0608215	0.0608215	-2.45677	-0.268639	-0.245858	1.44998	1.44998	-3.07833	-1.01283	-0.799806
362	1.00421	0.0247504	0.0247504	-2.6089	-0.146712	-0.113056	0.590047	0.590047	-3.26896	-0.832377	-0.55192
362	0.971187	0.0131643	0.0131643	-2.91778	-0.114066	-0.114613	0.313837	0.313837	-3.65597	-0.795286	-0.678852
362	0.975851	0.129168	0.129168	-2.76019	0.00103526	0.0305625	3.07936	3.07936	-3.45852	0.00692312	0.203529
362	1.03875	-0.0522787	-0.0522787	-3.10799	-0.273976	-0.246671	-1.24632	-1.24632	-3.89431	-1.38658	-1.1115
362	0.801365	0.0234989	0.0234989	-2.80807	-0.0740072	-0.0425091	0.560211	0.560211	-3.51852	-0.665527	-0.399745
362	0.971461	0.10933	0.10933	-2.57098	-0.062426	-0.00154088	2.60642	2.60642	-3.22143	-0.321252	-0.0101144
362	0.982398	0.0640063	0.0640063	-2.70409	-0.0755	-0.0483518	1.52591	1.52591	-3.38822	-0.450567	-0.290738
362	0.874668	0.0418558	0.0418558	-2.82027	-0.0704989	-0.0507889	0.997839	0.997839	-3.5338	-0.572253	-0.398765
362	1.08061	0.0952715	0.0952715	-2.6248	-0.27155	-0.197114	2.27127	2.27127	-3.28888	-0.888025	-0.666214
362	1.00363	0.163037	0.163037	-2.36364	0.0102476	0.0516222	3.8868	3.8868	-2.96164	0.0588612	0.324269
362	0.879431	0.0303159	0.0303159	-2.97297	-0.0706176	-0.0598221	0.722729	0.722729	-3.72513	-0.629283	-0.45996
362	0.924489	0.18973	0.18973	-2.59437	0.0661916	0.077169	4.52316	4.52316	-3.25074	0.448886	0.466672
362	0.918148	0.0745761	0.0745761	-2.55234	-0.0418961	-0.033048	1.77789	1.77789	-3.19808	-0.321906	-0.222857
362	0.985637	0.0073025	0.0073025	-3.00816	-0.17523	-0.135067	0.174091	0.174091	-3.76922	-0.896098	-0.666256
362	1.02916	-0.0181271	-0.0181271	-3.29045	-0.201597	-0.204	-0.432149	-0.432149	-4.12294	-0.930141	-0.827359
362	0.996526	-0.0105148	-0.0105148	-2.69988	-0.13263	-0.157927	-0.250671	-0.250671	-3.38295	-0.922362	-0.760018
362	0.941553	-0.00243409	-0.00243409	-2.66135	-0.128735	-0.129768	-0.0580286	-0.0580286	-3.33467	-0.817863	-0.718209
362	1.0216	0.0494098	0.0494098	-2.77846	-0.142029	-0.161218	1.17793	1.17793	-3.48141	-0.710679	-0.60491
362	1.12465	0.0637149	0.0637149	-2.86249	-0.564829	-0.414968	1.51896	1.51896	-3.5867	-1.86048	-1.2445
362	1.02408	0.0290387	0.0290387	-2.57636	-0.162834	-0.12971	0.692282	0.692282	-3.22818	-0.82691	-0.637209
362	0.893932	0.0196337	0.0196337	-3.063	-0.102822	-0.0706027	0.468067	0.468067	-3.83794	-0.701694	-0.521942
362	1.00014	0.117427	0.117427	-2.44643	-0.0227498	-0.026347	2.79946	2.79946	-3.06538	-0.132392	-0.147264
362	1.06093	0.0832437	0.0832437	-3.20448	-0.237443	-0.167479	1.98453	1.98453	-4.01521	-0.908736	-0.601408
362	1.02457	0.0872448	0.0872448	-2.68793	-0.127618	-0.0897574	2.07991	2.07991	-3.36798	-0.617606	-0.40985
362	0.950843	0.0882332	0.0882332	-2.57259	-0.0554935	-0.0302346	2.10347	2.10347	-3.22345	-0.353015	-0.200797
362	0.961139	0.141101	0.141101	-2.21554	-0.0367465	0.0391187	3.36383	3.36383	-2.77607	-0.194135	0.25758
362	0.939328	0.00838356	0.00838356	-2.50852	-0.115318	-0.104677	0.199864	0.199864	-3.14318	-0.818923	-0.635108
362	1.00842	0.0310075	0.0310075	-2.89151	-0.141464	-0.116946	0.739218	0.739218	-3.62307	-0.760694	-0.566633
362	0.986635	-0.00377627	-0.00377627	-3.28967	-0.124593	-0.122625	-0.0900262	-0.0900262	-4.12196	-0.877844	-0.743508
362	0.8945	0.0643711	0.0643711	-2.16836	-0.0364701	-0.0369208	1.5346	1.5346	-2.71696	-0.356409	-0.273066
362	1.07883	0.157328	0.157328	-2.44566	-0.254172	-0.0957696	3.75068	3.75068	-3.06441	-0.818492	-0.34101
362	0.958688	0.0651619	0.0651619	-2.17586	-0.0512612	-0.0626056	1.55346	1.55346	-2.72635	-0.397459	-0.364431
362	1.04528	-0.018707	-0.018707	-3.24274	-0.206283	-0.193171	-0.445975	-0.445975	-4.06315	-1.07343	-0.90165
362	0.979493	0.138795	0.138795	-3.19305	-0.0161873	0.0204792	3.30888	3.30888	-4.00089	-0.0972528	0.126588
362	1.03689	0.0411485	0.0411485	-2.63775	-0.144373	-0.163238	0.980978	0.980978	-3.3051	-0.725227	-0.612641
362	0.923803	-0.0374559	-0.0374559	-2.75135	-0.193672	-0.145366	-0.892946	-0.892946	-3.44744	-1.07907	-0.996449
362	0.941733	0.139188	0.139188	-2.63087	-0.000190303	0.0299203	3.31825	3.31825	-3.29648	-0.00124629	0.185471
362	1.0021	-0.0150535	-0.0150535	-3.37056	-0.166492	-0.126194	-0.358875	-0.358875	-4.22331	-0.915048	-0.811998
362	1.04332	0.0312909	0.0312909	-2.77246	-0.170894	-0.160064	0.745973	0.745973	-3.47389	-0.818285	-0.672937
362	0.95573	0.03245	0.03245	-2.61234	-0.123321	-0.0887523	0.773607	0.773607	-3.27326	-0.716121	-0.500719
362	0.902456	0.015855	0.015855	-2.66813	-0.101829	-0.0752407	0.377982	0.377982	-3.34317	-0.744224	-0.563395
362	1.01865	0.0285069	0.0285069	-3.3332	-0.118748	-0.103151	0.679602	0.679602	-4.17649	-0.693424	-0.521735
362	0.887064	0.0557991	0.0557991	-2.46427	-0.0599342	-0.0369728	1.33025	1.33025	-3.08773	-0.451998	-0.299995
362	0.886239	0.111622	0.111622	-2.69209	-0.0336363	0.0057339	2.66106	2.66106	-3.37319	-0.220341	0.0363418
362	1.08291	0.0237807	0.0237807	-2.80961	-0.405291	-0.261829	0.56693	0.56693	-3.52044	-1.34578	-0.923333
362	0.990034	0.0666107	0.0666107	-2.9171	-0.0707899	-0.0505186	1.58799	1.58799	-3.65513	-0.430916	-0.327069
362	1.00016	0.0962138	0.0962138	-2.83735	-0.0590267	-0.0441612	2.29373	2.29373	-3.55519	-0.350204	-0.233108
362	1.03465	0.145567	0.145567	-2.46834	-0.0542542	-0.0373744	3.4703	3.4703	-3.09283	-0.267431	-0.15754
362	0.940435	0.00781137	0.00781137	-2.21032	-0.102095	-0.117333	0.186223	0.186223	-2.76953	-0.897444	-0.661341
362	1.13735	0.0540898	0.0540898	-2.71648	-0.430449	-0.466166	1.2895	1.2895	-3.40376	-1.40021	-1.598
362	1.05767	0.0983313	0.0983313	-3.09852	-0.237481	-0.0951269	2.34421	2.34421	-3.88244	-0.828534	-0.37055
362	0.866107	0.0439298	0.0439298	-3.18311	-0.0610184	-0.0476543	1.04728	1.04728	-3.98844	-0.492526	-0.359599
362	1.14111	0.0739309	0.0739309	-2.80406	-0.536888	-0.445649	1.76251	1.76251	-3.51349	-1.71228	-1.46604
362	0.963887	0.0183162	0.0183162	-2.80536	-0.121398	-0.108553	0.436658	0.436658	-3.51511	-0.80367	-0.570935
362	0.952142	0.124203	0.124203	-2.27623	-0.0320095	-0.0156122	2.961	2.961	-2.85211	-0.181678	-0.0805587
362	1.02874	0.106391	0.106391	-3.15833	-0.112553	-0.079421	2.53636	2.53636	-3.95739	-0.505564	-0.332757
362	1.09666	-0.0457044	-0.0457044	-2.92913	-0.525709	-0.389177	-1.08959	-1.08959	-3.67019	-1.78113	-1.30742
362	1.01762	0.0876987	0.0876987	-2.50752	-0.101237	-0.0598916	2.09073	2.09073	-3.14193	-0.500323	-0.287791
362	0.949872	-0.0185677	-0.0185677	-2.91931	-0.157679	-0.121245	-0.442653	-0.442653	-3.65789	-1.03669	-0.859097
362	1.09351	0.0569446	0.0569446	-2.63741	-0.37103	-0.295104	1.35756	1.35756	-3.30467	-1.23786	-0.9737
362	1.21505	0.100072	0.0645933	-3.06995	-0.850619	-0.607912	2.3857	1.52923	-3.84665	-4.00506	-2.0856
362	0.974963	0.0529704	0.0529704	-2.48042	-0.0714632	-0.071175	1.26281	1.26281	-3.10797	-0.526962	-0.407398
362	1.1001	0.09397	0.09397	-3.11654	-0.355909	-0.258755	2.24024	2.24024	-3.90502	-1.16735	-0.879231
362	0.966649	-0.0179746	-0.0179746	-2.87327	-0.189264	-0.131654	-0.428513	-0.428513	-3.60021	-0.937086	-0.838178
362	0.874269	0.0279684	0.0279684	-2.54425	-0.083148	-0.0615352	0.666765	0.666765	-3.18795	-0.62853	-0.513876
362	1.01102	0.0993653	0.0993653	-2.80838	-0.0513987	-0.0353579	2.36886	2.36886	-3.5189	-0.290832	-0.18406
362	1.03489	0.0681111	0.0681111	-2.66652	-0.148313	-0.0841056	1.62376	1.62376	-3.34114	-0.668222	-0.402427
362	0.976084	0.0162075	0.0162075	-2.77716	-0.134434	-0.109976	0.386387	0.386387	-3.47978	-0.808256	-0.657598
362	1.00618	0.0965505	0.0965505	-3.15233	-0.0780398	-0.0388008	2.30176	2.30176	-3.94987	-0.38573	-0.217679
362	1.03538	0.036343	0.036343	-2.75594	-0.230212	-0.141427	0.866416	0.866416	-3.45319	-0.934402	-0.66728
362	1.09254	0.180394	0.180394	-2.8656	-0.206932	-0.148807	4.30059	4.30059	-3.5906	-0.719367	-0.481628
362	0.965798	0.0510985	0.0510985	-2.85195	-0.0954723	-0.0569213	1.21819	1.21819	-3.5735	-0.615584	-0.35982
362	1.00143	0.120448	0.120448	-2.42832	-0.0440755	-0.010021	2.87148	2.87148	-3.04269	-0.252826	-0.0586141
362	1.15912	0.015897	0.00781829	-2.96814	-0.772431	-0.571193	0.378985	0.18613	-3.71908	-3.02612	-1.70174
362	0.965529	-0.0161663	-0.0161663	-3.26433	-0.161349	-0.115856	-0.385404	-0.385404	-4.09021	-0.977512	-0.749816
362	1.0844	-0.0192046	-0.0192046	-2.42652	-0.377539	-0.285679	-0.457837	-0.457837	-3.04043	-1.38991	-1.03619
362	1.03072	-0.0463192	-0.0463192	-2.4572	-0.27741	-0.2077	-1.10425	-1.10425	-3.07888	-1.26925	-0.964226
362	0.820585	0.211427	0.211427	-2.37224	0.0973304	0.12893	5.0404	5.0404	-2.97242	0.772152	1.0889
362	0.853063	0.0225014	0.0225014	-2.74385	-0.0870261	-0.0813226	0.536433	0.536433	-3.43805	-0.707257	-0.562983
362	0.960063	0.0981279	0.0981279	-3.01748	-0.0368866	-0.0148379	2.33937	2.33937	-3.78091	-0.236319	-0.0941434
362	0.935006	0.0572089	0.0572089	-2.58109	-0.0983521	-0.055042	1.36386	1.36386	-3.23411	-0.589979	-0.346234
362	0.928323	-0.0199576	-0.0199576	-3.08769	-0.141655	-0.109935	-0.475789	-0.475789	-3.86887	-1.1024	-0.911998
362	1.00972	0.0222059	0.0222059	-2.58533	-0.120041	-0.123112	0.529387	0.529387	-3.23942	-0.708918	-0.68603
362	1.00877	-0.0518767	-0.0518767	-3.09152	-0.228015	-0.194904	-1.23674	-1.23674	-3.87368	-1.18833	-0.959979
362	0.974043	0.0169244	0.0169244	-2.77174	-0.106188	-0.100392	0.403477	0.403477	-3.47299	-0.767578	-0.596568
362	0.901255	0.0484372	0.0484372	-2.33847	-0.0732716	-0.030314	1.15474	1.15474	-2.9301	-0.549913	-0.269536
362	0.938625	0.0210964	0.0210964	-3.09398	-0.127881	-0.0976903	0.502938	0.502938	-3.87676	-0.809172	-0.591856
362	1.04097	0.0483327	0.0483327	-3.26178	-0.150211	-0.145318	1.15225	1.15225	-4.08701	-0.760791	-0.635425
362	0.926943	0.00249518	0.00249518	-2.69049	-0.101748	-0.101433	0.0594849	0.0594849	-3.37118	-0.899083	-0.739838
362	1.0785	0.0278978	0.0278978	-2.87136	-0.316799	-0.297966	0.665082	0.665082	-3.59782	-1.15848	-1.02313
362	1.12652	0.0963789	0.0963789	-2.93006	-0.376442	-0.355168	2.29767	2.29767	-3.67137	-1.17619	-1.0903
362	0.938126	0.109589	0.109589	-2.63484	-0.041903	0.00125978	2.6126	2.6126	-3.30145	-0.269271	0.00788287
362	1.09399	0.0327126	0.0327126	-2.98206	-0.418171	-0.391523	0.779866	0.779866	-3.73652	-1.55809	-1.29387
362	1.14074	0.14544	0.14544	-3.15942	-0.454328	-0.347946	3.46727	3.46727	-3.95875	-1.63471	-1.064
362	1.05747	-0.029964	-0.029964	-2.97332	-0.374231	-0.258852	-0.714341	-0.714341	-3.72557	-1.35567	-1.07037
362	1.03156	0.00378908	0.00378908	-3.06411	-0.274078	-0.157959	0.0903314	0.0903314	-3.83933	-1.01558	-0.802266
362	1.08202	0.105002	0.105002	-2.62794	-0.188954	-0.233653	2.50325	2.50325	-3.29281	-0.765662	-0.739972
362	1.08388	0.0991273	0.0991273	-3.18937	-0.267979	-0.256445	2.36319	2.36319	-3.99628	-0.992836	-0.823465
362	0.875695	0.126183	0.126183	-2.12972	0.00984452	0.0156316	3.0082	3.0082	-2.66853	0.0730136	0.111044
362	0.963187	0.00142401	0.00142401	-2.78025	-0.181434	-0.127073	0.0339484	0.0339484	-3.48365	-0.91009	-0.710276
362	0.88929	-0.0599645	-0.0599645	-2.63341	-0.189625	-0.148202	-1.42955	-1.42955	-3.29966	-1.38184	-1.1956
362	0.955462	0.0865013	0.0865013	-2.96398	-0.0492356	-0.0284512	2.06219	2.06219	-3.71387	-0.328297	-0.16379
362	1.13313	0.0506984	0.0506984	-3.02963	-0.523679	-0.433786	1.20865	1.20865	-3.79612	-1.84638	-1.33296
362	1.08538	0.160374	0.160374	-2.64643	-0.195898	-0.19315	3.8233	3.8233	-3.31598	-0.75822	-0.644097
362	0.971338	0.0605282	0.0605282	-2.36366	-0.0710481	-0.0605525	1.44299	1.44299	-2.96167	-0.480553	-0.344353
362	0.995091	0.106796	0.106796	-2.34292	-0.0432419	-0.0187239	2.54601	2.54601	-2.93568	-0.282616	-0.10219
362	0.874379	0.0880614	0.0880614	-2.28897	-0.0440703	-0.00682443	2.09938	2.09938	-2.86808	-0.299379	-0.0505821
362	0.939822	0.0604994	0.0604994	-2.76662	-0.0580665	-0.0327042	1.4423	1.4423	-3.46657	-0.409775	-0.246678
362	0.936803	0.0666986	0.0666986	-3.05114	-0.0806195	-0.0439707	1.59009	1.59009	-3.82308	-0.504613	-0.265639
362	1.10589	0.16842	0.16842	-2.96369	-0.28057	-0.265039	4.01513	4.01513	-3.71351	-0.912572	-0.827846
362	0.95569	0.0698145	0.0698145	-2.49513	-0.0770326	-0.0386393	1.66437	1.66437	-3.1264	-0.468584	-0.246654
362	0.824519	0.15011	0.15011	-2.52108	0.0549271	0.0684027	3.57861	3.57861	-3.15892	0.539728	0.593023
362	1.19609	0.0721404	0.0502602	-3.10706	-0.842657	-0.602554	1.71982	1.19322	-3.89314	-3.53389	-2.08627
362	0.963464	0.114329	0.114329	-2.89391	-0.0375333	-0.00615683	2.72561	2.72561	-3.62607	-0.245254	-0.0392608
362	0.996212	0.0745108	0.0745108	-3.05915	-0.0769372	-0.0673086	1.77633	1.77633	-3.83312	-0.451526	-0.315332
362	0.902124	0.0252109	0.0252109	-3.09737	-0.0893203	-0.0914024	0.601026	0.601026	-3.88101	-0.6669	-0.474262
362	0.943339	0.0361065	0.0361065	-2.71338	-0.12178	-0.0775857	0.860778	0.860778	-3.39986	-0.751401	-0.526731
362	0.976255	0.105996	0.105996	-2.92503	-0.0416321	0.00449224	2.52695	2.52695	-3.66506	-0.243091	0.0287713
362	0.897428	0.137424	0.137424	-2.27563	0.0244864	0.0269836	3.27618	3.27618	-2.85137	0.168447	0.182624
362	0.911066	0.101486	0.101486	-2.36987	-0.0139782	-0.00465637	2.41943	2.41943	-2.96945	-0.105593	-0.0332336
362	0.968703	0.0686034	0.0686034	-3.32778	-0.0779737	-0.0559344	1.6355	1.6355	-4.16971	-0.465087	-0.31983
362	0.902609	0.0613827	0.0613827	-2.77337	-0.0709566	-0.0229625	1.46336	1.46336	-3.47504	-0.496558	-0.185097
362	1.0364	0.100264	0.100264	-3.10456	-0.13162	-0.0537657	2.39029	2.39029	-3.89001	-0.556533	-0.254253
362	1.05717	0.0733932	0.0733932	-2.7634	-0.153045	-0.120085	1.74969	1.74969	-3.46254	-0.736087	-0.538277
362	0.950399	0.142714	0.142714	-2.6768	0.0141005	0.0326752	3.40229	3.40229	-3.35403	0.100856	0.191214
362	1.04724	0.0332818	0.0332818	-2.31887	-0.115644	-0.157777	0.793437	0.793437	-2.90554	-0.66463	-0.635434
362	1.03273	-0.00387958	-0.00387958	-2.47682	-0.227291	-0.16244	-0.092489	-0.092489	-3.10346	-1.04105	-0.749975
362	1.03461	0.0383163	0.0383163	-2.5222	-0.160294	-0.144881	0.91346	0.91346	-3.16031	-0.762832	-0.59293
362	1.00253	0.107438	0.107438	-2.66452	-0.0690052	-0.0247353	2.56131	2.56131	-3.33865	-0.379618	-0.138236
362	0.958141	0.112649	0.112649	-2.22877	-0.0421963	-0.00542344	2.68554	2.68554	-2.79265	-0.222553	-0.0342304
362	1.06169	-0.0466534	-0.0466534	-3.26908	-0.33994	-0.253607	-1.11221	-1.11221	-4.09615	-1.321	-1.07964
362	0.984266	0.0548512	0.0548512	-2.59285	-0.132269	-0.084014	1.30765	1.30765	-3.24884	-0.685364	-0.463839
362	0.947494	0.0822968	0.0822968	-2.81263	-0.0512947	-0.0166688	1.96195	1.96195	-3.52423	-0.348936	-0.117888
362	0.981675	-0.0390921	-0.0390921	-2.8934	-0.223058	-0.1839	-0.931953	-0.931953	-3.62543	-1.03218	-0.894171
362	1.06212	0.0246542	0.0246542	-3.03662	-0.180588	-0.171762	0.587754	0.587754	-3.80489	-0.852288	-0.685031
362	1.08796	0.137843	0.137843	-2.88471	-0.201985	-0.192448	3.28618	3.28618	-3.61454	-0.70597	-0.674836
362	0.989134	0.0630609	0.0630609	-3.05408	-0.113088	-0.0987497	1.50337	1.50337	-3.82676	-0.58082	-0.469803
362	0.929019	0.10594	0.10594	-2.16222	-0.0361001	0.01205	2.52561	2.52561	-2.70926	-0.217596	0.0771597
362	0.990424	0.0742152	0.0742152	-2.50182	-0.0844703	-0.0708095	1.76929	1.76929	-3.13478	-0.451176	-0.359631
362	1.0229	0.0936204	0.0936204	-2.72123	-0.099719	-0.0429108	2.23191	2.23191	-3.4097	-0.459811	-0.230251
362	1.07985	0.0950295	0.0950295	-2.7867	-0.330316	-0.136995	2.2655	2.2655	-3.49174	-1.21081	-0.525454
362	1.02196	0.0616894	0.0616894	-3.01386	-0.136522	-0.100602	1.47067	1.47067	-3.77637	-0.725035	-0.496295
362	1.04482	0.0305966	0.0305966	-3.03181	-0.161782	-0.19709	0.729421	0.729421	-3.79886	-0.773742	-0.743888
362	1.01608	0.0924781	0.0924781	-2.70282	-0.0480424	-0.0728267	2.20467	2.20467	-3.38663	-0.293653	-0.335599
362	0.926589	0.0457354	0.0457354	-2.15971	-0.0972606	-0.0622627	1.09033	1.09033	-2.70612	-0.630401	-0.390599
362	1.04857	0.00920266	0.00920266	-2.40563	-0.237743	-0.187329	0.219391	0.219391	-3.01425	-1.00465	-0.826369
362	0.978603	0.193262	0.193262	-2.48129	0.0665298	0.0608709	4.60735	4.60735	-3.10905	0.494338	0.312085
362	0.891942	0.0944311	0.0944311	-2.77689	-0.0299253	-0.00187037	2.25123	2.25123	-3.47945	-0.202558	-0.0134655
362	0.946395	0.156243	0.156243	-2.69181	0.0143215	0.0482446	3.72482	3.72482	-3.37283	0.0932968	0.339852
362	1.0482	0.00130197	0.00130197	-2.62921	-0.235786	-0.170068	0.0310389	0.0310389	-3.29441	-0.99949	-0.700605
362	0.922753	0.046461	0.046461	-2.53383	-0.0759411	-0.0540682	1.10763	1.10763	-3.17488	-0.561627	-0.397149
362	0.977154	-0.013925	-0.013925	-2.33093	-0.136654	-0.124099	-0.331971	-0.331971	-2.92066	-0.980821	-0.731649
362	1.01309	0.024467	0.024467	-2.60849	-0.126981	-0.0986968	0.583292	0.583292	-3.26843	-0.736834	-0.598779
362	1.01971	-0.0222107	-0.0222107	-2.91224	-0.184972	-0.217976	-0.529502	-0.529502	-3.64904	-1.01663	-0.918152
362	0.975753	0.0900948	0.0900948	-2.61043	-0.0618595	-0.0269695	2.14786	2.14786	-3.27087	-0.33957	-0.168618
362	1.07275	0.0519678	0.0519678	-3.03621	-0.21716	-0.220514	1.23891	1.23891	-3.80438	-0.892211	-0.778266
362	0.944239	0.0196565	0.0196565	-3.31397	-0.142266	-0.0780382	0.46861	0.46861	-4.1524	-0.815369	-0.570932
362	0.952802	0.0267055	0.0267055	-2.4343	-0.0938857	-0.0929687	0.636657	0.636657	-3.05017	-0.711341	-0.558005
362	1.07632	0.00293872	0.00293872	-2.63876	-0.478483	-0.292518	0.070059	0.070059	-3.30637	-1.59881	-1.00541
362	0.892744	0.0909157	0.0909157	-2.39754	-0.00198036	0.00444347	2.16743	2.16743	-3.00412	-0.0182424	0.0352608
362	0.986005	0.100768	0.100768	-2.09835	-0.0426057	-0.0308293	2.4023	2.4023	-2.62923	-0.258537	-0.166208
362	1.197	0.0590542	0.035221	-3.08919	-0.747203	-0.552978	1.40785	0.83618	-3.87076	-2.44156	-1.69797
362	0.877334	0.0776865	0.0776865	-2.25118	-0.0385896	-0.0283731	1.85204	1.85204	-2.82073	-0.313821	-0.195179
362	0.992951	0.0344803	0.0344803	-2.53676	-0.0969056	-0.0771521	0.822008	0.822008	-3.17856	-0.624153	-0.521795
362	0.944389	0.162436	0.162436	-2.59794	-0.00620997	0.0437076	3.87246	3.87246	-3.25521	-0.034094	0.254336
362	0.917428	0.0650203	0.0650203	-2.37456	-0.0664722	-0.0489026	1.55008	1.55008	-2.97533	-0.449609	-0.30327
362	0.954836	0.0607336	0.0607336	-3.04289	-0.0920145	-0.0235011	1.44788	1.44788	-3.81273	-0.56588	-0.199177
362	1.06828	0.0150529	0.0150529	-2.84789	-0.286702	-0.258538	0.358861	0.358861	-3.5684	-1.08347	-0.929284
362	1.0221	0.0099885	0.0099885	-3.12872	-0.158852	-0.160286	0.238125	0.238125	-3.92028	-0.896178	-0.719795
362	0.8764	0.114889	0.114889	-2.76997	-0.000421506	0.0242979	2.73895	2.73895	-3.47077	-0.003121	0.19591
362	0.960875	-0.0376909	-0.0376909	-2.91761	-0.154359	-0.161732	-0.898549	-0.898549	-3.65576	-1.13031	-0.931064
362	1.05166	-0.0141533	-0.0141533	-2.77116	-0.256795	-0.246899	-0.337414	-0.337414	-3.47227	-1.11015	-0.960612
362	0.897539	0.130243	0.130243	-2.7986	0.0224558	0.0276879	3.10498	3.10498	-3.50664	0.186718	0.19751
362	1.11621	-0.00342587	-0.00342587	-2.70398	-0.603696	-0.465592	-0.0816725	-0.0816725	-3.38809	-1.96387	-1.49249
362	1.02957	-0.00172228	-0.00172228	-3.16769	-0.198736	-0.174348	-0.0410591	-0.0410591	-3.96912	-0.876936	-0.799429
362	0.935828	-0.0277739	-0.0277739	-2.82909	-0.147965	-0.113799	-0.662128	-0.662128	-3.54485	-1.04345	-0.835671
362	0.964744	0.00561533	0.00561533	-3.09041	-0.118636	-0.100825	0.133869	0.133869	-3.87229	-0.91432	-0.707022
362	1.05554	-0.000810997	-0.000810997	-2.47001	-0.264236	-0.277408	-0.0193341	-0.0193341	-3.09492	-1.10368	-0.992334
362	1.10343	0.092508	0.092508	-2.91051	-0.442989	-0.269294	2.20539	2.20539	-3.64686	-1.37155	-0.898813
362	0.883982	0.0432004	0.0432004	-3.21327	-0.0801431	-0.0459807	1.0299	1.0299	-4.02622	-0.616756	-0.358404
362	1.13434	0.124838	0.124838	-3.1699	-0.57789	-0.364195	2.97612	2.97612	-3.97188	-1.92829	-1.1639
362	0.988314	0.0524185	0.0524185	-2.99754	-0.0768768	-0.101228	1.24965	1.24965	-3.75592	-0.510019	-0.507412
362	0.904173	-0.0706857	-0.0706857	-2.99074	-0.178262	-0.173522	-1.68514	-1.68514	-3.7474	-1.45592	-1.19235
362	0.907113	0.126233	0.126233	-2.43874	-0.00527745	0.029266	3.00939	3.00939	-3.05574	-0.0355604	0.210275
362	1.01787	0.0389045	0.0389045	-2.72447	-0.108106	-0.100521	0.927481	0.927481	-3.41376	-0.659972	-0.503546
362	0.995117	0.0186368	0.0186368	-2.5051	-0.122946	-0.111293	0.4443	0.4443	-3.13889	-0.775827	-0.660811
362	0.968479	0.0753035	0.0753035	-2.07673	-0.051824	-0.0371378	1.79523	1.79523	-2.60215	-0.378691	-0.235667
362	0.842548	0.13239	0.13239	-2.58547	0.0301495	0.0418585	3.15618	3.15618	-3.2396	0.250416	0.350123
362	1.01338	0.0586259	0.0586259	-2.81443	-0.0879253	-0.079458	1.39764	1.39764	-3.52648	-0.495611	-0.413591
362	1.04865	0.0595464	0.0595464	-2.70846	-0.217292	-0.188362	1.41958	1.41958	-3.3937	-0.853554	-0.704624
362	0.908531	0.054113	0.054113	-2.57471	-0.0739061	-0.0483383	1.29005	1.29005	-3.22611	-0.527062	-0.327774
362	0.907421	0.142943	0.142943	-2.79578	0.0423902	0.0380259	3.40775	3.40775	-3.50311	0.391153	0.236305
362	1.03841	0.106008	0.106008	-2.30496	-0.104536	-0.100365	2.52722	2.52722	-2.88812	-0.484196	-0.391076
362	0.986588	0.113789	0.113789	-3.07215	-0.0490839	-0.0183559	2.71273	2.71273	-3.84941	-0.268878	-0.100271
362	0.88923	0.085892	0.085892	-2.81095	-0.0306455	-0.00555709	2.04766	2.04766	-3.52212	-0.226616	-0.0401351
362	0.997042	0.103052	0.103052	-2.57804	-0.0331426	-0.0390118	2.45674	2.45674	-3.23028	-0.217595	-0.192645
362	1.00926	-0.00347482	-0.00347482	-3.4261	-0.169698	-0.121924	-0.0828396	-0.0828396	-4.2929	-0.975631	-0.732596
362	1.02424	0.0815433	0.0815433	-2.68125	-0.119094	-0.0803544	1.94399	1.94399	-3.3596	-0.600563	-0.404019
362	0.838316	0.176791	0.176791	-2.73556	0.0667688	0.0764763	4.21468	4.21468	-3.42765	0.529002	0.549003
362	1.01021	-0.0591707	-0.0591707	-2.79895	-0.232187	-0.178821	-1.41063	-1.41063	-3.50708	-1.00947	-1.07536
362	1.12271	0.116079	0.116079	-2.77319	-0.371507	-0.297165	2.76732	2.76732	-3.47481	-1.2604	-0.91276
362	1.08607	0.00944542	0.00944542	-2.6931	-0.410073	-0.296735	0.225178	0.225178	-3.37445	-1.54559	-1.04152
362	1.04925	0.0382225	0.0382225	-2.82367	-0.20333	-0.146817	0.911224	0.911224	-3.53806	-0.865366	-0.582788
362	1.056	0.119413	0.119413	-2.99037	-0.21377	-0.10741	2.84679	2.84679	-3.74694	-0.794084	-0.413088
362	1.00769	0.0449669	0.0449669	-2.84917	-0.130479	-0.0758893	1.07201	1.07201	-3.57001	-0.624416	-0.427896
362	1.07737	0.175658	0.175658	-2.80236	-0.11496	-0.10407	4.18769	4.18769	-3.51135	-0.438304	-0.381945
362	0.984676	0.101164	0.101164	-2.78829	-0.0378517	-0.0119103	2.41173	2.41173	-3.49372	-0.247848	-0.0736657
362	1.05936	0.117015	0.117015	-2.97182	-0.154704	-0.0435956	2.78964	2.78964	-3.72369	-0.565158	-0.212485
362	1.04099	0.0143485	0.0143485	-3.14343	-0.223542	-0.124217	0.342068	0.342068	-3.93872	-0.886264	-0.71595
362	0.94994	0.120648	0.120648	-2.49234	-0.0115149	0.00703288	2.87624	2.87624	-3.1229	-0.0764855	0.0412956
362	1.10666	0.00481633	0.00481633	-2.79378	-0.51355	-0.375356	0.114821	0.114821	-3.50061	-1.54246	-1.12384
362	1.01629	0.120056	0.120056	-2.52909	-0.0665872	-0.0220585	2.86213	2.86213	-3.16895	-0.330347	-0.123915
362	1.05878	-0.0415092	-0.0415092	-2.87167	-0.359707	-0.326175	-0.989578	-0.989578	-3.59821	-1.36361	-1.06141
362	0.917896	0.136538	0.136538	-3.09066	0.0075767	0.046325	3.25505	3.25505	-3.87259	0.0529424	0.341425
362	0.890331	0.149588	0.149588	-2.53648	0.0311753	0.0509569	3.56617	3.56617	-3.17821	0.239191	0.374651
362	0.951079	0.00385209	0.00385209	-3.20872	-0.149442	-0.110736	0.0918337	0.0918337	-4.02053	-0.880586	-0.684501
362	0.92822	0.102996	0.102996	-3.00134	-0.00575025	0.00110964	2.45541	2.45541	-3.76067	-0.0466355	0.00769547
362	0.91801	0.117938	0.117938	-2.75713	-0.00217733	0.0212212	2.81164	2.81164	-3.45468	-0.0150604	0.14637
362	1.10513	-0.0158955	-0.0158955	-3.1081	-0.402572	-0.407196	-0.378948	-0.378948	-3.89444	-1.34384	-1.35434
362	0.965833	0.208304	0.208304	-2.66258	0.0792905	0.0906042	4.96597	4.96597	-3.33621	0.553104	0.575899
362	0.989633	-0.069216	-0.069216	-3.15816	-0.241282	-0.189235	-1.65011	-1.65011	-3.95717	-1.2258	-1.12062
362	1.0229	0.0586863	0.0586863	-2.21118	-0.11267	-0.074998	1.39908	1.39908	-2.77061	-0.627508	-0.402763
362	0.941488	0.107672	0.107672	-2.45866	-0.0212546	0.0138119	2.56689	2.56689	-3.0807	-0.141029	0.0890591
362	1.05877	0.0113315	0.0113315	-3.06402	-0.240749	-0.208452	0.270141	0.270141	-3.83922	-0.9887	-0.82715
362	1.10204	0.0432543	0.0432543	-2.69115	-0.378695	-0.378447	1.03118	1.03118	-3.37201	-1.31851	-1.30859
362	1.01818	0.0414286	0.0414286	-2.65664	-0.144609	-0.119898	0.987655	0.987655	-3.32876	-0.705935	-0.630503
362	0.837141	0.0887607	0.0887607	-2.67992	0.00608179	-0.00188381	2.11605	2.11605	-3.35794	0.0620944	-0.0133458
362	0.977473	0.0166052	0.0166052	-2.78078	-0.126004	-0.0905906	0.395866	0.395866	-3.48431	-0.797042	-0.639734
362	0.915665	0.0835879	0.0835879	-2.62416	-0.032181	0.0030178	1.99273	1.99273	-3.28807	-0.259564	0.0229029
362	0.98914	0.0709685	0.0709685	-2.705	-0.0885128	-0.0705635	1.69189	1.69189	-3.38936	-0.500453	-0.331457
362	1.05737	0.0491205	0.0491205	-2.84295	-0.19064	-0.189628	1.17103	1.17103	-3.56222	-0.792212	-0.746728
362	0.930896	0.0881635	0.0881635	-2.70293	-0.0202242	-0.0147937	2.10181	2.10181	-3.38678	-0.160068	-0.106755
362	0.859266	0.0510082	0.0510082	-2.39516	-0.0608596	-0.0491	1.21603	1.21603	-3.00113	-0.495902	-0.337992
362	1.00141	-0.0113905	-0.0113905	-2.74813	-0.168326	-0.158759	-0.271549	-0.271549	-3.44341	-0.922529	-0.696868
362	1.01598	0.0690871	0.0690871	-2.9177	-0.115655	-0.055246	1.64703	1.64703	-3.65587	-0.565388	-0.312507
362	1.05441	0.118107	0.118107	-2.90554	-0.130971	-0.0916193	2.81567	2.81567	-3.64064	-0.543015	-0.356865
362	1.09745	0.0442713	0.0442713	-2.96573	-0.373733	-0.382178	1.05543	1.05543	-3.71606	-1.19788	-1.18772
362	0.931191	0.014444	0.014444	-3.01798	-0.116184	-0.0931415	0.344344	0.344344	-3.78153	-0.806823	-0.647558
362	0.960743	0.0329804	0.0329804	-2.71119	-0.0965601	-0.0817825	0.78625	0.78625	-3.39712	-0.65962	-0.490211
362	0.856241	0.0570645	0.0570645	-2.69602	-0.0441279	-0.0334641	1.36042	1.36042	-3.37811	-0.421129	-0.252211
362	0.989733	0.0494603	0.0494603	-2.33726	-0.0912125	-0.0829334	1.17913	1.17913	-2.92859	-0.581203	-0.448953
362	0.932568	0.0257343	0.0257343	-2.6806	-0.12164	-0.0905064	0.613504	0.613504	-3.35879	-0.776563	-0.494125
362	1.05751	0.0629529	0.0629529	-3.01127	-0.215313	-0.151573	1.50079	1.50079	-3.77312	-0.864308	-0.63333
362	0.944702	0.115984	0.115984	-2.44358	-0.0250687	0.0177737	2.76504	2.76504	-3.06181	-0.16083	0.116165
362	0.988037	0.0220033	0.0220033	-2.33082	-0.111744	-0.0797878	0.524557	0.524557	-2.92052	-0.725648	-0.530786
362	1.03568	0.0930673	0.0930673	-2.82046	-0.120748	-0.0454621	2.21872	2.21872	-3.53404	-0.5437	-0.24551
362	1.01231	0.100463	0.100463	-2.22658	-0.0781771	-0.0107146	2.39503	2.39503	-2.7899	-0.455947	-0.0722245
362	0.960724	0.105222	0.105222	-2.80348	-0.0249898	-0.0136407	2.50848	2.50848	-3.51276	-0.173919	-0.0833377
362	0.812791	0.112532	0.112532	-2.57041	-0.00279032	0.0362293	2.68275	2.68275	-3.22073	-0.0216985	0.329728
362	0.992312	0.0503802	0.0503802	-2.83323	-0.0909051	-0.0794852	1.20106	1.20106	-3.55003	-0.567194	-0.433279
362	0.954439	0.151271	0.151271	-2.87613	0.0142758	0.0306035	3.60628	3.60628	-3.60379	0.100298	0.186592
362	0.957884	0.0352049	0.0352049	-2.43914	-0.0961406	-0.0574721	0.839282	0.839282	-3.05624	-0.65479	-0.446969
362	0.958779	0.0467057	0.0467057	-2.69781	-0.050759	-0.0561199	1.11346	1.11346	-3.38035	-0.450577	-0.382474
362	0.895603	0.0708948	0.0708948	-2.65662	-0.0176844	-0.0249587	1.69013	1.69013	-3.32875	-0.179159	-0.173519
362	1.12754	0.103343	0.103343	-2.71372	-0.527772	-0.396727	2.46369	2.46369	-3.40029	-1.7765	-1.16862
362	0.870684	0.0794685	0.0794685	-2.43256	-0.0312387	-0.0187576	1.89453	1.89453	-3.048	-0.249852	-0.129649
362	1.0014	0.0838121	0.0838121	-2.4463	-0.0660195	-0.0613622	1.99808	1.99808	-3.06521	-0.421578	-0.310377
362	1.06638	0.0846901	0.0846901	-3.26247	-0.19214	-0.20184	2.01901	2.01901	-4.08787	-0.774834	-0.69694
362	0.942577	0.0561834	0.0561834	-2.65214	-0.0688184	-0.0675071	1.33941	1.33941	-3.32313	-0.506677	-0.390975
362	0.961371	-0.00632533	-0.00632533	-2.77512	-0.126486	-0.123671	-0.150796	-0.150796	-3.47723	-0.917774	-0.732913
362	1.0216	0.0935108	0.0935108	-2.38585	-0.110768	-0.0439574	2.22929	2.22929	-2.98947	-0.524516	-0.244052
362	0.941937	0.0372826	0.0372826	-2.97168	-0.0990734	-0.0578877	0.888815	0.888815	-3.72351	-0.630312	-0.410198
362	0.937986	0.0473162	0.0473162	-2.57306	-0.0681341	-0.0551256	1.12802	1.12802	-3.22405	-0.531118	-0.398239
362	1.00929	0.126275	0.126275	-2.54531	-0.0694614	-0.010467	3.01038	3.01038	-3.18927	-0.33288	-0.054703
362	0.939662	0.0445486	0.0445486	-2.60725	-0.0604761	-0.103834	1.06204	1.06204	-3.26688	-0.484846	-0.564656
362	0.996384	0.0331665	0.0331665	-2.90841	-0.101574	-0.152661	0.790687	0.790687	-3.64424	-0.632073	-0.63347
362	1.04041	0.041349	0.041349	-3.18101	-0.164863	-0.0981325	0.985758	0.985758	-3.98581	-0.764406	-0.498638
362	0.978247	-0.0566817	-0.0566817	-2.79493	-0.192316	-0.19496	-1.35129	-1.35129	-3.50205	-1.27377	-1.06314
362	1.02505	0.0131742	0.0131742	-2.56676	-0.150634	-0.190451	0.314073	0.314073	-3.21614	-0.83875	-0.810839
362	1.13599	0.0957504	0.0957504	-2.51929	-0.488318	-0.401741	2.28268	2.28268	-3.15667	-1.49189	-1.24616
362	0.833463	0.0614773	0.0614773	-2.78519	-0.0396892	-0.0234787	1.46561	1.46561	-3.48984	-0.332579	-0.192239
362	1.0502	0.0195305	0.0195305	-2.90588	-0.247083	-0.169991	0.465607	0.465607	-3.64107	-1.01711	-0.706481
362	0.945295	0.146982	0.146982	-2.96578	0.0420425	0.0196634	3.50405	3.50405	-3.71613	0.348822	0.10846
362	1.02842	0.0443769	0.0443769	-2.84871	-0.149755	-0.12259	1.05794	1.05794	-3.56944	-0.743716	-0.56576
362	0.985437	0.0655671	0.0655671	-2.81135	-0.0652577	-0.0440831	1.56312	1.56312	-3.52263	-0.455259	-0.289953
362	1.09174	0.0310957	0.0310957	-2.65441	-0.395542	-0.323429	0.74132	0.74132	-3.32598	-1.35066	-1.07264
362	0.923688	-0.0303296	-0.0303296	-2.64125	-0.148632	-0.140506	-0.723057	-0.723057	-3.30948	-1.14745	-0.842505
362	0.938494	0.0240925	0.0240925	-3.00195	-0.102418	-0.115094	0.574365	0.574365	-3.76145	-0.676949	-0.691632
362	0.891033	0.111464	0.111464	-2.49143	-0.00979335	0.00323598	2.65729	2.65729	-3.12176	-0.0768939	0.0212818
362	0.990675	0.0523526	0.0523526	-2.73686	-0.117685	-0.0935323	1.24808	1.24808	-3.42929	-0.651538	-0.486196
362	0.855763	-0.00651562	-0.00651562	-2.33483	-0.118173	-0.0792283	-0.155332	-0.155332	-2.92554	-0.855251	-0.746041
362	1.03772	0.0678946	0.0678946	-2.89347	-0.15777	-0.114907	1.6186	1.6186	-3.62551	-0.656157	-0.511338
362	1.0199	0.114478	0.114478	-2.68458	-0.0949609	-0.0118857	2.72916	2.72916	-3.36377	-0.429067	-0.0640071
362	1.08188	-0.00312161	-0.00312161	-2.83945	-0.382002	-0.288117	-0.074419	-0.074419	-3.55783	-1.23461	-0.974572
362	0.959708	0.0163635	0.0163635	-2.44559	-0.132497	-0.1451	0.390104	0.390104	-3.06433	-0.798421	-0.653588
362	0.884736	0.0671043	0.0671043	-2.76792	-0.0591745	-0.0281373	1.59976	1.59976	-3.4682	-0.427025	-0.200658
362	1.06596	0.00110131	0.00110131	-2.798	-0.319632	-0.311272	0.0262552	0.0262552	-3.50589	-1.0977	-1.01775
362	0.938141	0.158786	0.158786	-2.50843	0.020099	0.0434417	3.78545	3.78545	-3.14307	0.130777	0.254945
362	1.01339	0.0672888	0.0672888	-2.34929	-0.106083	-0.0666157	1.60416	1.60416	-2.94366	-0.565325	-0.340621
362	1.02178	0.0481662	0.0481662	-2.92313	-0.115598	-0.0786815	1.14828	1.14828	-3.66269	-0.565145	-0.449851
362	1.00624	0.119151	0.119151	-3.26485	-0.0368464	-0.00976687	2.84056	2.84056	-4.09086	-0.18638	-0.0539334
362	0.874713	0.0472603	0.0472603	-2.86463	-0.0723742	-0.0545673	1.12668	1.12668	-3.58938	-0.531579	-0.367853
362	0.949629	0.135348	0.135348	-2.9279	0.0108479	0.0311319	3.22669	3.22669	-3.66865	0.073346	0.212362
362	1.08205	0.0125083	0.0125083	-3.14392	-0.400532	-0.224959	0.298197	0.298197	-3.93933	-1.32272	-0.845582
362	0.989957	0.0397097	0.0397097	-3.01159	-0.0883675	-0.106807	0.946677	0.946677	-3.77352	-0.569671	-0.533469
362	0.963668	0.103657	0.103657	-2.51071	-0.0296515	0.0040204	2.47117	2.47117	-3.14592	-0.199308	0.0292491
362	1.01874	0.133179	0.133179	-2.54349	-0.0378096	-0.00222399	3.17498	3.17498	-3.18699	-0.207832	-0.0113229
362	0.916565	0.0725559	0.0725559	-2.63502	-0.0514189	-0.0355955	1.72973	1.72973	-3.30169	-0.365147	-0.225965
362	0.969929	0.118239	0.118239	-2.04666	-0.0139493	-0.00821163	2.81882	2.81882	-2.56446	-0.0848881	-0.0458233
362	0.935192	0.0159315	0.0159315	-2.65925	-0.108787	-0.0807999	0.379807	0.379807	-3.33205	-0.797529	-0.606718
362	1.10241	0.0630901	0.0630901	-3.38753	-0.403381	-0.261062	1.50406	1.50406	-4.24457	-1.29399	-0.87021
362	1.08381	-0.00661197	-0.00661197	-2.84439	-0.450742	-0.320664	-0.157629	-0.157629	-3.56402	-1.5072	-0.963691
362	1.03932	0.053682	0.053682	-3.01476	-0.144288	-0.0777233	1.27978	1.27978	-3.7775	-0.777633	-0.409578
362	1.06754	0.0447074	0.0447074	-2.32045	-0.287891	-0.200727	1.06582	1.06582	-2.90753	-1.05313	-0.730091
362	1.07132	0.0366607	0.0366607	-3.14021	-0.237769	-0.241769	0.873989	0.873989	-3.93469	-0.966892	-0.900824
362	1.16252	0.105663	0.0969282	-3.37084	-0.634786	-0.591612	2.519	2.30757	-4.22366	-2.31968	-2.60597
362	1.02169	0.0765278	0.0765278	-3.03158	-0.0899159	-0.0964156	1.82442	1.82442	-3.79857	-0.507134	-0.403086
362	1.01783	0.0030833	0.0030833	-3.10661	-0.179974	-0.152087	0.0735056	0.0735056	-3.89258	-0.882722	-0.783124
362	0.91113	0.0372896	0.0372896	-3.28697	-0.0930232	-0.0847395	0.888981	0.888981	-4.11858	-0.637111	-0.481594
362	0.937943	0.0673274	0.0673274	-2.65634	-0.0603697	-0.0208761	1.60508	1.60508	-3.3284	-0.418936	-0.153517
362	0.997902	0.0619941	0.0619941	-2.66527	-0.0810078	-0.0735271	1.47794	1.47794	-3.33958	-0.4776	-0.362169
362	0.969323	0.101998	0.101998	-3.25537	-0.0455203	-0.0201723	2.43164	2.43164	-4.07898	-0.28245	-0.110054
362	1.11926	0.0816174	0.0816174	-2.36107	-0.343596	-0.281645	1.94575	1.94575	-2.95842	-1.21593	-0.817343
362	1.11184	-0.041216	-0.041216	-2.66467	-0.505482	-0.445421	-0.982587	-0.982587	-3.33883	-1.71211	-1.41151
362	1.1026	0.134304	0.134304	-2.9359	-0.383992	-0.244778	3.20179	3.20179	-3.67869	-1.21675	-0.785321
362	1.02766	0.0704281	0.0704281	-2.97496	-0.10172	-0.0703883	1.679	1.679	-3.72763	-0.576192	-0.379724
362	0.977818	0.101151	0.101151	-3.23952	-0.0539892	-0.0116116	2.41143	2.41143	-4.05912	-0.322265	-0.0642053
362	1.00002	0.054035	0.054035	-2.58317	-0.127755	-0.0717438	1.28819	1.28819	-3.23672	-0.691815	-0.422776
362	1.03498	0.0922573	0.0922573	-3.05008	-0.112666	-0.0690958	2.19941	2.19941	-3.82175	-0.521598	-0.298514
362	0.972942	0.13895	0.13895	-2.88394	-0.0295846	-0.0144037	3.31257	3.31257	-3.61358	-0.163585	-0.0743016
362	1.01101	0.0743406	0.0743406	-2.48587	-0.0984426	-0.0857959	1.77228	1.77228	-3.11479	-0.47184	-0.364935
362	0.960132	0.1828	0.1828	-2.42861	0.0488502	0.0625652	4.35795	4.35795	-3.04304	0.318537	0.364999
362	0.945092	0.136617	0.136617	-3.15589	0.0174019	0.0500129	3.25694	3.25694	-3.95432	0.119273	0.406872
362	1.02978	0.0687349	0.0687349	-2.29926	-0.123109	-0.083745	1.63864	1.63864	-2.88097	-0.625458	-0.424596
362	1.0522	0.137607	0.137607	-2.96944	-0.0883631	-0.028461	3.28055	3.28055	-3.72071	-0.375231	-0.140573
362	0.878146	0.0498993	0.0498993	-2.45752	-0.0624219	-0.031941	1.1896	1.1896	-3.07927	-0.479735	-0.285837
362	0.96999	0.11978	0.11978	-3.08133	-0.0234133	0.0155089	2.85555	2.85555	-3.8609	-0.155185	0.105614
362	0.95685	0.105925	0.105925	-2.8027	-0.0172794	-0.0174255	2.52524	2.52524	-3.51179	-0.113272	-0.106328
362	0.899259	0.0579416	0.0579416	-2.5492	-0.0671237	-0.047975	1.38133	1.38133	-3.19415	-0.448686	-0.302587
362	1.05566	0.0933798	0.0933798	-2.54837	-0.245239	-0.162722	2.22617	2.22617	-3.19311	-0.897771	-0.553816
362	0.875919	0.0233545	0.0233545	-2.95047	-0.116798	-0.0636284	0.556771	0.556771	-3.69693	-0.730126	-0.475767
362	1.01023	0.0950473	0.0950473	-3.06595	-0.0846534	-0.035984	2.26592	2.26592	-3.84164	-0.437751	-0.200239
362	1.01181	-0.0352383	-0.0352383	-3.14711	-0.194208	-0.189928	-0.840079	-0.840079	-3.94333	-1.03463	-0.881307
362	1.00281	0.00895096	0.00895096	-2.60796	-0.175282	-0.113347	0.213391	0.213391	-3.26777	-0.923439	-0.682365
362	0.911691	-0.0662215	-0.0662215	-2.79299	-0.202955	-0.175923	-1.57872	-1.57872	-3.49962	-1.27479	-1.1152
362	0.947328	0.106267	0.106267	-2.92901	-0.0345781	-0.010143	2.53339	2.53339	-3.67005	-0.220836	-0.0603156
362	0.847023	0.0519622	0.0519622	-2.65161	-0.0436171	-0.0331095	1.23878	1.23878	-3.32247	-0.385207	-0.261006
362	1.03531	0.0396189	0.0396189	-2.64338	-0.156909	-0.127147	0.944513	0.944513	-3.31216	-0.73232	-0.599898
362	0.948384	0.0775367	0.0775367	-2.37351	-0.0391448	-0.0304249	1.84847	1.84847	-2.97401	-0.281042	-0.199744
362	0.894873	0.0423019	0.0423019	-2.86615	-0.0963287	-0.0515085	1.00847	1.00847	-3.59129	-0.684823	-0.387154
362	0.979684	-0.0231094	-0.0231094	-3.15626	-0.148911	-0.149378	-0.550927	-0.550927	-3.95479	-1.03428	-0.853361
362	1.00249	0.0867969	0.0867969	-2.47635	-0.0896098	-0.0374626	2.06923	2.06923	-3.10286	-0.480785	-0.209543
362	0.939694	0.0282227	0.0282227	-3.36218	-0.0956966	-0.0766738	0.672828	0.672828	-4.21281	-0.694373	-0.506092
362	1.04019	0.0307247	0.0307247	-2.65875	-0.145042	-0.158615	0.732474	0.732474	-3.33141	-0.725121	-0.759848
362	1.05269	0.0464486	0.0464486	-2.28673	-0.233149	-0.123853	1.10733	1.10733	-2.86527	-0.969169	-0.568563
362	0.946724	-0.0383207	-0.0383207	-3.00056	-0.158282	-0.138465	-0.913563	-0.913563	-3.7597	-1.17848	-0.972438
362	0.970466	0.0362855	0.0362855	-2.73544	-0.125552	-0.0772509	0.865044	0.865044	-3.42751	-0.691085	-0.472121
362	0.989937	0.0578478	0.0578478	-2.84656	-0.0974054	-0.0954805	1.37909	1.37909	-3.56673	-0.593828	-0.489248
362	0.996401	0.0926848	0.0926848	-3.21425	-0.102816	-0.0339264	2.2096	2.2096	-4.02745	-0.453613	-0.18653
362	0.932883	0.166115	0.166115	-2.89297	0.0376791	0.0658824	3.96018	3.96018	-3.62489	0.251939	0.454269
362	0.915738	-0.0217131	-0.0217131	-2.77048	-0.142748	-0.115359	-0.51764	-0.51764	-3.47142	-1.08377	-0.808916
362	1.06897	0.106764	0.106764	-2.68144	-0.214967	-0.0908154	2.54524	2.54524	-3.35984	-0.80023	-0.371086
362	1.08568	0.00747226	0.00747226	-2.78821	-0.399663	-0.363919	0.178138	0.178138	-3.49363	-1.29225	-1.1084
362	0.921468	0.185376	0.185376	-2.45059	0.0706333	0.0796327	4.41936	4.41936	-3.07059	0.561492	0.499426
362	1.06389	0.075334	0.075334	-2.79724	-0.264753	-0.176458	1.79596	1.79596	-3.50495	-0.941506	-0.618763
362	0.894125	0.0399309	0.0399309	-2.47662	-0.0736896	-0.056193	0.951951	0.951951	-3.10321	-0.520302	-0.385196
362	0.992415	0.0566019	0.0566019	-3.1624	-0.107896	-0.0634797	1.34939	1.34939	-3.96249	-0.598924	-0.375611
362	1.12364	0.0259214	0.0259214	-2.9816	-0.560473	-0.458949	0.617965	0.617965	-3.73594	-1.80115	-1.50474
362	0.952067	0.0651526	0.0651526	-3.07432	-0.0587878	-0.0386101	1.55324	1.55324	-3.85212	-0.416881	-0.244488
362	0.991989	0.0906934	0.0906934	-2.59324	-0.0744136	-0.0435068	2.16213	2.16213	-3.24933	-0.40198	-0.235981
362	0.940948	0.0146293	0.0146293	-2.7535	-0.115815	-0.104717	0.348762	0.348762	-3.45013	-0.780282	-0.609876
362	0.96189	0.0470101	0.0470101	-2.60596	-0.0895974	-0.0756899	1.12072	1.12072	-3.26527	-0.600055	-0.473114
362	0.867958	0.0660444	0.0660444	-3.28641	-0.0413107	-0.031664	1.5745	1.5745	-4.11787	-0.324793	-0.239085
362	1.01051	0.162925	0.162925	-2.9968	-0.0284637	-0.0104128	3.88413	3.88413	-3.75499	-0.140805	-0.0449088
362	0.866749	0.0496939	0.0496939	-2.78149	-0.0546663	-0.0505635	1.1847	1.1847	-3.4852	-0.455278	-0.357097
362	1.04723	0.0110298	0.0110298	-2.89571	-0.274369	-0.155187	0.262949	0.262949	-3.62833	-1.07532	-0.669378
362	0.923181	0.162576	0.162576	-2.99951	0.0332638	0.0516503	3.8758	3.8758	-3.75838	0.240148	0.343804
362	0.960881	0.0413796	0.0413796	-2.57657	-0.134649	-0.0993313	0.986487	0.986487	-3.22845	-0.744735	-0.537619
362	0.840209	-0.017013	-0.017013	-2.37795	-0.107276	-0.102834	-0.405589	-0.405589	-2.97957	-0.963267	-0.82588
362	0.897994	0.0417034	0.0417034	-2.3435	-0.0650061	-0.0522237	0.994207	0.994207	-2.93641	-0.525772	-0.403089
362	1.02441	0.0264745	0.0264745	-2.72557	-0.174302	-0.118343	0.631151	0.631151	-3.41514	-0.786126	-0.592383
362	1.04327	0.0452285	0.0452285	-2.853	-0.198083	-0.146445	1.07825	1.07825	-3.57481	-0.852516	-0.621207
362	0.895864	0.0903412	0.0903412	-2.38116	-0.0503417	-0.00842009	2.15373	2.15373	-2.98359	-0.323322	-0.0577107
362	0.94347	0.0930662	0.0930662	-2.75534	-0.0827705	-0.025204	2.21869	2.21869	-3.45244	-0.423707	-0.13891
362	1.00061	0.040845	0.040845	-3.15107	-0.125858	-0.095075	0.973743	0.973743	-3.9483	-0.735656	-0.472409
362	0.869958	0.0237917	0.0237917	-2.44594	-0.0704196	-0.0594625	0.567193	0.567193	-3.06476	-0.707792	-0.506108
362	1.03474	0.0389302	0.0389302	-2.64198	-0.173976	-0.11263	0.928094	0.928094	-3.3104	-0.849292	-0.554086
362	0.94407	0.154872	0.154872	-2.43374	0.0179516	0.0493681	3.69215	3.69215	-3.04947	0.110015	0.33067
362	0.932163	0.0327129	0.0327129	-2.56146	-0.0985462	-0.0581274	0.779873	0.779873	-3.20951	-0.69371	-0.4387
362	0.850939	0.147035	0.147035	-2.03924	0.0323103	0.0500375	3.5053	3.5053	-2.55516	0.216647	0.362416
362	0.971487	0.149189	0.149189	-2.4369	-0.0239168	0.0149729	3.55666	3.55666	-3.05343	-0.133091	0.0790606
362	1.00674	0.121701	0.121701	-2.64496	-0.0501978	-0.00368297	2.90135	2.90135	-3.31413	-0.285183	-0.0214421
362	0.909503	0.131359	0.131359	-2.50343	-0.00135067	0.0348353	3.13158	3.13158	-3.1368	-0.0102897	0.238032
362	0.859983	0.0680876	0.0680876	-3.01809	-0.0293012	-0.0164753	1.6232	1.6232	-3.78166	-0.272886	-0.136782
362	0.850818	0.020462	0.020462	-2.65554	-0.076802	-0.0727689	0.487814	0.487814	-3.32739	-0.643064	-0.551327
362	1.00125	-0.012026	-0.012026	-2.57905	-0.186351	-0.142097	-0.286698	-0.286698	-3.23155	-0.957634	-0.805692
362	0.799302	0.0149103	0.0149103	-2.54267	-0.0955494	-0.0651867	0.355461	0.355461	-3.18597	-0.80664	-0.539822
362	1.02984	0.102494	0.102494	-2.94135	-0.0739058	-0.0768341	2.44345	2.44345	-3.68551	-0.371991	-0.290847
362	1.03641	0.143736	0.143736	-2.65955	-0.078084	-0.0204303	3.42666	3.42666	-3.33242	-0.355114	-0.0914601
362	0.888665	0.0913967	0.0913967	-2.50418	-0.0336015	0.00160234	2.17889	2.17889	-3.13773	-0.228231	0.0119229
362	0.883618	0.0733933	0.0733933	-2.54494	-0.0313611	-0.0292419	1.74969	1.74969	-3.1888	-0.258335	-0.208119
362	0.969049	0.133803	0.133803	-2.57667	0.00559118	0.0327355	3.18985	3.18985	-3.22857	0.0360078	0.219558
362	1.00095	0.123955	0.123955	-2.77957	-0.0521459	-0.0207692	2.95509	2.95509	-3.4828	-0.277146	-0.105538
362	0.8998	0.0854274	0.0854274	-2.84628	-0.0465897	-0.013856	2.03658	2.03658	-3.56639	-0.317559	-0.105487
362	1.12671	0.0563167	0.0563167	-2.94505	-0.47724	-0.36266	1.34259	1.34259	-3.69015	-1.48878	-1.18606
362	1.05739	0.125358	0.125358	-2.89633	-0.146954	-0.0643877	2.98853	2.98853	-3.6291	-0.617446	-0.250752
362	0.973894	0.0941132	0.0941132	-2.66336	-0.0383813	-0.0103037	2.24365	2.24365	-3.33719	-0.25351	-0.0694278
362	0.978394	0.0484326	0.0484326	-2.6932	-0.086165	-0.0850779	1.15463	1.15463	-3.37458	-0.561999	-0.427191
362	0.975711	0.0219625	0.0219625	-2.72723	-0.118829	-0.113232	0.523585	0.523585	-3.41721	-0.729633	-0.592636
362	0.848891	0.0595702	0.0595702	-3.04478	-0.0516254	-0.0234817	1.42015	1.42015	-3.81511	-0.420969	-0.197796
362	1.0383	0.0317364	0.0317364	-3.00183	-0.21789	-0.112085	0.756595	0.756595	-3.7613	-0.903835	-0.56589
362	1.01494	0.0727257	0.0727257	-2.68883	-0.0867918	-0.0382318	1.73378	1.73378	-3.36911	-0.497048	-0.247748
362	1.01271	0.0193662	0.0193662	-2.56406	-0.131422	-0.127331	0.461689	0.461689	-3.21276	-0.756296	-0.681148
362	0.930163	0.0606868	0.0606868	-2.74376	-0.0672987	-0.0388374	1.44677	1.44677	-3.43793	-0.474185	-0.28611
362	1.00294	0.0872982	0.0872982	-2.39738	-0.0515765	-0.0645623	2.08118	2.08118	-3.00391	-0.339969	-0.31775
362	1.00291	0.102645	0.102645	-2.5592	-0.0745405	-0.00449897	2.44706	2.44706	-3.20668	-0.374998	-0.0303496
362	0.989622	0.0391027	0.0391027	-2.65251	-0.132096	-0.0823454	0.932207	0.932207	-3.3236	-0.69308	-0.493199
362	1.07578	0.121248	0.121248	-2.6739	-0.19042	-0.230211	2.89054	2.89054	-3.35039	-0.667902	-0.733355
362	0.971388	0.105167	0.105167	-2.91631	-0.0484797	0.000657373	2.50717	2.50717	-3.65414	-0.272634	0.00436762
362	1.0413	0.0601732	0.0601732	-2.54577	-0.221599	-0.107824	1.43453	1.43453	-3.18985	-0.938639	-0.496778
362	0.901748	0.0136295	0.0136295	-2.76592	-0.0999888	-0.101899	0.324926	0.324926	-3.4657	-0.764784	-0.618763
362	0.951775	0.0680124	0.0680124	-2.9649	-0.0583837	-0.0510347	1.62141	1.62141	-3.71501	-0.443051	-0.292386
362	0.943125	0.0371669	0.0371669	-2.83343	-0.0955176	-0.0588203	0.886056	0.886056	-3.55028	-0.684503	-0.392223
362	0.931217	0.115028	0.115028	-2.48872	-0.00743134	0.00418022	2.74225	2.74225	-3.11837	-0.0529283	0.0254611
362	0.953869	0.164108	0.164108	-2.34929	0.010429	0.0551415	3.91233	3.91233	-2.94366	0.0627497	0.347508
362	1.02666	-0.0146881	-0.0146881	-2.81896	-0.207586	-0.1887	-0.350165	-0.350165	-3.53215	-0.968296	-0.819969
362	0.962568	-0.00674807	-0.00674807	-2.75061	-0.131951	-0.106887	-0.160874	-0.160874	-3.44652	-0.906412	-0.788135
362	1.04956	-0.00698644	-0.00698644	-2.77151	-0.289099	-0.207036	-0.166556	-0.166556	-3.4727	-1.18774	-0.770863
362	1.07602	0.0837563	0.0837563	-2.77478	-0.17862	-0.19267	1.99675	1.99675	-3.4768	-0.769698	-0.6454
362	0.856469	-0.00982965	-0.00982965	-2.27858	-0.12495	-0.103334	-0.234338	-0.234338	-2.85506	-1.02326	-0.751598
362	0.982983	0.0161759	0.0161759	-2.8548	-0.124149	-0.132745	0.385633	0.385633	-3.57707	-0.784919	-0.599974
362	1.05315	0.101956	0.101956	-2.74354	-0.0860542	-0.108799	2.43062	2.43062	-3.43765	-0.422237	-0.433619
362	1.03903	-0.00346291	-0.00346291	-2.51572	-0.21316	-0.161976	-0.0825557	-0.0825557	-3.15219	-0.922659	-0.739639
362	0.885693	0.195135	0.195135	-2.54428	0.0976162	0.0859388	4.65201	4.65201	-3.18799	0.916032	0.546269
362	0.952531	0.00981496	0.00981496	-3.02548	-0.106085	-0.0982017	0.233988	0.233988	-3.79093	-0.834003	-0.665958
362	1.03214	0.080907	0.080907	-2.69262	-0.16419	-0.077935	1.92882	1.92882	-3.37386	-0.711593	-0.373033
362	0.954	0.0416819	0.0416819	-2.42026	-0.0955164	-0.0599024	0.993694	0.993694	-3.03259	-0.624287	-0.392388
362	0.862137	0.101343	0.101343	-3.17401	-0.0349234	0.00870179	2.416	2.416	-3.97703	-0.214933	0.0604362
362	1.09886	0.030871	0.030871	-2.75103	-0.412396	-0.329941	0.735963	0.735963	-3.44704	-1.34951	-1.06912
362	0.943163	-0.0465498	-0.0465498	-2.99698	-0.167352	-0.162613	-1.10974	-1.10974	-3.75521	-1.05845	-0.90828
362	0.992216	0.0182815	0.0182815	-2.76836	-0.182454	-0.095138	0.435829	0.435829	-3.46876	-0.87294	-0.635503
362	1.01316	0.0148994	0.0148994	-2.73004	-0.153671	-0.157657	0.3552	0.3552	-3.42074	-0.778599	-0.692473
362	1.01439	0.0239221	0.0239221	-3.30836	-0.112496	-0.138314	0.570302	0.570302	-4.14537	-0.7303	-0.656625
362	0.968845	-0.00213616	-0.00213616	-3.35416	-0.132961	-0.127849	-0.0509259	-0.0509259	-4.20276	-0.93973	-0.723121
362	1.02957	0.140063	0.140063	-3.25645	-0.048709	-0.0316507	3.3391	3.3391	-4.08033	-0.220752	-0.142315
362	0.95081	0.10962	0.10962	-2.47653	-0.034224	-0.0213743	2.61333	2.61333	-3.1031	-0.221209	-0.120765
362	0.88273	0.0376543	0.0376543	-2.5391	-0.0807529	-0.0430304	0.897677	0.897677	-3.18149	-0.599098	-0.369445
362	1.01022	-0.0348944	-0.0348944	-3.17065	-0.198377	-0.168024	-0.831881	-0.831881	-3.97283	-1.06307	-0.943786
362	1.06834	0.00845903	0.00845903	-2.80372	-0.291174	-0.216728	0.201663	0.201663	-3.51307	-1.10843	-0.783688
362	1.05074	0.0579716	0.0579716	-2.90008	-0.168489	-0.123051	1.38204	1.38204	-3.6338	-0.709712	-0.513501
362	1.08844	0.0217522	0.0217522	-2.75052	-0.382134	-0.308562	0.518572	0.518572	-3.44641	-1.27076	-1.03012
362	0.871304	0.0642107	0.0642107	-2.46623	-0.0326911	-0.0325583	1.53078	1.53078	-3.09018	-0.310685	-0.222282
362	0.903762	0.100293	0.100293	-2.71485	-0.0253711	0.0046477	2.39098	2.39098	-3.40171	-0.187369	0.0347652
362	1.03179	0.0870456	0.0870456	-2.7034	-0.127659	-0.0677935	2.07516	2.07516	-3.38736	-0.648334	-0.346956
362	0.911612	0.119526	0.119526	-2.39685	0.00171612	0.0235446	2.84949	2.84949	-3.00326	0.0125008	0.187796
362	0.971814	-0.0389666	-0.0389666	-2.42617	-0.197082	-0.159294	-0.928961	-0.928961	-3.03998	-1.06622	-0.901191
362	1.02462	0.113869	0.113869	-2.5207	-0.0611636	-0.0424034	2.71464	2.71464	-3.15844	-0.316748	-0.204859
362	1.02376	-0.0189992	-0.0189992	-2.92559	-0.181814	-0.16984	-0.452941	-0.452941	-3.66577	-1.07353	-0.78314
362	1.03459	0.135196	0.135196	-2.72732	-0.101335	-0.0497856	3.22307	3.22307	-3.41733	-0.401534	-0.201284
362	0.938748	0.0736349	0.0736349	-2.23427	-0.057479	-0.0320587	1.75545	1.75545	-2.79955	-0.396662	-0.206887
362	1.08043	0.0632535	0.0632535	-2.62712	-0.299129	-0.163714	1.50796	1.50796	-3.29178	-1.10786	-0.625994
362	1.08658	0.0512711	0.0512711	-2.88727	-0.332747	-0.314535	1.2223	1.2223	-3.61775	-1.15805	-1.03136
362	1.15677	0.0976824	0.0892139	-2.86412	-0.496941	-0.526864	2.32874	2.12392	-3.58875	-1.66197	-1.6807
362	0.950022	0.0855178	0.0855178	-3.09094	-0.0328551	-0.0180724	2.03874	2.03874	-3.87295	-0.242791	-0.119475
362	1.09997	0.0615066	0.0615066	-2.87198	-0.359379	-0.319335	1.46632	1.46632	-3.59859	-1.25389	-1.10867
362	1.07363	0.0567003	0.0567003	-2.99299	-0.232601	-0.237813	1.35173	1.35173	-3.75022	-0.982374	-0.819392
362	0.987259	0.039926	0.039926	-3.00646	-0.0891158	-0.0664128	0.951834	0.951834	-3.76709	-0.623738	-0.426531
362	1.01412	0.0405398	0.0405398	-2.83725	-0.128964	-0.107097	0.966466	0.966466	-3.55507	-0.607554	-0.547265
362	0.865292	0.0132541	0.0132541	-2.63509	-0.0976311	-0.0747163	0.315977	0.315977	-3.30177	-0.824831	-0.556866
362	0.985192	0.0416766	0.0416766	-2.3915	-0.0853775	-0.10064	0.993568	0.993568	-2.99655	-0.657798	-0.565297
362	0.980766	0.122034	0.122034	-2.9358	-0.0405299	-0.0133625	2.90929	2.90929	-3.67856	-0.215393	-0.0656265
362	1.12138	0.0035406	0.0035406	-2.91743	-0.578106	-0.487317	0.0844078	0.0844078	-3.65555	-1.9638	-1.59926
362	0.981451	-0.0117339	-0.0117339	-3.13229	-0.170253	-0.122025	-0.279735	-0.279735	-3.92475	-0.997221	-0.72277
362	1.01514	0.00644231	0.00644231	-3.14455	-0.190115	-0.109891	0.153584	0.153584	-3.94012	-0.901089	-0.591916
362	0.993499	0.0853287	0.0853287	-2.70487	-0.0465888	-0.0265126	2.03423	2.03423	-3.3892	-0.311875	-0.170719
362	0.97863	0.0786574	0.0786574	-2.50178	-0.118643	-0.0442094	1.87519	1.87519	-3.13474	-0.566448	-0.249168
362	0.921756	-0.027456	-0.027456	-2.92399	-0.136646	-0.142348	-0.654549	-0.654549	-3.66376	-1.09211	-0.889612
362	0.905183	0.120903	0.120903	-2.8434	0.00988245	0.0238848	2.88232	2.88232	-3.56277	0.0706037	0.184082
362	0.89151	0.156951	0.156951	-2.16747	0.052129	0.047293	3.74171	3.74171	-2.71583	0.427349	0.302772
362	0.974159	0.118862	0.118862	-2.43912	-0.00906227	-0.00644074	2.83367	2.83367	-3.05621	-0.062206	-0.0385773
362	1.02295	-0.0187362	-0.0187362	-3.0233	-0.142694	-0.159322	-0.446669	-0.446669	-3.78819	-1.04248	-0.77565
362	1.00464	0.0641565	0.0641565	-2.2957	-0.0945381	-0.0569134	1.52949	1.52949	-2.87651	-0.538665	-0.315884
362	0.965248	0.136956	0.136956	-2.82263	-0.0138691	0.0127749	3.26502	3.26502	-3.53676	-0.0824923	0.0692812
362	0.93934	0.0532818	0.0532818	-2.74912	-0.0659124	-0.0373394	1.27024	1.27024	-3.44464	-0.521245	-0.303343
362	0.978385	-0.0460085	-0.0460085	-3.22578	-0.197195	-0.163568	-1.09684	-1.09684	-4.0419	-1.21833	-0.923515
362	0.967917	0.0545513	0.0545513	-2.51006	-0.0972065	-0.0584394	1.3005	1.3005	-3.1451	-0.54063	-0.382841
362	1.02597	0.117011	0.117011	-2.92275	-0.122119	-0.0392791	2.78953	2.78953	-3.66221	-0.517297	-0.191474
362	0.960599	0.0697527	0.0697527	-3.01876	-0.0597818	-0.0302149	1.6629	1.6629	-3.7825	-0.379191	-0.185994
362	0.966156	0.0495176	0.0495176	-2.60302	-0.0952842	-0.0746603	1.1805	1.1805	-3.26158	-0.617281	-0.428695
362	1.01129	0.1268	0.1268	-2.96291	-0.0633426	-0.0100621	3.02292	3.02292	-3.71253	-0.313313	-0.0504057
362	0.99304	0.0299535	0.0299535	-2.23683	-0.127132	-0.0706247	0.71409	0.71409	-2.80274	-0.766064	-0.480955
362	1.0028	0.0121867	0.0121867	-3.27599	-0.12814	-0.113084	0.29053	0.29053	-4.10481	-0.839332	-0.666795
362	1.03768	0.0589101	0.0589101	-2.60227	-0.197531	-0.11923	1.40441	1.40441	-3.26065	-0.732825	-0.533802
362	0.86453	0.0481111	0.0481111	-2.98159	-0.0686039	-0.0330906	1.14697	1.14697	-3.73593	-0.487239	-0.273519
362	0.993627	0.0849528	0.0849528	-2.78816	-0.0816391	-0.0711038	2.02527	2.02527	-3.49357	-0.42413	-0.33822
362	1.10985	0.0251413	0.0251413	-2.78133	-0.530827	-0.345049	0.599367	0.599367	-3.48501	-1.6691	-1.10314
362	0.947843	0.0640708	0.0640708	-2.8706	-0.0714814	-0.0322771	1.52745	1.52745	-3.59686	-0.41238	-0.240625
362	1.02836	0.0699397	0.0699397	-2.52502	-0.109418	-0.0935465	1.66736	1.66736	-3.16385	-0.549197	-0.420523
362	0.907146	0.0111223	0.0111223	-3.23541	-0.133448	-0.093389	0.265156	0.265156	-4.05396	-0.780994	-0.655636
362	0.89345	0.135886	0.135886	-2.98454	0.0139904	0.0531869	3.23953	3.23953	-3.73963	0.106658	0.416077
362	0.944853	0.134358	0.134358	-2.60666	-0.014992	0.00412227	3.2031	3.2031	-3.26615	-0.0931052	0.0247482
362	1.00018	0.00538433	0.00538433	-2.97534	-0.185459	-0.0972714	0.128362	0.128362	-3.7281	-0.827231	-0.69215
362	0.949666	0.0749073	0.0749073	-2.6286	-0.0499041	-0.0430898	1.78579	1.78579	-3.29364	-0.342819	-0.251564
362	1.00937	0.0415356	0.0415356	-2.52149	-0.0998801	-0.0708551	0.990206	0.990206	-3.15943	-0.665451	-0.43302
362	0.903279	0.0788103	0.0788103	-2.74384	-0.0504022	-0.00127993	1.87883	1.87883	-3.43803	-0.343672	-0.0105145
362	0.858163	0.00298565	0.00298565	-2.34441	-0.111739	-0.103047	0.0711777	0.0711777	-2.93755	-0.908599	-0.736618
362	0.922901	0.125525	0.125525	-2.62113	-0.0151603	0.0176793	2.99251	2.99251	-3.28427	-0.0944518	0.121595
362	0.91838	0.0434969	0.0434969	-2.74759	-0.086588	-0.0524374	1.03696	1.03696	-3.44273	-0.580579	-0.367573
362	0.976207	-0.00433877	-0.00433877	-2.75844	-0.137641	-0.119632	-0.103436	-0.103436	-3.45632	-0.837037	-0.68489
362	0.987279	0.0525357	0.0525357	-2.57714	-0.10062	-0.060801	1.25245	1.25245	-3.22915	-0.587857	-0.38352
362	0.905437	0.135716	0.135716	-2.5101	0.0239462	0.0388659	3.23546	3.23546	-3.14515	0.187157	0.292272
362	0.938375	0.0772143	0.0772143	-2.63978	-0.0390072	-0.0455297	1.84079	1.84079	-3.30765	-0.291801	-0.274717
362	0.997837	-0.0189719	-0.0189719	-2.71831	-0.199572	-0.163907	-0.452289	-0.452289	-3.40604	-1.01802	-0.888588
362	0.950218	0.130423	0.130423	-2.65504	0.00437792	0.0110111	3.10927	3.10927	-3.32676	0.0296865	0.0645269
362	0.922618	-0.0229176	-0.0229176	-2.85808	-0.156327	-0.129966	-0.546355	-0.546355	-3.58118	-1.0581	-0.832581
362	0.972437	0.0298458	0.0298458	-2.35701	-0.117987	-0.125177	0.711521	0.711521	-2.95334	-0.661828	-0.548394
362	1.04726	0.0399977	0.0399977	-2.83341	-0.25072	-0.1599	0.953544	0.953544	-3.55026	-0.937622	-0.678255
362	1.03406	0.0806958	0.0806958	-2.72323	-0.166242	-0.0968751	1.92378	1.92378	-3.41221	-0.691427	-0.398352
362	0.947075	0.0376825	0.0376825	-2.33344	-0.0774148	-0.0688384	0.898349	0.898349	-2.92381	-0.604666	-0.427589
362	0.948183	0.0622492	0.0622492	-2.51375	-0.0963539	-0.0437476	1.48402	1.48402	-3.14973	-0.543556	-0.307619
362	0.869803	0.0287944	0.0287944	-3.391	-0.0737858	-0.072889	0.686456	0.686456	-4.24892	-0.582877	-0.554798
362	0.880724	0.10995	0.10995	-2.33899	-0.0100586	0.024403	2.6212	2.6212	-2.93075	-0.0771256	0.185877
362	1.05928	0.105192	0.105192	-2.68563	-0.139578	-0.148326	2.50777	2.50777	-3.36509	-0.565575	-0.542599
362	0.916979	-0.0122417	-0.0122417	-2.94413	-0.133907	-0.0912235	-0.291841	-0.291841	-3.689	-0.932721	-0.80562
362	1.08389	0.0794118	0.0794118	-2.65203	-0.224934	-0.274757	1.89317	1.89317	-3.32299	-0.869771	-0.903563
362	1.10754	0.0709238	0.0709238	-2.59552	-0.345331	-0.294827	1.69082	1.69082	-3.25218	-1.05909	-0.966688
362	0.87101	-0.00270614	-0.00270614	-2.9009	-0.102573	-0.093403	-0.0645143	-0.0645143	-3.63482	-0.954189	-0.716179
362	0.997212	0.114287	0.114287	-2.83225	-0.106776	-0.00875156	2.72459	2.72459	-3.5488	-0.461222	-0.0486343
362	0.922654	0.0534197	0.0534197	-2.74095	-0.0859629	-0.0530425	1.27352	1.27352	-3.43442	-0.592729	-0.346234
362	0.960288	-0.0160609	-0.0160609	-3.06122	-0.119492	-0.148405	-0.382891	-0.382891	-3.83571	-0.954819	-0.785452
362	0.936673	0.002673	0.002673	-2.43491	-0.109432	-0.106324	0.0637242	0.0637242	-3.05095	-0.804195	-0.68149
362	0.864977	0.0202315	0.0202315	-3.03685	-0.082484	-0.0609373	0.482318	0.482318	-3.80517	-0.709689	-0.489055
362	0.996379	0.0309246	0.0309246	-2.55501	-0.111424	-0.124548	0.73724	0.73724	-3.20142	-0.674139	-0.584881
362	1.08762	0.0996137	0.0996137	-2.67403	-0.387572	-0.179536	2.37478	2.37478	-3.35057	-1.23112	-0.605266
362	1.0562	0.0690995	0.0690995	-2.61636	-0.192969	-0.122858	1.64733	1.64733	-3.27829	-0.76354	-0.516268
362	0.99206	0.0623638	0.0623638	-2.64203	-0.0785913	-0.0616126	1.48675	1.48675	-3.31046	-0.532679	-0.357178
362	0.928562	0.0887636	0.0887636	-2.86985	-0.0360803	-0.022242	2.11612	2.11612	-3.59592	-0.265811	-0.141671
362	0.91368	0.0605089	0.0605089	-2.65316	-0.0499965	-0.02883	1.44253	1.44253	-3.3244	-0.418221	-0.229499
362	0.948009	0.0333031	0.0333031	-2.85594	-0.0742471	-0.0629987	0.793943	0.793943	-3.5785	-0.591576	-0.48483
362	0.964534	0.0169552	0.0169552	-2.87834	-0.137894	-0.0775771	0.40421	0.40421	-3.60656	-0.768763	-0.582644
362	1.01105	0.178276	0.178276	-2.46315	0.00370634	0.0616068	4.2501	4.2501	-3.08633	0.0202511	0.33583
362	0.949308	-0.0629189	-0.0629189	-2.54334	-0.185594	-0.18042	-1.49998	-1.49998	-3.18681	-1.36751	-1.18331
362	1.04909	0.0169501	0.0169501	-2.96251	-0.326775	-0.221907	0.404088	0.404088	-3.71203	-1.04073	-0.787582
362	0.961139	0.0134055	0.0134055	-2.53076	-0.128935	-0.113108	0.319587	0.319587	-3.17104	-0.798337	-0.629996
362	0.997716	0.00514318	0.00514318	-3.02115	-0.157301	-0.1192	0.122613	0.122613	-3.78551	-0.884313	-0.700213
362	0.933657	0.0201261	0.0201261	-2.40233	-0.11118	-0.104012	0.479805	0.479805	-3.01012	-0.778945	-0.597464
362	1.03237	0.0685816	0.0685816	-2.88779	-0.135222	-0.0618537	1.63498	1.63498	-3.6184	-0.624811	-0.345115
362	0.98787	0.00671098	0.00671098	-3.11663	-0.158633	-0.143535	0.159989	0.159989	-3.90514	-0.947821	-0.708858
362	0.981494	0.128947	0.128947	-3.19947	-0.016203	0.00893492	3.07408	3.07408	-4.00894	-0.0974482	0.0543324
362	0.944384	0.0290718	0.0290718	-2.39047	-0.128791	-0.093953	0.69307	0.69307	-2.99525	-0.735067	-0.491335
362	1.05477	0.0525485	0.0525485	-2.55516	-0.132007	-0.17555	1.25275	1.25275	-3.20161	-0.747127	-0.639713
362	1.04226	0.0768657	0.0768657	-2.69504	-0.126106	-0.123117	1.83247	1.83247	-3.37688	-0.579754	-0.516363
362	1.02428	0.0970296	0.0970296	-2.2454	-0.105527	-0.0182678	2.31318	2.31318	-2.81349	-0.477017	-0.114849
362	0.98267	0.0729456	0.0729456	-2.81538	-0.0497874	-0.0332913	1.73902	1.73902	-3.52767	-0.363043	-0.213083
362	1.05523	0.0078339	0.0078339	-3.10859	-0.165831	-0.188257	0.18676	0.18676	-3.89506	-0.88266	-0.876036
362	1.0772	0.166242	0.166242	-2.69514	-0.168907	-0.164078	3.9632	3.9632	-3.37701	-0.625807	-0.540342
362	0.995236	0.200649	0.200649	-2.15451	0.0618311	0.0708392	4.78346	4.78346	-2.6996	0.348042	0.397609
362	0.918855	0.113755	0.113755	-2.61586	-0.00338293	0.0127831	2.71192	2.71192	-3.27768	-0.0247485	0.0842128
362	0.813583	0.131447	0.131447	-2.16653	0.0211392	0.0499994	3.1337	3.1337	-2.71466	0.164086	0.418174
362	0.857133	0.0482172	0.0482172	-2.68107	-0.0490832	-0.0519402	1.1495	1.1495	-3.35938	-0.441374	-0.381669
362	0.896469	-0.0589258	-0.0589258	-2.43445	-0.159799	-0.156574	-1.40479	-1.40479	-3.05037	-1.32165	-1.11082
362	1.06617	0.123088	0.123088	-2.88091	-0.14975	-0.107271	2.93442	2.93442	-3.60978	-0.563038	-0.419571
362	1.05913	0.0928631	0.0928631	-2.92874	-0.155134	-0.138811	2.21385	2.21385	-3.66971	-0.665685	-0.527165
362	0.937573	0.00706871	0.00706871	-2.37538	-0.129627	-0.123249	0.168518	0.168518	-2.97635	-0.811267	-0.62331
362	0.978915	0.0241681	0.0241681	-3.27004	-0.148401	-0.0929036	0.576167	0.576167	-4.09736	-0.803547	-0.581308
362	1.07012	0.119982	0.119982	-2.71019	-0.278412	-0.170974	2.86038	2.86038	-3.39586	-0.963166	-0.606938
362	0.896919	0.125806	0.125806	-2.62004	0.0111403	0.0154821	2.9992	2.9992	-3.28291	0.0870786	0.104883
362	0.967481	0.00274614	0.00274614	-3.11411	-0.133559	-0.0998355	0.0654678	0.0654678	-3.90198	-0.795231	-0.729013
362	1.05878	-0.0467462	-0.0467462	-2.64623	-0.321942	-0.263391	-1.11443	-1.11443	-3.31572	-1.34249	-1.11265
362	1.05282	0.142072	0.142072	-2.74352	-0.150956	-0.023506	3.38699	3.38699	-3.43762	-0.539687	-0.117253
362	0.964811	0.116537	0.116537	-2.84855	-0.00633605	-0.00407968	2.77825	2.77825	-3.56923	-0.0439625	-0.0255465
362	0.978592	0.093298	0.093298	-2.76699	-0.0427962	-0.0278196	2.22422	2.22422	-3.46704	-0.277022	-0.166808
362	0.985183	0.0807204	0.0807204	-2.69605	-0.0773679	-0.0627905	1.92437	1.92437	-3.37815	-0.442671	-0.330914
362	1.03041	0.0603676	0.0603676	-2.56976	-0.122819	-0.134806	1.43916	1.43916	-3.21991	-0.582331	-0.544427
362	0.989914	0.0480285	0.0480285	-2.4051	-0.126612	-0.0850947	1.145	1.145	-3.01359	-0.611521	-0.479519
362	0.947094	-0.0227663	-0.0227663	-2.81081	-0.141478	-0.139654	-0.542748	-0.542748	-3.52195	-1.11357	-0.866079
362	1.09912	0.0202602	0.0202602	-3.10972	-0.393188	-0.412359	0.483002	0.483002	-3.89648	-1.40753	-1.29894
362	0.943675	-0.00722763	-0.00722763	-2.59446	-0.124061	-0.131598	-0.172306	-0.172306	-3.25086	-0.988218	-0.80273
362	0.953697	0.0560826	0.0560826	-2.63563	-0.0861548	-0.0710358	1.33701	1.33701	-3.30244	-0.519664	-0.389587
362	1.0264	-0.0243106	-0.0243106	-2.92427	-0.172025	-0.186451	-0.579564	-0.579564	-3.66411	-0.989007	-0.859282
362	0.931818	0.0892037	0.0892037	-2.47776	-0.0364415	-0.0225959	2.12661	2.12661	-3.10464	-0.246482	-0.144717
362	0.90138	-0.000819234	-0.000819234	-2.50987	-0.125586	-0.103432	-0.0195305	-0.0195305	-3.14487	-0.882417	-0.700837
362	0.943419	0.0182173	0.0182173	-2.70369	-0.104523	-0.0868359	0.434299	0.434299	-3.38772	-0.746671	-0.569557
362	0.965589	0.150215	0.150215	-2.6322	0.016999	0.0437637	3.58111	3.58111	-3.29814	0.11065	0.28811
362	0.906256	0.0751	0.0751	-2.65244	-0.0277539	-0.016544	1.79038	1.79038	-3.3235	-0.236413	-0.114061
362	0.928596	0.0881119	0.0881119	-2.74907	-0.0487702	-0.0357562	2.10058	2.10058	-3.44459	-0.336703	-0.216368
362	0.961043	0.0271535	0.0271535	-2.61399	-0.109732	-0.0688163	0.647339	0.647339	-3.27533	-0.729756	-0.513209
362	1.07064	0.0888521	0.0888521	-2.58266	-0.224762	-0.175245	2.11823	2.11823	-3.23607	-0.824092	-0.61998
362	1.07614	-0.0795611	-0.0795611	-2.53574	-0.387815	-0.330821	-1.89673	-1.89673	-3.17729	-1.47644	-1.24526
362	0.925207	0.144226	0.144226	-2.72804	0.0203755	0.0403201	3.43834	3.43834	-3.41824	0.140589	0.246362
362	0.906872	0.0147928	0.0147928	-2.59246	-0.126075	-0.0967803	0.35266	0.35266	-3.24836	-0.748087	-0.587111
362	0.994602	0.14888	0.14888	-2.2198	-0.0497181	0.0167579	3.5493	3.5493	-2.7814	-0.24817	0.0848575
362	0.900043	0.0218739	0.0218739	-2.65991	-0.0813832	-0.064241	0.521473	0.521473	-3.33287	-0.752658	-0.51146
362	0.968986	0.0855882	0.0855882	-2.76537	-0.0349184	-0.016187	2.04042	2.04042	-3.46501	-0.260685	-0.0992943
362	0.91193	0.0469568	0.0469568	-2.43161	-0.0827566	-0.0632476	1.11945	1.11945	-3.04681	-0.516807	-0.430796
362	1.04559	0.0237023	0.0237023	-2.4953	-0.204012	-0.202126	0.565061	0.565061	-3.12661	-0.897567	-0.734231
362	1.01465	0.148415	0.148415	-3.09407	-0.00213754	-0.00593665	3.53822	3.53822	-3.87688	-0.0128871	-0.0279682
362	0.949504	0.127593	0.127593	-2.66241	0.016265	0.00685659	3.04181	3.04181	-3.336	0.111263	0.0412366
362	0.762014	0.00338813	0.00338813	-2.39822	-0.0886145	-0.0679943	0.0807728	0.0807728	-3.00497	-0.814153	-0.652299
362	0.883172	0.133198	0.133198	-2.60278	0.0174836	0.0333962	3.17543	3.17543	-3.26129	0.131358	0.249193
362	0.955306	0.0547022	0.0547022	-2.64497	-0.101858	-0.0463293	1.3041	1.3041	-3.31415	-0.594764	-0.336193
362	1.00329	0.0220983	0.0220983	-2.797	-0.127876	-0.119256	0.526822	0.526822	-3.50464	-0.780539	-0.599077
362	0.966307	0.0184252	0.0184252	-2.57857	-0.10951	-0.115389	0.439256	0.439256	-3.23095	-0.767834	-0.616331
362	0.997898	0.0192871	0.0192871	-2.51089	-0.147701	-0.121744	0.459804	0.459804	-3.14615	-0.798662	-0.646029
362	0.930114	0.0347077	0.0347077	-3.33894	-0.0917386	-0.059017	0.827431	0.827431	-4.1837	-0.660901	-0.432914
362	1.01858	0.152624	0.152624	-2.46149	-0.02033	0.00500756	3.63855	3.63855	-3.08425	-0.116382	0.0252377
362	0.920459	0.0631164	0.0631164	-2.6355	-0.0722952	-0.0286445	1.50469	1.50469	-3.30228	-0.45936	-0.203128
362	0.908075	0.138383	0.138383	-2.70728	-0.00339107	0.0464654	3.29905	3.29905	-3.39222	-0.0225253	0.34474
362	1.01071	0.0299463	0.0299463	-3.11459	-0.140532	-0.115102	0.713919	0.713919	-3.90258	-0.784533	-0.595609
362	0.922556	0.0413013	0.0413013	-2.88312	-0.091777	-0.0722989	0.984621	0.984621	-3.61255	-0.580639	-0.47032
362	1.00354	0.10901	0.10901	-2.74008	-0.056183	-0.0189883	2.5988	2.5988	-3.43332	-0.32185	-0.106565
362	0.988303	-0.0308638	-0.0308638	-2.7725	-0.174722	-0.178202	-0.735793	-0.735793	-3.47394	-1.01092	-0.861195
362	1.12947	0.135999	0.135999	-2.5882	-0.517482	-0.41207	3.24222	3.24222	-3.24301	-1.86411	-1.3845
362	1.03292	0.0429964	0.0429964	-3.2905	-0.150965	-0.145831	1.02503	1.02503	-4.12299	-0.659803	-0.622048
362	0.936538	-0.0293084	-0.0293084	-2.83588	-0.163087	-0.136607	-0.698712	-0.698712	-3.55336	-1.06492	-0.941185
362	1.03709	0.0255144	0.0255144	-2.92328	-0.214899	-0.149239	0.608261	0.608261	-3.66288	-0.860964	-0.680107
362	0.963996	0.0474874	0.0474874	-2.29085	-0.0810246	-0.0525155	1.1321	1.1321	-2.87043	-0.550328	-0.346205
362	0.955654	-0.0102776	-0.0102776	-2.94667	-0.121903	-0.120884	-0.245018	-0.245018	-3.69217	-0.927408	-0.81273
362	0.957437	-0.0222636	-0.0222636	-2.77329	-0.167678	-0.146846	-0.530763	-0.530763	-3.47494	-1.0279	-0.841082
362	0.925567	0.0879531	0.0879531	-2.78447	-0.0611484	-0.0151338	2.0968	2.0968	-3.48895	-0.313668	-0.107535
362	1.0449	0.0525206	0.0525206	-2.86808	-0.157772	-0.114442	1.25209	1.25209	-3.5937	-0.704667	-0.582198
362	0.868354	-0.0261293	-0.0261293	-2.94383	-0.152303	-0.134548	-0.622921	-0.622921	-3.68862	-1.04395	-0.895879
362	0.919835	0.0659723	0.0659723	-2.5552	-0.0461016	-0.0502111	1.57278	1.57278	-3.20167	-0.357965	-0.326714
362	1.02264	0.0140059	0.0140059	-2.74121	-0.169272	-0.110572	0.333899	0.333899	-3.43474	-0.84897	-0.556627
362	0.973036	0.0722333	0.0722333	-2.66433	-0.081169	-0.0293939	1.72204	1.72204	-3.3384	-0.505001	-0.199936
362	1.00645	-0.00860818	-0.00860818	-3.00722	-0.171954	-0.119127	-0.205219	-0.205219	-3.76805	-0.939504	-0.811676
362	0.983558	0.0964944	0.0964944	-2.80606	-0.0534344	-0.0214988	2.30042	2.30042	-3.516	-0.30565	-0.13046
362	0.973731	0.10674	0.10674	-2.94234	-0.0557948	-0.0154965	2.54467	2.54467	-3.68675	-0.299488	-0.095289
362	0.937113	0.0793917	0.0793917	-2.94333	-0.0414452	-0.0115468	1.89269	1.89269	-3.688	-0.287119	-0.0858329
362	1.05306	0.0186512	0.0186512	-2.85771	-0.230641	-0.19813	0.444644	0.444644	-3.58071	-0.975946	-0.7966
362	1.00138	0.107105	0.107105	-2.89652	-0.0515472	-0.00970212	2.55337	2.55337	-3.62934	-0.307586	-0.0652313
362	1.00081	0.0613656	0.0613656	-2.57829	-0.0939933	-0.0746077	1.46295	1.46295	-3.2306	-0.510715	-0.408636
362	1.05978	0.0514992	0.0514992	-3.12824	-0.229206	-0.129282	1.22774	1.22774	-3.91969	-0.9701	-0.579688
362	1.05974	-0.0407772	-0.0407772	-2.84384	-0.337822	-0.283217	-0.972127	-0.972127	-3.56333	-1.31246	-1.08038
362	1.00204	0.0827222	0.0827222	-2.30884	-0.0695116	-0.0236654	1.97209	1.97209	-2.89297	-0.410827	-0.142912
362	0.972622	-0.0173362	-0.0173362	-2.55967	-0.178431	-0.112774	-0.413294	-0.413294	-3.20727	-1.02893	-0.829135
362	1.05547	0.0491393	0.0491393	-2.39213	-0.270607	-0.162179	1.17148	1.17148	-2.99734	-0.953223	-0.606452
362	1.03369	0.0262399	0.0262399	-2.63357	-0.169528	-0.168923	0.625558	0.625558	-3.29987	-0.823053	-0.681563
362	1.03204	0.0555567	0.0555567	-2.53405	-0.129693	-0.0919795	1.32447	1.32447	-3.17517	-0.6722	-0.465114
362	1.14339	-0.0545977	-0.0545977	-2.78925	-0.705811	-0.59726	-1.30161	-1.30161	-3.49493	-2.24953	-1.80807
362	0.901852	0.0612837	0.0612837	-2.37601	-0.0443939	-0.0345279	1.461	1.461	-2.97714	-0.350708	-0.251356
362	1.01851	0.0848337	0.0848337	-2.53394	-0.115956	-0.0534535	2.02243	2.02243	-3.17502	-0.51496	-0.25674
362	0.997381	0.0671678	0.0671678	-2.96781	-0.061347	-0.0688686	1.60128	1.60128	-3.71867	-0.381006	-0.342737
362	1.04914	-0.00353908	-0.00353908	-3.13666	-0.257894	-0.193984	-0.0843715	-0.0843715	-3.93024	-1.07044	-0.83644
362	0.860545	-0.0225674	-0.0225674	-2.35855	-0.1257	-0.109739	-0.538005	-0.538005	-2.95526	-1.11365	-0.855203
362	0.981653	0.0366911	0.0366911	-2.77869	-0.132474	-0.0905258	0.874714	0.874714	-3.4817	-0.697393	-0.479156
362	1.08629	0.00682579	0.00682579	-2.81734	-0.304678	-0.403753	0.162727	0.162727	-3.53013	-1.17903	-1.32832
362	1.00651	-0.00350327	-0.00350327	-2.95467	-0.134056	-0.132823	-0.0835178	-0.0835178	-3.7022	-0.892531	-0.754817
362	1.00847	0.0859281	0.0859281	-2.47623	-0.0855843	-0.0686718	2.04852	2.04852	-3.10272	-0.428344	-0.313203
362	0.883526	0.101493	0.101493	-2.83816	-0.031015	0.0139552	2.41958	2.41958	-3.55622	-0.196525	0.103953
362	0.923713	0.119697	0.119697	-2.35026	-0.00607724	0.0229402	2.85358	2.85358	-2.94487	-0.0403647	0.157342
362	0.89157	0.0291984	0.0291984	-2.88399	-0.0782093	-0.0740998	0.696089	0.696089	-3.61364	-0.678372	-0.502647
362	0.873189	0.105897	0.105897	-2.85122	-0.0112724	0.0313973	2.52458	2.52458	-3.57258	-0.0780384	0.27531
362	0.973425	0.128361	0.128361	-2.16711	-0.0471722	-0.00871384	3.06011	3.06011	-2.71539	-0.250674	-0.0483775
362	0.992874	-0.0206229	-0.0206229	-3.08198	-0.21362	-0.131521	-0.491649	-0.491649	-3.86171	-0.987053	-0.737755
362	1.01483	0.0218871	0.0218871	-2.85945	-0.13819	-0.135684	0.521787	0.521787	-3.58289	-0.771078	-0.614392
362	0.910877	0.106196	0.106196	-2.42235	0.0118181	0.0123357	2.53171	2.53171	-3.0352	0.102031	0.0948349
362	0.988354	0.0713018	0.0713018	-2.88511	-0.077665	-0.0377713	1.69983	1.69983	-3.61505	-0.450056	-0.233934
362	1.0619	0.15342	0.15342	-2.76469	-0.12873	-0.127789	3.65753	3.65753	-3.46415	-0.514868	-0.455495
362	0.862454	0.0686399	0.0686399	-2.48617	-0.0464578	-0.0312836	1.63637	1.63637	-3.11517	-0.379809	-0.221828
362	0.993806	0.105345	0.105345	-2.99088	-0.0294876	-0.0293836	2.51141	2.51141	-3.74757	-0.169448	-0.16889
362	0.972799	0.0179125	0.0179125	-2.59428	-0.0981388	-0.11041	0.427034	0.427034	-3.25063	-0.789763	-0.595414
362	1.01021	0.014724	0.014724	-2.61703	-0.123505	-0.105759	0.35102	0.35102	-3.27914	-0.74683	-0.623966
362	1.02615	0.111145	0.111145	-2.75316	-0.0312637	-0.0389466	2.64969	2.64969	-3.44971	-0.194776	-0.201111
362	1.03368	0.0691873	0.0691873	-3.11168	-0.120259	-0.0844735	1.64942	1.64942	-3.89894	-0.602985	-0.439897
362	0.883843	0.076469	0.076469	-2.5078	-0.0338827	-0.0215196	1.82302	1.82302	-3.14228	-0.292774	-0.162997
362	0.841939	0.0248275	0.0248275	-2.24201	-0.101586	-0.0689149	0.591886	0.591886	-2.80923	-0.749867	-0.511602
362	1.02598	-0.0306308	-0.0306308	-3.30538	-0.263641	-0.170038	-0.730237	-0.730237	-4.14164	-1.07724	-0.903919
362	0.932499	0.138423	0.138423	-2.21963	0.0235504	0.0187328	3.30001	3.30001	-2.78119	0.161694	0.111264
362	0.997737	0.0226607	0.0226607	-2.43654	-0.180476	-0.113441	0.540231	0.540231	-3.05298	-0.803741	-0.564706
362	1.12442	0.0296352	0.0296352	-2.95495	-0.498472	-0.40976	0.706502	0.706502	-3.70255	-1.58699	-1.234
362	0.988317	0.0478175	0.0478175	-2.92509	-0.132395	-0.112016	1.13997	1.13997	-3.66514	-0.71355	-0.509232
362	1.10694	0.0773366	0.0773366	-2.67056	-0.485004	-0.27371	1.8437	1.8437	-3.34621	-1.61271	-0.971245
362	0.856275	-0.0287087	-0.0287087	-2.49869	-0.135428	-0.119615	-0.684413	-0.684413	-3.13086	-1.09758	-0.850593
362	0.904209	-0.00447489	-0.00447489	-2.26642	-0.116549	-0.111477	-0.106681	-0.106681	-2.83982	-0.97722	-0.726912
362	1.11797	0.0668912	0.0668912	-3.07934	-0.524931	-0.379154	1.59468	1.59468	-3.85841	-1.71369	-1.2906
362	1.0495	0.109307	0.109307	-2.5592	-0.174225	-0.0805935	2.60588	2.60588	-3.20668	-0.605191	-0.317546
362	1.04426	0.0313241	0.0313241	-2.55194	-0.137706	-0.163463	0.746765	0.746765	-3.19759	-0.733177	-0.687444
362	0.927366	0.144444	0.144444	-2.56611	0.0148472	0.0494786	3.44355	3.44355	-3.21534	0.101052	0.375206
362	1.01836	0.039597	0.039597	-3.11206	-0.0975387	-0.0884846	0.943992	0.943992	-3.89941	-0.617219	-0.51081
362	0.84615	0.0818025	0.0818025	-2.36639	-0.0152509	0.00340407	1.95017	1.95017	-2.96509	-0.137422	0.0301833
362	1.08049	0.0134341	0.0134341	-2.7353	-0.343403	-0.26743	0.320269	0.320269	-3.42733	-1.17935	-0.919875
362	1.07277	0.178425	0.178425	-3.0222	-0.158574	-0.0690208	4.25364	4.25364	-3.78681	-0.556597	-0.236526
362	0.995806	0.0596976	0.0596976	-3.02269	-0.0932688	-0.0727586	1.42319	1.42319	-3.78743	-0.543861	-0.40071
362	0.976358	0.0729082	0.0729082	-2.44159	-0.0845108	-0.0398409	1.73813	1.73813	-3.05931	-0.472802	-0.248139
362	1.10375	0.0646696	0.0646696	-2.33222	-0.390048	-0.363866	1.54172	1.54172	-2.92227	-1.4557	-1.09053
362	0.85775	0.159644	0.159644	-2.27796	0.0498996	0.062455	3.8059	3.8059	-2.85429	0.404006	0.447516
362	0.908757	0.0287422	0.0287422	-3.25529	-0.10098	-0.0751249	0.685213	0.685213	-4.07887	-0.663864	-0.48453
362	1.1079	-0.00240637	-0.00240637	-2.67677	-0.394925	-0.423897	-0.0573677	-0.0573677	-3.35399	-1.415	-1.46349
362	0.914006	0.031884	0.031884	-2.49609	-0.0877872	-0.081219	0.760113	0.760113	-3.12761	-0.626132	-0.464527
362	0.990222	0.0347113	0.0347113	-2.47668	-0.153075	-0.136536	0.827516	0.827516	-3.10329	-0.786876	-0.595606
362	1.06491	-0.0160902	-0.0160902	-3.03676	-0.318055	-0.30278	-0.38359	-0.38359	-3.80506	-1.23827	-1.1587
362	0.974083	0.0130899	0.0130899	-2.49783	-0.137558	-0.13187	0.312063	0.312063	-3.12978	-0.78938	-0.678376
362	1.00284	0.180302	0.180302	-2.58306	-0.00719181	0.0458653	4.29839	4.29839	-3.23658	-0.0345726	0.248293
362	0.929619	0.01645	0.01645	-2.67883	-0.115726	-0.10866	0.392167	0.392167	-3.35657	-0.831974	-0.671461
362	0.860092	0.0796541	0.0796541	-3.09468	-0.044535	-0.0156497	1.89895	1.89895	-3.87764	-0.307821	-0.116545
362	1.00532	0.0286975	0.0286975	-2.22429	-0.114748	-0.101435	0.684146	0.684146	-2.78703	-0.722809	-0.54712
362	0.860043	0.0539808	0.0539808	-2.10253	-0.061599	-0.030526	1.2869	1.2869	-2.63447	-0.461727	-0.220621
362	0.983756	0.0427576	0.0427576	-2.82453	-0.0773138	-0.107076	1.01934	1.01934	-3.53913	-0.502892	-0.516778
362	0.982548	-0.0115728	-0.0115728	-2.71571	-0.177749	-0.12169	-0.275894	-0.275894	-3.40279	-1.02771	-0.699997
362	0.969383	0.11759	0.11759	-2.54452	-0.00974128	-0.0150115	2.80334	2.80334	-3.18829	-0.0610042	-0.0851221
362	1.00613	-0.0319248	-0.0319248	-2.32241	-0.215918	-0.146615	-0.761085	-0.761085	-2.90998	-1.07438	-0.871025
362	0.990097	-0.0272258	-0.0272258	-2.5123	-0.193504	-0.143101	-0.649061	-0.649061	-3.14791	-1.03869	-0.894257
362	1.04138	0.104807	0.104807	-2.68252	-0.0675675	-0.068145	2.49859	2.49859	-3.3612	-0.368911	-0.330636
362	0.963276	-0.0455157	-0.0455157	-2.77358	-0.194084	-0.17146	-1.08509	-1.08509	-3.4753	-1.14991	-0.969594
362	1.03911	0.097369	0.097369	-2.68238	-0.161445	-0.0839323	2.32127	2.32127	-3.36102	-0.714907	-0.348752
362	0.95992	0.0337573	0.0337573	-2.29045	-0.106806	-0.101781	0.804772	0.804772	-2.86993	-0.6627	-0.53663
362	1.05446	0.0762084	0.0762084	-2.53095	-0.105993	-0.145385	1.8168	1.8168	-3.17128	-0.550602	-0.555016
362	1.04006	0.0407997	0.0407997	-2.91204	-0.192317	-0.104685	0.972664	0.972664	-3.64878	-0.773263	-0.521521
362	1.13295	0.0931504	0.0931504	-2.65634	-0.453956	-0.372233	2.2207	2.2207	-3.32839	-1.4511	-1.11689
362	0.995034	0.0630574	0.0630574	-2.85781	-0.117809	-0.0713515	1.50329	1.50329	-3.58083	-0.610124	-0.366044
362	1.12354	0.0327343	0.0327343	-2.79932	-0.584697	-0.439855	0.780384	0.780384	-3.50755	-1.84592	-1.28064
362	0.959665	0.0690388	0.0690388	-2.88918	-0.0663199	-0.0490152	1.64588	1.64588	-3.62014	-0.414564	-0.299539
362	1.02156	0.0734007	0.0734007	-2.9238	-0.124169	-0.0940618	1.74987	1.74987	-3.66352	-0.620872	-0.403161
362	0.929713	0.155175	0.155175	-2.35512	0.0013926	0.0375606	3.69936	3.69936	-2.95097	0.00818637	0.226696
362	0.84412	0.0903636	0.0903636	-2.39468	-0.01639	0.00445515	2.15426	2.15426	-3.00053	-0.142193	0.0397624
362	1.02706	0.133113	0.133113	-2.36814	-0.0563525	-0.0209888	3.1734	3.1734	-2.96728	-0.284238	-0.101467
362	0.86248	0.0526525	0.0526525	-2.3417	-0.041505	-0.046249	1.25523	1.25523	-2.93415	-0.401568	-0.350875
362	1.00972	0.0438553	0.0438553	-2.42126	-0.155895	-0.0950219	1.04551	1.04551	-3.03384	-0.691549	-0.493577
362	0.999538	0.0370029	0.0370029	-3.04819	-0.123719	-0.0654132	0.882148	0.882148	-3.81938	-0.702171	-0.442519
362	0.796005	0.0712873	0.0712873	-2.16652	-0.0320854	-0.0175929	1.69949	1.69949	-2.71465	-0.277571	-0.135917
362	1.01667	0.0417431	0.0417431	-2.77955	-0.175882	-0.095253	0.995153	0.995153	-3.48278	-0.826014	-0.449391
362	0.994597	0.017108	0.017108	-2.62687	-0.225677	-0.10456	0.407854	0.407854	-3.29147	-0.932565	-0.573485
362	1.00265	0.0147448	0.0147448	-2.48106	-0.160921	-0.117317	0.351516	0.351516	-3.10877	-0.818996	-0.621927
362	0.987256	0.0990948	0.0990948	-2.32406	-0.0368514	-0.0440133	2.36241	2.36241	-2.91205	-0.226586	-0.252234
362	0.969544	0.0702604	0.0702604	-2.76371	-0.0695021	-0.0576359	1.675	1.675	-3.46293	-0.43826	-0.328625
362	1.08704	0.0855164	0.0855164	-2.80356	-0.315423	-0.285803	2.03871	2.03871	-3.51286	-1.10093	-0.893383
362	0.936638	0.0366384	0.0366384	-3.04356	-0.0868237	-0.0620911	0.873457	0.873457	-3.81358	-0.628297	-0.455715
362	1.03932	0.0554512	0.0554512	-2.43824	-0.117305	-0.137444	1.32195	1.32195	-3.05511	-0.592861	-0.584367
362	1.03847	0.13	0.13	-2.47299	-0.0429323	-0.0533523	3.0992	3.0992	-3.09865	-0.218369	-0.227193
362	0.906881	0.102619	0.102619	-3.31107	-0.0277982	0.0029634	2.44644	2.44644	-4.14877	-0.185707	0.0211183
362	1.00613	0.0512831	0.0512831	-2.74126	-0.0769115	-0.0940014	1.22259	1.22259	-3.43479	-0.523392	-0.463391
362	0.97484	0.146652	0.146652	-2.63628	-0.0258158	0.0410554	3.49618	3.49618	-3.30326	-0.128201	0.280244
362	1.00362	0.0386826	0.0386826	-2.61809	-0.113402	-0.133802	0.922191	0.922191	-3.28046	-0.666914	-0.595294
362	0.983843	0.0885252	0.0885252	-3.39872	-0.083581	-0.0329398	2.11044	2.11044	-4.2586	-0.394812	-0.198679
362	1.0546	0.0458798	0.0458798	-2.74204	-0.234654	-0.14774	1.09377	1.09377	-3.43578	-0.89298	-0.65457
362	1.17634	-0.0262493	-0.0402287	-3.07916	-0.819586	-0.752111	-0.625782	-0.956398	-3.85819	-2.98529	-3.23197
362	1.03568	-0.0919935	-0.0919935	-3.37957	-0.297692	-0.286249	-2.19312	-2.19312	-4.2346	-1.33417	-1.19176
362	0.968869	0.0647638	0.0647638	-3.18236	-0.0567052	-0.0606206	1.54397	1.54397	-3.9875	-0.388748	-0.373519
362	0.891781	0.0361708	0.0361708	-2.86202	-0.112101	-0.0703574	0.86231	0.86231	-3.58612	-0.7347	-0.452924
362	1.0003	0.0427058	0.0427058	-2.6774	-0.0892113	-0.115861	1.0181	1.0181	-3.35479	-0.562399	-0.535156
362	1.03549	-0.00161865	-0.00161865	-2.99481	-0.187559	-0.16078	-0.0385886	-0.0385886	-3.7525	-0.959897	-0.805232
362	0.868673	0.0186444	0.0186444	-2.92833	-0.0848611	-0.0682643	0.444481	0.444481	-3.6692	-0.72388	-0.529021
362	0.958366	0.138556	0.138556	-2.80835	0.00358337	0.0323909	3.30316	3.30316	-3.51886	0.0234611	0.227096
362	1.05575	0.106997	0.106997	-2.61396	-0.167108	-0.0984657	2.5508	2.5508	-3.27529	-0.690638	-0.410544
362	1.09354	0.0401765	0.0401765	-2.65388	-0.450503	-0.285516	0.957806	0.957806	-3.32531	-1.38932	-0.970994
362	0.885162	0.00718878	0.00718878	-3.2209	-0.101523	-0.0808896	0.17138	0.17138	-4.03578	-0.83437	-0.584042
362	0.976062	0.102529	0.102529	-3.24996	-0.0262998	-0.0128823	2.44428	2.44428	-4.0722	-0.181837	-0.0760017
362	0.992249	0.0279459	0.0279459	-3.05544	-0.113898	-0.0768887	0.666229	0.666229	-3.82847	-0.663566	-0.532021
362	0.910386	0.0144549	0.0144549	-2.84915	-0.113689	-0.0902179	0.344604	0.344604	-3.56999	-0.800732	-0.5907
362	1.01862	0.035663	0.035663	-3.10226	-0.131842	-0.0954713	0.850204	0.850204	-3.88713	-0.689579	-0.513087
362	1.00599	0.132597	0.132597	-2.78638	-0.110271	-0.0112029	3.16112	3.16112	-3.49133	-0.44573	-0.058144
362	0.969924	0.0101857	0.0101857	-3.13739	-0.11927	-0.0861234	0.242826	0.242826	-3.93114	-0.808055	-0.666289
362	0.910908	0.115238	0.115238	-2.46236	-0.00547187	0.00925482	2.74726	2.74726	-3.08534	-0.0360142	0.0641957
362	0.922335	-0.00407035	-0.00407035	-2.82855	-0.142448	-0.114527	-0.097037	-0.097037	-3.54418	-0.925845	-0.790277
362	1.02023	0.126232	0.126232	-2.53322	-0.0505885	-0.00529913	3.00936	3.00936	-3.17413	-0.2487	-0.0284865
362	0.980311	-0.0511832	-0.0511832	-2.82122	-0.229987	-0.171852	-1.2202	-1.2202	-3.53499	-1.29675	-0.987461
362	0.880736	-0.0593253	-0.0593253	-2.35028	-0.149614	-0.150775	-1.41431	-1.41431	-2.9449	-1.31393	-1.11418
362	1.0154	0.0156174	0.0156174	-2.76659	-0.170418	-0.127562	0.372318	0.372318	-3.46653	-0.881127	-0.677686
362	1.00807	-0.0204647	-0.0204647	-2.37501	-0.164329	-0.161493	-0.487878	-0.487878	-2.97589	-1.00754	-0.84611
362	1.08444	-0.018129	-0.018129	-2.93905	-0.377887	-0.3115	-0.432195	-0.432195	-3.68263	-1.41568	-1.11271
362	0.951423	0.00434422	0.00434422	-2.37857	-0.142393	-0.106831	0.103566	0.103566	-2.98035	-0.828734	-0.679545
362	1.00721	-0.0447072	-0.0447072	-2.54822	-0.221537	-0.171826	-1.06582	-1.06582	-3.19291	-1.03414	-0.966262
362	0.912245	0.104867	0.104867	-2.35536	-0.0177411	0.00822488	2.50004	2.50004	-2.95127	-0.12962	0.0576866
362	1.01147	0.0345953	0.0345953	-2.77559	-0.0990773	-0.097986	0.82475	0.82475	-3.47781	-0.681109	-0.503241
362	0.845629	0.0479435	0.0479435	-2.69066	-0.0490454	-0.0396651	1.14297	1.14297	-3.37139	-0.465909	-0.307795
362	0.957855	0.0867041	0.0867041	-2.4634	-0.0649149	-0.0249702	2.06702	2.06702	-3.08664	-0.341901	-0.164165
362	0.974409	0.0457222	0.0457222	-2.85442	-0.108276	-0.0398638	1.09002	1.09002	-3.57659	-0.663958	-0.310038
362	1.07127	0.0820077	0.0820077	-2.20357	-0.274702	-0.242067	1.95506	1.95506	-2.76107	-0.997264	-0.815764
362	0.910351	0.0568723	0.0568723	-2.44371	-0.0650111	-0.0500451	1.35583	1.35583	-3.06197	-0.498728	-0.343311
362	0.978834	0.0633771	0.0633771	-3.24183	-0.0655641	-0.0473497	1.51091	1.51091	-4.06202	-0.492116	-0.301293
362	1.03817	0.129362	0.129362	-2.70194	-0.144905	-0.0451261	3.08398	3.08398	-3.38553	-0.54784	-0.195673
362	1.11264	0.0109872	0.0109872	-2.42505	-0.449161	-0.327001	0.261934	0.261934	-3.03859	-1.47245	-0.98439
362	0.912457	0.0937388	0.0937388	-2.99196	-0.0150877	-0.0105767	2.23473	2.23473	-3.74893	-0.12837	-0.0744228
362	1.07072	0.0570639	0.0570639	-2.76864	-0.228807	-0.211019	1.3604	1.3604	-3.4691	-0.860168	-0.723697
362	0.945902	0.118238	0.118238	-2.76151	-0.0307529	0.0242693	2.81879	2.81879	-3.46017	-0.169779	0.1814
362	0.915794	0.084123	0.084123	-2.49845	-0.0251766	-0.00750605	2.00549	2.00549	-3.13056	-0.210469	-0.0560472
362	1.02238	0.109183	0.109183	-2.90896	-0.0673485	-0.044728	2.60292	2.60292	-3.64493	-0.338189	-0.219805
362	1.02719	0.0183112	0.0183112	-2.63775	-0.242093	-0.142562	0.436539	0.436539	-3.3051	-0.934396	-0.696469
362	0.986608	-0.0386336	-0.0386336	-2.66796	-0.176469	-0.171532	-0.921023	-0.921023	-3.34295	-1.12539	-0.991615
362	0.902889	0.0643502	0.0643502	-2.72396	-0.0511722	-0.0370132	1.5341	1.5341	-3.41312	-0.402213	-0.262554
362	1.07752	0.0886608	0.0886608	-2.30254	-0.251027	-0.177819	2.11367	2.11367	-2.88509	-0.923189	-0.674853
362	0.966993	-0.0785989	-0.0785989	-3.11951	-0.248652	-0.207415	-1.87379	-1.87379	-3.90875	-1.30976	-1.10766
362	1.01175	0.143668	0.143668	-2.6096	-0.0284564	-0.00116133	3.42503	3.42503	-3.26983	-0.132324	-0.00556829
362	1.01183	0.0198222	0.0198222	-2.86488	-0.116079	-0.114675	0.472561	0.472561	-3.5897	-0.825074	-0.575425
362	0.951848	0.126174	0.126174	-2.66168	-0.00337265	0.0209239	3.00797	3.00797	-3.33509	-0.0217341	0.141502
362	0.956174	-0.0127877	-0.0127877	-2.41042	-0.145808	-0.142712	-0.304857	-0.304857	-3.02025	-0.944445	-0.816879
362	0.924353	-0.000119824	-0.000119824	-2.82315	-0.126472	-0.118407	-0.00285661	-0.00285661	-3.53741	-0.793027	-0.743662
362	0.86525	0.126344	0.126344	-2.52689	0.0108608	0.036158	3.01204	3.01204	-3.1662	0.0778441	0.269422
362	0.927038	0.155102	0.155102	-2.48979	0.00648783	0.0472542	3.69762	3.69762	-3.11971	0.0383323	0.30818
362	1.02146	0.0334127	0.0334127	-2.79693	-0.160271	-0.127993	0.796557	0.796557	-3.50455	-0.791853	-0.657903
362	0.939337	0.0165587	0.0165587	-2.8665	-0.110821	-0.0929048	0.394758	0.394758	-3.59173	-0.801205	-0.614379
362	0.935183	0.135705	0.135705	-2.56235	0.0145897	0.0198296	3.23521	3.23521	-3.21063	0.111879	0.119839
362	0.973713	-0.0144437	-0.0144437	-3.34699	-0.169047	-0.14078	-0.344336	-0.344336	-4.19378	-0.860922	-0.823355
362	1.06498	0.0505858	0.0505858	-2.76738	-0.241246	-0.161055	1.20596	1.20596	-3.46753	-0.940376	-0.644255
362	1.07767	0.188563	0.188563	-2.78936	-0.0594047	-0.0775353	4.49533	4.49533	-3.49506	-0.260229	-0.271087
362	0.992592	0.0241548	0.0241548	-3.16529	-0.119742	-0.0965584	0.575848	0.575848	-3.96611	-0.662375	-0.568822
362	0.933775	0.0617064	0.0617064	-2.663	-0.04683	-0.050813	1.47108	1.47108	-3.33674	-0.381327	-0.32222
362	1.06315	0.0508836	0.0508836	-3.05543	-0.218774	-0.216386	1.21306	1.21306	-3.82845	-0.894067	-0.744808
362	0.881247	-0.0128423	-0.0128423	-3.12206	-0.134255	-0.111051	-0.306159	-0.306159	-3.91194	-0.98503	-0.822372
362	0.936887	0.0323583	0.0323583	-2.6584	-0.123161	-0.0599906	0.771421	0.771421	-3.33097	-0.69693	-0.435532
362	0.941805	0.0049533	0.0049533	-2.61198	-0.11011	-0.104944	0.118086	0.118086	-3.27281	-0.848513	-0.670383
362	0.810121	0.0691854	0.0691854	-2.69215	-0.0162309	-0.0133052	1.64938	1.64938	-3.37327	-0.164854	-0.107189
362	1.02471	0.0364605	0.0364605	-3.07321	-0.140674	-0.10404	0.869216	0.869216	-3.85074	-0.677502	-0.518981
362	1.01242	-0.0337893	-0.0337893	-2.88636	-0.188393	-0.178849	-0.805534	-0.805534	-3.6166	-1.01229	-0.886551
362	0.891008	-0.00770463	-0.00770463	-2.72585	-0.123574	-0.095858	-0.183678	-0.183678	-3.41549	-0.954935	-0.689247
362	1.01103	0.0789305	0.0789305	-2.51483	-0.0650612	-0.0411859	1.8817	1.8817	-3.15108	-0.414369	-0.244828
362	1.06431	0.0247215	0.0247215	-3.02477	-0.326614	-0.285923	0.589359	0.589359	-3.79004	-1.11685	-0.994314
362	0.891618	0.123725	0.123725	-2.15048	-0.00314832	0.0299736	2.9496	2.9496	-2.69455	-0.0231728	0.231888
362	1.03895	0.111611	0.111611	-2.60076	-0.0951507	-0.0778178	2.6608	2.6608	-3.25875	-0.428022	-0.302852
362	0.899341	0.112681	0.112681	-2.71978	-0.000867282	0.0125271	2.68632	2.68632	-3.40788	-0.00650257	0.0891724
362	0.895064	0.107098	0.107098	-2.47203	0.00481592	0.00405417	2.5532	2.5532	-3.09745	0.0367589	0.0282049
362	1.06231	0.119788	0.119788	-2.42042	-0.1805	-0.126566	2.85574	2.85574	-3.03278	-0.698339	-0.480613
362	0.994634	0.0594819	0.0594819	-2.55729	-0.0969361	-0.0445868	1.41805	1.41805	-3.20428	-0.59643	-0.304697
362	0.893083	0.0178572	0.0178572	-2.71218	-0.110269	-0.0730299	0.425714	0.425714	-3.39836	-0.772882	-0.585342
362	0.966673	0.0918289	0.0918289	-2.43009	-0.0522951	-0.0292533	2.1892	2.1892	-3.04491	-0.31368	-0.161093
362	0.831033	0.0500695	0.0500695	-3.061	-0.0581485	-0.0401702	1.19365	1.19365	-3.83544	-0.469913	-0.301001
362	0.969739	-0.0662413	-0.0662413	-2.55443	-0.18725	-0.187403	-1.57919	-1.57919	-3.20071	-1.40749	-1.1169
362	0.91438	0.0980646	0.0980646	-2.80481	-0.0209984	0.00131928	2.33786	2.33786	-3.51442	-0.15575	0.00909713
362	0.936131	0.108223	0.108223	-2.22472	-0.00479022	-0.00745292	2.58003	2.58003	-2.78757	-0.0382575	-0.04792
362	0.979107	-0.00320183	-0.00320183	-2.23969	-0.129757	-0.118504	-0.0763314	-0.0763314	-2.80633	-0.943505	-0.747933
362	0.96843	0.0753662	0.0753662	-2.80072	-0.047937	-0.0610618	1.79673	1.79673	-3.50931	-0.357033	-0.308281
362	0.940791	0.111151	0.111151	-2.12553	-0.0109577	-0.00407253	2.64983	2.64983	-2.66329	-0.0845481	-0.0255572
362	0.929718	0.0529925	0.0529925	-2.18913	-0.0570461	-0.0441397	1.26334	1.26334	-2.74298	-0.410821	-0.324265
362	0.935724	0.0884854	0.0884854	-2.89037	-0.0321511	-0.0253545	2.10949	2.10949	-3.62163	-0.241637	-0.157528
512	1.06116	0.0472776	0.0472776	-3.07666	-0.283206	-0.215713	1.34042	1.34042	-3.85505	-1.07175	-0.838068
512	1.05703	0.104451	0.104451	-2.99839	-0.166874	-0.0611272	2.96141	2.96141	-3.75699	-0.675086	-0.295978
512	0.975065	0.090221	0.090221	-2.19681	-0.02832	-0.0126256	2.55796	2.55796	-2.7526	-0.235699	-0.0751055
512	1.02895	0.0537722	0.0537722	-2.95599	-0.0961859	-0.115208	1.52456	1.52456	-3.70385	-0.551154	-0.56645
512	0.996553	0.115675	0.115675	-2.96086	-0.0259795	-0.00936672	3.27964	3.27964	-3.70996	-0.165334	-0.0579188
512	0.842408	0.10366	0.10366	-3.15323	0.0096217	0.0273564	2.93898	2.93898	-3.951	0.0877845	0.260319
512	0.973214	0.039472	0.039472	-2.81211	-0.118128	-0.078302	1.11912	1.11912	-3.52357	-0.650464	-0.528651
512	1.07126	0.0542262	0.0542262	-2.93153	-0.273514	-0.169138	1.53743	1.53743	-3.67321	-1.15184	-0.729211
512	0.928553	0.0853704	0.0853704	-2.91474	-0.0256872	0.00238103	2.42043	2.42043	-3.65217	-0.218252	0.0212486
512	0.94317	0.00758301	0.00758301	-2.79955	-0.114182	-0.0878058	0.214995	0.214995	-3.50784	-0.858738	-0.677619
512	0.965621	0.0960224	0.0960224	-2.79365	-0.0231724	-0.00614429	2.72244	2.72244	-3.50044	-0.18603	-0.0440453
512	1.03928	-0.0218714	-0.0218714	-2.74356	-0.291085	-0.238561	-0.620101	-0.620101	-3.43768	-1.20116	-0.91974
512	1.05402	0.0249493	0.0249493	-2.79607	-0.345533	-0.220356	0.707365	0.707365	-3.50348	-1.18845	-0.840303
512	1.03473	0.0764535	0.0764535	-2.86882	-0.174913	-0.0767075	2.16762	2.16762	-3.59463	-0.800751	-0.374922
512	1.04318	0.0267943	0.0267943	-2.30239	-0.253565	-0.229661	0.759676	0.759676	-2.88489	-1.1261	-0.892732
512	1.01919	0.0608944	0.0608944	-2.66436	-0.0800603	-0.0674733	1.72649	1.72649	-3.33844	-0.483298	-0.441059
512	0.971062	0.0199765	0.0199765	-2.77835	-0.0734541	-0.0993635	0.566377	0.566377	-3.48127	-0.709136	-0.654902
512	0.924285	0.131702	0.131702	-2.50386	0.0524552	0.0450998	3.73403	3.73403	-3.13734	0.58808	0.391935
512	1.10398	0.0641223	0.0641223	-2.68373	-0.502229	-0.404673	1.81801	1.81801	-3.36272	-1.89522	-1.39627
512	1.04613	-0.00669323	-0.00669323	-2.77735	-0.314498	-0.254536	-0.189768	-0.189768	-3.48002	-1.22099	-1.03754
512	0.970679	0.0773727	0.0773727	-2.39966	-0.0540442	-0.0251222	2.19368	2.19368	-3.00678	-0.330909	-0.165336
512	1.04139	0.0790983	0.0790983	-2.85901	-0.0867046	-0.133066	2.24261	2.24261	-3.58234	-0.508249	-0.612915
512	1.06849	0.115199	0.115199	-2.84556	-0.205584	-0.0865978	3.26613	3.26613	-3.56548	-0.767894	-0.361073
512	1.00833	0.0466271	0.0466271	-2.40639	-0.098107	-0.0538973	1.32198	1.32198	-3.0152	-0.563715	-0.371328
512	1.01058	0.0685678	0.0685678	-2.83276	-0.143647	-0.0946888	1.94405	1.94405	-3.54945	-0.703481	-0.43876
512	1.01754	0.00104529	0.00104529	-3.23275	-0.175531	-0.135073	0.0296361	0.0296361	-4.05063	-0.870685	-0.788279
512	1.00728	0.0374868	0.0374868	-2.82384	-0.165286	-0.0669688	1.06283	1.06283	-3.53827	-0.801569	-0.464451
512	0.918532	0.0669585	0.0669585	-2.48425	-0.0347309	-0.0347088	1.89842	1.89842	-3.11277	-0.301552	-0.268688
512	1.11817	0.0198744	0.0198744	-2.80893	-0.477274	-0.460589	0.563481	0.563481	-3.51959	-1.67102	-1.69275
512	1.00864	0.0444106	0.0444106	-2.58696	-0.144718	-0.110167	1.25914	1.25914	-3.24147	-0.795122	-0.529476
512	0.919308	0.045708	0.045708	-3.37985	-0.0660378	-0.0503214	1.29592	1.29592	-4.23496	-0.542174	-0.338587
512	0.986825	0.0551871	0.0551871	-2.70463	-0.0669424	-0.0500286	1.56467	1.56467	-3.3889	-0.492919	-0.345142
512	0.86252	0.0255703	0.0255703	-2.81679	-0.0634759	-0.0531666	0.724973	0.724973	-3.52944	-0.597943	-0.459748
512	1.09184	-0.0257901	-0.0257901	-3.17175	-0.473627	-0.383524	-0.731206	-0.731206	-3.97421	-1.6227	-1.3933
512	1.00845	0.110107	0.110107	-2.93763	-0.0786792	-0.0250982	3.12176	3.12176	-3.68085	-0.369283	-0.142033
512	1.00905	0.0965301	0.0965301	-2.37472	-0.0478735	-0.0382403	2.73684	2.73684	-2.97553	-0.302059	-0.196546
512	0.874401	0.0336681	0.0336681	-2.42682	-0.0543891	-0.0499395	0.954563	0.954563	-3.04081	-0.54156	-0.415535
512	0.982455	0.105069	0.105069	-2.66769	-0.010983	-0.0122708	2.97893	2.97893	-3.34262	-0.0839224	-0.0750919
512	0.978505	0.0893266	0.0893266	-3.01701	-0.0280736	-0.0280419	2.5326	2.5326	-3.78031	-0.228213	-0.170459
512	1.04605	0.0300491	0.0300491	-3.05486	-0.290454	-0.150648	0.851957	0.851957	-3.82773	-1.11148	-0.689844
512	0.926663	0.0686481	0.0686481	-2.1792	-0.0578345	-0.0267799	1.94632	1.94632	-2.73054	-0.425086	-0.191146
512	1.04918	0.054886	0.054886	-3.25491	-0.206615	-0.114379	1.55614	1.55614	-4.0784	-0.834563	-0.577554
512	0.967057	0.0495558	0.0495558	-2.86413	-0.0834513	-0.0504417	1.40501	1.40501	-3.58876	-0.592593	-0.353075
512	0.925926	0.0680461	0.0680461	-2.69675	-0.0763073	-0.0184488	1.92925	1.92925	-3.37903	-0.469202	-0.147339
512	1.01545	0.0317118	0.0317118	-2.67952	-0.130426	-0.105194	0.899098	0.899098	-3.35744	-0.747001	-0.555055
512	1.00227	0.0538586	0.0538586	-2.94041	-0.0750687	-0.0815225	1.52701	1.52701	-3.68434	-0.509497	-0.427698
512	0.973589	0.0649913	0.0649913	-3.22934	-0.04931	-0.0315902	1.84264	1.84264	-4.04637	-0.389723	-0.235389
512	0.995184	0.0855786	0.0855786	-2.52457	-0.0269826	-0.0496389	2.42634	2.42634	-3.16328	-0.21823	-0.291072
512	0.959523	-0.0788476	-0.0788476	-3.05504	-0.209539	-0.183308	-2.2355	-2.2355	-3.82796	-1.47709	-1.16712
512	1.01384	0.0831392	0.0831392	-2.74701	-0.108207	-0.0462953	2.35718	2.35718	-3.442	-0.579439	-0.26855
512	0.969041	0.114468	0.114468	-2.28647	-0.0204064	-0.00017088	3.24543	3.24543	-2.86495	-0.141869	-0.00108931
512	1.05664	0.0792338	0.0792338	-3.37416	-0.225015	-0.141221	2.24645	2.24645	-4.22782	-0.883718	-0.595005
512	1.01167	0.191394	0.191394	-3.31732	0.0479063	0.0734694	5.42643	5.42643	-4.1566	0.308916	0.417784
512	1.0364	-0.00394298	-0.00394298	-3.38795	-0.221359	-0.158371	-0.111792	-0.111792	-4.2451	-0.994978	-0.723773
512	0.936306	-0.0444955	-0.0444955	-2.53939	-0.152064	-0.162153	-1.26154	-1.26154	-3.18186	-1.24203	-1.00042
512	0.976307	0.00320889	0.00320889	-2.78209	-0.133019	-0.122688	0.0909789	0.0909789	-3.48595	-0.884429	-0.645469
512	0.995212	0.0541098	0.0541098	-2.6983	-0.090688	-0.0624662	1.53413	1.53413	-3.38097	-0.585749	-0.414314
512	0.968988	0.0325981	0.0325981	-2.63151	-0.102144	-0.0776233	0.924228	0.924228	-3.29728	-0.668146	-0.498465
512	1.02351	0.023239	0.023239	-3.12866	-0.196862	-0.113404	0.658874	0.658874	-3.92021	-1.01837	-0.58553
512	1.03986	0.130852	0.130852	-2.87367	-0.104037	-0.0969931	3.70994	3.70994	-3.60071	-0.412629	-0.409515
512	1.01355	0.0883533	0.0883533	-3.00887	-0.0812898	-0.0344722	2.50501	2.50501	-3.77012	-0.425221	-0.194265
512	0.917633	0.104565	0.104565	-2.27836	-0.0151831	-0.0058677	2.96465	2.96465	-2.85478	-0.121236	-0.0393406
512	1.06941	0.0718805	0.0718805	-3.10454	-0.233507	-0.208051	2.03797	2.03797	-3.88999	-0.900944	-0.866492
512	0.996231	0.0149626	0.0149626	-2.91742	-0.121735	-0.102507	0.424223	0.424223	-3.65553	-0.739895	-0.619365
512	0.926883	0.0896549	0.0896549	-2.22214	-0.0139005	-0.0161944	2.54191	2.54191	-2.78435	-0.119629	-0.112604
512	0.985448	0.0513825	0.0513825	-2.71032	-0.0868133	-0.0636841	1.45681	1.45681	-3.39603	-0.514245	-0.400879
512	1.00629	0.114684	0.114684	-2.79539	-0.0299641	-0.00555797	3.25153	3.25153	-3.50262	-0.184709	-0.0355588
512	0.939578	0.0716614	0.0716614	-2.79575	-0.0415634	-0.0286585	2.03176	2.03176	-3.50308	-0.326506	-0.21362
512	1.04948	0.0568043	0.0568043	-3.02458	-0.14345	-0.192949	1.61052	1.61052	-3.7898	-0.660859	-0.788826
512	0.976619	0.115082	0.115082	-3.03148	-0.0304359	0.0145089	3.26284	3.26284	-3.79844	-0.197445	0.110576
512	1.0283	0.0751094	0.0751094	-2.89014	-0.149471	-0.0757958	2.12951	2.12951	-3.62134	-0.640496	-0.389082
512	0.883946	0.0241174	0.0241174	-2.86402	-0.0854577	-0.0572788	0.683779	0.683779	-3.58861	-0.676986	-0.519114
512	0.963665	-0.0159712	-0.0159712	-3.07882	-0.167551	-0.123625	-0.452818	-0.452818	-3.85776	-0.977559	-0.816287
512	1.0508	0.0986065	0.0986065	-3.18272	-0.138534	-0.107445	2.79571	2.79571	-3.98795	-0.63284	-0.471655
512	1.03204	0.0843553	0.0843553	-2.40328	-0.0720493	-0.0875625	2.39166	2.39166	-3.01131	-0.441784	-0.419398
512	1.06116	0.0657216	0.0657216	-2.69337	-0.363062	-0.235204	1.86335	1.86335	-3.37479	-1.31094	-0.90307
512	1.0376	0.0385751	0.0385751	-3.36722	-0.153718	-0.134599	1.09369	1.09369	-4.21913	-0.7554	-0.662277
512	1.01092	0.00415141	0.00415141	-2.96651	-0.152305	-0.129949	0.117701	0.117701	-3.71704	-0.868446	-0.682547
512	1.02663	0.0236658	0.0236658	-2.84363	-0.148457	-0.131901	0.670976	0.670976	-3.56307	-0.783393	-0.600665
512	0.965064	0.0433129	0.0433129	-2.39323	-0.07374	-0.0810299	1.22802	1.22802	-2.99872	-0.522385	-0.477145
512	1.0131	0.0503149	0.0503149	-2.87453	-0.101452	-0.104375	1.42654	1.42654	-3.60179	-0.62653	-0.509437
512	0.993703	-0.0106493	-0.0106493	-2.69311	-0.139106	-0.133966	-0.301931	-0.301931	-3.37446	-0.920754	-0.82579
512	0.999756	0.0551806	0.0551806	-3.0307	-0.100381	-0.0487732	1.56449	1.56449	-3.79747	-0.628713	-0.31822
512	0.895521	0.13874	0.13874	-3.09376	0.0137895	0.0595394	3.93358	3.93358	-3.87648	0.101722	0.478186
512	0.948717	0.0523324	0.0523324	-3.11186	-0.0728137	-0.0584933	1.48374	1.48374	-3.89916	-0.523137	-0.410338
512	0.891622	0.143822	0.143822	-3.04294	0.0498968	0.0668475	4.07766	4.07766	-3.81281	0.488283	0.573946
512	1.03414	0.0574542	0.0574542	-2.94421	-0.174734	-0.0750932	1.62895	1.62895	-3.6891	-0.825069	-0.445871
512	1.00376	0.0104994	0.0104994	-3.05223	-0.147331	-0.133322	0.297681	0.297681	-3.82445	-0.835523	-0.69428
512	0.872133	0.108457	0.108457	-2.8994	0.0112584	0.0269829	3.07499	3.07499	-3.63295	0.103329	0.242826
512	1.01079	0.0278123	0.0278123	-2.80432	-0.132253	-0.0916369	0.788539	0.788539	-3.51381	-0.766865	-0.552227
512	0.992974	-0.0633991	-0.0633991	-2.54021	-0.166744	-0.18745	-1.7975	-1.7975	-3.18288	-1.62702	-1.03566
512	1.08423	0.0683153	0.0683153	-2.65767	-0.268754	-0.2931	1.93689	1.93689	-3.33006	-1.04706	-0.975358
512	0.87787	0.0221286	0.0221286	-2.41122	-0.0690898	-0.0605462	0.627394	0.627394	-3.02125	-0.699744	-0.485904
512	0.996986	-0.0185415	-0.0185415	-2.94511	-0.157432	-0.187471	-0.525691	-0.525691	-3.69022	-1.0778	-0.903474
512	0.916469	0.122266	0.122266	-2.75201	-0.00301997	0.0386914	3.4665	3.4665	-3.44827	-0.0219647	0.325302
512	0.959234	0.0198432	0.0198432	-2.70896	-0.108554	-0.103157	0.562597	0.562597	-3.39433	-0.813567	-0.540742
512	1.05437	0.0493462	0.0493462	-2.55716	-0.22853	-0.159796	1.39907	1.39907	-3.20412	-0.937056	-0.651792
512	0.942702	0.0778502	0.0778502	-2.89792	-0.0394341	-0.0189249	2.20722	2.20722	-3.6311	-0.260169	-0.139132
512	0.968753	-0.0255133	-0.0255133	-3.22525	-0.164019	-0.129264	-0.723357	-0.723357	-4.04124	-1.11647	-0.861456
512	0.964635	0.0813885	0.0813885	-2.52674	-0.0209454	-0.0272781	2.30754	2.30754	-3.166	-0.149509	-0.176255
512	0.991016	0.0589639	0.0589639	-3.33914	-0.0487963	-0.0583009	1.67175	1.67175	-4.18394	-0.384323	-0.34206
512	1.09582	0.176629	0.176629	-2.73858	-0.225367	-0.192453	5.00781	5.00781	-3.43144	-0.83359	-0.661068
512	0.996455	-0.000549675	-0.000549675	-2.6742	-0.152702	-0.0963502	-0.0155845	-0.0155845	-3.35078	-0.866811	-0.688155
512	0.881364	0.0364819	0.0364819	-2.32569	-0.0594778	-0.0441058	1.03434	1.03434	-2.91409	-0.567447	-0.393103
512	1.02062	0.0811232	0.0811232	-3.36306	-0.0715171	-0.0960638	2.30002	2.30002	-4.21392	-0.409391	-0.428813
512	1.02384	-0.0284277	-0.0284277	-2.94198	-0.182018	-0.170503	-0.805987	-0.805987	-3.6863	-1.16846	-0.962255
512	0.983212	0.0371331	0.0371331	-2.64152	-0.101254	-0.0730742	1.0528	1.0528	-3.30983	-0.642137	-0.523368
512	0.987667	0.0393469	0.0393469	-2.93664	-0.0708696	-0.0659822	1.11557	1.11557	-3.67961	-0.556564	-0.446641
512	1.00686	0.0783937	0.0783937	-3.01398	-0.0989866	-0.0459893	2.22263	2.22263	-3.77652	-0.552911	-0.248934
512	1.00196	0.130491	0.130491	-2.09664	-0.0151472	0.0162436	3.69971	3.69971	-2.62709	-0.0948698	0.10111
512	0.983379	0.0325327	0.0325327	-3.03898	-0.0834936	-0.0885087	0.922373	0.922373	-3.80784	-0.629089	-0.497966
512	0.955569	0.0822075	0.0822075	-3.16552	-0.0302074	-0.0219183	2.33076	2.33076	-3.96639	-0.218174	-0.148436
512	1.01277	0.0637569	0.0637569	-2.97586	-0.0782943	-0.0706963	1.80765	1.80765	-3.72875	-0.538649	-0.38288
512	0.971023	0.090543	0.090543	-3.34618	-0.0673561	-0.00844831	2.56709	2.56709	-4.19276	-0.407796	-0.0643946
512	1.0202	0.0756709	0.0756709	-3.03416	-0.183515	-0.0820131	2.14543	2.14543	-3.8018	-0.725097	-0.439552
512	0.978726	0.0606595	0.0606595	-2.95627	-0.0696906	-0.0410998	1.71983	1.71983	-3.7042	-0.466591	-0.284646
512	0.990325	0.0204249	0.0204249	-2.76815	-0.120909	-0.104013	0.57909	0.57909	-3.46849	-0.824228	-0.595028
512	0.959088	0.0823413	0.0823413	-2.98153	-0.0538122	-0.0335197	2.33455	2.33455	-3.73585	-0.334838	-0.218493
512	1.08136	0.0217869	0.0217869	-2.88918	-0.427458	-0.309334	0.617705	0.617705	-3.62014	-1.61873	-1.08417
512	1.0418	0.0856877	0.0856877	-3.02317	-0.162175	-0.157994	2.42943	2.42943	-3.78803	-0.705123	-0.609373
512	0.89025	0.0377953	0.0377953	-2.80554	-0.0747714	-0.0497944	1.07158	1.07158	-3.51535	-0.661287	-0.40312
512	0.898521	0.0334045	0.0334045	-2.4115	-0.078924	-0.0724673	0.947088	0.947088	-3.02161	-0.674086	-0.490136
512	0.97026	0.0318524	0.0318524	-2.53738	-0.0985189	-0.107794	0.903083	0.903083	-3.17933	-0.697709	-0.546422
512	0.932624	0.106942	0.106942	-2.33175	-0.0112999	0.0123217	3.03203	3.03203	-2.92169	-0.0832753	0.0964096
512	0.945876	0.0916466	0.0916466	-2.40536	-0.0152394	0.00482208	2.59838	2.59838	-3.01392	-0.117348	0.0401375
512	1.04952	0.0212602	0.0212602	-2.77589	-0.279491	-0.174926	0.602771	0.602771	-3.47819	-1.05157	-0.776166
512	1.15046	0.146832	0.135236	-2.66337	-0.543812	-0.436334	4.163	3.82673	-3.33721	-2.36281	-1.72412
512	0.99718	0.0360046	0.0360046	-3.06203	-0.111237	-0.0797295	1.02081	1.02081	-3.83673	-0.654886	-0.484639
512	0.982383	0.0393641	0.0393641	-2.68329	-0.115265	-0.0587736	1.11606	1.11606	-3.36216	-0.650747	-0.431375
512	0.943088	0.0945685	0.0945685	-3.07295	-0.0212427	-0.0110232	2.68122	2.68122	-3.85041	-0.146023	-0.0735921
512	0.892795	0.0977142	0.0977142	-2.51382	-0.0190754	0.0197773	2.77041	2.77041	-3.14981	-0.159354	0.181604
512	0.89308	0.0164023	0.0164023	-2.37664	-0.0680146	-0.0661837	0.465042	0.465042	-2.97793	-0.697601	-0.535036
512	1.11114	0.075507	0.075507	-2.46915	-0.601262	-0.40251	2.14079	2.14079	-3.09385	-2.3677	-1.43899
512	0.960539	0.0446629	0.0446629	-2.63136	-0.0881682	-0.0837863	1.26629	1.26629	-3.2971	-0.588772	-0.483811
512	0.965759	0.0202215	0.0202215	-2.87645	-0.103086	-0.0976442	0.573323	0.573323	-3.6042	-0.705589	-0.588166
512	0.955825	0.0694555	0.0694555	-2.87835	-0.0285731	-0.0233978	1.96921	1.96921	-3.60658	-0.255725	-0.170249
512	0.929004	0.0112884	0.0112884	-2.57777	-0.0879466	-0.0950942	0.320051	0.320051	-3.22994	-0.850352	-0.673897
512	1.00313	0.101571	0.101571	-2.57823	-0.075998	-0.0304667	2.87974	2.87974	-3.23052	-0.406792	-0.185118
512	0.990759	0.092803	0.092803	-2.70404	-0.0338059	0.0054041	2.63117	2.63117	-3.38816	-0.236742	0.0395126
512	1.09193	-0.006268	-0.006268	-3.03636	-0.453102	-0.337233	-0.177711	-0.177711	-3.80456	-1.59805	-1.28014
512	1.00991	0.077118	0.077118	-2.90173	-0.0819028	-0.070804	2.18646	2.18646	-3.63587	-0.46617	-0.362179
512	1.05008	0.0543087	0.0543087	-3.36827	-0.271336	-0.175104	1.53977	1.53977	-4.22044	-1.03824	-0.722666
512	0.974033	0.038164	0.038164	-2.54968	-0.102649	-0.0816688	1.08203	1.08203	-3.19475	-0.693689	-0.52521
512	1.02434	0.142274	0.142274	-3.17002	-0.0862083	0.012139	4.03377	4.03377	-3.97203	-0.393302	0.0711561
512	0.884835	0.0679642	0.0679642	-2.63999	-0.00969544	-0.0208589	1.92693	1.92693	-3.3079	-0.112109	-0.174328
512	0.950366	0.0848207	0.0848207	-3.15899	-0.0534607	-0.0253909	2.40485	2.40485	-3.95822	-0.357325	-0.162609
512	0.940966	0.0415049	0.0415049	-2.58337	-0.052349	-0.0787432	1.17675	1.17675	-3.23696	-0.474151	-0.471809
512	0.986018	0.0529604	0.0529604	-2.76984	-0.0643694	-0.0578901	1.50154	1.50154	-3.47061	-0.487199	-0.36452
512	0.999533	-0.0762895	-0.0762895	-2.55642	-0.243542	-0.190784	-2.16297	-2.16297	-3.2032	-1.36185	-1.19937
512	0.970133	0.061572	0.061572	-2.91154	-0.06006	-0.0350839	1.7457	1.7457	-3.64815	-0.423138	-0.239864
512	1.06559	0.0323539	0.0323539	-2.95719	-0.269142	-0.19359	0.917302	0.917302	-3.70536	-1.03225	-0.834367
512	0.851627	-0.0880771	-0.0880771	-2.92165	-0.185112	-0.160132	-2.49717	-2.49717	-3.66083	-1.90902	-1.48878
512	0.871796	0.0819429	0.0819429	-2.64605	-0.0183991	0.00292087	2.32326	2.32326	-3.3155	-0.15892	0.0257887
512	1.04554	0.064278	0.064278	-2.4742	-0.155005	-0.18729	1.82242	1.82242	-3.10018	-0.705707	-0.72553
512	0.905031	-0.00601999	-0.00601999	-3.26176	-0.130884	-0.109753	-0.17068	-0.17068	-4.08699	-0.935745	-0.796225
512	1.00049	0.110696	0.110696	-2.94546	-0.0825009	-0.00294594	3.13846	3.13846	-3.69066	-0.377247	-0.0178574
512	0.891463	0.128821	0.128821	-2.64753	0.0360811	0.0301746	3.65236	3.65236	-3.31736	0.346755	0.220491
512	0.965296	0.113108	0.113108	-2.81475	-0.00600359	-0.00808095	3.20686	3.20686	-3.52688	-0.0476564	-0.0462247
512	0.887012	-0.0355998	-0.0355998	-2.88799	-0.131379	-0.114751	-1.00933	-1.00933	-3.61865	-1.35749	-1.10005
512	1.03076	0.0183112	0.0183112	-2.77503	-0.188024	-0.123331	0.519161	0.519161	-3.47711	-0.920889	-0.684159
512	0.975422	0.00615177	0.00615177	-2.74599	-0.0970313	-0.139985	0.174416	0.174416	-3.44072	-0.820793	-0.705533
512	0.963936	0.0928958	0.0928958	-3.12301	-0.0922827	-0.00350555	2.6338	2.6338	-3.91313	-0.465143	-0.0258578
512	1.12991	0.0949693	0.089009	-3.05501	-0.528919	-0.333325	2.69258	2.52113	-3.82793	-1.97976	-1.1217
512	0.862131	0.104766	0.104766	-2.66101	0.00255828	0.0323513	2.97034	2.97034	-3.33424	0.0234146	0.320558
512	0.933797	0.0559964	0.0559964	-2.95813	-0.0985542	-0.0484851	1.58762	1.58762	-3.70653	-0.615865	-0.343251
512	1.06875	0.0468582	0.0468582	-2.62863	-0.28746	-0.233522	1.32853	1.32853	-3.29367	-1.17523	-0.924938
512	0.955867	0.141587	0.141587	-3.19399	0.0316632	0.0433967	4.01431	4.01431	-4.00207	0.2419	0.311748
512	0.918704	0.147869	0.147869	-2.62833	0.0524883	0.0565425	4.19241	4.19241	-3.29329	0.489698	0.434996
512	1.05831	0.0279002	0.0279002	-2.69362	-0.205814	-0.300513	0.79103	0.79103	-3.37511	-0.98902	-1.08019
512	1.08639	0.0239946	0.0239946	-2.62274	-0.510465	-0.347001	0.680298	0.680298	-3.28629	-1.99314	-1.22022
512	0.928623	0.0450336	0.0450336	-2.91867	-0.0725689	-0.042552	1.2768	1.2768	-3.6571	-0.581501	-0.347902
512	0.978096	0.103139	0.103139	-2.53217	-0.0469049	-0.00637185	2.9242	2.9242	-3.17281	-0.295144	-0.0445578
512	0.924569	0.140686	0.140686	-2.76497	0.0382232	0.0388931	3.98875	3.98875	-3.4645	0.322857	0.291565
512	1.02416	0.111565	0.111565	-2.6455	-0.0551406	-0.0326267	3.1631	3.1631	-3.31481	-0.313216	-0.171507
512	0.964024	0.0741249	0.0741249	-2.55508	-0.0749335	-0.0399917	2.1016	2.1016	-3.20152	-0.485187	-0.265449
512	0.98421	-0.0245367	-0.0245367	-2.60859	-0.144098	-0.127354	-0.695668	-0.695668	-3.26857	-1.15324	-0.897407
512	1.026	0.0197194	0.0197194	-3.14602	-0.228629	-0.12723	0.559087	0.559087	-3.94197	-0.921452	-0.670133
512	0.872889	0.0203584	0.0203584	-2.63288	-0.0551278	-0.0579652	0.577204	0.577204	-3.299	-0.638175	-0.551592
512	0.948479	0.0606193	0.0606193	-2.65877	-0.0659366	-0.0519188	1.71869	1.71869	-3.33144	-0.521676	-0.35198
512	0.96541	0.0327952	0.0327952	-2.54963	-0.0978413	-0.0549536	0.929813	0.929813	-3.19468	-0.603798	-0.359117
512	1.01148	0.0777961	0.0777961	-2.60761	-0.0650354	-0.10798	2.20569	2.20569	-3.26733	-0.409056	-0.498397
512	0.985267	0.0576593	0.0576593	-2.57749	-0.0752973	-0.0525329	1.63476	1.63476	-3.22959	-0.497573	-0.344363
512	1.10593	0.0123774	0.0123774	-2.99073	-0.515717	-0.339924	0.350927	0.350927	-3.74738	-1.79617	-1.16758
512	0.954385	-0.064364	-0.064364	-2.54821	-0.190243	-0.174497	-1.82486	-1.82486	-3.19291	-1.37776	-1.17344
512	1.00835	0.0375024	0.0375024	-3.38644	-0.103995	-0.0631908	1.06327	1.06327	-4.24321	-0.657148	-0.400066
512	0.944572	-0.0267587	-0.0267587	-2.89395	-0.131859	-0.125078	-0.758667	-0.758667	-3.62611	-1.07992	-0.866068
512	0.902214	0.0419038	0.0419038	-2.71206	-0.0667233	-0.0554219	1.18806	1.18806	-3.39821	-0.59541	-0.446502
512	1.08877	0.0162499	0.0162499	-2.52888	-0.419271	-0.380043	0.460719	0.460719	-3.16868	-1.56618	-1.23738
512	1.00823	0.060193	0.060193	-2.62071	-0.0808226	-0.0851612	1.7066	1.7066	-3.28375	-0.539177	-0.456999
512	0.932517	0.0686092	0.0686092	-3.32048	-0.04845	-0.0499771	1.94522	1.94522	-4.16056	-0.3769	-0.333237
512	1.00376	0.0801152	0.0801152	-2.7352	-0.0569578	-0.062054	2.27144	2.27144	-3.4272	-0.358497	-0.318239
512	1.10489	0.00828602	0.00828602	-3.0471	-0.593216	-0.483859	0.234926	0.234926	-3.81802	-2.01669	-1.84968
512	1.08617	0.156848	0.156848	-2.94399	-0.373607	-0.276442	4.44699	4.44699	-3.68881	-1.36876	-0.952962
512	0.83019	0.128206	0.128206	-2.94073	0.0354358	0.0577154	3.63493	3.63493	-3.68474	0.338168	0.575353
512	1.09391	0.0424857	0.0424857	-2.69683	-0.471209	-0.303247	1.20456	1.20456	-3.37912	-1.78125	-1.10653
512	0.954879	0.0726536	0.0726536	-2.86711	-0.0600752	-0.0358515	2.05989	2.05989	-3.59248	-0.401654	-0.257273
512	1.01984	-0.00966303	-0.00966303	-2.88988	-0.148262	-0.170428	-0.273968	-0.273968	-3.62102	-0.906879	-0.801418
512	0.998849	0.032624	0.032624	-2.59275	-0.0813441	-0.13281	0.92496	0.92496	-3.24872	-0.647353	-0.632457
512	0.928454	-0.00681599	-0.00681599	-3.24928	-0.114503	-0.0988976	-0.193248	-0.193248	-4.07135	-0.927377	-0.821868
512	1.06107	0.0396097	0.0396097	-2.64112	-0.251362	-0.197506	1.12302	1.12302	-3.30932	-1.0265	-0.804401
512	0.99074	0.0171643	0.0171643	-3.23795	-0.145238	-0.0848076	0.486646	0.486646	-4.05716	-0.847253	-0.575317
512	1.05441	0.18949	0.18949	-2.95106	-0.164549	-0.0746806	5.37246	5.37246	-3.69768	-0.651091	-0.28536
512	1.01019	0.00993183	0.00993183	-3.34332	-0.148405	-0.141193	0.281589	0.281589	-4.18918	-0.909642	-0.752573
512	1.01932	0.104982	0.104982	-2.44497	-0.0206162	-0.0412458	2.97647	2.97647	-3.06354	-0.154791	-0.22405
512	0.983331	0.0576724	0.0576724	-2.86125	-0.0897159	-0.0540036	1.63514	1.63514	-3.58515	-0.564422	-0.332727
512	1.06842	0.121082	0.121082	-2.73026	-0.201508	-0.190505	3.43294	3.43294	-3.42101	-0.855176	-0.69817
512	0.914032	0.0123243	0.0123243	-2.79221	-0.103826	-0.0625911	0.34942	0.34942	-3.49864	-0.822741	-0.576881
512	1.12516	0.118522	0.111949	-2.80657	-0.49417	-0.367945	3.36036	3.17089	-3.51664	-1.94988	-1.33221
512	0.975903	-0.029839	-0.029839	-2.67656	-0.159685	-0.112335	-0.846	-0.846	-3.35373	-1.17413	-0.960904
512	1.00521	0.0723324	0.0723324	-2.79732	-0.0466132	-0.0184654	2.05078	2.05078	-3.50505	-0.362353	-0.136313
512	1.07502	0.0184887	0.0184887	-3.28592	-0.354171	-0.296074	0.524194	0.524194	-4.11726	-1.3385	-1.01551
512	1.04119	0.0938384	0.0938384	-3.00515	-0.164214	-0.0787464	2.66052	2.66052	-3.76545	-0.720034	-0.352759
512	0.914247	0.0791661	0.0791661	-2.69391	-0.0608402	-0.0204715	2.24453	2.24453	-3.37546	-0.430372	-0.145344
512	1.06938	0.00646915	0.00646915	-2.88312	-0.332107	-0.256411	0.183414	0.183414	-3.61255	-1.32291	-0.945847
512	0.987569	0.0668903	0.0668903	-2.68222	-0.0666107	-0.0481138	1.89648	1.89648	-3.36083	-0.448168	-0.30863
512	0.98601	0.0449095	0.0449095	-3.07723	-0.110121	-0.0554801	1.27328	1.27328	-3.85577	-0.557874	-0.415618
512	0.96667	0.0392982	0.0392982	-2.72237	-0.0732328	-0.0578538	1.11419	1.11419	-3.41113	-0.634692	-0.422587
512	0.974933	0.03909	0.03909	-2.68418	-0.114318	-0.0589186	1.10829	1.10829	-3.36328	-0.740969	-0.445013
512	1.0534	0.0853202	0.0853202	-3.2864	-0.203136	-0.0837805	2.41901	2.41901	-4.11786	-0.885942	-0.416025
512	0.965604	0.00382749	0.00382749	-3.33833	-0.140149	-0.0968937	0.108518	0.108518	-4.18293	-0.933821	-0.724603
512	0.92825	0.0343809	0.0343809	-2.48674	-0.0818793	-0.0638455	0.974773	0.974773	-3.11589	-0.619217	-0.440256
512	1.03591	-0.0184203	-0.0184203	-3.1854	-0.185638	-0.190555	-0.522255	-0.522255	-3.99131	-1.14347	-0.928151
512	0.97868	0.0943797	0.0943797	-3.32679	-0.0158749	-0.0137779	2.67587	2.67587	-4.16847	-0.122359	-0.101118
512	1.00255	0.0425259	0.0425259	-2.52496	-0.086759	-0.0923598	1.2057	1.2057	-3.16378	-0.580595	-0.5466
512	0.947822	0.104314	0.104314	-2.60757	-0.00264775	0.015739	2.95751	2.95751	-3.26728	-0.0232153	0.120785
512	0.856023	0.0616408	0.0616408	-2.41723	-0.0369298	-0.0091456	1.74765	1.74765	-3.02879	-0.320283	-0.0935393
512	0.94175	0.0922579	0.0922579	-2.32267	-0.00939136	-0.0115486	2.61571	2.61571	-2.91031	-0.0771483	-0.0754157
512	0.836766	0.0490555	0.0490555	-2.53628	-0.0296043	-0.0244944	1.39083	1.39083	-3.17796	-0.305156	-0.243181
512	0.920531	0.0644919	0.0644919	-2.96471	-0.0603088	-0.0318201	1.82848	1.82848	-3.71478	-0.421339	-0.228683
512	1.03657	0.058245	0.058245	-2.9898	-0.241332	-0.103939	1.65137	1.65137	-3.74622	-0.949679	-0.484123
512	1.08454	-0.049876	-0.049876	-3.1401	-0.406926	-0.389557	-1.41409	-1.41409	-3.93454	-1.52317	-1.32824
512	0.933436	-0.0235053	-0.0235053	-2.47852	-0.119219	-0.121682	-0.666427	-0.666427	-3.10558	-1.22189	-0.815412
512	0.908103	0.0206435	0.0206435	-2.81118	-0.0905115	-0.0956381	0.585288	0.585288	-3.52241	-0.648041	-0.572678
512	1.00185	0.0706016	0.0706016	-3.17421	-0.0684404	-0.0270282	2.00171	2.00171	-3.97728	-0.462229	-0.204644
512	0.928996	0.107016	0.107016	-2.4523	-0.0303725	0.0230091	3.03414	3.03414	-3.07273	-0.210663	0.194392
512	1.09985	0.0743261	0.0743261	-3.04757	-0.4769	-0.441867	2.1073	2.1073	-3.81861	-1.71978	-1.75662
512	1.02532	0.0315348	0.0315348	-2.89724	-0.145455	-0.12554	0.89408	0.89408	-3.63024	-0.753934	-0.551389
512	1.04191	0.0544949	0.0544949	-3.10223	-0.136953	-0.125516	1.54505	1.54505	-3.8871	-0.712735	-0.599324
512	0.993957	0.0714084	0.0714084	-3.26051	-0.0782763	-0.0622657	2.02458	2.02458	-4.08542	-0.434458	-0.370343
512	0.993964	0.00422856	0.00422856	-2.44727	-0.143038	-0.130356	0.119889	0.119889	-3.06643	-0.899698	-0.743555
512	0.922804	0.0560145	0.0560145	-2.59969	-0.0653288	-0.0448747	1.58813	1.58813	-3.25741	-0.451584	-0.351758
512	0.961392	-0.0124508	-0.0124508	-2.95942	-0.146295	-0.127398	-0.353008	-0.353008	-3.70816	-0.973308	-0.800948
512	0.999318	0.131856	0.131856	-2.55082	0.00111576	0.00571563	3.73839	3.73839	-3.19618	0.0076969	0.0327514
512	0.902146	0.0393722	0.0393722	-2.85617	-0.0641526	-0.0570771	1.11629	1.11629	-3.57878	-0.529512	-0.445365
512	0.978892	0.0648794	0.0648794	-2.92884	-0.0801776	-0.0830863	1.83947	1.83947	-3.66983	-0.490314	-0.448365
512	1.02659	0.0407866	0.0407866	-2.78635	-0.103346	-0.0972046	1.15639	1.15639	-3.49129	-0.720618	-0.554339
512	0.946132	0.087244	0.087244	-2.82047	-0.019079	-0.00538154	2.47355	2.47355	-3.53405	-0.162006	-0.0448526
512	0.983308	0.0886316	0.0886316	-2.40987	-0.0318779	-0.0166969	2.5129	2.5129	-3.01957	-0.24936	-0.113289
512	0.885434	0.0715639	0.0715639	-3.20092	-0.0188907	-0.0100691	2.02899	2.02899	-4.01075	-0.17964	-0.0903932
512	1.0047	-0.000289081	-0.000289081	-2.96996	-0.158298	-0.139667	-0.00819607	-0.00819607	-3.72136	-0.918852	-0.753207
512	0.952686	0.125814	0.125814	-2.54856	0.00363704	0.0202441	3.56711	3.56711	-3.19334	0.0257723	0.132348
512	1.08028	0.0731839	0.0731839	-2.54603	-0.319614	-0.196689	2.07492	2.07492	-3.19017	-1.28497	-0.724976
512	1.05855	0.0892669	0.0892669	-2.76354	-0.182288	-0.0977675	2.53091	2.53091	-3.46272	-0.791581	-0.438266
512	0.952921	0.112549	0.112549	-2.24903	0.00236109	0.0185797	3.191	3.191	-2.81804	0.0177721	0.140156
512	1.02541	0.0177002	0.0177002	-2.77413	-0.147716	-0.165597	0.501839	0.501839	-3.47598	-0.780336	-0.664254
512	0.973236	0.0307067	0.0307067	-3.29804	-0.101299	-0.075207	0.870602	0.870602	-4.13245	-0.710509	-0.543939
512	0.937538	0.140473	0.140473	-2.7386	-0.0247002	0.0506552	3.98271	3.98271	-3.43146	-0.144904	0.392512
512	1.01386	0.0392702	0.0392702	-3.16542	-0.131248	-0.0875199	1.11339	1.11339	-3.96627	-0.690554	-0.506408
512	1.02393	0.145829	0.145829	-2.96088	-0.0114435	-0.0145941	4.13455	4.13455	-3.70999	-0.0672319	-0.0659735
512	1.02074	0.197511	0.197511	-3.03043	0.0514592	0.0544493	5.59987	5.59987	-3.79713	0.309893	0.273152
512	0.965645	0.132892	0.132892	-2.79325	0.0237359	-0.00184187	3.76777	3.76777	-3.49994	0.198974	-0.0101934
512	0.893312	0.0546952	0.0546952	-2.60723	-0.0501589	-0.0263497	1.55073	1.55073	-3.26686	-0.417291	-0.237895
512	0.891108	0.0878473	0.0878473	-3.08684	-0.0131699	0.0155891	2.49066	2.49066	-3.86781	-0.114227	0.142401
512	1.04456	0.0948257	0.0948257	-2.94483	-0.165422	-0.0855231	2.68851	2.68851	-3.68987	-0.814967	-0.372673
512	0.964047	0.0404855	0.0404855	-2.76794	-0.0714344	-0.0721938	1.14785	1.14785	-3.46823	-0.546817	-0.468467
512	0.976738	0.100983	0.100983	-3.28979	-0.021019	-0.0339464	2.86308	2.86308	-4.12211	-0.144005	-0.182798
512	0.970016	0.0391321	0.0391321	-2.74423	-0.0802411	-0.0692224	1.10948	1.10948	-3.43852	-0.599535	-0.461817
512	0.919584	0.106916	0.106916	-2.7954	-0.0146743	0.0145664	3.03129	3.03129	-3.50264	-0.111555	0.112741
512	0.879358	0.0338136	0.0338136	-2.71246	-0.0666707	-0.0492407	0.958687	0.958687	-3.39871	-0.643743	-0.416506
512	1.00412	0.0891386	0.0891386	-2.71756	-0.00477017	-0.00874112	2.52727	2.52727	-3.4051	-0.0438831	-0.0641688
512	0.871894	0.068901	0.068901	-2.52493	-0.0365304	-0.00209348	1.95349	1.95349	-3.16373	-0.301591	-0.0220752
512	0.972576	0.0284784	0.0284784	-2.92714	-0.102064	-0.0822697	0.807424	0.807424	-3.6677	-0.710323	-0.552213
512	1.10037	0.0770026	0.0770026	-2.41253	-0.414088	-0.368764	2.18319	2.18319	-3.0229	-1.46456	-1.24581
512	1.06886	0.0505039	0.0505039	-3.01387	-0.361293	-0.243115	1.4319	1.4319	-3.77638	-1.28182	-0.92658
512	1.02278	0.0466082	0.0466082	-2.5942	-0.141065	-0.0942337	1.32144	1.32144	-3.25054	-0.700923	-0.504189
512	1.04339	0.0317753	0.0317753	-3.32783	-0.218309	-0.180058	0.900899	0.900899	-4.16977	-1.01843	-0.731791
512	0.966069	0.0177737	0.0177737	-2.71069	-0.0885698	-0.0886294	0.503922	0.503922	-3.3965	-0.702646	-0.565609
512	0.941577	0.0361362	0.0361362	-2.58272	-0.0984367	-0.0721133	1.02454	1.02454	-3.23615	-0.642825	-0.498575
512	1.037	0.0587241	0.0587241	-2.40654	-0.122834	-0.170825	1.66496	1.66496	-3.01539	-0.700957	-0.655413
512	0.965722	0.107745	0.107745	-2.34801	-0.0242852	-0.00235471	3.0548	3.0548	-2.94206	-0.176685	-0.0141308
512	0.968809	0.0419389	0.0419389	-2.28894	-0.0819639	-0.0794316	1.18906	1.18906	-2.86804	-0.611211	-0.486097
512	0.980809	0.0668527	0.0668527	-3.14933	-0.0980485	-0.0267292	1.89542	1.89542	-3.94611	-0.556431	-0.206706
512	0.965898	-0.0209671	-0.0209671	-2.38156	-0.142292	-0.140748	-0.594463	-0.594463	-2.98409	-0.965853	-0.960923
512	1.07258	0.00436694	0.00436694	-3.27286	-0.333191	-0.29418	0.123812	0.123812	-4.10089	-1.19778	-1.13741
512	0.932654	0.0505747	0.0505747	-2.62204	-0.0454617	-0.0451919	1.4339	1.4339	-3.28541	-0.422727	-0.337795
512	0.966558	0.0273047	0.0273047	-3.26875	-0.0827564	-0.0950267	0.774147	0.774147	-4.09574	-0.614284	-0.561695
512	1.00937	0.0246547	0.0246547	-2.686	-0.0837299	-0.115495	0.699013	0.699013	-3.36556	-0.668858	-0.631561
512	0.992007	0.12521	0.12521	-2.48217	-0.0221235	-0.00980388	3.54998	3.54998	-3.11016	-0.119228	-0.0528845
512	0.943944	0.0200831	0.0200831	-2.72337	-0.100188	-0.0678823	0.569398	0.569398	-3.41238	-0.761064	-0.494076
512	1.01891	-0.0121098	-0.0121098	-3.22351	-0.213023	-0.153051	-0.343338	-0.343338	-4.03906	-1.05958	-0.876061
512	0.98016	0.0537795	0.0537795	-2.46484	-0.0727863	-0.0427836	1.52476	1.52476	-3.08845	-0.527803	-0.282028
512	1.1018	0.0652766	0.0652766	-2.92401	-0.552963	-0.36434	1.85073	1.85073	-3.66378	-2.14529	-1.18398
512	0.974505	0.0377356	0.0377356	-2.86749	-0.0615751	-0.0777484	1.06989	1.06989	-3.59297	-0.540195	-0.455707
512	0.99771	0.105339	0.105339	-3.16052	-0.098435	-0.0225007	2.98659	2.98659	-3.96013	-0.500514	-0.120833
512	1.09906	0.0407362	0.0407362	-3.03364	-0.583807	-0.4015	1.15496	1.15496	-3.80116	-2.34285	-1.48919
512	0.86831	0.0738621	0.0738621	-2.89824	-0.0293935	-0.0131826	2.09415	2.09415	-3.63149	-0.246763	-0.113595
512	1.10488	0.0643221	0.0643221	-2.73752	-0.404446	-0.373005	1.82367	1.82367	-3.43011	-1.6624	-1.36217
512	0.914774	0.0496315	0.0496315	-2.7844	-0.0433166	-0.0545514	1.40716	1.40716	-3.48886	-0.400553	-0.368157
512	0.937485	0.132406	0.132406	-3.24719	0.0282531	0.0263652	3.75399	3.75399	-4.06872	0.248388	0.167722
512	1.0499	0.0469609	0.0469609	-3.01315	-0.234541	-0.147955	1.33144	1.33144	-3.77548	-1.02221	-0.637813
512	1.00694	0.0662674	0.0662674	-2.65278	-0.059907	-0.0718197	1.87882	1.87882	-3.32394	-0.442819	-0.381356
512	1.03058	0.0882599	0.0882599	-3.00732	-0.11803	-0.0577481	2.50236	2.50236	-3.76817	-0.590027	-0.309374
512	1.04249	0.0808259	0.0808259	-2.64744	-0.0934137	-0.102091	2.29159	2.29159	-3.31725	-0.530997	-0.439002
512	0.96702	0.0878404	0.0878404	-2.96065	-0.06284	-0.0304546	2.49047	2.49047	-3.7097	-0.386393	-0.182803
512	1.08603	0.0756617	0.0756617	-2.99286	-0.295969	-0.296931	2.14517	2.14517	-3.75005	-1.08817	-0.955847
512	0.886849	-0.0451642	-0.0451642	-3.05448	-0.138786	-0.130797	-1.2805	-1.2805	-3.82727	-1.20533	-1.05993
512	1.134	0.160538	0.154547	-3.06591	-0.55095	-0.403574	4.55159	4.37745	-3.84158	-1.84405	-1.53959
512	0.984625	0.0786699	0.0786699	-2.45139	-0.0859952	-0.0228814	2.23046	2.23046	-3.07159	-0.515271	-0.182794
512	1.0402	0.0782991	0.0782991	-2.67447	-0.174934	-0.116634	2.21995	2.21995	-3.35111	-0.726564	-0.51087
512	1.06702	0.00654069	0.00654069	-3.00231	-0.37884	-0.266434	0.185443	0.185443	-3.7619	-1.50525	-1.0066
512	1.06677	0.0452254	0.0452254	-2.8814	-0.298739	-0.30997	1.28224	1.28224	-3.61039	-1.19703	-1.12313
512	0.967176	0.0888668	0.0888668	-2.2847	-0.0212194	-0.00640901	2.51957	2.51957	-2.86273	-0.181408	-0.049184
512	1.03704	0.017756	0.017756	-2.6927	-0.170564	-0.137625	0.50342	0.50342	-3.37395	-0.816468	-0.754587
512	0.866271	0.0885903	0.0885903	-2.76766	-0.00907004	0.00778254	2.51173	2.51173	-3.46788	-0.089636	0.0664543
512	1.01976	0.0460119	0.0460119	-2.6455	-0.102502	-0.0765987	1.30454	1.30454	-3.31481	-0.625873	-0.484173
512	0.856105	0.0591456	0.0591456	-2.77838	-0.0475623	-0.0204767	1.67691	1.67691	-3.48131	-0.377849	-0.178649
512	0.8558	0.063219	0.063219	-2.39462	-0.0276338	-0.0201171	1.7924	1.7924	-3.00046	-0.263724	-0.162294
512	0.927539	0.041559	0.041559	-2.61819	-0.0758826	-0.033867	1.17829	1.17829	-3.28059	-0.561281	-0.330514
512	0.986674	0.144982	0.144982	-3.15373	-0.00466932	0.00910799	4.11056	4.11056	-3.95162	-0.02602	0.0539416
512	0.974206	0.00798748	0.00798748	-2.57413	-0.113581	-0.106221	0.226462	0.226462	-3.22538	-0.841234	-0.643492
512	0.948296	0.053705	0.053705	-2.92811	-0.0748286	-0.0453023	1.52265	1.52265	-3.66893	-0.516617	-0.338136
512	0.986683	0.125239	0.125239	-2.94004	0.011558	0.00235691	3.5508	3.5508	-3.68386	0.0893805	0.0139509
512	0.984504	0.128212	0.128212	-2.92618	0.0096527	0.0199136	3.63507	3.63507	-3.6665	0.0727562	0.135148
512	0.934123	0.031445	0.031445	-2.97421	-0.0754784	-0.0738814	0.891535	0.891535	-3.72669	-0.65683	-0.528059
512	0.917153	0.0312894	0.0312894	-2.87938	-0.0883617	-0.0580176	0.887123	0.887123	-3.60786	-0.714072	-0.439059
512	0.976479	0.175019	0.175019	-2.4875	0.025205	0.0762292	4.96218	4.96218	-3.11684	0.167908	0.504185
512	0.993604	0.0355262	0.0355262	-2.8213	-0.125043	-0.0728653	1.00724	1.00724	-3.53509	-0.773516	-0.471166
512	1.02384	0.0525887	0.0525887	-3.13303	-0.200774	-0.0894562	1.491	1.491	-3.92569	-0.866656	-0.483349
512	0.881366	0.0545482	0.0545482	-3.08167	-0.0593209	-0.0215315	1.54656	1.54656	-3.86134	-0.476436	-0.204185
512	0.983432	0.0329964	0.0329964	-3.07696	-0.0932827	-0.0812436	0.935519	0.935519	-3.85543	-0.672543	-0.450899
512	0.905503	0.140043	0.140043	-2.97188	0.0389748	0.0374654	3.97052	3.97052	-3.72377	0.347975	0.279835
512	0.941212	-0.017999	-0.017999	-2.61105	-0.132463	-0.109824	-0.51031	-0.51031	-3.27165	-1.04558	-0.877545
512	0.989615	0.118525	0.118525	-2.90642	-0.0264781	0.0305112	3.36043	3.36043	-3.64175	-0.153104	0.247573
512	1.10585	0.00234576	0.00234576	-3.09997	-0.463468	-0.424336	0.0665073	0.0665073	-3.88426	-1.68005	-1.51405
512	1.02509	0.0294169	0.0294169	-3.18291	-0.190232	-0.151223	0.834033	0.834033	-3.98819	-0.92989	-0.716991
512	0.899251	0.163328	0.163328	-2.16158	0.0451484	0.0726664	4.63069	4.63069	-2.70846	0.331653	0.586878
512	1.13313	0.155177	0.149362	-2.90315	-0.578034	-0.319591	4.3996	4.23059	-3.63764	-2.31986	-1.0762
512	0.880535	0.0747341	0.0747341	-3.13165	-0.047253	-0.00262177	2.11887	2.11887	-3.92396	-0.367278	-0.0259375
512	1.01991	0.0576437	0.0576437	-2.74578	-0.148677	-0.123258	1.63432	1.63432	-3.44046	-0.757579	-0.590469
512	1.09739	0.0543781	0.0543781	-2.8861	-0.488587	-0.318446	1.54174	1.54174	-3.61629	-1.78341	-1.09397
512	0.96679	-0.0140508	-0.0140508	-2.80201	-0.147605	-0.104175	-0.398371	-0.398371	-3.51091	-0.944046	-0.880715
512	0.939189	0.0846206	0.0846206	-2.29751	-0.0181936	-0.0187706	2.39917	2.39917	-2.87878	-0.158183	-0.126602
512	1.01177	0.149485	0.149485	-3.07137	-0.022249	0.0202081	4.23823	4.23823	-3.84843	-0.120747	0.117965
512	1.0306	0.0608239	0.0608239	-2.99328	-0.18204	-0.0604007	1.72449	1.72449	-3.75059	-0.843967	-0.32888
512	0.95879	0.0173474	0.0173474	-3.41018	-0.110194	-0.0897382	0.491835	0.491835	-4.27296	-0.736732	-0.555633
512	1.03384	0.0613792	0.0613792	-2.96828	-0.108346	-0.106271	1.74023	1.74023	-3.71926	-0.593025	-0.487987
512	0.930164	0.0187336	0.0187336	-2.88394	-0.0889601	-0.0686864	0.531139	0.531139	-3.61358	-0.725917	-0.546679
512	0.887278	0.0697797	0.0697797	-2.70541	-0.0194837	-0.0187121	1.97841	1.97841	-3.38988	-0.184207	-0.158135
512	0.913328	0.0598802	0.0598802	-2.95473	-0.0285848	-0.0452342	1.69773	1.69773	-3.70227	-0.249475	-0.321333
512	1.02317	0.0133716	0.0133716	-2.75034	-0.212318	-0.133258	0.379114	0.379114	-3.44617	-0.98638	-0.683144
512	1.05077	0.0448557	0.0448557	-3.28996	-0.206378	-0.252471	1.27175	1.27175	-4.12232	-0.969067	-0.933673
512	1.12015	-0.00926526	-0.00926526	-3.20423	-0.663106	-0.47576	-0.26269	-0.26269	-4.01489	-2.70239	-1.77571
512	0.931676	0.0200302	0.0200302	-2.38556	-0.0896162	-0.0622295	0.567898	0.567898	-2.9891	-0.794987	-0.537784
512	1.00319	0.0402689	0.0402689	-2.90982	-0.129649	-0.0626655	1.14171	1.14171	-3.64601	-0.745199	-0.435942
512	1.0028	0.0442013	0.0442013	-2.75285	-0.10211	-0.0886002	1.2532	1.2532	-3.44932	-0.616314	-0.511812
512	1.02395	0.0316483	0.0316483	-2.74443	-0.14817	-0.138268	0.897298	0.897298	-3.43877	-0.781614	-0.661689
512	1.02113	0.0327676	0.0327676	-2.8591	-0.191936	-0.125331	0.929033	0.929033	-3.58245	-0.945831	-0.651708
512	0.934498	-0.00545224	-0.00545224	-2.54843	-0.141815	-0.0926481	-0.154583	-0.154583	-3.19318	-0.951123	-0.787116
512	1.08741	0.0334416	0.0334416	-2.74709	-0.352806	-0.298892	0.948142	0.948142	-3.4421	-1.30103	-1.07446
512	1.03263	0.144303	0.144303	-2.75314	-0.0656592	-0.0558462	4.09129	4.09129	-3.44969	-0.321093	-0.244991
512	1.00102	0.0589344	0.0589344	-2.77964	-0.0582668	-0.0399471	1.67092	1.67092	-3.48289	-0.463268	-0.280739
512	0.963746	-0.0134822	-0.0134822	-2.93138	-0.158338	-0.115187	-0.38225	-0.38225	-3.67302	-1.01843	-0.890333
512	0.986067	0.113549	0.113549	-3.26356	-0.0583261	0.0108183	3.21936	3.21936	-4.08924	-0.304984	0.0648034
512	1.0138	-0.0112411	-0.0112411	-2.33177	-0.159616	-0.143101	-0.31871	-0.31871	-2.9217	-1.06229	-0.746019
512	0.892568	0.0375227	0.0375227	-2.99062	-0.0626524	-0.0504288	1.06385	1.06385	-3.74724	-0.570117	-0.410555
512	0.972023	0.106743	0.106743	-2.65507	-0.00571814	-0.0117413	3.0264	3.0264	-3.3268	-0.0450974	-0.0701487
512	0.970242	-0.0146756	-0.0146756	-2.78115	-0.151852	-0.155895	-0.416085	-0.416085	-3.48478	-0.975964	-0.849015
512	0.968067	0.0618676	0.0618676	-2.83422	-0.0508355	-0.0727054	1.75408	1.75408	-3.55128	-0.396617	-0.407895
512	1.00447	0.0902561	0.0902561	-3.32144	-0.083759	-0.0291755	2.55896	2.55896	-4.16176	-0.449375	-0.171761
512	1.0193	0.0423987	0.0423987	-2.68247	-0.101154	-0.105064	1.20209	1.20209	-3.36113	-0.644533	-0.602971
512	0.912788	0.0276958	0.0276958	-2.61407	-0.106343	-0.076072	0.785237	0.785237	-3.27543	-0.672094	-0.514009
512	0.942395	0.0582353	0.0582353	-3.16258	-0.0832353	-0.0428398	1.6511	1.6511	-3.96271	-0.556785	-0.300102
512	1.00011	-0.00404032	-0.00404032	-3.19154	-0.146273	-0.101482	-0.114552	-0.114552	-3.99899	-0.978019	-0.721462
512	1.10139	0.0821065	0.0821065	-2.98835	-0.373652	-0.295897	2.3279	2.3279	-3.7444	-1.31021	-1.08337
512	1.0529	0.0238707	0.0238707	-2.80509	-0.307004	-0.214124	0.676785	0.676785	-3.51477	-1.18301	-0.842712
512	0.968722	0.116602	0.116602	-2.645	-0.0145063	0.0246471	3.3059	3.3059	-3.31418	-0.0912041	0.186966
512	0.977062	0.0385572	0.0385572	-2.55381	-0.0936634	-0.0699946	1.09318	1.09318	-3.19992	-0.645395	-0.441987
512	0.997126	0.054883	0.054883	-2.94176	-0.0959578	-0.0608288	1.55605	1.55605	-3.68603	-0.509394	-0.370666
512	0.964212	0.057643	0.057643	-2.59681	-0.0594928	-0.0314974	1.6343	1.6343	-3.2538	-0.445898	-0.248693
512	0.934748	0.0298769	0.0298769	-3.2405	-0.0726329	-0.0711161	0.847075	0.847075	-4.06035	-0.582379	-0.536032
512	0.91936	0.136429	0.136429	-2.76712	0.0160938	0.0318427	3.86804	3.86804	-3.4672	0.131453	0.224199
512	0.962184	0.00596063	0.00596063	-2.6141	-0.128609	-0.095607	0.168997	0.168997	-3.27547	-0.922706	-0.69472
512	1.05119	0.0366527	0.0366527	-2.9343	-0.20365	-0.234983	1.03918	1.03918	-3.67667	-0.921329	-0.908173
512	1.02355	0.0853472	0.0853472	-2.88649	-0.0595743	-0.0282659	2.41978	2.41978	-3.61677	-0.360409	-0.177345
512	1.10836	-0.0313967	-0.0313967	-3.34908	-0.556439	-0.462481	-0.890163	-0.890163	-4.19639	-1.81203	-1.4837
512	1.08988	0.0620841	0.0620841	-2.61794	-0.437233	-0.330228	1.76022	1.76022	-3.28027	-1.45816	-1.37756
512	0.991018	0.0459319	0.0459319	-2.90384	-0.0834706	-0.0685448	1.30227	1.30227	-3.63851	-0.620679	-0.424811
512	0.943508	0.0291302	0.0291302	-2.79064	-0.0837237	-0.0569702	0.825905	0.825905	-3.49667	-0.702704	-0.463839
512	1.00819	-0.00813141	-0.00813141	-3.27615	-0.160405	-0.158891	-0.230543	-0.230543	-4.10502	-0.93579	-0.806262
512	1.03164	0.0245159	0.0245159	-3.08824	-0.152196	-0.133548	0.695078	0.695078	-3.86956	-0.772742	-0.641518
512	0.996168	0.0832733	0.0832733	-2.75217	-0.043816	-0.0425784	2.36098	2.36098	-3.44847	-0.320877	-0.2716
512	0.966689	0.0130683	0.0130683	-3.01364	-0.105638	-0.0845193	0.370514	0.370514	-3.77609	-0.759548	-0.597681
512	1.0898	0.0521834	0.0521834	-3.33474	-0.475825	-0.274071	1.47951	1.47951	-4.17843	-1.60275	-0.989547
512	0.959027	-0.00688697	-0.00688697	-2.5604	-0.148305	-0.108427	-0.19526	-0.19526	-3.20818	-0.923219	-0.785591
512	0.967836	0.0429369	0.0429369	-2.72625	-0.0446328	-0.070543	1.21735	1.21735	-3.41599	-0.432663	-0.409999
512	0.97296	0.0392615	0.0392615	-2.88121	-0.103311	-0.0837502	1.11315	1.11315	-3.61016	-0.684558	-0.47124
512	0.949361	0.104104	0.104104	-2.90789	-0.0233293	0.00581575	2.95158	2.95158	-3.64359	-0.166512	0.0413348
512	0.995896	0.0700241	0.0700241	-2.81466	-0.0449578	-0.0453316	1.98533	1.98533	-3.52677	-0.34664	-0.278489
512	0.950133	0.0220681	0.0220681	-2.61264	-0.0992435	-0.085303	0.625677	0.625677	-3.27364	-0.827259	-0.59111
512	1.03205	-0.0211855	-0.0211855	-2.81299	-0.178637	-0.150286	-0.600655	-0.600655	-3.52467	-1.02569	-0.956558
512	0.999517	0.0700678	0.0700678	-3.14797	-0.0529034	-0.0433495	1.98657	1.98657	-3.94441	-0.39167	-0.296678
512	0.884982	0.0886234	0.0886234	-2.78972	-0.0197598	0.00982825	2.51266	2.51266	-3.49552	-0.160322	0.0844923
512	1.10781	0.02995	0.02995	-3.21549	-0.427112	-0.356511	0.849147	0.849147	-4.02901	-1.51571	-1.27721
512	1.01467	0.0929277	0.0929277	-3.04084	-0.0679731	-0.049018	2.6347	2.6347	-3.81018	-0.333082	-0.269998
512	0.995822	-0.0371442	-0.0371442	-2.90823	-0.172699	-0.159916	-1.05312	-1.05312	-3.64401	-1.13476	-0.988368
512	1.12954	0.0344817	0.0287606	-2.77694	-0.58817	-0.531244	0.977631	0.814628	-3.4795	-2.35819	-2.0665
512	0.970102	0.0413478	0.0413478	-2.69581	-0.0759473	-0.0764967	1.1723	1.1723	-3.37784	-0.553848	-0.484204
512	0.85262	0.0213466	0.0213466	-3.23271	-0.0797431	-0.0508453	0.605222	0.605222	-4.05058	-0.700631	-0.508271
512	1.03786	0.0907819	0.0907819	-3.14617	-0.162848	-0.060256	2.57386	2.57386	-3.94216	-0.641957	-0.318281
512	0.965521	0.136582	0.136582	-2.45883	-0.016334	0.0366278	3.8724	3.8724	-3.08091	-0.0945195	0.250726
512	1.09586	0.0316297	0.0316297	-3.2595	-0.591888	-0.351489	0.89677	0.89677	-4.08415	-2.07494	-1.30236
512	1.06265	0.059462	0.059462	-2.77042	-0.207486	-0.200874	1.68587	1.68587	-3.47133	-0.919209	-0.855026
512	1.04471	-0.0416616	-0.0416616	-2.91967	-0.375647	-0.249365	-1.1812	-1.1812	-3.65835	-1.35203	-1.15679
512	1.01959	0.0216613	0.0216613	-2.73299	-0.146945	-0.0750856	0.614144	0.614144	-3.42443	-0.81549	-0.571272
512	0.912517	0.0201348	0.0201348	-3.34773	-0.109484	-0.0655761	0.570866	0.570866	-4.1947	-0.760721	-0.611445
512	1.07661	0.0302572	0.0302572	-3.31307	-0.317877	-0.271064	0.857858	0.857858	-4.15127	-1.18461	-0.963386
512	1.02159	0.0697739	0.0697739	-2.8488	-0.098507	-0.113657	1.97824	1.97824	-3.56954	-0.552573	-0.525721
512	0.971251	0.0661639	0.0661639	-3.09939	-0.0745867	-0.0585043	1.87589	1.87589	-3.88353	-0.506336	-0.373444
512	1.0842	0.0716845	0.0716845	-2.83013	-0.392101	-0.278218	2.03241	2.03241	-3.54615	-1.37722	-1.06364
512	0.972227	0.0517324	0.0517324	-2.78202	-0.0842682	-0.0411136	1.46672	1.46672	-3.48587	-0.547197	-0.317135
512	0.977251	0.0515744	0.0515744	-2.92531	-0.0763371	-0.0480612	1.46225	1.46225	-3.66541	-0.55878	-0.344843
512	0.912104	0.117008	0.117008	-2.84986	-0.0110229	0.0107046	3.31744	3.31744	-3.57087	-0.0836877	0.0739324
512	0.972144	0.108898	0.108898	-2.76799	-0.018912	-0.00208344	3.0875	3.0875	-3.46829	-0.139213	-0.0138506
512	0.982032	0.0569243	0.0569243	-2.66624	-0.0644119	-0.0264946	1.61393	1.61393	-3.3408	-0.479495	-0.214648
512	0.921578	-0.00425588	-0.00425588	-2.99428	-0.0985651	-0.0925563	-0.120663	-0.120663	-3.75184	-0.827093	-0.727345
512	0.94637	0.116169	0.116169	-3.09375	0.00229915	0.0145672	3.29363	3.29363	-3.87647	0.0178375	0.101835
512	1.05233	-0.00546745	-0.00546745	-2.70622	-0.240946	-0.215204	-0.155014	-0.155014	-3.39089	-1.20651	-0.901456
512	0.948502	0.0803779	0.0803779	-2.87469	-0.0246981	-0.0274027	2.27889	2.27889	-3.60199	-0.201632	-0.189418
512	0.959986	0.0291041	0.0291041	-2.86478	-0.10124	-0.0850986	0.825164	0.825164	-3.58957	-0.716045	-0.538823
512	0.941371	0.0346898	0.0346898	-3.36787	-0.0943358	-0.0491166	0.98353	0.98353	-4.21994	-0.636831	-0.364707
512	0.968533	0.00462195	0.00462195	-2.76925	-0.129844	-0.100226	0.131042	0.131042	-3.46987	-0.931814	-0.715635
512	0.971921	0.147138	0.147138	-2.65665	0.0131407	0.0208376	4.17167	4.17167	-3.32878	0.0940781	0.123859
512	0.962124	0.0495113	0.0495113	-2.46198	-0.0600364	-0.0364863	1.40375	1.40375	-3.08486	-0.493895	-0.262524
512	0.833535	0.0208662	0.0208662	-2.84188	-0.0769453	-0.0523172	0.591601	0.591601	-3.56087	-0.765144	-0.513003
512	0.973961	0.0931304	0.0931304	-2.63336	-0.0280111	-0.0186182	2.64045	2.64045	-3.29961	-0.211107	-0.110807
512	0.878749	0.138395	0.138395	-2.68792	0.0389635	0.0598837	3.9238	3.9238	-3.36796	0.35168	0.519208
512	1.10448	0.011017	0.011017	-2.92611	-0.53653	-0.453855	0.312357	0.312357	-3.66641	-1.71747	-1.52824
512	1.01917	0.0738297	0.0738297	-2.91835	-0.125432	-0.0811086	2.09323	2.09323	-3.65669	-0.541415	-0.43614
512	1.06078	0.07457	0.07457	-3.01342	-0.225964	-0.15207	2.11422	2.11422	-3.77582	-0.883799	-0.608898
512	0.911025	0.0647645	0.0647645	-3.13833	-0.0473356	-0.0175756	1.83621	1.83621	-3.93233	-0.369392	-0.158386
512	0.913256	0.0236195	0.0236195	-2.72103	-0.0745496	-0.0598081	0.669663	0.669663	-3.40946	-0.662615	-0.49023
512	1.06262	0.132079	0.132079	-2.97431	-0.255584	-0.135365	3.74474	3.74474	-3.72681	-0.955617	-0.513269
512	0.950117	0.115793	0.115793	-3.07266	0.0118532	0.0323028	3.28297	3.28297	-3.85004	0.107188	0.272294
512	0.933099	0.0400918	0.0400918	-3.2642	-0.0833604	-0.0800938	1.13669	1.13669	-4.09004	-0.625827	-0.490079
512	0.865449	0.000908461	0.000908461	-2.41915	-0.101788	-0.0757249	0.0257568	0.0257568	-3.0312	-0.980342	-0.701702
512	0.9459	0.061958	0.061958	-2.26656	-0.0706178	-0.0418438	1.75664	1.75664	-2.84	-0.472942	-0.286107
512	1.02784	0.0715475	0.0715475	-2.80798	-0.134362	-0.0397666	2.02853	2.02853	-3.5184	-0.677662	-0.280138
512	0.975587	-0.0113038	-0.0113038	-3.19258	-0.167875	-0.129998	-0.320488	-0.320488	-4.0003	-0.96933	-0.743682
512	0.913133	0.0174881	0.0174881	-2.68695	-0.0847352	-0.0765609	0.495826	0.495826	-3.36675	-0.732588	-0.562745
512	0.962199	0.0602902	0.0602902	-2.81201	-0.0743031	-0.0325417	1.70936	1.70936	-3.52344	-0.490076	-0.237948
512	1.00585	0.0649411	0.0649411	-2.92469	-0.0946084	-0.0714744	1.84122	1.84122	-3.66464	-0.52075	-0.392685
512	0.999628	0.13357	0.13357	-2.74997	-0.0143112	0.00190563	3.78699	3.78699	-3.44571	-0.0845982	0.0105122
512	0.947836	0.0518456	0.0518456	-2.72301	-0.0778344	-0.0581736	1.46994	1.46994	-3.41194	-0.532056	-0.412765
512	0.967098	0.102371	0.102371	-2.94655	-0.0148386	0.01299	2.90245	2.90245	-3.69203	-0.116841	0.0954136
512	0.945816	0.0762899	0.0762899	-2.29543	-0.0444347	-0.0168719	2.16298	2.16298	-2.87618	-0.307444	-0.133286
512	0.925927	-0.0102502	-0.0102502	-2.91494	-0.13024	-0.0987433	-0.290615	-0.290615	-3.65242	-0.98886	-0.81578
512	0.889604	0.130268	0.130268	-2.8002	0.0292396	0.0424834	3.69338	3.69338	-3.50865	0.262919	0.317453
512	1.03796	0.0506965	0.0506965	-3.17958	-0.191564	-0.117603	1.43735	1.43735	-3.98401	-0.837137	-0.546923
512	1.00031	0.0401988	0.0401988	-2.9037	-0.100392	-0.0896609	1.13972	1.13972	-3.63834	-0.647293	-0.503797
512	0.955374	0.0556047	0.0556047	-2.95349	-0.0652066	-0.0448901	1.57651	1.57651	-3.70072	-0.449849	-0.331047
512	1.01285	0.125535	0.125535	-2.50195	-0.0428222	-0.0134983	3.55919	3.55919	-3.13495	-0.242221	-0.0706365
512	1.08493	-0.0236593	-0.0236593	-2.94416	-0.482168	-0.300564	-0.670791	-0.670791	-3.68903	-1.74437	-1.1724
512	0.86602	0.106048	0.106048	-2.80263	0.00903082	0.0185266	3.00668	3.00668	-3.5117	0.0900342	0.155135
512	0.92934	0.0782554	0.0782554	-3.04549	-0.0339676	-0.00856934	2.21871	2.21871	-3.816	-0.267666	-0.0688151
512	0.924714	0.0701507	0.0701507	-2.67721	-0.0497022	-0.0207477	1.98892	1.98892	-3.35454	-0.378546	-0.16204
512	1.08312	-0.022422	-0.022422	-2.73258	-0.425123	-0.368732	-0.635711	-0.635711	-3.42393	-1.57394	-1.3902
512	0.983272	-0.0189049	-0.0189049	-2.91313	-0.11437	-0.152824	-0.535996	-0.535996	-3.65015	-1.12421	-0.789308
512	0.954567	0.0152408	0.0152408	-3.06744	-0.110934	-0.0619778	0.432108	0.432108	-3.8435	-0.842392	-0.542683
512	1.00704	0.0595659	0.0595659	-2.88143	-0.0964702	-0.0471826	1.68882	1.68882	-3.61043	-0.536933	-0.342598
512	1.00312	0.0833308	0.0833308	-2.61384	-0.0805623	-0.0577821	2.36261	2.36261	-3.27515	-0.448462	-0.316777
512	0.976685	0.148167	0.148167	-2.56184	0.0406787	0.045014	4.20084	4.20084	-3.20998	0.324035	0.32975
512	1.05419	0.0797006	0.0797006	-3.02521	-0.166689	-0.1307	2.25968	2.25968	-3.79059	-0.698487	-0.594748
512	1.11032	0.0560367	0.0560367	-2.5461	-0.454851	-0.34949	1.58876	1.58876	-3.19026	-1.62971	-1.13226
512	0.970115	0.0340507	0.0340507	-3.35677	-0.096776	-0.0725945	0.96541	0.96541	-4.20604	-0.656758	-0.478394
512	0.991358	0.167046	0.167046	-2.53822	0.0384238	0.051233	4.73613	4.73613	-3.1804	0.265786	0.321328
512	0.980149	0.111214	0.111214	-2.9069	-0.000215611	0.00367936	3.15314	3.15314	-3.64235	-0.00173912	0.0220592
512	0.908577	0.0743431	0.0743431	-2.62395	-0.0408679	-0.0110616	2.10779	2.10779	-3.28781	-0.306608	-0.0908512
512	0.959642	0.130595	0.130595	-2.8932	0.0228087	0.0319911	3.70264	3.70264	-3.62518	0.197872	0.234533
512	0.971257	0.0439793	0.0439793	-2.82382	-0.0865579	-0.0779809	1.24691	1.24691	-3.53825	-0.59985	-0.513648
512	1.05169	0.126575	0.126575	-3.121	-0.128828	-0.103221	3.58866	3.58866	-3.91061	-0.510324	-0.41402
512	1.02593	0.00906215	0.00906215	-2.88673	-0.176703	-0.144217	0.256931	0.256931	-3.61708	-0.94835	-0.699123
512	0.95946	0.0280231	0.0280231	-2.4893	-0.0794195	-0.0691871	0.794516	0.794516	-3.1191	-0.687242	-0.496204
512	1.03268	0.0728475	0.0728475	-2.51065	-0.0939981	-0.0726028	2.06538	2.06538	-3.14584	-0.532796	-0.368665
512	0.997731	0.126103	0.126103	-3.11272	-0.0060591	-0.00564261	3.57528	3.57528	-3.90024	-0.0414581	-0.0317826
512	0.911738	0.058451	0.058451	-2.51215	-0.0289737	-0.0260545	1.65721	1.65721	-3.14773	-0.311035	-0.219137
512	1.00022	0.0865755	0.0865755	-3.30014	-0.0686098	-0.0497436	2.4546	2.4546	-4.13508	-0.404625	-0.285936
512	0.972262	0.046009	0.046009	-2.91063	-0.0820581	-0.0664257	1.30445	1.30445	-3.64702	-0.605803	-0.445614
512	0.96769	0.101113	0.101113	-2.56693	-0.0470344	-0.0212035	2.86678	2.86678	-3.21637	-0.284522	-0.132271
512	1.07034	0.00750227	0.00750227	-2.61287	-0.306027	-0.256206	0.212706	0.212706	-3.27393	-1.18796	-1.02021
512	0.918894	0.0901582	0.0901582	-2.89452	-0.023257	-0.00556738	2.55618	2.55618	-3.62683	-0.172481	-0.0397068
512	0.927323	0.00149751	0.00149751	-2.90752	-0.0969457	-0.0837226	0.0424578	0.0424578	-3.64313	-0.930058	-0.666583
512	1.07431	0.0551641	0.0551641	-2.4996	-0.358122	-0.238213	1.56402	1.56402	-3.13199	-1.41503	-0.869301
512	1.02683	-0.0265501	-0.0265501	-3.24288	-0.240617	-0.15876	-0.752752	-0.752752	-4.06333	-1.06603	-0.915367
512	0.925136	0.0378418	0.0378418	-3.06968	-0.0983107	-0.0507726	1.0729	1.0729	-3.84631	-0.679458	-0.416093
512	0.920038	0.0684754	0.0684754	-3.2672	-0.0591464	-0.00343431	1.94142	1.94142	-4.09381	-0.447031	-0.0343912
512	0.983512	0.0529867	0.0529867	-3.07355	-0.120051	-0.0707454	1.50229	1.50229	-3.85115	-0.663481	-0.429462
512	0.937733	0.0688697	0.0688697	-2.5272	-0.0340421	-0.0320095	1.9526	1.9526	-3.16659	-0.2649	-0.233227
512	0.936741	0.10478	0.10478	-2.33199	-0.0318508	0.00975081	2.97075	2.97075	-2.92198	-0.214399	0.0778985
512	0.985561	0.161795	0.161795	-3.05324	0.0310546	0.0437562	4.58724	4.58724	-3.8257	0.220759	0.283909
512	0.937326	0.0302972	0.0302972	-2.66649	-0.0680896	-0.0606136	0.858991	0.858991	-3.34112	-0.613226	-0.480792
512	0.95592	0.0438125	0.0438125	-2.73434	-0.0879744	-0.0536069	1.24218	1.24218	-3.42613	-0.612814	-0.393509
512	0.900457	0.0463957	0.0463957	-3.1274	-0.0692445	-0.0450896	1.31542	1.31542	-3.91864	-0.592683	-0.341531
512	0.921107	0.00735002	0.00735002	-2.91383	-0.0972938	-0.0926299	0.208389	0.208389	-3.65103	-0.890371	-0.673503
512	0.951039	0.0441237	0.0441237	-2.92692	-0.112352	-0.0462544	1.251	1.251	-3.66743	-0.625465	-0.354397
512	0.928234	0.168171	0.168171	-3.05372	0.0530698	0.0857066	4.76802	4.76802	-3.82632	0.412358	0.785115
512	0.969707	0.0729589	0.0729589	-2.72209	-0.0396206	-0.0302831	2.06854	2.06854	-3.41078	-0.304494	-0.208611
512	1.0364	0.0786955	0.0786955	-2.65415	-0.138698	-0.0669222	2.23119	2.23119	-3.32565	-0.650033	-0.335764
512	0.99225	0.0869407	0.0869407	-2.98051	-0.0642973	-0.0121918	2.46496	2.46496	-3.73458	-0.41435	-0.080805
512	1.06713	0.0951206	0.0951206	-3.33684	-0.195598	-0.154045	2.69687	2.69687	-4.18106	-0.823424	-0.610938
512	0.947692	0.036506	0.036506	-2.66913	-0.0775143	-0.0716692	1.03502	1.03502	-3.34441	-0.599299	-0.467832
512	1.07286	0.0144326	0.0144326	-2.87282	-0.429608	-0.289978	0.409195	0.409195	-3.59964	-1.5219	-1.00248
512	0.936873	0.0202925	0.0202925	-2.48617	-0.104349	-0.0799755	0.575335	0.575335	-3.11517	-0.730773	-0.581494
512	1.09055	0.0425342	0.0425342	-3.21518	-0.356451	-0.318518	1.20594	1.20594	-4.02862	-1.20853	-1.11049
512	1.01009	0.116656	0.116656	-2.65852	-0.019763	-0.0218349	3.30744	3.30744	-3.33113	-0.12928	-0.120024
512	0.981098	0.0362558	0.0362558	-2.56653	-0.116718	-0.077885	1.02793	1.02793	-3.21586	-0.705739	-0.48954
512	0.900515	0.110845	0.110845	-2.86641	-0.0297031	0.0189169	3.1427	3.1427	-3.59162	-0.205472	0.14075
512	1.08238	0.118368	0.118368	-3.05879	-0.291426	-0.231824	3.35599	3.35599	-3.83266	-1.09264	-0.824203
512	1.02681	-0.0197472	-0.0197472	-2.8588	-0.252155	-0.203235	-0.559875	-0.559875	-3.58207	-1.13901	-0.892862
512	1.00628	0.0937231	0.0937231	-3.10343	-0.0583954	-0.0086397	2.65725	2.65725	-3.8886	-0.346729	-0.0619598
512	0.927191	0.0908757	0.0908757	-2.54472	-0.0206799	0.00681572	2.57652	2.57652	-3.18853	-0.169674	0.0506309
512	0.965164	0.0113268	0.0113268	-2.68798	-0.102714	-0.100776	0.32114	0.32114	-3.36803	-0.73119	-0.631152
512	0.962107	0.0350356	0.0350356	-2.45156	-0.0726283	-0.0873337	0.993333	0.993333	-3.0718	-0.618013	-0.521506
512	0.935822	0.10113	0.10113	-2.52703	-0.00746251	-0.0181083	2.86726	2.86726	-3.16637	-0.0589711	-0.110787
512	0.938526	0.03967	0.03967	-2.57332	-0.0929873	-0.0862883	1.12473	1.12473	-3.22437	-0.736683	-0.529222
512	0.886786	0.0431892	0.0431892	-2.55481	-0.0609464	-0.0359847	1.22451	1.22451	-3.20118	-0.530353	-0.302337
512	0.957218	0.132326	0.132326	-2.69914	-0.00315465	0.0181304	3.75171	3.75171	-3.38202	-0.0226439	0.127012
512	1.00957	-0.00513625	-0.00513625	-2.88041	-0.140314	-0.148479	-0.145624	-0.145624	-3.60916	-0.9753	-0.787367
512	0.954244	0.0853513	0.0853513	-2.56418	-0.0225746	-0.00182045	2.41989	2.41989	-3.21292	-0.16025	-0.0141176
512	1.07605	-0.0666064	-0.0666064	-3.11338	-0.456176	-0.37187	-1.88844	-1.88844	-3.90106	-2.06301	-1.28741
512	1.04394	0.0351688	0.0351688	-3.11864	-0.202994	-0.16492	0.997112	0.997112	-3.90765	-0.819331	-0.712501
512	0.977729	-0.00678118	-0.00678118	-3.09874	-0.156332	-0.152014	-0.192261	-0.192261	-3.88272	-0.972881	-0.774742
512	0.882555	0.0269822	0.0269822	-2.55798	-0.0578202	-0.0514155	0.765002	0.765002	-3.20515	-0.58615	-0.448286
512	0.938867	0.0857526	0.0857526	-2.75891	-0.0378723	-0.0303339	2.43127	2.43127	-3.45691	-0.269801	-0.174949
512	1.00545	0.025574	0.025574	-3.22354	-0.116213	-0.0881916	0.725079	0.725079	-4.03909	-0.74578	-0.528005
512	0.905495	-0.0551806	-0.0551806	-2.7923	-0.167956	-0.131419	-1.56449	-1.56449	-3.49875	-1.31708	-1.21661
512	0.956479	-0.00780496	-0.00780496	-3.3393	-0.166408	-0.127198	-0.221287	-0.221287	-4.18414	-0.99093	-0.739343
512	0.933149	0.0484157	0.0484157	-2.68662	-0.0847219	-0.0434829	1.37269	1.37269	-3.36634	-0.613647	-0.337334
512	0.88557	0.0905312	0.0905312	-2.50326	-0.0112983	0.00307747	2.56675	2.56675	-3.13658	-0.0972712	0.0256765
512	1.03844	0.068694	0.068694	-2.74366	-0.186218	-0.107702	1.94762	1.94762	-3.43781	-0.817479	-0.480424
512	0.97927	-0.0327477	-0.0327477	-2.6565	-0.18714	-0.142035	-0.928467	-0.928467	-3.32859	-1.16816	-0.96557
512	0.957906	0.0444448	0.0444448	-2.85403	-0.110124	-0.0630174	1.26011	1.26011	-3.57611	-0.668781	-0.412028
512	0.995734	0.0810344	0.0810344	-3.12774	-0.085118	-0.0883729	2.2975	2.2975	-3.91906	-0.48532	-0.4222
512	0.984237	0.0292731	0.0292731	-2.67369	-0.105875	-0.0772502	0.829957	0.829957	-3.35014	-0.668677	-0.514199
512	1.00488	-0.0294015	-0.0294015	-2.69965	-0.162767	-0.170101	-0.833596	-0.833596	-3.38266	-1.11273	-0.95492
512	1.05197	-0.0010706	-0.0010706	-2.75908	-0.270382	-0.235374	-0.0303539	-0.0303539	-3.45713	-1.07494	-0.975782
512	1.02004	0.0866181	0.0866181	-2.9926	-0.0951892	-0.047121	2.45581	2.45581	-3.74973	-0.487305	-0.24313
512	0.954582	0.112476	0.112476	-2.09522	-0.0223003	0.0103962	3.18894	3.18894	-2.62531	-0.164101	0.069
512	1.04844	0.00490066	0.00490066	-2.92289	-0.253822	-0.207447	0.138944	0.138944	-3.66238	-1.10286	-0.828293
512	0.916092	0.0315269	0.0315269	-2.73904	-0.0656597	-0.0510088	0.893854	0.893854	-3.43201	-0.582116	-0.465938
512	1.07684	-0.0126404	-0.0126404	-3.0719	-0.430953	-0.327875	-0.358383	-0.358383	-3.84908	-1.4552	-1.18247
512	1.06269	0.116476	0.116476	-3.3737	-0.187792	-0.111061	3.30235	3.30235	-4.22724	-0.808884	-0.472124
512	0.973834	0.0843934	0.0843934	-2.99241	-0.0491276	-0.0165037	2.39274	2.39274	-3.74949	-0.323438	-0.111009
512	0.953094	0.0594906	0.0594906	-2.93933	-0.0716348	-0.0283904	1.68669	1.68669	-3.68299	-0.462782	-0.216884
512	0.996781	0.022146	0.022146	-2.83196	-0.130585	-0.111719	0.627886	0.627886	-3.54845	-0.914994	-0.61286
512	0.978464	0.0585913	0.0585913	-2.74251	-0.0459527	-0.0430211	1.66119	1.66119	-3.43636	-0.352855	-0.297383
512	0.986164	0.0515156	0.0515156	-2.81749	-0.109383	-0.0574979	1.46058	1.46058	-3.53031	-0.608951	-0.386989
512	0.980657	0.0573791	0.0573791	-3.01668	-0.0805701	-0.0833094	1.62682	1.62682	-3.7799	-0.472754	-0.477018
512	0.962863	0.0357115	0.0357115	-2.75194	-0.0846405	-0.0867419	1.0125	1.0125	-3.44819	-0.583038	-0.528786
512	0.941522	-0.0210457	-0.0210457	-2.77259	-0.122742	-0.12816	-0.596691	-0.596691	-3.47405	-1.08156	-0.859612
512	0.995444	0.104359	0.104359	-3.0243	-0.0356974	-0.00199722	2.95881	2.95881	-3.78945	-0.212934	-0.0118249
512	0.981636	0.0717105	0.0717105	-2.97678	-0.0552213	-0.0358897	2.03315	2.03315	-3.72991	-0.406841	-0.248446
512	0.976695	0.0344197	0.0344197	-2.88936	-0.0843318	-0.0821494	0.975872	0.975872	-3.62037	-0.607382	-0.49983
512	0.93775	0.00423939	0.00423939	-3.08557	-0.0974283	-0.0816598	0.120196	0.120196	-3.86622	-0.857748	-0.643229
512	0.904324	0.0408166	0.0408166	-2.71988	-0.0661405	-0.0481025	1.15724	1.15724	-3.40801	-0.584665	-0.386572
512	0.964051	0.0277173	0.0277173	-2.98987	-0.113705	-0.0739553	0.785846	0.785846	-3.74631	-0.777344	-0.521976
512	1.06879	0.0168476	0.0168476	-2.48499	-0.223528	-0.209171	0.477666	0.477666	-3.1137	-1.11516	-0.870321
512	0.938481	0.0769823	0.0769823	-3.39995	-0.0447754	-0.0215804	2.18262	2.18262	-4.26014	-0.348818	-0.143403
512	0.915163	-0.0185289	-0.0185289	-2.70317	-0.116555	-0.102258	-0.525335	-0.525335	-3.38707	-0.96856	-0.871774
512	1.06093	0.0706682	0.0706682	-2.72987	-0.218129	-0.167322	2.0036	2.0036	-3.42053	-0.835945	-0.688306
512	0.93332	0.0220881	0.0220881	-2.91875	-0.0892334	-0.0602547	0.626245	0.626245	-3.65719	-0.70935	-0.502076
512	1.12802	0.0227531	0.0164114	-2.65472	-0.535786	-0.435838	0.645099	0.464843	-3.32636	-1.80497	-1.44517
512	0.947531	0.0474983	0.0474983	-2.9876	-0.091574	-0.0448035	1.34668	1.34668	-3.74346	-0.659318	-0.338938
512	0.947862	0.0329217	0.0329217	-3.12345	-0.0899752	-0.0700026	0.9334	0.9334	-3.91369	-0.641061	-0.474378
512	1.01061	0.0855183	0.0855183	-2.6869	-0.147027	-0.0277322	2.42463	2.42463	-3.36668	-0.698139	-0.18144
512	0.991169	0.113989	0.113989	-2.89848	-0.0267083	-0.0173956	3.23184	3.23184	-3.6318	-0.172929	-0.0966967
512	1.02982	0.0739168	0.0739168	-2.95841	-0.120402	-0.0753503	2.0957	2.0957	-3.70689	-0.590185	-0.352194
512	0.989551	0.0187728	0.0187728	-2.63856	-0.095369	-0.12014	0.53225	0.53225	-3.30612	-0.759314	-0.676273
512	0.952337	0.0573393	0.0573393	-2.83624	-0.0717115	-0.0372368	1.62569	1.62569	-3.55381	-0.503744	-0.275692
512	0.994417	0.060967	0.060967	-2.67645	-0.0898244	-0.0423134	1.72855	1.72855	-3.35359	-0.508885	-0.274536
512	0.954276	0.0301941	0.0301941	-3.06015	-0.0892995	-0.0606052	0.856067	0.856067	-3.83437	-0.72961	-0.476264
512	0.988633	0.0615275	0.0615275	-2.41281	-0.0798129	-0.0727949	1.74444	1.74444	-3.02326	-0.495685	-0.382042
512	0.942648	0.0654789	0.0654789	-2.64634	-0.0586816	-0.03434	1.85647	1.85647	-3.31587	-0.433198	-0.252236
512	0.925527	0.0607419	0.0607419	-3.03641	-0.0743147	-0.0429995	1.72216	1.72216	-3.80462	-0.489329	-0.292226
512	0.880813	-0.0142154	-0.0142154	-3.01206	-0.115294	-0.10061	-0.403038	-0.403038	-3.77411	-0.980353	-0.844763
512	0.982669	0.0785731	0.0785731	-2.64212	-0.0384117	-0.00832447	2.22772	2.22772	-3.31058	-0.295212	-0.0670866
512	1.10686	0.155823	0.155823	-2.63146	-0.278732	-0.244696	4.41791	4.41791	-3.29722	-1.04248	-0.796022
512	1.04443	0.0286369	0.0286369	-2.7402	-0.271996	-0.194444	0.811918	0.811918	-3.43347	-1.08356	-0.818929
512	0.925394	0.0558454	0.0558454	-2.45941	-0.0546827	-0.0179475	1.58334	1.58334	-3.08164	-0.440939	-0.172931
512	1.10262	0.074081	0.074081	-2.85643	-0.323289	-0.379856	2.10036	2.10036	-3.57911	-1.15069	-1.38974
512	1.00467	0.122183	0.122183	-2.4663	-0.0425329	0.00134705	3.46414	3.46414	-3.09028	-0.231463	0.00772462
512	0.953917	0.0445962	0.0445962	-2.84136	-0.0740125	-0.0524107	1.2644	1.2644	-3.56022	-0.571793	-0.398692
512	0.921111	0.0846989	0.0846989	-3.08988	-0.0134144	-0.0154059	2.40139	2.40139	-3.87161	-0.126856	-0.118571
512	1.0568	0.0482937	0.0482937	-2.92671	-0.239043	-0.179966	1.36923	1.36923	-3.66716	-1.01284	-0.729231
512	0.978376	0.111651	0.111651	-2.81125	-0.0195245	-0.00623014	3.16554	3.16554	-3.52249	-0.137526	-0.0364661
512	1.03765	0.0575385	0.0575385	-3.30393	-0.179953	-0.12365	1.63134	1.63134	-4.13983	-0.790975	-0.580337
512	1.02448	0.0734007	0.0734007	-2.73045	-0.0367702	-0.117274	2.08107	2.08107	-3.42126	-0.333805	-0.486446
512	0.976552	0.0628061	0.0628061	-2.35191	-0.0673793	-0.0382056	1.78069	1.78069	-2.94695	-0.465955	-0.269562
512	0.946358	-0.0385494	-0.0385494	-2.63342	-0.191384	-0.156141	-1.09296	-1.09296	-3.29968	-1.15014	-0.958133
512	1.08394	0.0373433	0.0373433	-3.32091	-0.31376	-0.358982	1.05876	1.05876	-4.1611	-1.23629	-1.41661
512	0.937759	0.00098813	0.00098813	-3.14575	-0.113979	-0.0903612	0.0280156	0.0280156	-3.94162	-0.793099	-0.680342
512	0.969202	0.165549	0.165549	-2.58619	0.0218632	0.062375	4.69368	4.69368	-3.2405	0.146471	0.464131
512	1.02845	0.0655842	0.0655842	-2.9707	-0.130586	-0.107445	1.85945	1.85945	-3.72228	-0.695051	-0.523015
512	0.95615	0.0828522	0.0828522	-2.62469	-0.0197739	-0.0472164	2.34904	2.34904	-3.28873	-0.165098	-0.28654
512	1.11033	0.105997	0.105997	-2.96868	-0.401568	-0.41446	3.00525	3.00525	-3.71975	-1.34956	-1.44309
512	1.01999	0.0479654	0.0479654	-2.9284	-0.117563	-0.0792012	1.35992	1.35992	-3.66928	-0.639459	-0.45186
512	0.984211	0.151979	0.151979	-2.95686	0.0192045	0.018241	4.30894	4.30894	-3.70494	0.136164	0.0973233
512	1.03983	0.094907	0.094907	-2.67463	-0.14123	-0.076396	2.69082	2.69082	-3.35132	-0.596305	-0.338218
512	0.970699	0.0909336	0.0909336	-2.51806	-0.0751822	-0.0512368	2.57816	2.57816	-3.15513	-0.41223	-0.273921
512	0.999859	0.0747888	0.0747888	-2.99538	-0.0878639	-0.0556537	2.12042	2.12042	-3.75321	-0.465189	-0.301338
512	0.987006	0.0811763	0.0811763	-2.99282	-0.0636257	-0.0277994	2.30152	2.30152	-3.75	-0.402631	-0.189554
512	1.03059	0.0850688	0.0850688	-2.60374	-0.113426	-0.0609447	2.41188	2.41188	-3.26249	-0.578826	-0.333211
512	0.990995	0.0904483	0.0904483	-2.39315	-0.0629092	-0.0608035	2.5644	2.5644	-2.99862	-0.345378	-0.304751
512	1.02501	0.0248907	0.0248907	-2.81166	-0.132469	-0.139951	0.705706	0.705706	-3.523	-0.792886	-0.639531
512	0.939763	0.0392154	0.0392154	-3.2215	-0.0545226	-0.0393412	1.11184	1.11184	-4.03654	-0.484693	-0.341057
512	0.998107	0.0540418	0.0540418	-3.04064	-0.127045	-0.0753019	1.5322	1.5322	-3.80993	-0.66916	-0.445562
512	1.02287	0.0544519	0.0544519	-3.08508	-0.126656	-0.0654351	1.54383	1.54383	-3.8656	-0.665228	-0.376038
512	0.953445	0.0919185	0.0919185	-3.00675	-0.0533686	-0.0178542	2.60609	2.60609	-3.76746	-0.339985	-0.122807
512	0.99158	0.0431113	0.0431113	-2.97723	-0.0765787	-0.0775221	1.2223	1.2223	-3.73047	-0.555299	-0.424739
512	0.972248	0.0690645	0.0690645	-2.88075	-0.0700921	-0.0256462	1.95813	1.95813	-3.60959	-0.403599	-0.183732
512	0.967987	0.115165	0.115165	-2.74972	-0.0266277	0.0182035	3.26518	3.26518	-3.4454	-0.158573	0.133979
512	0.997242	0.0384507	0.0384507	-3.1173	-0.0944188	-0.0900476	1.09016	1.09016	-3.90597	-0.631009	-0.539446
512	1.09263	0.0160083	0.0160083	-3.10501	-0.480643	-0.344324	0.453869	0.453869	-3.89057	-1.84587	-1.17855
512	1.07828	-0.0085176	-0.0085176	-2.95754	-0.498058	-0.373197	-0.241492	-0.241492	-3.7058	-1.88349	-1.27651
512	0.868345	0.0505913	0.0505913	-2.56609	-0.0472715	-0.0318568	1.43437	1.43437	-3.21531	-0.469662	-0.262804
512	0.967272	0.0372751	0.0372751	-3.29879	-0.0829325	-0.0780201	1.05683	1.05683	-4.13338	-0.649024	-0.500618
512	0.992174	0.0870148	0.0870148	-2.76662	-0.0520513	-0.0396369	2.46706	2.46706	-3.46657	-0.329564	-0.231258
512	0.938466	0.037489	0.037489	-3.08953	-0.0791398	-0.0618959	1.06289	1.06289	-3.87119	-0.616256	-0.445537
512	0.887959	0.0620817	0.0620817	-2.87331	-0.0296241	-0.0318166	1.76015	1.76015	-3.60026	-0.299975	-0.250989
512	1.07692	0.0929507	0.0929507	-2.8977	-0.33081	-0.205659	2.63535	2.63535	-3.63081	-1.20416	-0.771528
512	0.999923	0.0802497	0.0802497	-2.50249	-0.0895275	-0.0275886	2.27525	2.27525	-3.13562	-0.499586	-0.173797
512	0.963002	0.0133457	0.0133457	-2.94453	-0.109486	-0.0692763	0.378381	0.378381	-3.68949	-0.817798	-0.524567
512	0.883664	0.0715954	0.0715954	-2.64708	-0.0424283	-0.0184012	2.02988	2.02988	-3.31679	-0.319556	-0.15237
512	0.994126	-0.019644	-0.019644	-3.33989	-0.156954	-0.11023	-0.55695	-0.55695	-4.18488	-1.0785	-0.823693
512	1.05654	-0.0279727	-0.0279727	-3.29851	-0.369587	-0.222501	-0.793086	-0.793086	-4.13304	-1.36243	-1.03969
512	0.967058	0.0300968	0.0300968	-3.09893	-0.104377	-0.0665796	0.85331	0.85331	-3.88296	-0.689159	-0.487149
512	0.9798	0.0633614	0.0633614	-2.81105	-0.0783199	-0.0454355	1.79643	1.79643	-3.52224	-0.526899	-0.281648
512	0.952708	0.098643	0.098643	-2.71056	-0.0269235	-0.00372683	2.79674	2.79674	-3.39633	-0.190865	-0.0262327
512	1.01294	0.0962565	0.0962565	-2.77209	-0.0422975	-0.0122388	2.72908	2.72908	-3.47343	-0.257176	-0.0810033
512	0.992208	0.0248466	0.0248466	-2.73514	-0.114723	-0.101866	0.704456	0.704456	-3.42714	-0.699616	-0.54399
512	0.960905	0.0404066	0.0404066	-2.69663	-0.0886904	-0.0779181	1.14561	1.14561	-3.37888	-0.61098	-0.48109
512	0.977545	0.0675666	0.0675666	-3.35435	-0.0431846	-0.0318312	1.91566	1.91566	-4.203	-0.34434	-0.208287
512	0.979235	0.0116586	0.0116586	-2.8175	-0.106866	-0.0982105	0.330545	0.330545	-3.53033	-0.767118	-0.675482
512	0.981584	0.0400479	0.0400479	-2.5046	-0.0983964	-0.101367	1.13544	1.13544	-3.13826	-0.655679	-0.50133
512	1.06213	0.0813241	0.0813241	-3.11778	-0.148406	-0.150192	2.30571	2.30571	-3.90657	-0.723468	-0.647616
512	0.998708	0.0661144	0.0661144	-2.78779	-0.0625882	-0.0689397	1.87449	1.87449	-3.4931	-0.459961	-0.384792
512	1.04379	0.0945944	0.0945944	-3.15257	-0.121348	-0.0852386	2.68195	2.68195	-3.95017	-0.569178	-0.419415
512	0.987839	0.0565594	0.0565594	-3.30983	-0.0754802	-0.0533859	1.60358	1.60358	-4.14722	-0.498602	-0.349955
512	1.0611	0.0465463	0.0465463	-3.3328	-0.22615	-0.18155	1.31969	1.31969	-4.17599	-0.927795	-0.813131
512	1.053	0.0429459	0.0429459	-3.21647	-0.243348	-0.196733	1.21761	1.21761	-4.03024	-0.905205	-0.76878
512	0.936256	-0.0112446	-0.0112446	-2.6092	-0.122065	-0.0927682	-0.318809	-0.318809	-3.26932	-0.928716	-0.727537
512	1.05244	-0.0271239	-0.0271239	-3.12235	-0.323996	-0.23321	-0.769021	-0.769021	-3.91231	-1.16719	-1.05533
512	1.07682	0.135976	0.135976	-3.21493	-0.239338	-0.179934	3.85522	3.85522	-4.02831	-0.84691	-0.658298
512	0.984526	0.103145	0.103145	-3.05718	-0.0172377	-0.0147298	2.9244	2.9244	-3.83065	-0.117289	-0.0874547
512	1.0929	0.101452	0.101452	-2.48008	-0.456066	-0.193947	2.87638	2.87638	-3.10755	-1.56712	-0.70533
512	0.994338	0.107034	0.107034	-2.88543	-0.0370437	-0.0113456	3.03464	3.03464	-3.61544	-0.219444	-0.0716438
512	0.960104	-0.00241334	-0.00241334	-3.09349	-0.127463	-0.0902605	-0.0684233	-0.0684233	-3.87615	-0.930668	-0.794623
512	0.948963	0.0153122	0.0153122	-2.99147	-0.0929227	-0.0958416	0.434133	0.434133	-3.74831	-0.726503	-0.628465
512	0.983952	0.0863292	0.0863292	-2.55615	-0.0753016	-0.0588543	2.44762	2.44762	-3.20286	-0.397585	-0.315566
512	0.973472	-0.00733552	-0.00733552	-2.84646	-0.143746	-0.110559	-0.207978	-0.207978	-3.56661	-1.08271	-0.804591
512	1.06749	0.0473432	0.0473432	-2.65621	-0.259682	-0.229687	1.34228	1.34228	-3.32823	-0.988208	-0.883457
512	1.0555	0.066444	0.066444	-2.86751	-0.24331	-0.267861	1.88383	1.88383	-3.59298	-0.884865	-0.844141
512	1.00549	0.028651	0.028651	-2.79983	-0.124284	-0.13337	0.812318	0.812318	-3.50819	-0.759225	-0.635935
512	0.991888	-0.0203481	-0.0203481	-2.48682	-0.164006	-0.159793	-0.576914	-0.576914	-3.11598	-0.980694	-0.825976
512	1.02669	0.0482012	0.0482012	-2.43095	-0.168143	-0.0843574	1.36661	1.36661	-3.04598	-0.754369	-0.470819
512	0.987728	0.123736	0.123736	-2.78716	-0.0390257	-0.00218158	3.50819	3.50819	-3.49232	-0.222692	-0.0123454
512	1.02832	0.00822339	0.00822339	-2.96	-0.17814	-0.129068	0.233151	0.233151	-3.70888	-0.935599	-0.713105
512	0.973335	-0.0115358	-0.0115358	-2.53379	-0.130432	-0.131439	-0.327065	-0.327065	-3.17484	-0.95835	-0.783099
512	0.924565	0.0632928	0.0632928	-3.25011	-0.0518725	-0.0290418	1.79449	1.79449	-4.07238	-0.379953	-0.22137
512	0.942888	0.0737493	0.0737493	-2.85353	-0.0307414	-0.0118896	2.09095	2.09095	-3.57547	-0.251753	-0.0958293
512	1.01482	0.0224048	0.0224048	-2.41117	-0.139103	-0.120846	0.635223	0.635223	-3.02119	-0.817309	-0.625051
512	0.934284	0.0540311	0.0540311	-2.45112	-0.0459187	-0.0211702	1.5319	1.5319	-3.07125	-0.409977	-0.203112
512	0.955601	0.0796056	0.0796056	-2.82566	-0.0607875	-0.0168913	2.25699	2.25699	-3.54055	-0.399313	-0.119268
512	1.02842	0.026598	0.026598	-3.33334	-0.112319	-0.121114	0.75411	0.75411	-4.17667	-0.775143	-0.61947
512	1.02709	0.0552025	0.0552025	-2.59191	-0.103155	-0.110573	1.56511	1.56511	-3.24766	-0.572024	-0.532633
512	0.980824	0.0262103	0.0262103	-2.59221	-0.108009	-0.0845961	0.743117	0.743117	-3.24804	-0.72159	-0.532152
512	1.02766	0.15291	0.15291	-2.62998	-0.084294	-0.000781519	4.33532	4.33532	-3.29536	-0.387714	-0.00434518
512	0.999363	0.142161	0.142161	-2.81683	-0.012417	0.0127317	4.03058	4.03058	-3.52949	-0.070427	0.0730689
512	1.00871	0.104058	0.104058	-2.80349	-0.0641798	-0.00889592	2.95026	2.95026	-3.51277	-0.343907	-0.0594258
512	0.924669	0.0879883	0.0879883	-2.71799	-0.0274432	-0.00327282	2.49466	2.49466	-3.40564	-0.228967	-0.0260641
512	0.917888	-0.0273642	-0.0273642	-2.51529	-0.157277	-0.102345	-0.775833	-0.775833	-3.15166	-1.11781	-0.930052
512	0.954859	-0.0321453	-0.0321453	-2.91221	-0.131616	-0.124978	-0.911388	-0.911388	-3.649	-1.19054	-1.00723
512	1.06574	-0.0786746	-0.0786746	-2.8735	-0.363896	-0.408622	-2.23059	-2.23059	-3.60049	-1.66435	-1.45889
512	0.925008	-0.0183813	-0.0183813	-2.72246	-0.118809	-0.110764	-0.521149	-0.521149	-3.41124	-1.07725	-0.914543
512	0.951734	-0.0158317	-0.0158317	-3.36597	-0.12499	-0.14341	-0.448862	-0.448862	-4.21757	-0.970692	-0.911345
512	1.07377	0.00916304	0.00916304	-3.06136	-0.340259	-0.24123	0.259792	0.259792	-3.83588	-1.36268	-0.983069
512	1.00109	0.063004	0.063004	-3.38705	-0.0795354	-0.0523075	1.7863	1.7863	-4.24397	-0.512622	-0.34758
512	1.02938	0.0196113	0.0196113	-3.19057	-0.192849	-0.103723	0.556023	0.556023	-3.99778	-0.904694	-0.613406
512	0.945745	-0.0162867	-0.0162867	-2.79139	-0.139646	-0.119634	-0.461764	-0.461764	-3.49761	-1.05404	-0.861542
512	0.987916	0.106478	0.106478	-3.07694	-0.0266703	-0.00896696	3.01888	3.01888	-3.8554	-0.176902	-0.0563559
512	1.08308	-0.0102584	-0.0102584	-2.85575	-0.491193	-0.391727	-0.290849	-0.290849	-3.57825	-1.86261	-1.39538
512	0.996513	0.0597009	0.0597009	-3.02772	-0.07951	-0.0599265	1.69265	1.69265	-3.79373	-0.541084	-0.36724
512	0.956528	0.0441658	0.0441658	-3.14573	-0.0785061	-0.0518235	1.25219	1.25219	-3.94159	-0.579301	-0.383071
512	0.973703	0.0898224	0.0898224	-2.59023	-0.0293275	-0.0134987	2.54666	2.54666	-3.24556	-0.226883	-0.0898997
512	0.863105	0.055066	0.055066	-2.32135	-0.0368465	-0.0403329	1.56124	1.56124	-2.90865	-0.3523	-0.318174
512	1.04528	0.0850856	0.0850856	-3.05061	-0.132058	-0.107135	2.41236	2.41236	-3.82241	-0.606002	-0.459287
512	1.03112	0.0170816	0.0170816	-3.16575	-0.166813	-0.104988	0.4843	0.4843	-3.96669	-0.912939	-0.598454
512	0.96453	0.0251316	0.0251316	-2.80293	-0.0872765	-0.0724937	0.712536	0.712536	-3.51207	-0.695777	-0.590248
512	1.02494	-0.0123099	-0.0123099	-2.62665	-0.163206	-0.181271	-0.349012	-0.349012	-3.29119	-1.0437	-0.880899
512	0.980033	0.0117003	0.0117003	-2.9368	-0.0942623	-0.108935	0.331729	0.331729	-3.67981	-0.706097	-0.667623
512	0.996167	0.0321816	0.0321816	-3.12873	-0.120631	-0.096619	0.912419	0.912419	-3.9203	-0.731131	-0.54816
512	0.869615	0.0488952	0.0488952	-2.56599	-0.0434226	-0.0251308	1.38628	1.38628	-3.21518	-0.427727	-0.245834
512	1.08733	0.10108	0.10108	-3.36163	-0.390696	-0.267608	2.86584	2.86584	-4.21212	-1.48866	-0.962103
512	0.997249	0.0516352	0.0516352	-2.92463	-0.119967	-0.0696855	1.46397	1.46397	-3.66456	-0.665493	-0.448484
512	0.940237	0.0777449	0.0777449	-3.04351	-0.0363774	-0.0206978	2.20424	2.20424	-3.81351	-0.299331	-0.139816
512	0.949343	0.0259964	0.0259964	-2.59795	-0.0991477	-0.080467	0.737055	0.737055	-3.25523	-0.793803	-0.589267
512	1.00299	0.0545401	0.0545401	-2.95097	-0.0985252	-0.0810179	1.54633	1.54633	-3.69757	-0.59799	-0.430825
512	0.929447	0.108868	0.108868	-2.47053	0.00644904	0.0195181	3.08664	3.08664	-3.09557	0.0531947	0.151462
512	0.880309	0.0945816	0.0945816	-2.91749	-0.000740397	0.00954137	2.68159	2.68159	-3.65562	-0.00697237	0.0802354
512	0.872816	0.048266	0.048266	-3.12807	-0.0732634	-0.0404809	1.36844	1.36844	-3.91947	-0.560237	-0.313505
512	0.995468	0.0654739	0.0654739	-3.00717	-0.091816	-0.0537585	1.85633	1.85633	-3.76799	-0.518721	-0.308399
512	0.984015	0.0196184	0.0196184	-2.93652	-0.0861391	-0.101925	0.556224	0.556224	-3.67946	-0.751614	-0.587968
512	1.07766	0.0848635	0.0848635	-2.94903	-0.333001	-0.231324	2.40606	2.40606	-3.69513	-1.27884	-0.845261
512	1.17251	0.0555769	0.0343809	-3.19105	-0.732738	-0.62889	1.57573	0.970957	-3.99838	-3.59044	-2.78412
512	0.894456	0.100731	0.100731	-2.46772	-0.00592159	-0.00454685	2.85593	2.85593	-3.09205	-0.04895	-0.0278467
512	0.98039	0.09884	0.09884	-2.93324	-0.0502802	-0.00269527	2.80233	2.80233	-3.67535	-0.299594	-0.0187338
512	1.01126	0.0898131	0.0898131	-2.72362	-0.064641	-0.0484229	2.54639	2.54639	-3.41269	-0.403108	-0.258299
512	1.00167	0.0900499	0.0900499	-2.76216	-0.0770775	-0.0338301	2.55311	2.55311	-3.46099	-0.456421	-0.213709
512	1.02951	0.0744244	0.0744244	-3.06751	-0.0798791	-0.0551262	2.11009	2.11009	-3.84359	-0.455926	-0.307256
512	0.896776	0.0298637	0.0298637	-3.06551	-0.066535	-0.0559182	0.8467	0.8467	-3.84108	-0.640018	-0.476741
512	1.10464	0.0558134	0.0558134	-2.62274	-0.408526	-0.388963	1.58243	1.58243	-3.28629	-1.36875	-1.53652
512	1.01256	0.0345867	0.0345867	-3.07599	-0.107558	-0.10676	0.980607	0.980607	-3.85421	-0.643613	-0.574548
512	1.02018	0.103099	0.103099	-2.91172	-0.0106131	-0.0130872	2.92307	2.92307	-3.64838	-0.0865201	-0.0859358
512	0.924053	-0.0438978	-0.0438978	-2.61083	-0.178362	-0.120149	-1.2446	-1.2446	-3.27137	-1.14895	-1.08977
512	1.14824	0.0701292	0.0591346	-3.34233	-0.675674	-0.498503	1.98832	1.67331	-4.18794	-2.48643	-1.93062
512	1.01525	0.0786757	0.0786757	-2.70347	-0.0943282	-0.0831785	2.23063	2.23063	-3.38745	-0.55915	-0.404204
512	0.943961	0.0416691	0.0416691	-2.98028	-0.0530401	-0.0545349	1.18141	1.18141	-3.73429	-0.459526	-0.389331
512	1.00466	0.0882429	0.0882429	-2.84498	-0.031516	-0.0338836	2.50188	2.50188	-3.56476	-0.233853	-0.215392
512	1.03466	0.0279908	0.0279908	-3.02035	-0.237216	-0.13316	0.7936	0.7936	-3.78449	-0.953038	-0.628532
512	1.01276	0.0132503	0.0132503	-3.10648	-0.130504	-0.100375	0.375674	0.375674	-3.89241	-0.909359	-0.609919
512	1.04555	0.0384699	0.0384699	-2.89772	-0.17459	-0.198663	1.0907	1.0907	-3.63084	-0.870761	-0.807521
512	0.925121	0.0715968	0.0715968	-2.73783	-0.01525	-0.023722	2.02992	2.02992	-3.4305	-0.167433	-0.170639
512	0.957273	0.0983198	0.0983198	-2.73577	-0.020152	0.00365606	2.78758	2.78758	-3.42791	-0.141016	0.0282501
512	1.0709	0.130708	0.130708	-3.05115	-0.190872	-0.169134	3.70585	3.70585	-3.82309	-0.702818	-0.628182
512	0.919341	0.094195	0.094195	-2.96042	0.000564956	-0.00181174	2.67063	2.67063	-3.70941	0.00533122	-0.0130138
512	0.995154	0.0743898	0.0743898	-3.22851	-0.0549201	-0.0343081	2.10911	2.10911	-4.04533	-0.402107	-0.223194
512	0.954885	0.067407	0.067407	-2.60819	-0.0345771	-0.017036	1.91113	1.91113	-3.26806	-0.313373	-0.146401
512	0.952555	0.130389	0.130389	-2.47664	0.0225631	0.0359031	3.6968	3.6968	-3.10323	0.190602	0.268582
512	1.0175	0.0969832	0.0969832	-2.74968	-0.049617	-0.0199093	2.74968	2.74968	-3.44535	-0.321466	-0.116995
512	1.10649	0.0561514	0.0561514	-3.33186	-0.459333	-0.338325	1.59201	1.59201	-4.17482	-1.63713	-1.20745
512	0.889898	0.00607734	0.00607734	-2.71175	-0.112724	-0.0818446	0.172306	0.172306	-3.39783	-0.870714	-0.680531
512	1.03352	0.0422924	0.0422924	-3.20588	-0.165517	-0.136705	1.19908	1.19908	-4.01697	-0.752576	-0.697492
512	1.06185	0.0652567	0.0652567	-3.03371	-0.222881	-0.193065	1.85017	1.85017	-3.80124	-0.866218	-0.808839
512	0.983549	0.0916765	0.0916765	-3.20572	-0.0590952	0.00107139	2.59923	2.59923	-4.01676	-0.331755	0.00948273
512	1.0764	0.108574	0.108574	-2.78095	-0.22733	-0.195845	3.07831	3.07831	-3.48453	-0.893109	-0.708278
512	0.941423	0.0983111	0.0983111	-3.07157	-0.019421	-0.00247949	2.78733	2.78733	-3.84868	-0.13711	-0.0178977
512	0.981	0.0419821	0.0419821	-3.09287	-0.093115	-0.0887981	1.19028	1.19028	-3.87537	-0.629752	-0.503513
512	1.07081	0.0887031	0.0887031	-3.01469	-0.219491	-0.191986	2.51492	2.51492	-3.77741	-0.908353	-0.717867
512	1.04054	0.0548037	0.0548037	-3.11503	-0.17305	-0.123249	1.5538	1.5538	-3.90313	-0.742602	-0.577428
512	1.09649	0.0561521	0.0561521	-3.00401	-0.461379	-0.333392	1.59203	1.59203	-3.76403	-1.60545	-1.10278
512	0.891515	0.0225066	0.0225066	-2.60605	-0.0942117	-0.0524911	0.63811	0.63811	-3.26538	-0.741027	-0.471188
512	0.873873	0.0154966	0.0154966	-2.5699	-0.0789504	-0.063999	0.439362	0.439362	-3.22008	-0.758365	-0.609721
512	0.922505	0.125635	0.125635	-2.71079	0.0131546	0.0219392	3.56203	3.56203	-3.39662	0.095237	0.144617
512	1.01586	0.047207	0.047207	-3.33996	-0.105665	-0.0701781	1.33842	1.33842	-4.18496	-0.68004	-0.442177
512	1.03305	0.0681492	0.0681492	-3.0538	-0.187491	-0.112946	1.93218	1.93218	-3.82642	-0.762877	-0.498626
512	0.990081	0.062231	0.062231	-2.74716	-0.088714	-0.0965408	1.76438	1.76438	-3.44219	-0.569267	-0.508097
512	0.918003	0.011	0.011	-2.94749	-0.110973	-0.0839238	0.311874	0.311874	-3.69321	-0.832378	-0.631688
512	1.01059	0.0661969	0.0661969	-3.32848	-0.117862	-0.0714073	1.87682	1.87682	-4.17059	-0.609319	-0.376621
512	1.03244	0.0259408	0.0259408	-3.32901	-0.149745	-0.143247	0.735479	0.735479	-4.17125	-0.865427	-0.745264
512	1.00244	0.0311196	0.0311196	-3.08888	-0.097081	-0.098659	0.882307	0.882307	-3.87036	-0.64574	-0.549624
512	0.954819	0.060035	0.060035	-2.65929	-0.0551869	-0.0348493	1.70212	1.70212	-3.33209	-0.435267	-0.246082
512	0.996729	0.0737443	0.0737443	-2.83324	-0.0194431	-0.0467469	2.09081	2.09081	-3.55005	-0.1974	-0.28437
512	0.970001	0.0744928	0.0744928	-2.57856	-0.0425582	-0.0200651	2.11203	2.11203	-3.23094	-0.299116	-0.148577
512	0.98427	0.0650449	0.0650449	-2.82715	-0.0580197	-0.0391435	1.84416	1.84416	-3.54241	-0.416406	-0.263233
512	1.01431	0.103595	0.103595	-2.58301	-0.0532744	-0.0375514	2.93714	2.93714	-3.23651	-0.344234	-0.199318
512	1.04737	0.0897887	0.0897887	-2.59639	-0.129208	-0.110421	2.5457	2.5457	-3.25328	-0.581166	-0.475783
512	1.03938	0.0479907	0.0479907	-2.85641	-0.189385	-0.162649	1.36064	1.36064	-3.57908	-0.820129	-0.662052
512	1.01359	0.0790355	0.0790355	-3.28371	-0.0737307	-0.0275519	2.24083	2.24083	-4.11449	-0.481997	-0.18308
512	1.04886	0.0518338	0.0518338	-3.27652	-0.21542	-0.127657	1.4696	1.4696	-4.10548	-0.966564	-0.604161
512	0.996509	0.114567	0.114567	-2.6114	-0.00623866	-0.0107769	3.24821	3.24821	-3.27208	-0.0487335	-0.0616975
512	0.879673	0.0848381	0.0848381	-2.50677	-0.0187796	0.0191524	2.40534	2.40534	-3.14099	-0.160096	0.204251
512	1.01208	0.0245509	0.0245509	-2.99454	-0.136096	-0.162417	0.696072	0.696072	-3.75216	-0.760077	-0.67568
512	0.985254	0.0411249	0.0411249	-2.73943	-0.0880104	-0.0539686	1.16598	1.16598	-3.43251	-0.656342	-0.419553
512	1.03414	0.0537431	0.0537431	-2.68705	-0.198531	-0.135757	1.52373	1.52373	-3.36688	-0.760593	-0.609133
512	0.936699	0.0403703	0.0403703	-2.97996	-0.0991811	-0.0397062	1.14459	1.14459	-3.73389	-0.713357	-0.356461
512	0.875473	0.0790116	0.0790116	-2.79993	-0.0362601	0.00119158	2.24015	2.24015	-3.50832	-0.295032	0.0107935
512	1.00536	0.105314	0.105314	-2.4534	-0.040655	-0.049831	2.98587	2.98587	-3.07412	-0.277861	-0.245679
512	1.10203	-0.00573238	-0.00573238	-2.76685	-0.579212	-0.462362	-0.162525	-0.162525	-3.46687	-2.01884	-1.586
512	0.957521	0.0251197	0.0251197	-3.08495	-0.0886145	-0.0788716	0.712198	0.712198	-3.86544	-0.693703	-0.56684
512	1.04402	0.0111157	0.0111157	-2.9153	-0.217806	-0.156324	0.315154	0.315154	-3.65287	-0.962385	-0.752023
512	0.958513	0.0784438	0.0784438	-2.74725	-0.0443912	-0.0266738	2.22405	2.22405	-3.44231	-0.311814	-0.186782
512	0.926446	0.0948557	0.0948557	-2.85846	-0.0400407	0.0103734	2.68936	2.68936	-3.58166	-0.269085	0.0858354
512	0.877022	0.0941391	0.0941391	-2.4588	-0.0134076	-0.00823402	2.66905	2.66905	-3.08088	-0.114606	-0.0610786
512	1.03183	0.0504953	0.0504953	-3.11905	-0.132669	-0.106909	1.43165	1.43165	-3.90816	-0.712964	-0.534226
512	0.939472	0.0293607	0.0293607	-3.1447	-0.104161	-0.050282	0.83244	0.83244	-3.94031	-0.679383	-0.443049
512	1.06244	0.119126	0.119126	-3.1411	-0.21698	-0.141297	3.37747	3.37747	-3.9358	-0.79854	-0.525623
512	1.07473	0.0286083	0.0286083	-2.73748	-0.369928	-0.290436	0.811108	0.811108	-3.43006	-1.41572	-1.10009
512	0.872244	0.137824	0.137824	-2.30206	0.0557852	0.0507866	3.9076	3.9076	-2.88448	0.66678	0.44688
512	1.05165	0.0423456	0.0423456	-2.90788	-0.195853	-0.138329	1.20059	1.20059	-3.64358	-0.845411	-0.67023
512	1.02821	0.0648758	0.0648758	-2.7417	-0.0953563	-0.101614	1.83937	1.83937	-3.43536	-0.595396	-0.491971
512	0.894201	0.182178	0.182178	-2.40147	0.0708817	0.0913073	5.16513	5.16513	-3.00905	0.577873	0.72651
512	0.990771	0.0138191	0.0138191	-2.35279	-0.16494	-0.110757	0.3918	0.3918	-2.94805	-0.878671	-0.638734
512	1.03919	0.0371213	0.0371213	-2.83538	-0.176652	-0.110964	1.05247	1.05247	-3.55273	-0.803011	-0.581446
512	1.01384	0.0472889	0.0472889	-2.96706	-0.124034	-0.0970127	1.34074	1.34074	-3.71772	-0.674925	-0.530123
512	1.03695	0.0302209	0.0302209	-3.37966	-0.203824	-0.149236	0.856827	0.856827	-4.23471	-0.864072	-0.741468
512	0.942208	0.048253	0.048253	-2.73083	-0.0647373	-0.043792	1.36808	1.36808	-3.42173	-0.48755	-0.337775
512	0.900146	0.0478067	0.0478067	-2.89284	-0.0686221	-0.0338905	1.35542	1.35542	-3.62473	-0.524774	-0.285768
512	1.04699	0.130477	0.130477	-2.90773	-0.0921017	-0.0859872	3.69929	3.69929	-3.64339	-0.415241	-0.368845
512	1.04425	0.0471173	0.0471173	-2.79026	-0.208633	-0.139123	1.33588	1.33588	-3.4962	-0.918321	-0.632374
512	1.05247	0.0608357	0.0608357	-3.14404	-0.198785	-0.135274	1.72482	1.72482	-3.93948	-0.88535	-0.576419
512	0.976693	0.0966051	0.0966051	-3.01125	-0.0600399	-0.00810736	2.73896	2.73896	-3.7731	-0.351942	-0.0561029
512	0.926801	0.0141222	0.0141222	-3.18156	-0.0903418	-0.0798887	0.400394	0.400394	-3.9865	-0.795993	-0.609052
512	0.951178	0.0881709	0.0881709	-2.61579	-0.0307582	-0.0130031	2.49984	2.49984	-3.27758	-0.252717	-0.092113
512	0.877406	0.0993109	0.0993109	-3.19091	-0.00434078	0.0163663	2.81568	2.81568	-3.99821	-0.0381251	0.151417
512	0.900486	0.0609514	0.0609514	-3.36204	-0.0408179	-0.0180419	1.7281	1.7281	-4.21263	-0.352187	-0.148196
512	1.02003	0.0307581	0.0307581	-2.72807	-0.148669	-0.0906611	0.872058	0.872058	-3.41827	-0.814686	-0.56705
512	0.956695	0.043306	0.043306	-2.9218	-0.0647595	-0.0617999	1.22782	1.22782	-3.66101	-0.496806	-0.424693
512	0.960107	0.077154	0.077154	-2.57034	-0.0626992	-0.0535772	2.18748	2.18748	-3.22064	-0.433243	-0.319213
512	1.13671	0.0798355	0.073331	-2.75908	-0.536464	-0.463135	2.26351	2.07706	-3.45712	-1.73773	-1.69152
512	0.929993	0.057922	0.057922	-2.53383	-0.0561341	-0.0413648	1.64221	1.64221	-3.17488	-0.385993	-0.30183
512	1.04836	0.00255342	0.00255342	-3.03209	-0.293634	-0.164829	0.072395	0.072395	-3.79921	-1.18114	-0.709327
512	0.950645	0.00030003	0.00030003	-2.80071	-0.116622	-0.102616	0.00850651	0.00850651	-3.50929	-0.94032	-0.77789
512	0.901809	0.0916746	0.0916746	-2.94724	-0.00141566	0.007226	2.59917	2.59917	-3.69289	-0.0136206	0.0592771
512	1.00422	0.0570434	0.0570434	-2.674	-0.0602938	-0.0428977	1.6173	1.6173	-3.35052	-0.459131	-0.316404
512	1.00736	0.10487	0.10487	-3.24515	-0.0764559	-0.0566542	2.97328	2.97328	-4.06618	-0.417887	-0.279865
512	0.975019	0.0554921	0.0554921	-2.91006	-0.0664057	-0.0466898	1.57332	1.57332	-3.64631	-0.489986	-0.303566
512	1.04701	-0.0473365	-0.0473365	-3.0129	-0.298541	-0.231779	-1.34209	-1.34209	-3.77516	-1.31632	-1.10358
512	1.03344	0.0641439	0.0641439	-2.9418	-0.112665	-0.163348	1.81862	1.81862	-3.68608	-0.574633	-0.676682
512	0.999019	0.0255496	0.0255496	-2.59359	-0.123994	-0.0771828	0.724385	0.724385	-3.24977	-0.642307	-0.576704
512	0.935604	0.0939896	0.0939896	-3.05688	-0.0315963	0.0143475	2.66481	2.66481	-3.83027	-0.207044	0.131753
512	0.967579	0.0561263	0.0561263	-2.40886	-0.0999852	-0.0528582	1.5913	1.5913	-3.0183	-0.609925	-0.334013
512	0.978117	0.0121402	0.0121402	-2.53858	-0.110214	-0.0880962	0.344199	0.344199	-3.18085	-0.804313	-0.632883
512	0.995234	0.126495	0.126495	-2.88258	-0.0157336	0.0048143	3.58641	3.58641	-3.61187	-0.0935684	0.0282354
512	0.910091	0.119133	0.119133	-3.0666	0.0141035	0.032584	3.37768	3.37768	-3.84245	0.118094	0.278062
512	0.97089	0.0793021	0.0793021	-2.58348	-0.0388785	-0.0216452	2.24838	2.24838	-3.23709	-0.298603	-0.159802
512	1.1337	0.119695	0.113918	-2.74381	-0.488092	-0.411459	3.39362	3.22668	-3.43799	-1.74861	-1.47241
512	1.0337	0.0366324	0.0366324	-3.28384	-0.172415	-0.119193	1.03861	1.03861	-4.11465	-0.747937	-0.599918
512	1.05974	0.0470335	0.0470335	-3.13669	-0.278867	-0.235792	1.3335	1.3335	-3.93027	-1.0797	-0.954736
512	0.970315	0.0572791	0.0572791	-2.77916	-0.0821048	-0.0523946	1.62399	1.62399	-3.48229	-0.574754	-0.358753
512	1.02071	0.00363982	0.00363982	-2.91648	-0.204539	-0.141859	0.103197	0.103197	-3.65435	-0.8901	-0.781975
512	0.869169	0.097851	0.097851	-2.29441	0.0102846	0.0280515	2.77429	2.77429	-2.8749	0.107248	0.252509
512	1.01481	0.0454456	0.0454456	-2.66621	-0.101734	-0.112104	1.28848	1.28848	-3.34076	-0.658709	-0.566921
512	0.997144	0.123165	0.123165	-2.48521	-0.0103243	0.0110246	3.49199	3.49199	-3.11396	-0.0615927	0.0725673
512	0.988775	0.0750129	0.0750129	-2.85571	-0.0786191	-0.0342258	2.12678	2.12678	-3.57821	-0.504025	-0.230634
512	0.951501	0.100348	0.100348	-2.64954	-0.000696883	0.0054523	2.84507	2.84507	-3.31987	-0.00605422	0.039828
512	1.10977	0.146936	0.146936	-3.09022	-0.399349	-0.331431	4.16595	4.16595	-3.87205	-1.42331	-1.19159
512	0.967906	0.0586257	0.0586257	-2.34085	-0.0985493	-0.0469173	1.66216	1.66216	-2.93309	-0.543868	-0.311346
512	1.07709	-0.00694481	-0.00694481	-2.79618	-0.448537	-0.35761	-0.1969	-0.1969	-3.50362	-1.68744	-1.38866
512	0.970251	0.0329821	0.0329821	-2.83276	-0.0850561	-0.092783	0.935114	0.935114	-3.54945	-0.624312	-0.55333
512	1.16725	0.0641842	0.0426802	-3.27471	-0.720834	-0.588635	1.81976	1.20534	-4.10321	-3.28996	-2.41643
512	1.00044	0.0812165	0.0812165	-2.92603	-0.0836483	-0.0363899	2.30266	2.30266	-3.66632	-0.462573	-0.227855
512	1.04475	0.0538994	0.0538994	-2.89013	-0.161757	-0.162323	1.52816	1.52816	-3.62134	-0.779858	-0.652799
512	0.919663	0.0412758	0.0412758	-2.9956	-0.045581	-0.0550593	1.17026	1.17026	-3.75349	-0.473091	-0.409201
512	0.922494	0.0503991	0.0503991	-2.79551	-0.074166	-0.0554254	1.42892	1.42892	-3.50277	-0.57395	-0.38173
512	1.03498	0.0463724	0.0463724	-3.05132	-0.153363	-0.0954443	1.31476	1.31476	-3.82331	-0.772752	-0.55263
512	1.00147	0.0803025	0.0803025	-2.72664	-0.0362545	-0.0156125	2.27675	2.27675	-3.41648	-0.26136	-0.112206
512	1.01034	-0.00832749	-0.00832749	-2.62783	-0.168661	-0.13987	-0.236102	-0.236102	-3.29267	-0.952371	-0.804433
512	1.01561	0.124445	0.124445	-2.46308	-0.0492593	-0.00593042	3.5283	3.5283	-3.08624	-0.250967	-0.0333221
512	0.962224	0.0449019	0.0449019	-3.13938	-0.0686188	-0.0589431	1.27307	1.27307	-3.93365	-0.571803	-0.404338
512	1.01032	0.0316357	0.0316357	-3.30789	-0.124727	-0.106637	0.89694	0.89694	-4.14479	-0.672106	-0.521702
512	0.952593	0.0433215	0.0433215	-3.19102	-0.0592741	-0.0716224	1.22826	1.22826	-3.99835	-0.47243	-0.476571
512	1.03231	0.045087	0.045087	-3.15557	-0.223743	-0.165938	1.27831	1.27831	-3.95393	-0.951548	-0.621747
512	1.01514	0.0744793	0.0744793	-2.98774	-0.121779	-0.0532983	2.11165	2.11165	-3.74363	-0.624185	-0.29675
512	0.971966	-0.0215692	-0.0215692	-2.77503	-0.142882	-0.138913	-0.611533	-0.611533	-3.47711	-0.949621	-0.879822
512	0.997473	0.0450009	0.0450009	-3.25155	-0.0990761	-0.0864325	1.27587	1.27587	-4.0742	-0.659525	-0.462931
512	0.898299	0.16956	0.16956	-2.32145	0.0606447	0.0920138	4.80738	4.80738	-2.90877	0.488099	0.850404
512	0.973221	0.0850431	0.0850431	-2.55203	-0.0224591	-0.0245687	2.41115	2.41115	-3.1977	-0.20232	-0.167405
512	1.04073	0.0967174	0.0967174	-3.30711	-0.116799	-0.112398	2.74215	2.74215	-4.14381	-0.575616	-0.500298
512	0.916802	0.104923	0.104923	-2.87555	-0.00256913	0.0196303	2.9748	2.9748	-3.60307	-0.0216957	0.147656
512	0.90922	-0.00874093	-0.00874093	-3.37589	-0.125373	-0.100583	-0.247824	-0.247824	-4.22999	-1.06006	-0.766807
512	1.03935	0.035464	0.035464	-3.05683	-0.192334	-0.182659	1.00548	1.00548	-3.8302	-0.971005	-0.648663
512	1.14594	0.0375185	0.0252694	-3.14943	-0.771374	-0.597116	1.06373	0.71504	-3.94624	-3.94247	-2.42595
512	0.978179	0.103789	0.103789	-3.06452	-0.0456662	-0.00932134	2.94264	2.94264	-3.83984	-0.276487	-0.0565819
512	0.916929	0.0935016	0.0935016	-2.97977	-0.0189672	-0.00299204	2.65097	2.65097	-3.73365	-0.157646	-0.021642
512	1.04947	0.0587882	0.0587882	-2.70852	-0.237349	-0.163247	1.66677	1.66677	-3.39378	-0.958894	-0.686189
512	0.97247	0.0230725	0.0230725	-3.02965	-0.139851	-0.0914377	0.654154	0.654154	-3.79615	-0.80902	-0.60329
512	0.864717	0.0431944	0.0431944	-2.57848	-0.0515823	-0.0390237	1.22465	1.22465	-3.23083	-0.484791	-0.331505
512	0.980847	0.0562409	0.0562409	-2.72169	-0.0731953	-0.0499827	1.59455	1.59455	-3.41028	-0.503297	-0.349597
512	0.968725	0.0522195	0.0522195	-3.00052	-0.072912	-0.0681321	1.48053	1.48053	-3.75965	-0.506886	-0.402296
512	1.03968	0.0262576	0.0262576	-2.77845	-0.160367	-0.163069	0.744461	0.744461	-3.4814	-0.823402	-0.631649
512	1.043	0.026838	0.026838	-3.15882	-0.197539	-0.215983	0.760916	0.760916	-3.958	-0.875393	-0.855725
512	0.958578	0.135584	0.135584	-2.57251	0.0300834	0.0493409	3.84409	3.84409	-3.22335	0.235707	0.393999
512	0.990798	0.0728165	0.0728165	-2.6955	-0.0637356	-0.0217683	2.06451	2.06451	-3.37746	-0.435278	-0.151641
512	1.13624	0.0290607	0.0231927	-2.69362	-0.71635	-0.562268	0.823933	0.65692	-3.37511	-2.63231	-2.33123
512	0.965288	0.0581919	0.0581919	-2.48741	-0.0586451	-0.0870567	1.64987	1.64987	-3.11672	-0.479999	-0.486383
512	1.01205	0.15806	0.15806	-2.81129	-0.00913994	0.0358992	4.48134	4.48134	-3.52255	-0.0497716	0.206486
512	0.941245	0.0880459	0.0880459	-2.60092	-0.0129563	-0.00718151	2.49629	2.49629	-3.25896	-0.116554	-0.0535463
512	0.953249	0.0317686	0.0317686	-3.01217	-0.0914423	-0.0723449	0.900709	0.900709	-3.77425	-0.622264	-0.516601
512	0.983181	0.0444611	0.0444611	-3.00718	-0.0992986	-0.0717628	1.26057	1.26057	-3.768	-0.591041	-0.40565
512	0.992504	0.0860553	0.0860553	-2.6442	-0.0417862	-0.0240775	2.43985	2.43985	-3.31318	-0.266179	-0.155501
512	0.967364	0.104216	0.104216	-2.36622	0.005541	0.00466593	2.95474	2.95474	-2.96487	0.0504841	0.0330321
512	0.963555	0.183058	0.183058	-2.53266	0.0673739	0.0740334	5.19008	5.19008	-3.17342	0.501454	0.507841
512	0.984526	0.0752623	0.0752623	-3.26535	-0.0405324	-0.0426308	2.13385	2.13385	-4.09149	-0.302017	-0.260278
512	0.945991	0.129573	0.129573	-2.43265	0.0102902	0.0263413	3.67367	3.67367	-3.04811	0.0750728	0.180725
512	1.03455	0.073292	0.073292	-3.23061	-0.154142	-0.128392	2.07799	2.07799	-4.04796	-0.691176	-0.554666
512	0.977859	-0.0260175	-0.0260175	-3.24243	-0.16715	-0.127353	-0.737652	-0.737652	-4.06276	-0.96615	-0.878327
512	1.10667	0.149125	0.149125	-3.3294	-0.391013	-0.268618	4.228	4.228	-4.17174	-1.31271	-0.971874
512	1.09181	-0.0501438	-0.0501438	-3.10628	-0.534977	-0.48439	-1.42168	-1.42168	-3.89217	-1.91717	-1.72638
512	0.985515	0.0434218	0.0434218	-2.63424	-0.0876829	-0.0701527	1.2311	1.2311	-3.3007	-0.582291	-0.441027
512	0.959457	0.0651589	0.0651589	-2.32522	-0.0345593	-0.0497919	1.84739	1.84739	-2.9135	-0.268	-0.321083
512	0.889611	0.0132462	0.0132462	-2.58144	-0.0911979	-0.0819507	0.375558	0.375558	-3.23454	-0.785925	-0.617852
512	0.953201	0.157933	0.157933	-2.67084	0.0500902	0.0730007	4.47775	4.47775	-3.34656	0.410363	0.643347
512	0.915067	0.0343714	0.0343714	-2.7806	-0.0883215	-0.0625816	0.974502	0.974502	-3.4841	-0.694445	-0.46266
512	1.07258	0.0132114	0.0132114	-3.10943	-0.392702	-0.254791	0.374571	0.374571	-3.89611	-1.44931	-1.02035
512	0.989723	0.0570516	0.0570516	-2.85419	-0.0698942	-0.0507745	1.61754	1.61754	-3.5763	-0.473576	-0.325714
512	0.968331	0.050489	0.050489	-3.07049	-0.057445	-0.0436931	1.43147	1.43147	-3.84733	-0.444763	-0.319739
512	1.02432	0.0293315	0.0293315	-2.83255	-0.153249	-0.097314	0.831612	0.831612	-3.54918	-0.804256	-0.570778
512	0.962375	0.0995644	0.0995644	-2.68605	-0.0249127	-0.0104535	2.82287	2.82287	-3.36562	-0.163759	-0.0718221
512	0.908643	0.0365178	0.0365178	-2.64743	-0.0651489	-0.0649205	1.03536	1.03536	-3.31723	-0.571339	-0.42911
512	0.989117	0.0650244	0.0650244	-2.91443	-0.0928845	-0.0467322	1.84358	1.84358	-3.65179	-0.556572	-0.284597
512	1.02587	0.0495369	0.0495369	-3.31289	-0.113712	-0.078124	1.40448	1.40448	-4.15106	-0.678594	-0.479904
512	1.06495	0.0435776	0.0435776	-3.10378	-0.23363	-0.161382	1.23552	1.23552	-3.88904	-1.14368	-0.725598
512	1.02158	0.0760228	0.0760228	-2.55518	-0.149403	-0.0839267	2.15541	2.15541	-3.20164	-0.648134	-0.438235
512	0.996004	0.0568344	0.0568344	-2.53912	-0.105211	-0.0558141	1.61138	1.61138	-3.18151	-0.624107	-0.349966
512	1.0108	0.0423111	0.0423111	-3.38743	-0.109361	-0.0737256	1.19961	1.19961	-4.24445	-0.656638	-0.464075
512	0.959686	0.00634267	0.00634267	-3.22314	-0.148748	-0.0900707	0.179828	0.179828	-4.03859	-0.803192	-0.67133
512	1.02463	-0.0300364	-0.0300364	-2.5831	-0.212336	-0.1861	-0.851597	-0.851597	-3.23662	-1.16364	-0.928657
512	0.962274	0.03422	0.03422	-2.83547	-0.109454	-0.0674424	0.97021	0.97021	-3.55285	-0.688315	-0.481765
512	1.03542	-0.0403761	-0.0403761	-2.8535	-0.233074	-0.194099	-1.14475	-1.14475	-3.57544	-1.14477	-1.06128
512	0.897327	0.11202	0.11202	-2.7306	0.0150385	0.0213166	3.17602	3.17602	-3.42144	0.136316	0.168008
512	1.03431	0.0566153	0.0566153	-3.14665	-0.106639	-0.0865885	1.60517	1.60517	-3.94275	-0.604038	-0.490249
512	0.937869	0.0127871	0.0127871	-2.86733	-0.109689	-0.0787985	0.362543	0.362543	-3.59276	-0.76299	-0.60251
512	1.05895	0.0586012	0.0586012	-2.84896	-0.24545	-0.21779	1.66147	1.66147	-3.56974	-0.967527	-0.869848
512	0.980871	0.00935472	0.00935472	-3.02761	-0.111445	-0.0880339	0.265227	0.265227	-3.79359	-0.800723	-0.617546
512	0.887204	0.116696	0.116696	-2.82362	-0.00242094	0.0403503	3.30857	3.30857	-3.538	-0.0191505	0.369409
512	1.02028	0.0466698	0.0466698	-2.73219	-0.117646	-0.0697862	1.32319	1.32319	-3.42343	-0.66781	-0.436862
512	0.937461	0.125061	0.125061	-2.4115	0.0166903	0.0414301	3.54575	3.54575	-3.02161	0.129768	0.304981
512	0.980267	-0.0299799	-0.0299799	-2.75585	-0.166632	-0.153798	-0.849996	-0.849996	-3.45308	-1.13855	-0.965213
512	0.955551	0.0528267	0.0528267	-2.63811	-0.0721629	-0.0653623	1.49775	1.49775	-3.30555	-0.534729	-0.417889
512	1.06535	0.0778307	0.0778307	-3.06125	-0.321224	-0.223431	2.20667	2.20667	-3.83575	-1.19406	-0.780839
512	0.942212	0.0863557	0.0863557	-2.53884	-0.012575	-0.00704999	2.44837	2.44837	-3.18117	-0.113157	-0.0528921
512	1.00296	0.103397	0.103397	-2.83476	-0.0457286	-0.00634746	2.93154	2.93154	-3.55196	-0.288787	-0.0408146
512	0.974027	-0.0056826	-0.0056826	-2.91234	-0.153037	-0.1135	-0.161114	-0.161114	-3.64917	-0.86719	-0.728293
512	0.999985	0.0113691	0.0113691	-2.51942	-0.122547	-0.130211	0.322339	0.322339	-3.15684	-0.782112	-0.707885
512	1.02765	0.120619	0.120619	-2.76299	-0.0862424	-0.0255528	3.41981	3.41981	-3.46203	-0.386357	-0.131635
512	1.06015	0.0604649	0.0604649	-3.11481	-0.283704	-0.156504	1.71431	1.71431	-3.90285	-1.08315	-0.659039
512	0.828193	0.0165293	0.0165293	-2.24989	-0.0791742	-0.0541056	0.46864	0.46864	-2.81912	-0.713594	-0.548445
512	0.966379	0.0597434	0.0597434	-2.98672	-0.0573791	-0.0617771	1.69386	1.69386	-3.74236	-0.406424	-0.360828
512	0.980153	0.081158	0.081158	-2.82541	-0.0587011	-0.0211172	2.30101	2.30101	-3.54024	-0.390964	-0.142346
512	1.00634	0.0914942	0.0914942	-3.10585	-0.0747441	-0.0343749	2.59406	2.59406	-3.89164	-0.417579	-0.192547
512	1.08705	0.0704196	0.0704196	-2.99456	-0.335182	-0.244597	1.99655	1.99655	-3.75218	-1.14422	-0.86002
512	1.01964	0.0657566	0.0657566	-2.83705	-0.148807	-0.0595042	1.86434	1.86434	-3.55482	-0.692672	-0.384222
512	1.03836	0.0438183	0.0438183	-3.22864	-0.177581	-0.155005	1.24234	1.24234	-4.04548	-0.843882	-0.685845
512	0.963227	0.0731828	0.0731828	-2.93619	-0.0500074	-0.0383454	2.07489	2.07489	-3.67904	-0.361883	-0.239176
512	1.00035	0.0484339	0.0484339	-3.34942	-0.098416	-0.0871879	1.37321	1.37321	-4.19682	-0.635902	-0.446127
512	0.938066	0.137683	0.137683	-2.49061	0.0241062	0.0317459	3.90361	3.90361	-3.12074	0.19297	0.215772
512	1.01138	0.0127683	0.0127683	-2.78836	-0.13359	-0.140359	0.362008	0.362008	-3.49381	-0.772878	-0.746207
512	0.908824	0.0331346	0.0331346	-3.11498	-0.0759395	-0.0516261	0.939438	0.939438	-3.90307	-0.573441	-0.435629
512	0.982353	0.0183904	0.0183904	-2.81672	-0.13771	-0.0834525	0.521408	0.521408	-3.52935	-0.838931	-0.627023
512	0.989918	0.0606301	0.0606301	-2.57782	-0.0907094	-0.0469086	1.719	1.719	-3.23001	-0.579776	-0.292076
512	0.990078	0.0145817	0.0145817	-2.92942	-0.138402	-0.11907	0.413424	0.413424	-3.67057	-0.818719	-0.657154
512	1.0013	0.0959526	0.0959526	-3.2991	-0.0674508	-0.0280718	2.72046	2.72046	-4.13378	-0.381392	-0.151644
512	0.982902	0.0537102	0.0537102	-3.21295	-0.0669016	-0.0660201	1.5228	1.5228	-4.02583	-0.489608	-0.420509
512	1.2003	-0.0193099	-0.0531997	-3.20591	-0.965937	-0.796563	-0.547476	-1.49946	-4.01701	-4.82125	-3.79446
512	0.975649	0.111103	0.111103	-2.47599	-0.0215487	0.0117532	3.15	3.15	-3.10241	-0.155571	0.0840762
512	0.89656	0.0414667	0.0414667	-2.45986	-0.0762201	-0.0424985	1.17567	1.17567	-3.08221	-0.587028	-0.354989
512	0.9805	0.116708	0.116708	-3.04964	-0.0277111	0.0155782	3.30893	3.30893	-3.8212	-0.170583	0.112671
512	0.990365	0.0682855	0.0682855	-2.65279	-0.0662864	-0.0530665	1.93604	1.93604	-3.32395	-0.475094	-0.283115
512	0.927318	0.0493267	0.0493267	-2.62143	-0.0427799	-0.0544957	1.39852	1.39852	-3.28465	-0.437513	-0.410709
512	1.10566	0.10183	0.10183	-2.99142	-0.407072	-0.323392	2.88711	2.88711	-3.74825	-1.25759	-1.19393
512	0.953549	-0.0662681	-0.0662681	-3.06403	-0.187883	-0.163012	-1.87884	-1.87884	-3.83923	-1.35622	-1.22778
512	0.842599	-0.0183721	-0.0183721	-2.57794	-0.110537	-0.0945745	-0.520888	-0.520888	-3.23016	-1.08854	-0.841113
512	0.936974	0.0919726	0.0919726	-2.87993	-0.0198041	0.00589966	2.60762	2.60762	-3.60855	-0.160893	0.0489846
512	0.974757	0.102889	0.102889	-2.74245	-0.0343836	-0.00903502	2.91712	2.91712	-3.4363	-0.249017	-0.0601326
512	0.929292	0.0301606	0.0301606	-2.8294	-0.0837735	-0.0823246	0.855117	0.855117	-3.54524	-0.64869	-0.530104
512	1.03531	0.0446947	0.0446947	-2.97598	-0.178678	-0.122622	1.26719	1.26719	-3.72891	-0.842481	-0.57232
512	0.863729	0.0622517	0.0622517	-2.76375	-0.0472034	-0.0225815	1.76497	1.76497	-3.46297	-0.380754	-0.177061
512	0.986417	0.0836474	0.0836474	-2.50414	-0.0519366	-0.0326684	2.37158	2.37158	-3.13768	-0.327665	-0.219018
512	0.998874	0.0840039	0.0840039	-2.837	-0.0445476	-0.0573217	2.38169	2.38169	-3.55476	-0.30671	-0.282707
512	0.936138	0.123041	0.123041	-2.22713	0.0102689	0.0324178	3.48847	3.48847	-2.79059	0.0749189	0.255668
512	0.939658	-0.0127854	-0.0127854	-2.60941	-0.156532	-0.103005	-0.362495	-0.362495	-3.26959	-1.05308	-0.746168
512	1.01445	-0.0115904	-0.0115904	-3.09533	-0.149509	-0.170798	-0.328614	-0.328614	-3.87844	-1.02499	-0.88821
512	0.976689	0.0526804	0.0526804	-2.65137	-0.0904889	-0.0584241	1.4936	1.4936	-3.32217	-0.578342	-0.388231
512	0.948882	0.0172178	0.0172178	-2.62869	-0.0853778	-0.0941697	0.488161	0.488161	-3.29375	-0.725812	-0.636296
512	0.976883	0.122077	0.122077	-2.38874	0.00214553	0.000409764	3.46115	3.46115	-2.99309	0.0161852	0.00232638
512	1.05566	0.0223964	0.0223964	-2.75988	-0.256773	-0.152613	0.634987	0.634987	-3.45813	-1.14564	-0.740816
512	0.923309	0.03797	0.03797	-2.38972	-0.0777398	-0.0491986	1.07653	1.07653	-2.99432	-0.602728	-0.389935
512	1.07562	0.00218785	0.00218785	-3.33831	-0.33575	-0.352598	0.0620303	0.0620303	-4.1829	-1.34987	-1.31415
512	0.961986	0.119498	0.119498	-2.8867	-0.00295653	0.019349	3.38803	3.38803	-3.61703	-0.022777	0.141773
512	1.03186	0.175289	0.175289	-2.98104	-0.0145816	0.0474593	4.96982	4.96982	-3.73524	-0.0691763	0.286918
512	0.937565	0.0859188	0.0859188	-2.94643	-0.0313859	-0.0145784	2.43598	2.43598	-3.69187	-0.242171	-0.114148
512	0.996999	0.0596649	0.0596649	-3.30905	-0.148307	-0.0927652	1.69163	1.69163	-4.14624	-0.716959	-0.462224
512	0.958569	0.0569852	0.0569852	-3.11548	-0.0628543	-0.03461	1.61565	1.61565	-3.9037	-0.49783	-0.267834
512	0.926637	0.0898584	0.0898584	-2.91206	-0.0198754	0.00269386	2.54768	2.54768	-3.64881	-0.166525	0.0219779
512	0.904437	0.0975682	0.0975682	-2.98382	-0.00625505	0.0208488	2.76627	2.76627	-3.73873	-0.0543097	0.187791
512	0.937109	0.0499896	0.0499896	-3.34524	-0.0407697	-0.053689	1.41731	1.41731	-4.19158	-0.396092	-0.354887
512	0.924371	0.108961	0.108961	-2.55465	0.000928867	0.0186631	3.08927	3.08927	-3.20098	0.00817599	0.165404
512	0.962886	-0.000946668	-0.000946668	-2.53026	-0.126417	-0.0938679	-0.0268401	-0.0268401	-3.17042	-0.929618	-0.611127
512	0.957558	0.0577213	0.0577213	-3.25237	-0.0685761	-0.0496053	1.63652	1.63652	-4.07522	-0.489856	-0.324044
512	0.946842	0.051623	0.051623	-2.81138	-0.0614596	-0.0336816	1.46362	1.46362	-3.52266	-0.518201	-0.279188
512	0.956275	0.0757857	0.0757857	-2.64597	-0.0404657	-0.0346177	2.14869	2.14869	-3.3154	-0.30369	-0.227471
512	0.96631	0.0862956	0.0862956	-2.52142	-0.0643944	-0.0321183	2.44667	2.44667	-3.15934	-0.400812	-0.207368
512	0.941216	0.0366005	0.0366005	-2.90607	-0.0911704	-0.0566484	1.0377	1.0377	-3.64131	-0.694568	-0.46102
512	1.02787	0.0309948	0.0309948	-3.03067	-0.139652	-0.134735	0.878769	0.878769	-3.79743	-0.837971	-0.658086
512	1.04605	0.0449833	0.0449833	-3.01102	-0.219971	-0.110944	1.27537	1.27537	-3.77281	-0.864166	-0.544156
512	1.04396	0.0508302	0.0508302	-2.7817	-0.149311	-0.127326	1.44115	1.44115	-3.48547	-0.789797	-0.586192
512	0.979798	0.0876069	0.0876069	-2.69295	-0.0541305	-0.0409145	2.48384	2.48384	-3.37426	-0.338276	-0.245127
512	1.04006	0.112788	0.112788	-2.65358	-0.103939	-0.111195	3.19779	3.19779	-3.32493	-0.479416	-0.473149
512	1.07008	0.185099	0.185099	-3.08507	-0.133472	-0.0609642	5.24796	5.24796	-3.86559	-0.521619	-0.243597
512	0.931377	0.117541	0.117541	-2.61373	-0.00630414	0.0201616	3.33253	3.33253	-3.27501	-0.0399136	0.152216
512	1.0035	0.124955	0.124955	-3.27703	-0.0174081	-0.0144776	3.54273	3.54273	-4.10612	-0.100091	-0.0816225
512	0.978755	0.0107612	0.0107612	-2.66676	-0.110124	-0.0950656	0.305105	0.305105	-3.34145	-0.814551	-0.58897
512	0.964183	0.0524802	0.0524802	-2.89099	-0.0652965	-0.0556796	1.48793	1.48793	-3.62241	-0.502452	-0.350801
512	0.991597	0.0159607	0.0159607	-3.04592	-0.123457	-0.105887	0.452519	0.452519	-3.81653	-0.886793	-0.619302
512	0.948718	0.0961251	0.0961251	-2.87122	-0.0132018	0.00578666	2.72535	2.72535	-3.59764	-0.107447	0.0468426
512	0.966928	0.0437334	0.0437334	-2.90145	-0.0751777	-0.062547	1.23994	1.23994	-3.63552	-0.603949	-0.430431
512	0.986142	0.0746638	0.0746638	-2.59547	-0.0647659	-0.0511052	2.11688	2.11688	-3.25212	-0.415523	-0.291455
512	0.985808	0.0402693	0.0402693	-2.81587	-0.102113	-0.0471709	1.14172	1.14172	-3.52829	-0.611154	-0.363626
512	0.993144	0.0335015	0.0335015	-3.04335	-0.152027	-0.0842988	0.949839	0.949839	-3.81332	-0.731316	-0.554616
512	1.06513	0.0698618	0.0698618	-2.97109	-0.208686	-0.208613	1.98073	1.98073	-3.72277	-0.870477	-0.796709
512	1.05435	0.0420608	0.0420608	-2.88807	-0.266083	-0.216324	1.19251	1.19251	-3.61875	-1.0363	-0.82216
512	1.07121	0.0123092	0.0123092	-3.21669	-0.35204	-0.240697	0.348992	0.348992	-4.03052	-1.36105	-0.991826
512	1.07913	0.0307781	0.0307781	-3.16964	-0.336323	-0.24531	0.872626	0.872626	-3.97156	-1.26623	-0.935812
512	0.967102	0.0375309	0.0375309	-2.54887	-0.0670843	-0.0923149	1.06408	1.06408	-3.19374	-0.536896	-0.519534
512	1.01976	0.00641204	0.00641204	-3.26653	-0.207485	-0.135082	0.181795	0.181795	-4.09296	-0.892825	-0.741809
512	1.00695	0.0327036	0.0327036	-2.77731	-0.116577	-0.0934987	0.927218	0.927218	-3.47997	-0.754332	-0.515148
512	0.959729	0.0241364	0.0241364	-2.96157	-0.115956	-0.0755859	0.684318	0.684318	-3.71085	-0.867739	-0.526262
512	0.975825	-0.0147778	-0.0147778	-2.98304	-0.166218	-0.10654	-0.418982	-0.418982	-3.73775	-0.991537	-0.850545
512	0.935758	-0.0280949	-0.0280949	-2.96751	-0.158754	-0.128194	-0.796551	-0.796551	-3.71829	-1.16016	-0.902935
512	1.07964	0.0502136	0.0502136	-3.11032	-0.334329	-0.266954	1.42366	1.42366	-3.89723	-1.1649	-0.936233
512	1.00064	0.0666552	0.0666552	-3.21456	-0.0849785	-0.077483	1.88982	1.88982	-4.02784	-0.52453	-0.389051
512	0.995666	0.0115978	0.0115978	-2.62298	-0.0975248	-0.104872	0.328821	0.328821	-3.28659	-0.781533	-0.735109
512	1.00199	0.0649385	0.0649385	-3.17447	-0.082517	-0.0615182	1.84115	1.84115	-3.97761	-0.530101	-0.370081
512	0.982767	0.0810528	0.0810528	-2.78473	-0.0423681	-0.00611882	2.29802	2.29802	-3.48927	-0.304073	-0.0460028
512	0.910898	0.050443	0.050443	-2.48652	-0.0597549	-0.0417629	1.43017	1.43017	-3.11561	-0.525819	-0.353795
512	0.991531	0.0785815	0.0785815	-2.73183	-0.058957	-0.0240134	2.22795	2.22795	-3.42299	-0.36792	-0.160166
512	1.10942	0.0513435	0.0513435	-3.33476	-0.524183	-0.434398	1.4557	1.4557	-4.17845	-2.08427	-1.52648
512	0.965176	0.0892059	0.0892059	-3.02459	-0.0463133	-0.0291958	2.52918	2.52918	-3.78981	-0.263605	-0.178331
512	1.01162	0.077498	0.077498	-2.51206	-0.0538262	-0.0506207	2.19723	2.19723	-3.14761	-0.407561	-0.319498
512	1.14818	0.0981565	0.083091	-2.73182	-0.673224	-0.432894	2.78295	2.3489	-3.42297	-2.8948	-1.56649
512	1.04296	0.0640821	0.0640821	-2.99396	-0.21663	-0.12155	1.81687	1.81687	-3.75144	-0.791911	-0.570429
512	0.913695	0.0714574	0.0714574	-3.0622	-0.0334241	-0.0219645	2.02597	2.02597	-3.83694	-0.297853	-0.164182
512	0.99019	0.0262717	0.0262717	-2.81679	-0.102941	-0.086412	0.74486	0.74486	-3.52943	-0.680782	-0.540774
512	0.93872	0.0956029	0.0956029	-2.69419	-0.0282873	-0.013397	2.71055	2.71055	-3.37581	-0.215547	-0.0877064
512	0.950855	0.034303	0.034303	-2.22244	-0.081456	-0.045063	0.972564	0.972564	-2.78472	-0.672623	-0.381457
512	0.942169	0.0449583	0.0449583	-2.50803	-0.0606098	-0.0488022	1.27466	1.27466	-3.14256	-0.518456	-0.389773
512	0.939447	0.0888036	0.0888036	-2.74267	-0.0251231	-0.0283102	2.51777	2.51777	-3.43657	-0.194589	-0.164259
512	0.884758	0.0843863	0.0843863	-2.52062	-0.00533097	-0.0010607	2.39253	2.39253	-3.15833	-0.0518858	-0.00860513
512	0.990199	0.0927222	0.0927222	-2.77628	-0.0299362	-0.013138	2.62887	2.62887	-3.47868	-0.223285	-0.0915862
512	0.878014	0.0590187	0.0590187	-2.81142	-0.0526358	-0.0198309	1.67331	1.67331	-3.5227	-0.416722	-0.176636
512	0.949068	0.0473297	0.0473297	-2.74729	-0.0660494	-0.0516031	1.3419	1.3419	-3.44236	-0.491983	-0.366386
512	1.00102	0.124736	0.124736	-2.20141	-0.0379195	-0.00289801	3.53652	3.53652	-2.75836	-0.206134	-0.0172519
512	1.03685	0.102038	0.102038	-3.10581	-0.114334	-0.06026	2.89299	2.89299	-3.89157	-0.503231	-0.307264
512	0.954924	0.106413	0.106413	-2.60985	-0.014799	0.0380734	3.01704	3.01704	-3.27014	-0.105552	0.383473
512	1.00892	0.0284593	0.0284593	-2.97088	-0.139561	-0.0992607	0.806882	0.806882	-3.72252	-0.770855	-0.565828
512	1.07912	0.0336956	0.0336956	-2.70011	-0.417958	-0.291758	0.955342	0.955342	-3.38323	-1.34473	-0.943307
512	0.979686	0.10094	0.10094	-2.55532	-0.0223739	-0.00658433	2.86186	2.86186	-3.20182	-0.168077	-0.0437496
512	1.06103	0.0596629	0.0596629	-2.89951	-0.199147	-0.19709	1.69157	1.69157	-3.63309	-0.844466	-0.766805
512	0.939733	0.0912777	0.0912777	-2.8472	-0.00807371	-0.0110367	2.58792	2.58792	-3.56754	-0.0668876	-0.0741418
512	1.05806	0.0585055	0.0585055	-2.83495	-0.255172	-0.139306	1.65876	1.65876	-3.5522	-0.900008	-0.554394
512	0.959416	0.0583861	0.0583861	-2.45451	-0.0699824	-0.0353186	1.65537	1.65537	-3.0755	-0.516574	-0.273766
512	1.0142	0.0743012	0.0743012	-2.94077	-0.0713582	-0.0489201	2.1066	2.1066	-3.68478	-0.45528	-0.290418
512	0.925408	0.044856	0.044856	-2.8975	-0.0696491	-0.0541295	1.27177	1.27177	-3.63056	-0.559052	-0.417953
512	0.920838	0.0160527	0.0160527	-2.96375	-0.0884266	-0.0704435	0.45513	0.45513	-3.71358	-0.762901	-0.551378
512	0.992975	0.00904767	0.00904767	-2.98029	-0.167281	-0.0981821	0.256521	0.256521	-3.73431	-0.801618	-0.673494
512	0.949389	0.0847943	0.0847943	-2.83125	-0.0293881	-0.0453322	2.4041	2.4041	-3.54756	-0.214868	-0.254052
512	0.961722	0.0285914	0.0285914	-2.69959	-0.0901974	-0.0783899	0.810628	0.810628	-3.38259	-0.615134	-0.548122
512	1.11193	0.0234431	0.0234431	-2.91664	-0.583324	-0.469082	0.664662	0.664662	-3.65456	-1.98311	-1.6858
512	0.84402	0.129931	0.129931	-2.46814	0.0338742	0.0253257	3.68382	3.68382	-3.09258	0.295023	0.170274
512	0.946314	0.0101955	0.0101955	-3.09682	-0.118416	-0.0981946	0.289063	0.289063	-3.88031	-0.903912	-0.655108
512	1.00573	0.0720393	0.0720393	-2.86128	-0.088795	-0.0559945	2.04247	2.04247	-3.58519	-0.502826	-0.315933
512	0.98419	0.0117849	0.0117849	-3.3924	-0.135448	-0.102803	0.334129	0.334129	-4.25067	-0.822826	-0.691655
512	1.04223	0.0212822	0.0212822	-3.00631	-0.222578	-0.153549	0.603395	0.603395	-3.76691	-0.923477	-0.738612
512	0.971937	0.0373609	0.0373609	-2.76115	-0.102614	-0.0749885	1.05926	1.05926	-3.45972	-0.678554	-0.470814
512	0.945993	0.161135	0.161135	-2.51447	0.0502506	0.0551883	4.56852	4.56852	-3.15063	0.381216	0.391245
512	0.942575	0.132206	0.132206	-2.81709	0.0223869	0.026764	3.74831	3.74831	-3.52981	0.15975	0.172019
512	1.06722	0.0728128	0.0728128	-2.91788	-0.240435	-0.272264	2.0644	2.0644	-3.6561	-1.00294	-0.998766
512	0.985434	0.0589142	0.0589142	-2.9509	-0.080689	-0.0696543	1.67034	1.67034	-3.69748	-0.515226	-0.399184
512	1.05303	-0.00752012	-0.00752012	-3.00354	-0.337643	-0.229506	-0.213212	-0.213212	-3.76343	-1.4317	-0.920873
512	1.0776	0.0019541	0.0019541	-2.66988	-0.380035	-0.311363	0.0554029	0.0554029	-3.34537	-1.46898	-1.1496
512	1.07562	0.0844495	0.0844495	-2.94231	-0.223571	-0.221815	2.39432	2.39432	-3.68671	-0.822005	-0.808423
512	1.04979	0.0541892	0.0541892	-3.36332	-0.29408	-0.170589	1.53638	1.53638	-4.21424	-1.08484	-0.643797
512	1.08784	0.00155842	0.00155842	-3.33394	-0.504516	-0.390777	0.0441846	0.0441846	-4.17743	-1.84962	-1.32667
512	0.928912	0.0322582	0.0322582	-2.52882	-0.0888822	-0.0549256	0.914589	0.914589	-3.16862	-0.695795	-0.460382
512	0.975122	0.0140938	0.0140938	-3.29229	-0.126399	-0.0825789	0.399589	0.399589	-4.12524	-0.814701	-0.655859
512	1.05203	0.0474963	0.0474963	-3.31244	-0.208471	-0.174996	1.34662	1.34662	-4.15049	-0.948949	-0.69002
512	0.968273	0.0913577	0.0913577	-2.94227	-0.058418	-0.011481	2.59019	2.59019	-3.68666	-0.367325	-0.0747049
512	0.9668	0.114623	0.114623	-2.65308	-0.00526212	-0.0117304	3.2498	3.2498	-3.32431	-0.0329552	-0.0731409
512	1.03523	0.020986	0.020986	-2.95023	-0.209928	-0.12762	0.594997	0.594997	-3.69664	-1.01109	-0.683806
512	0.882515	0.0777049	0.0777049	-2.31472	-0.0254649	-0.00347493	2.2031	2.2031	-2.90035	-0.201698	-0.0293911
512	0.936649	0.0384225	0.0384225	-2.91775	-0.0687341	-0.0497061	1.08936	1.08936	-3.65594	-0.547039	-0.433426
512	0.933539	-0.034663	-0.034663	-2.87708	-0.159285	-0.115699	-0.98277	-0.98277	-3.60498	-1.12306	-1.03932
512	1.01694	0.0811714	0.0811714	-2.50243	-0.0863001	-0.0646929	2.30138	2.30138	-3.13554	-0.497953	-0.296271
512	0.951758	0.096916	0.096916	-2.62456	-0.0423422	-0.00112355	2.74778	2.74778	-3.28858	-0.270579	-0.00761742
512	0.994643	0.0511139	0.0511139	-2.55437	-0.0750163	-0.0774779	1.44919	1.44919	-3.20062	-0.527564	-0.44709
512	0.951621	0.0435934	0.0435934	-3.03905	-0.0434181	-0.0650227	1.23597	1.23597	-3.80793	-0.432886	-0.414321
512	1.0211	0.0519459	0.0519459	-2.80244	-0.101942	-0.130819	1.47278	1.47278	-3.51146	-0.554355	-0.610314
512	0.926933	0.0119822	0.0119822	-2.6193	-0.114579	-0.0889037	0.33972	0.33972	-3.28198	-0.784126	-0.618186
512	1.02709	0.0657416	0.0657416	-3.1225	-0.109618	-0.0434306	1.86392	1.86392	-3.91249	-0.552128	-0.289054
512	1.07534	-0.0269698	-0.0269698	-2.96529	-0.423135	-0.325785	-0.764653	-0.764653	-3.71551	-1.51269	-1.26891
512	1.01058	0.121153	0.121153	-2.96854	-0.0393969	-0.0128677	3.43494	3.43494	-3.71958	-0.228018	-0.0720726
512	0.984686	0.0962887	0.0962887	-2.77457	-0.0292321	-0.0239204	2.72999	2.72999	-3.47654	-0.22389	-0.132014
512	1.03218	0.0899976	0.0899976	-3.16092	-0.137213	-0.0755236	2.55162	2.55162	-3.96063	-0.649429	-0.377968
512	0.998869	0.0515051	0.0515051	-2.47058	-0.0626901	-0.0516983	1.46028	1.46028	-3.09564	-0.44572	-0.349944
512	0.997121	0.0867305	0.0867305	-2.70243	-0.0689195	-0.0223	2.459	2.459	-3.38614	-0.395227	-0.142733
512	1.01696	0.032965	0.032965	-2.57538	-0.15252	-0.109612	0.934629	0.934629	-3.22695	-0.765775	-0.638601
512	1.09371	-0.0330212	-0.0330212	-2.86685	-0.443964	-0.395504	-0.936223	-0.936223	-3.59216	-1.55867	-1.42929
512	0.945233	0.0946011	0.0946011	-2.5613	-0.0252273	-0.000186202	2.68215	2.68215	-3.20931	-0.198052	-0.00143743
512	0.975929	0.0966681	0.0966681	-3.1098	-0.0201541	-0.0255827	2.74075	2.74075	-3.89658	-0.150997	-0.141609
512	0.978365	0.10855	0.10855	-3.112	-0.0203815	-0.00118922	3.07762	3.07762	-3.89934	-0.151311	-0.00796358
512	0.893502	0.0601692	0.0601692	-2.64282	-0.0556975	-0.0173009	1.70593	1.70593	-3.31145	-0.450489	-0.167656
512	0.850186	0.068953	0.068953	-2.62591	-0.0216135	-0.01394	1.95497	1.95497	-3.29027	-0.219122	-0.122959
512	0.959415	0.0556659	0.0556659	-3.27103	-0.0505561	-0.0472503	1.57825	1.57825	-4.0986	-0.378338	-0.334139
512	1.00276	0.0773051	0.0773051	-2.81148	-0.0629948	-0.0557349	2.19177	2.19177	-3.52278	-0.410479	-0.317838
512	1.01671	0.000870894	0.000870894	-2.92028	-0.151354	-0.140956	0.0246917	0.0246917	-3.65911	-0.856566	-0.722567
512	0.918399	0.103566	0.103566	-2.04777	-0.0127387	0.00339259	2.93632	2.93632	-2.56586	-0.115777	0.0240396
512	0.967134	-0.00659261	-0.00659261	-2.67352	-0.14056	-0.107627	-0.186915	-0.186915	-3.34992	-0.992528	-0.729309
512	0.816882	-0.0106445	-0.0106445	-2.74344	-0.0968972	-0.0966222	-0.301795	-0.301795	-3.43753	-0.910432	-0.845944
512	1.01477	0.00170484	0.00170484	-2.92827	-0.163942	-0.154403	0.0483359	0.0483359	-3.66913	-0.917266	-0.743169
512	1.02145	0.0985662	0.0985662	-2.72632	-0.0792351	-0.0527264	2.79456	2.79456	-3.41609	-0.419723	-0.284226
512	0.905669	0.05515	0.05515	-2.63965	-0.0552582	-0.0346959	1.56362	1.56362	-3.30748	-0.445013	-0.270836
512	0.859018	0.0154756	0.0154756	-2.50328	-0.087685	-0.0690328	0.438767	0.438767	-3.13661	-0.760286	-0.622249
512	0.971246	0.0172577	0.0172577	-2.66124	-0.111195	-0.085001	0.489294	0.489294	-3.33454	-0.74582	-0.56752
512	1.05349	-0.0126988	-0.0126988	-3.27062	-0.278785	-0.222795	-0.360039	-0.360039	-4.09808	-1.12196	-0.954942
512	0.986381	-0.0100252	-0.0100252	-2.90954	-0.16628	-0.126622	-0.284235	-0.284235	-3.64565	-0.894761	-0.795819
512	1.18351	0.0916395	0.0649258	-3.12863	-0.803494	-0.612311	2.59818	1.83177	-3.92018	-3.33464	-2.62954
512	1.00508	0.0962919	0.0962919	-2.64018	-0.0554009	-0.0147223	2.73008	2.73008	-3.30815	-0.293152	-0.0959145
512	0.915515	0.143375	0.143375	-2.75449	0.0405486	0.052162	4.06498	4.06498	-3.45138	0.372467	0.392712
512	1.02395	0.113287	0.113287	-2.69942	-0.0330429	-0.0186799	3.21194	3.21194	-3.38237	-0.212544	-0.105798
512	0.936384	0.0410036	0.0410036	-3.14792	-0.06968	-0.0707934	1.16254	1.16254	-3.94434	-0.558955	-0.465311
512	0.961922	0.0383898	0.0383898	-2.54837	-0.0772988	-0.0632083	1.08843	1.08843	-3.1931	-0.605901	-0.438605
512	1.04093	0.0331203	0.0331203	-3.17549	-0.188218	-0.211318	0.939033	0.939033	-3.97889	-0.868236	-0.877
512	0.999656	0.0233581	0.0233581	-3.05728	-0.126875	-0.0888721	0.662252	0.662252	-3.83077	-0.766704	-0.571813
512	0.930832	0.0595184	0.0595184	-2.89456	-0.0374125	-0.0211049	1.68748	1.68748	-3.62688	-0.369286	-0.172355
512	0.955968	-0.0166004	-0.0166004	-2.94263	-0.119563	-0.116281	-0.470658	-0.470658	-3.68712	-1.02142	-0.802255
512	1.03997	0.102551	0.102551	-3.13674	-0.0909726	-0.0737565	2.90753	2.90753	-3.93033	-0.463828	-0.337544
512	1.00984	0.072362	0.072362	-2.76535	-0.125363	-0.0745382	2.05162	2.05162	-3.46499	-0.64461	-0.365409
512	0.979787	0.0749648	0.0749648	-2.80673	-0.0775332	-0.031189	2.12541	2.12541	-3.51683	-0.472703	-0.227531
512	0.960947	0.020663	0.020663	-2.51144	-0.132231	-0.0919405	0.585842	0.585842	-3.14683	-0.847728	-0.58887
512	0.996125	0.0410752	0.0410752	-3.1612	-0.104679	-0.100252	1.16457	1.16457	-3.96098	-0.69667	-0.550545
512	0.870651	0.0482178	0.0482178	-2.81251	-0.0435603	-0.0531633	1.36708	1.36708	-3.52407	-0.420184	-0.401527
512	1.04879	0.10428	0.10428	-3.28262	-0.198171	-0.0881042	2.95656	2.95656	-4.11313	-0.700496	-0.428073
512	1.00828	0.136087	0.136087	-2.77103	-0.0319851	-0.00333192	3.85835	3.85835	-3.4721	-0.19647	-0.0184215
512	0.845007	0.0794302	0.0794302	-2.92297	-0.0169274	-0.0100624	2.25202	2.25202	-3.66248	-0.161393	-0.0868148
512	0.891219	-0.00545406	-0.00545406	-3.14743	-0.131069	-0.0856221	-0.154634	-0.154634	-3.94373	-0.992364	-0.758298
512	0.913666	0.0753212	0.0753212	-2.44081	-0.0579637	-0.00593593	2.13552	2.13552	-3.05834	-0.349907	-0.0552013
512	0.89669	0.110977	0.110977	-2.99222	0.0163369	0.0120346	3.14643	3.14643	-3.74926	0.146753	0.084001
512	0.991976	0.0280439	0.0280439	-2.99531	-0.113297	-0.0917796	0.795105	0.795105	-3.75313	-0.658973	-0.522409
512	1.03233	0.0511554	0.0511554	-2.99313	-0.131443	-0.0757074	1.45037	1.45037	-3.75039	-0.681318	-0.406655
512	0.979746	0.127071	0.127071	-3.04235	-0.00437581	0.00350591	3.60273	3.60273	-3.81206	-0.0293023	0.0204587
512	0.975067	0.0782442	0.0782442	-2.82606	-0.0509875	-0.0166752	2.21839	2.21839	-3.54106	-0.3407	-0.124623
512	1.03305	0.122391	0.122391	-2.88104	-0.101383	-0.0263628	3.47005	3.47005	-3.60994	-0.476991	-0.123422
512	0.992367	0.0572473	0.0572473	-2.70736	-0.0703616	-0.0539576	1.62308	1.62308	-3.39233	-0.47411	-0.333345
512	0.890214	0.0696739	0.0696739	-2.59828	-0.0285254	-0.017382	1.9754	1.9754	-3.25565	-0.293728	-0.133864
512	1.09126	0.045223	0.045223	-2.98991	-0.335023	-0.2596	1.28217	1.28217	-3.74636	-1.23583	-0.988332
512	0.961096	0.109973	0.109973	-3.11146	-0.0424431	-0.0278248	3.11797	3.11797	-3.89866	-0.246966	-0.160312
512	1.02214	0.0865485	0.0865485	-2.31916	-0.0502652	-0.0370019	2.45384	2.45384	-2.90591	-0.348804	-0.21393
512	0.958595	-0.0110647	-0.0110647	-2.69466	-0.123055	-0.111411	-0.313708	-0.313708	-3.37641	-0.994277	-0.77226
512	0.928276	0.0336731	0.0336731	-2.96073	-0.0974708	-0.069675	0.954705	0.954705	-3.70979	-0.679158	-0.466189
512	1.0077	-0.0020943	-0.0020943	-2.48466	-0.158402	-0.119344	-0.0593779	-0.0593779	-3.11328	-0.951873	-0.698238
512	0.959108	-0.0208305	-0.0208305	-2.61411	-0.134851	-0.118535	-0.590588	-0.590588	-3.27548	-1.03341	-0.776605
512	0.886526	0.135447	0.135447	-2.9968	0.0326475	0.0380471	3.84023	3.84023	-3.755	0.293042	0.293216
512	0.952296	0.10314	0.10314	-2.76252	-0.0265184	0.00991911	2.92424	2.92424	-3.46143	-0.187044	0.0736471
512	1.07522	-0.0434661	-0.0434661	-3.14179	-0.461864	-0.345521	-1.23236	-1.23236	-3.93667	-1.62105	-1.21867
512	1.00276	0.134134	0.134134	-2.6805	-0.00410486	0.0143625	3.80298	3.80298	-3.35867	-0.0262663	0.0880534
724	0.986101	0.00439927	0.00439927	-3.10802	-0.0989259	-0.108179	0.14832	0.14832	-3.89435	-0.87483	-0.732203
724	0.959547	0.00457969	0.00457969	-3.02195	-0.119408	-0.101257	0.154403	0.154403	-3.78651	-0.899641	-0.676852
724	1.01898	0.0437358	0.0437358	-3.15315	-0.0980435	-0.0677938	1.47454	1.47454	-3.95089	-0.642804	-0.430552
724	1.05355	0.0301044	0.0301044	-3.32567	-0.327909	-0.231995	1.01496	1.01496	-4.16706	-1.30012	-0.992794
724	0.989405	0.0910436	0.0910436	-3.18481	-0.0488603	-0.0135626	3.06952	3.06952	-3.99056	-0.321325	-0.0968394
724	0.981161	0.0199608	0.0199608	-2.93344	-0.108455	-0.0857915	0.672976	0.672976	-3.6756	-0.794483	-0.578945
724	0.955718	0.0397704	0.0397704	-2.76357	-0.0595717	-0.0623656	1.34085	1.34085	-3.46275	-0.497384	-0.46617
724	1.04107	0.0824955	0.0824955	-3.33936	-0.10514	-0.109855	2.78132	2.78132	-4.18422	-0.650326	-0.530282
724	0.92951	0.0385459	0.0385459	-2.92583	-0.0459119	-0.0607595	1.29957	1.29957	-3.66606	-0.461797	-0.417138
724	0.956612	0.0988086	0.0988086	-2.83307	-0.00149255	0.01082	3.33131	3.33131	-3.54984	-0.0128827	0.0895491
724	0.945784	0.0462333	0.0462333	-3.18894	-0.0641337	-0.0643909	1.55875	1.55875	-3.99574	-0.525844	-0.448967
724	1.02268	0.112002	0.112002	-3.02892	-0.0402359	-0.0525266	3.77611	3.77611	-3.79523	-0.238355	-0.273146
724	1.00534	0.0459783	0.0459783	-2.82229	-0.125446	-0.0483704	1.55015	1.55015	-3.53633	-0.690852	-0.368713
724	0.940941	0.067592	0.067592	-2.77807	-0.0342484	-0.0262481	2.27885	2.27885	-3.48092	-0.325422	-0.197569
724	0.992569	0.0309616	0.0309616	-2.90576	-0.0857017	-0.0820005	1.04386	1.04386	-3.64091	-0.696015	-0.598856
724	1.02284	0.0241025	0.0241025	-3.28417	-0.15025	-0.130436	0.812612	0.812612	-4.11507	-0.797502	-0.658294
724	1.03851	0.0767246	0.0767246	-2.94151	-0.12448	-0.106622	2.58675	2.58675	-3.68572	-0.711622	-0.517132
724	0.856613	0.0155944	0.0155944	-2.78253	-0.0675003	-0.0500486	0.525763	0.525763	-3.48651	-0.748657	-0.592431
724	0.954338	-0.0065282	-0.0065282	-2.72816	-0.127577	-0.101681	-0.220097	-0.220097	-3.41838	-0.950826	-0.836267
724	0.995848	0.0756443	0.0756443	-2.7548	-0.0968386	-0.0153165	2.55033	2.55033	-3.45176	-0.517577	-0.117603
724	0.953285	0.0542701	0.0542701	-2.74296	-0.0649112	-0.0326955	1.8297	1.8297	-3.43692	-0.477441	-0.258605
724	0.920206	0.0365841	0.0365841	-2.49224	-0.0421565	-0.035232	1.23343	1.23343	-3.12277	-0.445112	-0.349197
724	0.990198	0.0668052	0.0668052	-2.55898	-0.0673796	-0.0722443	2.25232	2.25232	-3.20641	-0.439628	-0.450024
724	0.948356	0.016788	0.016788	-2.87821	-0.0757594	-0.0756969	0.566004	0.566004	-3.6064	-0.767848	-0.566047
724	0.882463	0.066385	0.066385	-2.9694	-0.0160907	-0.0095561	2.23816	2.23816	-3.72066	-0.166452	-0.0920256
724	0.978186	0.100964	0.100964	-2.4378	0.0170775	-0.00865699	3.40397	3.40397	-3.05457	0.182225	-0.0589313
724	0.977581	0.0797901	0.0797901	-2.84108	-0.0220331	-0.0148836	2.6901	2.6901	-3.55987	-0.199646	-0.11319
724	0.974028	0.039757	0.039757	-2.58891	-0.0853336	-0.0595263	1.3404	1.3404	-3.2439	-0.656005	-0.456705
724	0.953708	0.0346456	0.0346456	-2.79562	-0.0714669	-0.0591193	1.16807	1.16807	-3.50291	-0.561712	-0.47753
724	1.0018	0.0217668	0.0217668	-2.84449	-0.146874	-0.0938031	0.733862	0.733862	-3.56415	-0.857833	-0.584839
724	0.979931	0.0901136	0.0901136	-3.02957	-0.0525437	-0.00406908	3.03816	3.03816	-3.79605	-0.322493	-0.0288247
724	0.940946	0.0894207	0.0894207	-2.9493	-0.0106836	0.00226348	3.0148	3.0148	-3.69548	-0.0847639	0.0197642
724	0.936395	0.062623	0.062623	-2.92466	-0.0542171	-0.0243865	2.11132	2.11132	-3.6646	-0.41167	-0.207203
724	0.896023	0.0709857	0.0709857	-2.57018	-0.0554539	-0.00648871	2.39327	2.39327	-3.22043	-0.424683	-0.0638935
724	1.00395	0.0938065	0.0938065	-2.92165	-0.0228774	-0.0551788	3.16267	3.16267	-3.66083	-0.17827	-0.310264
724	0.984354	0.00853994	0.00853994	-3.02661	-0.119307	-0.0934467	0.287922	0.287922	-3.79234	-0.845756	-0.631232
724	0.999079	0.0223032	0.0223032	-2.92276	-0.103004	-0.132272	0.751949	0.751949	-3.66222	-0.726562	-0.63476
724	1.01341	0.070382	0.070382	-2.65689	-0.0505914	-0.0172981	2.37291	2.37291	-3.32909	-0.384081	-0.149655
724	0.92586	0.0404352	0.0404352	-2.90799	-0.0773734	-0.044225	1.36326	1.36326	-3.64371	-0.675804	-0.415274
724	0.981814	0.0198013	0.0198013	-2.66132	-0.119224	-0.0805519	0.667598	0.667598	-3.33464	-0.797245	-0.57183
724	0.971794	0.00857977	0.00857977	-3.10604	-0.104964	-0.103453	0.289265	0.289265	-3.89187	-0.837979	-0.684045
724	1.02028	0.0294475	0.0294475	-3.00264	-0.122812	-0.0983227	0.992817	0.992817	-3.7623	-0.723933	-0.55678
724	1.03343	0.0447981	0.0447981	-3.2483	-0.167459	-0.151554	1.51036	1.51036	-4.07012	-0.864618	-0.722801
724	0.977871	0.0948762	0.0948762	-2.73934	-0.0296374	-0.0118747	3.19873	3.19873	-3.43239	-0.226162	-0.0852749
724	0.96937	0.0493669	0.0493669	-2.83508	-0.0529996	-0.0762852	1.66439	1.66439	-3.55235	-0.441501	-0.482009
724	0.910731	0.111662	0.111662	-2.48761	0.0146789	0.0303355	3.76465	3.76465	-3.11698	0.143547	0.277481
724	0.903699	0.0453599	0.0453599	-2.90343	-0.0362846	-0.036549	1.5293	1.5293	-3.638	-0.351401	-0.332843
724	0.954198	0.0446753	0.0446753	-3.00773	-0.0724188	-0.0503335	1.50622	1.50622	-3.76868	-0.537587	-0.403716
724	0.988574	0.0209969	0.0209969	-2.49757	-0.0775444	-0.0922702	0.707905	0.707905	-3.12946	-0.69409	-0.590245
724	0.958256	0.0656064	0.0656064	-3.03934	-0.0819607	-0.0333651	2.2119	2.2119	-3.80829	-0.466667	-0.250931
724	0.984578	0.0290991	0.0290991	-2.90629	-0.109764	-0.0990203	0.981069	0.981069	-3.64158	-0.697023	-0.536461
724	0.953687	0.103846	0.103846	-3.06904	-0.0293462	0.0135547	3.50115	3.50115	-3.8455	-0.202463	0.111477
724	0.994681	0.0336945	0.0336945	-2.98326	-0.0848484	-0.0748325	1.136	1.136	-3.73803	-0.67981	-0.493679
724	0.964082	0.10504	0.10504	-2.91155	0.0154723	0.00427268	3.54141	3.54141	-3.64818	0.148286	0.0292275
724	1.02998	0.0732535	0.0732535	-2.82404	-0.0905631	-0.0987327	2.46973	2.46973	-3.53852	-0.528513	-0.44446
724	0.992972	0.0346232	0.0346232	-2.97074	-0.094579	-0.0768742	1.16731	1.16731	-3.72234	-0.670405	-0.456053
724	1.01082	0.10843	0.10843	-3.08364	-0.0151744	-0.0316192	3.65569	3.65569	-3.8638	-0.102503	-0.17406
724	0.965159	0.0692385	0.0692385	-2.93042	-0.0411079	-0.0296506	2.33436	2.33436	-3.67182	-0.372683	-0.216159
724	1.03525	0.0492653	0.0492653	-3.2439	-0.187504	-0.11277	1.66097	1.66097	-4.06461	-0.878757	-0.528483
724	0.964762	0.0123777	0.0123777	-2.65513	-0.102917	-0.094652	0.41731	0.41731	-3.32688	-0.800258	-0.620158
724	0.981012	-0.00230452	-0.00230452	-3.07098	-0.119268	-0.105605	-0.0776964	-0.0776964	-3.84793	-0.917493	-0.809186
724	0.911871	0.06013	0.06013	-2.60641	-0.0289589	-0.0202428	2.02727	2.02727	-3.26583	-0.247131	-0.192052
724	1.01615	0.0597056	0.0597056	-3.10184	-0.0922849	-0.0825052	2.01296	2.01296	-3.8866	-0.534681	-0.465377
724	0.88734	0.0138492	0.0138492	-2.8441	-0.0983735	-0.0518463	0.466921	0.466921	-3.56366	-0.86248	-0.596506
724	1.04314	-0.0168473	-0.0168473	-3.23173	-0.259851	-0.18091	-0.568003	-0.568003	-4.04936	-1.16467	-0.942099
724	0.995789	0.0319601	0.0319601	-2.74476	-0.139057	-0.0783635	1.07753	1.07753	-3.43918	-0.800333	-0.512056
724	1.01849	0.0581695	0.0581695	-2.94291	-0.117748	-0.065836	1.96117	1.96117	-3.68746	-0.602457	-0.379569
724	0.972535	0.0981474	0.0981474	-3.04006	-0.0461226	-0.0168465	3.30902	3.30902	-3.8092	-0.286451	-0.116192
724	1.04797	0.0845825	0.0845825	-2.79217	-0.169279	-0.0930916	2.85168	2.85168	-3.49859	-0.930617	-0.427622
724	1.02952	0.032639	0.032639	-3.22465	-0.165094	-0.180513	1.10042	1.10042	-4.04049	-0.946453	-0.791623
724	0.999995	0.0639124	0.0639124	-2.82567	-0.105236	-0.0494613	2.15479	2.15479	-3.54057	-0.547131	-0.312747
724	0.923614	0.0779552	0.0779552	-2.54735	-0.0134704	-0.000922902	2.62824	2.62824	-3.19183	-0.127644	-0.0085943
724	1.06403	0.0784489	0.0784489	-2.95395	-0.276741	-0.188406	2.64489	2.64489	-3.7013	-0.998686	-0.842527
724	1.03424	0.0387029	0.0387029	-2.51025	-0.151696	-0.108521	1.30486	1.30486	-3.14535	-0.748718	-0.548029
724	0.891394	0.0575404	0.0575404	-2.84131	-0.0385572	-0.0224222	1.93996	1.93996	-3.56016	-0.383022	-0.210344
724	0.992762	0.108632	0.108632	-2.71276	-0.0409483	0.00881584	3.6625	3.6625	-3.39909	-0.246039	0.0659402
724	1.07613	0.00769685	0.00769685	-2.71605	-0.43336	-0.293409	0.259498	0.259498	-3.40322	-1.7496	-1.17054
724	1.04332	0.0244604	0.0244604	-3.34783	-0.258896	-0.167316	0.824677	0.824677	-4.19483	-1.05412	-0.870249
724	1.00799	0.0624465	0.0624465	-2.72802	-0.111111	-0.032896	2.10537	2.10537	-3.41821	-0.571819	-0.261798
724	0.988166	0.0208457	0.0208457	-2.54102	-0.0746752	-0.106285	0.702808	0.702808	-3.1839	-0.710966	-0.577429
724	1.03768	0.0221284	0.0221284	-2.54662	-0.216341	-0.197749	0.746054	0.746054	-3.19091	-1.12723	-0.939354
724	0.940599	0.069613	0.069613	-3.36623	-0.0326028	-0.0303571	2.34699	2.34699	-4.21789	-0.322707	-0.234076
724	0.904962	0.0311255	0.0311255	-3.06384	-0.067282	-0.0505308	1.04939	1.04939	-3.83899	-0.628312	-0.449033
724	0.968082	0.117456	0.117456	-3.18312	-0.0430966	0.0268859	3.95999	3.95999	-3.98845	-0.262566	0.223984
724	0.924331	0.0922985	0.0922985	-3.32537	-0.0118765	0.0138452	3.11182	3.11182	-4.16669	-0.0974472	0.133435
724	1.01135	0.0699256	0.0699256	-2.62709	-0.0902245	-0.0715417	2.35753	2.35753	-3.29175	-0.514931	-0.398831
724	0.980785	0.0640492	0.0640492	-2.8659	-0.0610124	-0.0312604	2.1594	2.1594	-3.59097	-0.431409	-0.239077
724	0.991181	0.0541696	0.0541696	-2.93087	-0.0996038	-0.0577171	1.82632	1.82632	-3.67238	-0.614954	-0.412175
724	0.98375	0.0894801	0.0894801	-2.77849	-0.0202042	-0.0222199	3.0168	3.0168	-3.48144	-0.163707	-0.140379
724	1.04324	0.140105	0.140105	-2.6488	-0.112884	-0.0677445	4.7236	4.7236	-3.31895	-0.550933	-0.321835
724	0.961993	0.0306977	0.0306977	-3.05762	-0.0593259	-0.0562539	1.03497	1.03497	-3.83119	-0.598781	-0.499052
724	0.880663	0.0870961	0.0870961	-2.63222	0.00540388	0.0115729	2.93643	2.93643	-3.29817	0.0593484	0.102222
724	1.01952	-0.011148	-0.011148	-2.60185	-0.141298	-0.116479	-0.375851	-0.375851	-3.26012	-1.06098	-0.842271
724	0.948805	0.0437763	0.0437763	-2.7272	-0.07497	-0.029045	1.47591	1.47591	-3.41719	-0.516729	-0.3032
724	0.898947	0.0718494	0.0718494	-2.69744	-0.035558	-0.000224171	2.42239	2.42239	-3.3799	-0.321625	-0.00258999
724	1.04541	0.0863746	0.0863746	-3.01925	-0.169084	-0.144287	2.9121	2.9121	-3.78312	-0.734474	-0.614941
724	0.917245	-0.0105102	-0.0105102	-2.95071	-0.100178	-0.10424	-0.354348	-0.354348	-3.69723	-0.915191	-0.813907
724	0.901016	0.0291418	0.0291418	-2.98499	-0.0534469	-0.0434182	0.98251	0.98251	-3.74019	-0.606957	-0.449891
724	0.872473	0.0378253	0.0378253	-2.83188	-0.059626	-0.0435978	1.27527	1.27527	-3.54834	-0.532811	-0.371379
724	1.02453	0.0391949	0.0391949	-3.04757	-0.107505	-0.123446	1.32145	1.32145	-3.81861	-0.70185	-0.592295
724	0.941913	0.115097	0.115097	-2.80921	-0.00025784	0.0274048	3.88046	3.88046	-3.51994	-0.00205628	0.237395
724	0.954441	0.0463091	0.0463091	-2.53921	-0.039092	-0.0440871	1.5613	1.5613	-3.18163	-0.45698	-0.354245
724	0.900901	-0.0142012	-0.0142012	-2.79354	-0.105234	-0.102689	-0.478792	-0.478792	-3.50031	-0.986845	-0.869377
724	0.984154	0.0493724	0.0493724	-2.7926	-0.0788282	-0.0666543	1.66458	1.66458	-3.49913	-0.599047	-0.446305
724	0.978064	0.0500845	0.0500845	-2.63086	-0.0812914	-0.0483682	1.68859	1.68859	-3.29646	-0.550627	-0.338612
724	0.983045	0.0254712	0.0254712	-3.08748	-0.0732129	-0.0712289	0.858754	0.858754	-3.86861	-0.670999	-0.543702
724	1.06442	0.123952	0.123952	-3.10521	-0.202978	-0.133866	4.17901	4.17901	-3.89083	-0.781519	-0.580943
724	1.00227	0.0582913	0.0582913	-2.77698	-0.106918	-0.0559167	1.96528	1.96528	-3.47955	-0.588404	-0.371375
724	0.992085	0.063013	0.063013	-2.58964	-0.039365	-0.0491423	2.12447	2.12447	-3.24482	-0.349175	-0.332154
724	0.990163	-0.0312927	-0.0312927	-2.70628	-0.125194	-0.151019	-1.05503	-1.05503	-3.39097	-1.20637	-0.900356
724	1.09148	-0.0442193	-0.0442193	-2.93253	-0.582638	-0.472171	-1.49084	-1.49084	-3.67446	-2.46976	-1.80467
724	1.0788	0.00812321	0.00812321	-3.13008	-0.427596	-0.267996	0.273872	0.273872	-3.92199	-1.70022	-1.10572
724	0.941905	0.102989	0.102989	-3.11587	-0.0237956	0.00473916	3.47226	3.47226	-3.90419	-0.155979	0.0370603
724	0.969286	0.0527947	0.0527947	-3.37173	-0.0339187	-0.041628	1.77996	1.77996	-4.22478	-0.345504	-0.29664
724	0.94097	0.125266	0.125266	-3.33519	-0.00555631	0.0485474	4.22331	4.22331	-4.179	-0.0380601	0.453025
724	0.929287	0.057065	0.057065	-2.72621	-0.0440478	-0.0231851	1.92393	1.92393	-3.41594	-0.379382	-0.200848
724	1.0088	0.0984604	0.0984604	-3.17041	-0.074896	-0.0446891	3.31957	3.31957	-3.97253	-0.386221	-0.228633
724	1.03662	0.0749575	0.0749575	-3.06917	-0.191761	-0.139032	2.52718	2.52718	-3.84567	-0.791618	-0.563949
724	1.01839	0.0564695	0.0564695	-3.21226	-0.144538	-0.0641777	1.90386	1.90386	-4.02497	-0.793002	-0.372266
724	1.0044	0.046738	0.046738	-2.64656	-0.0817949	-0.065571	1.57576	1.57576	-3.31614	-0.556567	-0.426255
724	1.0737	0.0139901	0.0139901	-3.02312	-0.364242	-0.245865	0.471672	0.471672	-3.78796	-1.4178	-0.989344
724	1.02256	0.0708735	0.0708735	-3.14746	-0.100267	-0.0746268	2.38949	2.38949	-3.94377	-0.547525	-0.419877
724	0.948115	0.0518752	0.0518752	-2.72101	-0.0605645	-0.0372026	1.74896	1.74896	-3.40943	-0.511702	-0.299526
724	0.980183	0.0714812	0.0714812	-2.54295	-0.0456313	-0.0644272	2.40997	2.40997	-3.18632	-0.340995	-0.354643
724	0.992354	0.0980289	0.0980289	-2.4181	-0.0451287	0.00163607	3.30502	3.30502	-3.02988	-0.283398	0.0112905
724	0.991492	-0.0171799	-0.0171799	-2.56622	-0.148008	-0.11512	-0.579216	-0.579216	-3.21547	-1.06864	-0.75395
724	1.04786	0.034814	0.034814	-2.97016	-0.250953	-0.140122	1.17375	1.17375	-3.72161	-1.11442	-0.688203
724	1.01602	0.0574806	0.0574806	-2.67779	-0.0725708	-0.0549228	1.93795	1.93795	-3.35527	-0.515463	-0.312573
724	1.02413	0.063644	0.063644	-3.02116	-0.0561995	-0.0907187	2.14574	2.14574	-3.78551	-0.43744	-0.449726
724	1.03844	-0.00629229	-0.00629229	-3.27965	-0.215681	-0.222203	-0.212143	-0.212143	-4.1094	-1.11941	-0.873895
724	0.897645	0.0978067	0.0978067	-2.59657	0.00254566	0.0227402	3.29753	3.29753	-3.2535	0.0260679	0.227363
724	0.938739	0.0414365	0.0414365	-3.216	-0.0494656	-0.0398907	1.39702	1.39702	-4.02965	-0.510664	-0.380003
724	1.00277	0.0439882	0.0439882	-3.25684	-0.0593516	-0.0678645	1.48305	1.48305	-4.08083	-0.462161	-0.434552
724	0.894903	0.0619202	0.0619202	-3.02833	-0.0165627	-0.0147479	2.08763	2.08763	-3.7945	-0.17252	-0.130276
724	0.87175	0.0946875	0.0946875	-2.86623	-0.0082219	0.0235432	3.19237	3.19237	-3.59139	-0.0716602	0.254966
724	0.997613	0.0281999	0.0281999	-2.58968	-0.116343	-0.0698086	0.950752	0.950752	-3.24487	-0.752779	-0.49121
724	0.948355	0.102027	0.102027	-3.03576	-0.00287536	0.0153506	3.43981	3.43981	-3.80381	-0.0243617	0.124909
724	1.02251	0.0528441	0.0528441	-2.57976	-0.0659341	-0.0837341	1.78163	1.78163	-3.23244	-0.540047	-0.51699
724	0.975561	0.0491064	0.0491064	-2.93774	-0.067428	-0.0475931	1.65561	1.65561	-3.68099	-0.53502	-0.387733
724	1.07453	0.0396559	0.0396559	-2.87424	-0.300347	-0.280101	1.33699	1.33699	-3.60142	-1.20234	-1.11103
724	0.982463	0.0198573	0.0198573	-2.6782	-0.0934761	-0.0763665	0.669486	0.669486	-3.35578	-0.791281	-0.53969
724	0.963558	0.0654641	0.0654641	-2.73576	-0.0411746	-0.0577761	2.20711	2.20711	-3.42791	-0.345233	-0.362229
724	1.0202	0.0458139	0.0458139	-3.09481	-0.0899448	-0.0727506	1.54461	1.54461	-3.8778	-0.613302	-0.430025
724	1.00364	0.0364735	0.0364735	-2.79463	-0.100914	-0.0760088	1.2297	1.2297	-3.50168	-0.659081	-0.507856
724	1.0281	0.0145152	0.0145152	-2.82322	-0.206609	-0.136531	0.489376	0.489376	-3.53749	-0.993225	-0.728725
724	1.01245	0.105032	0.105032	-2.84218	-0.0695029	-0.063279	3.54111	3.54111	-3.56125	-0.346366	-0.309371
724	0.960988	0.0558004	0.0558004	-3.08648	-0.0351762	-0.0217073	1.8813	1.8813	-3.86736	-0.329428	-0.186576
724	1.03753	0.0230358	0.0230358	-2.6911	-0.206413	-0.11284	0.776647	0.776647	-3.37195	-0.959252	-0.650758
724	1.07531	0.0657036	0.0657036	-2.96183	-0.318715	-0.232518	2.21518	2.21518	-3.71117	-1.34063	-0.884184
724	0.995789	0.0721895	0.0721895	-3.13109	-0.0342406	-0.0620166	2.43385	2.43385	-3.92325	-0.278412	-0.359232
724	0.899753	0.00454803	0.00454803	-3.10757	-0.0777502	-0.0766735	0.153336	0.153336	-3.89379	-0.845375	-0.700796
724	1.00474	0.0919486	0.0919486	-2.97443	-0.0119731	-0.031871	3.10003	3.10003	-3.72696	-0.100123	-0.20859
724	0.953584	0.0485101	0.0485101	-3.04311	-0.0353013	-0.033532	1.63551	1.63551	-3.81301	-0.355645	-0.282365
724	0.980657	0.0369462	0.0369462	-2.96667	-0.0803041	-0.0538174	1.24563	1.24563	-3.71724	-0.562813	-0.449214
724	0.958813	0.0581348	0.0581348	-3.29792	-0.0468159	-0.0352555	1.96	1.96	-4.1323	-0.417249	-0.299888
724	1.01444	0.0112895	0.0112895	-2.89021	-0.127462	-0.176131	0.380623	0.380623	-3.62143	-0.748182	-0.843689
724	0.970918	0.00177178	0.00177178	-2.81682	-0.128022	-0.0878445	0.0597351	0.0597351	-3.52948	-0.855495	-0.673112
724	1.00125	0.0550866	0.0550866	-2.40887	-0.0919899	-0.0788477	1.85723	1.85723	-3.01832	-0.57921	-0.413881
724	0.929537	0.0656973	0.0656973	-2.80278	-0.0486309	-0.00105885	2.21497	2.21497	-3.51188	-0.373369	-0.0105035
724	0.93157	0.0677018	0.0677018	-2.90956	-0.0397199	-0.034691	2.28255	2.28255	-3.64568	-0.34905	-0.243878
724	1.00393	0.0810017	0.0810017	-3.25965	-0.0795236	-0.0356718	2.73095	2.73095	-4.08435	-0.48738	-0.230375
724	0.953073	0.145301	0.145301	-2.7038	0.0521549	0.0462318	4.8988	4.8988	-3.38786	0.482783	0.353396
724	0.98665	0.0103884	0.0103884	-2.65135	-0.128525	-0.0901774	0.350243	0.350243	-3.32214	-0.846791	-0.637972
724	1.07166	0.101688	0.101688	-2.85053	-0.291468	-0.222898	3.4284	3.4284	-3.57171	-1.10578	-0.855817
724	0.974123	0.0903499	0.0903499	-3.13231	0.00637948	-0.0398308	3.04613	3.04613	-3.92478	0.0693735	-0.228016
724	0.894977	0.086502	0.086502	-2.45283	-0.00237703	0.00637533	2.91639	2.91639	-3.0734	-0.0252205	0.0609966
724	1.08468	0.0715447	0.0715447	-2.6803	-0.450158	-0.276397	2.41211	2.41211	-3.35842	-1.96102	-1.0439
724	1.02476	0.079072	0.079072	-2.82065	-0.0976566	-0.105945	2.66589	2.66589	-3.53428	-0.531132	-0.463835
724	1.00798	0.0666636	0.0666636	-3.16374	-0.0615787	-0.0391882	2.24755	2.24755	-3.96417	-0.428846	-0.274375
724	0.935505	-0.0696359	-0.0696359	-3.24769	-0.18195	-0.171117	-2.34776	-2.34776	-4.06935	-1.58002	-1.22184
724	0.879705	0.0618955	0.0618955	-2.16861	-0.0234062	-0.0183799	2.08679	2.08679	-2.71727	-0.270535	-0.169755
724	1.01948	0.0793348	0.0793348	-2.73506	-0.054834	-0.0457483	2.67476	2.67476	-3.42703	-0.403866	-0.267419
724	1.02474	0.103403	0.103403	-2.68278	-0.0521289	-0.0533552	3.48622	3.48622	-3.36152	-0.314094	-0.270802
724	0.893146	0.00956009	0.00956009	-2.98807	-0.0871386	-0.0629556	0.322316	0.322316	-3.74406	-0.84414	-0.643979
724	0.947992	0.0736013	0.0736013	-2.68607	-0.0281398	-0.0252745	2.48145	2.48145	-3.36564	-0.264051	-0.198287
724	0.983347	0.0497208	0.0497208	-2.82027	-0.0869031	-0.0736483	1.67632	1.67632	-3.5338	-0.609203	-0.439657
724	0.906773	0.0177058	0.0177058	-2.63155	-0.0932189	-0.0752079	0.596947	0.596947	-3.29733	-0.710579	-0.580715
724	1.02728	0.014276	0.014276	-2.82386	-0.110127	-0.148201	0.481311	0.481311	-3.53829	-0.77701	-0.769886
724	0.976116	0.0466342	0.0466342	-2.85087	-0.0570457	-0.0382688	1.57226	1.57226	-3.57214	-0.47353	-0.33772
724	0.961626	0.0197146	0.0197146	-2.62663	-0.0685237	-0.0925693	0.664674	0.664674	-3.29117	-0.694868	-0.574976
724	0.992247	0.0166164	0.0166164	-3.0713	-0.0702997	-0.092278	0.560219	0.560219	-3.84834	-0.744693	-0.617609
724	1.03968	0.105741	0.105741	-3.15743	-0.134883	-0.132107	3.56504	3.56504	-3.95626	-0.635351	-0.545734
724	1.01572	0.084303	0.084303	-3.08759	-0.0235537	-0.0521952	2.84226	2.84226	-3.86875	-0.191433	-0.290283
724	0.958906	-0.00046795	-0.00046795	-2.87225	-0.102357	-0.101446	-0.0157768	-0.0157768	-3.59893	-0.868796	-0.716879
724	1.10023	0.0218786	0.0218786	-2.87224	-0.504809	-0.45401	0.737633	0.737633	-3.59892	-1.85253	-1.7341
724	0.920589	0.0881829	0.0881829	-2.92016	-0.0047873	0.024502	2.97307	2.97307	-3.65896	-0.0452461	0.260912
724	0.921693	0.0996642	0.0996642	-2.78584	0.0133158	0.0255052	3.36016	3.36016	-3.49065	0.135266	0.238362
724	1.00766	0.0752589	0.0752589	-2.93458	-0.0645174	-0.0451364	2.53734	2.53734	-3.67703	-0.432052	-0.28839
724	1.01155	0.0676841	0.0676841	-3.09229	-0.0898532	-0.0387663	2.28195	2.28195	-3.87464	-0.499583	-0.253492
724	1.01818	0.0872107	0.0872107	-2.66976	-0.148866	-0.0404387	2.94029	2.94029	-3.34521	-0.712264	-0.251145
724	0.975176	-0.0255509	-0.0255509	-3.13362	-0.152551	-0.147402	-0.861443	-0.861443	-3.92643	-1.06493	-0.9784
724	0.95182	0.0782182	0.0782182	-2.58989	-0.0424141	-0.013209	2.63711	2.63711	-3.24513	-0.316841	-0.110274
724	1.02382	0.0859443	0.0859443	-2.7447	-0.0598331	-0.0733372	2.89759	2.89759	-3.43911	-0.381603	-0.408732
724	0.937027	0.0873421	0.0873421	-2.61861	-0.0318397	-0.000635284	2.94472	2.94472	-3.28112	-0.237409	-0.00520198
724	0.935189	0.0292565	0.0292565	-3.04971	-0.0657583	-0.0495859	0.986375	0.986375	-3.82129	-0.590549	-0.455071
724	0.964323	0.106248	0.106248	-3.25992	-0.0165107	-0.00433027	3.58213	3.58213	-4.08468	-0.134047	-0.0291076
724	0.978116	-0.000677446	-0.000677446	-3.20494	-0.11078	-0.10576	-0.02284	-0.02284	-4.01578	-0.919447	-0.774577
724	0.995655	0.134965	0.134965	-3.09362	-0.00226422	0.0334778	4.55031	4.55031	-3.8763	-0.0168935	0.232063
724	0.998275	0.0775472	0.0775472	-2.85457	-0.0302926	-0.0350106	2.61449	2.61449	-3.57678	-0.239467	-0.216635
724	0.918049	0.0613616	0.0613616	-3.23567	-0.0281908	-0.0311495	2.06879	2.06879	-4.05429	-0.280358	-0.240542
724	0.941793	0.0342155	0.0342155	-2.85495	-0.0658899	-0.054998	1.15357	1.15357	-3.57725	-0.603916	-0.409609
724	0.991933	0.062971	0.062971	-2.74156	-0.0707103	-0.0598424	2.12305	2.12305	-3.43518	-0.483577	-0.372705
724	1.055	0.121134	0.121134	-2.86726	-0.196643	-0.100213	4.08401	4.08401	-3.59268	-0.78301	-0.455559
724	0.925141	0.0497903	0.0497903	-2.67951	-0.0698882	-0.0573901	1.67867	1.67867	-3.35743	-0.553841	-0.412543
724	1.03699	0.0571106	0.0571106	-3.36338	-0.177466	-0.162797	1.92547	1.92547	-4.21431	-0.843513	-0.740196
724	1.05359	0.135736	0.135736	-2.95584	-0.10193	-0.12284	4.57632	4.57632	-3.70367	-0.519487	-0.539353
724	0.913049	0.0105614	0.0105614	-2.86112	-0.100776	-0.0664563	0.356077	0.356077	-3.58498	-0.786987	-0.570533
724	1.0081	-0.00546955	-0.00546955	-3.14331	-0.161115	-0.164636	-0.184405	-0.184405	-3.93856	-0.942469	-0.781791
724	0.970801	0.0485255	0.0485255	-2.82625	-0.0628511	-0.060242	1.63603	1.63603	-3.54129	-0.515934	-0.423375
724	0.984162	0.100003	0.100003	-2.87376	-0.0281757	0.00208766	3.37157	3.37157	-3.60082	-0.212742	0.0152565
724	1.04652	0.0883537	0.0883537	-3.14896	-0.166922	-0.122563	2.97883	2.97883	-3.94565	-0.821973	-0.566027
724	0.991789	0.0780314	0.0780314	-2.76337	-0.0762711	-0.0445484	2.63081	2.63081	-3.46251	-0.49075	-0.259875
724	0.889122	0.057747	0.057747	-2.84496	-0.0574622	-0.0127062	1.94693	1.94693	-3.56474	-0.474112	-0.131047
724	1.00766	0.0428736	0.0428736	-3.03701	-0.14469	-0.061528	1.44547	1.44547	-3.80538	-0.772189	-0.379479
724	0.978314	0.101633	0.101633	-2.89906	-0.062204	0.0163257	3.42653	3.42653	-3.63252	-0.377196	0.139399
724	1.05642	0.034409	0.034409	-2.85744	-0.216571	-0.203571	1.16009	1.16009	-3.58037	-1.03098	-0.896808
724	1.02359	0.00300724	0.00300724	-2.9997	-0.182163	-0.124656	0.101388	0.101388	-3.75862	-0.90452	-0.721296
724	0.940136	-0.00153273	-0.00153273	-2.73864	-0.089512	-0.0810484	-0.0516757	-0.0516757	-3.43151	-0.917306	-0.748179
724	0.973452	0.0639789	0.0639789	-2.43305	-0.0538233	-0.0634312	2.15703	2.15703	-3.04861	-0.440506	-0.386066
724	0.968823	0.102139	0.102139	-2.7251	-0.00101571	0.0155218	3.44361	3.44361	-3.41455	-0.00845235	0.138153
724	0.995961	0.0655247	0.0655247	-2.85971	-0.0580872	-0.0924462	2.20915	2.20915	-3.58321	-0.408903	-0.479626
724	1.04321	0.0484101	0.0484101	-3.09409	-0.150011	-0.15811	1.63214	1.63214	-3.87689	-0.819556	-0.732273
724	0.94277	0.0368508	0.0368508	-2.73997	-0.0870973	-0.0463919	1.24242	1.24242	-3.43318	-0.593248	-0.381978
724	1.04519	0.0238795	0.0238795	-3.26971	-0.279004	-0.186468	0.805093	0.805093	-4.09694	-1.14008	-0.852612
724	0.966149	0.0363062	0.0363062	-2.87227	-0.0613966	-0.056442	1.22405	1.22405	-3.59896	-0.610235	-0.415281
724	1.02123	0.0669269	0.0669269	-2.97943	-0.123617	-0.0441157	2.25643	2.25643	-3.73323	-0.63061	-0.307281
724	0.929708	0.0377492	0.0377492	-2.93415	-0.0533562	-0.042323	1.27271	1.27271	-3.6765	-0.539575	-0.390779
724	1.04305	0.0454021	0.0454021	-2.78293	-0.198248	-0.168568	1.53072	1.53072	-3.48701	-0.879685	-0.744114
724	0.927911	0.066477	0.066477	-2.68343	-0.036996	0.00937085	2.24126	2.24126	-3.36234	-0.328842	0.10574
724	1.03761	0.0835693	0.0835693	-3.00729	-0.128441	-0.135824	2.81752	2.81752	-3.76813	-0.662595	-0.571826
724	0.97	0.0860762	0.0860762	-2.5652	-0.024946	-0.0113315	2.90204	2.90204	-3.21419	-0.203292	-0.087912
724	0.966172	0.0543782	0.0543782	-2.51564	-0.0403809	-0.046106	1.83335	1.83335	-3.1521	-0.362696	-0.336299
724	0.922044	0.0857738	0.0857738	-3.05001	0.0115281	-0.000222321	2.89185	2.89185	-3.82166	0.137374	-0.00197953
724	0.974174	0.0285344	0.0285344	-2.95506	-0.0768475	-0.0687853	0.96203	0.96203	-3.70269	-0.620414	-0.485737
724	0.991762	0.135841	0.135841	-2.54805	-0.0458913	0.00710298	4.57986	4.57986	-3.1927	-0.239214	0.0409869
724	0.919367	0.020984	0.020984	-2.56978	-0.0718551	-0.0589431	0.707471	0.707471	-3.21993	-0.738224	-0.546093
724	0.926845	0.0749243	0.0749243	-2.79932	-0.0383227	0.00216633	2.52606	2.52606	-3.50754	-0.319623	0.0219788
724	1.01463	0.120447	0.120447	-2.93958	-0.0491415	-0.00754153	4.06083	4.06083	-3.68329	-0.283171	-0.0421963
724	0.900009	0.0645937	0.0645937	-2.6204	-0.0240859	-0.00940279	2.17776	2.17776	-3.28337	-0.278512	-0.0911047
724	0.96942	-0.0263522	-0.0263522	-3.2514	-0.144531	-0.117395	-0.88846	-0.88846	-4.07401	-1.03497	-0.858599
724	1.01735	0.0712006	0.0712006	-2.92446	-0.0592242	-0.0382536	2.40051	2.40051	-3.66435	-0.415241	-0.238697
724	0.91857	0.0261849	0.0261849	-3.22141	-0.0679412	-0.0536368	0.882818	0.882818	-4.03643	-0.649927	-0.500475
724	0.909573	0.0132583	0.0132583	-2.93034	-0.0787227	-0.0629054	0.447002	0.447002	-3.67171	-0.7744	-0.53124
724	1.02744	0.142666	0.142666	-2.8829	-0.00110576	0.0333958	4.80995	4.80995	-3.61228	-0.00727251	0.234384
724	0.995495	0.0682408	0.0682408	-2.97728	-0.0701058	-0.06248	2.30072	2.30072	-3.73054	-0.419581	-0.346912
724	0.950204	0.0964934	0.0964934	-2.74371	0.00306899	0.00918153	3.25326	3.25326	-3.43787	0.0280262	0.0783316
724	0.99435	0.0641734	0.0641734	-3.05088	-0.0711046	-0.0421029	2.16359	2.16359	-3.82276	-0.477626	-0.298112
724	0.923055	-0.0290541	-0.0290541	-2.67438	-0.122405	-0.105444	-0.979553	-0.979553	-3.351	-1.08128	-1.00208
724	0.961578	0.108232	0.108232	-2.76577	-0.00808258	0.0162332	3.64901	3.64901	-3.46551	-0.0637615	0.143687
724	0.852019	-0.00282744	-0.00282744	-2.87714	-0.0978471	-0.0755254	-0.0953265	-0.0953265	-3.60506	-0.887734	-0.732154
724	1.02158	-0.017199	-0.017199	-2.94347	-0.178619	-0.128365	-0.579862	-0.579862	-3.68816	-1.11104	-0.779659
724	1.05465	0.0578838	0.0578838	-2.70413	-0.282688	-0.170928	1.95154	1.95154	-3.38828	-1.11544	-0.730486
724	0.953701	0.06107	0.06107	-3.1176	-0.0699016	-0.0276754	2.05896	2.05896	-3.90636	-0.491276	-0.236863
724	1.07329	0.0577972	0.0577972	-2.81671	-0.31113	-0.289691	1.94862	1.94862	-3.52934	-1.25493	-1.10591
724	1.05865	0.0449582	0.0449582	-2.96225	-0.318318	-0.266823	1.51575	1.51575	-3.71169	-1.29143	-1.01436
724	0.970629	0.0337728	0.0337728	-2.96356	-0.0594199	-0.0769525	1.13864	1.13864	-3.71334	-0.583319	-0.512718
724	0.998202	0.00629699	0.00629699	-3.12499	-0.170083	-0.119024	0.212302	0.212302	-3.91562	-1.02324	-0.783956
724	1.06505	0.0293468	0.0293468	-3.3494	-0.330732	-0.232769	0.98942	0.98942	-4.1968	-1.41384	-0.996086
724	0.925059	0.0324195	0.0324195	-3.35382	-0.0661718	-0.0406307	1.09302	1.09302	-4.20234	-0.561115	-0.393082
724	0.990848	0.00144183	0.00144183	-2.63909	-0.146232	-0.108529	0.0486109	0.0486109	-3.30678	-0.873375	-0.775312
724	0.974487	0.017442	0.017442	-2.84552	-0.0784017	-0.0865671	0.588053	0.588053	-3.56544	-0.801724	-0.614158
724	0.911637	0.0567581	0.0567581	-2.76496	-0.0172562	-0.0172339	1.91359	1.91359	-3.4645	-0.199527	-0.176272
724	1.00347	0.069632	0.069632	-2.7296	-0.0613226	-0.0252182	2.34763	2.34763	-3.42019	-0.426922	-0.172029
724	1.06057	0.107362	0.107362	-2.70082	-0.269008	-0.184306	3.61968	3.61968	-3.38413	-1.02745	-0.768136
724	0.888047	0.11389	0.11389	-3.23061	0.0323628	0.0319684	3.83978	3.83978	-4.04796	0.35439	0.281364
724	0.963982	0.114736	0.114736	-3.11478	0.000275844	0.0312555	3.86829	3.86829	-3.90282	0.00228991	0.274172
724	0.947264	-0.0219996	-0.0219996	-2.77559	-0.117713	-0.112123	-0.741713	-0.741713	-3.47782	-1.18882	-0.95131
724	0.952278	0.0547244	0.0547244	-2.86254	-0.0663884	-0.0426629	1.84502	1.84502	-3.58677	-0.438217	-0.310694
724	0.943733	0.0948968	0.0948968	-3.02632	0.00324095	-0.00968976	3.19942	3.19942	-3.79198	0.0333307	-0.0716399
724	0.915996	0.0448133	0.0448133	-2.83665	-0.0482406	-0.0223119	1.51087	1.51087	-3.55432	-0.46748	-0.216827
724	0.923231	0.0448541	0.0448541	-3.08255	-0.0708885	-0.0307137	1.51225	1.51225	-3.86244	-0.567695	-0.266507
724	0.907599	0.0300774	0.0300774	-3.17148	-0.082699	-0.0450547	1.01405	1.01405	-3.97386	-0.671736	-0.408904
724	1.02344	0.0558033	0.0558033	-2.74449	-0.0844074	-0.101116	1.8814	1.8814	-3.43884	-0.5333	-0.519884
724	1.02168	0.0444079	0.0444079	-2.83529	-0.121752	-0.0914016	1.4972	1.4972	-3.55262	-0.696909	-0.523481
724	0.96225	0.156963	0.156963	-3.34872	0.0373175	0.0644025	5.29197	5.29197	-4.19594	0.277348	0.481627
724	0.981019	0.0905584	0.0905584	-2.80742	-0.0328587	0.000409085	3.05316	3.05316	-3.5177	-0.233441	0.00294213
724	1.00703	0.12358	0.12358	-2.57369	-0.0143577	0.0112404	4.16647	4.16647	-3.22484	-0.0958855	0.070487
724	0.986669	0.0605117	0.0605117	-2.82785	-0.0737005	-0.0518646	2.04014	2.04014	-3.54329	-0.413236	-0.353605
724	1.06016	0.101495	0.101495	-3.31723	-0.239355	-0.216209	3.4219	3.4219	-4.15649	-0.95082	-0.919491
724	0.947315	0.0647042	0.0647042	-2.85496	-0.0414921	-0.0258273	2.18149	2.18149	-3.57726	-0.397301	-0.219645
724	0.983084	0.116832	0.116832	-2.82667	0.0061151	0.0276863	3.93896	3.93896	-3.54182	0.0509	0.229068
724	0.97135	0.0510487	0.0510487	-2.75138	-0.0966484	-0.0377231	1.7211	1.7211	-3.44748	-0.570012	-0.301128
724	0.967797	0.0448327	0.0448327	-3.18604	-0.0628714	-0.0590534	1.51152	1.51152	-3.99211	-0.521677	-0.417123
724	0.901196	0.00594569	0.00594569	-2.86184	-0.10631	-0.0787302	0.200458	0.200458	-3.58589	-0.850167	-0.675768
724	0.952311	-0.00472661	-0.00472661	-3.1698	-0.121035	-0.0827995	-0.159357	-0.159357	-3.97176	-0.976157	-0.739301
724	1.12365	0.0371242	0.027678	-3.02439	-0.57603	-0.503394	1.25163	0.931867	-3.78956	-2.29614	-2.25342
724	0.978587	0.036478	0.036478	-2.83799	-0.0728029	-0.0589994	1.22985	1.22985	-3.55601	-0.559885	-0.464867
724	0.962837	0.0732924	0.0732924	-3.24741	-0.0218847	-0.0220249	2.47104	2.47104	-4.069	-0.21456	-0.16618
724	0.976432	0.0940157	0.0940157	-2.7954	-0.00468817	-0.0155532	3.16972	3.16972	-3.50264	-0.0385131	-0.103147
724	1.0134	0.0658904	0.0658904	-2.71232	-0.108297	-0.0567012	2.22148	2.22148	-3.39853	-0.60883	-0.324053
724	1.00895	0.0208488	0.0208488	-3.3372	-0.124575	-0.0750588	0.702911	0.702911	-4.18151	-0.798993	-0.552757
724	0.948685	0.0588033	0.0588033	-2.94229	-0.0516898	-0.0360865	1.98254	1.98254	-3.68669	-0.451638	-0.288805
724	0.964893	0.0605745	0.0605745	-2.95496	-0.0554842	-0.0522382	2.04226	2.04226	-3.70256	-0.450075	-0.348517
724	1.00974	0.0597159	0.0597159	-2.98814	-0.13116	-0.0660802	2.01331	2.01331	-3.74414	-0.693539	-0.407961
724	1.02612	0.0707581	0.0707581	-2.70363	-0.115243	-0.0552579	2.3856	2.3856	-3.38765	-0.635254	-0.314543
724	1.06572	0.019139	0.019139	-3.16604	-0.342751	-0.33496	0.645269	0.645269	-3.96704	-1.47905	-1.4014
724	0.960566	0.0779377	0.0779377	-3.05068	-0.0278071	-0.00128556	2.62765	2.62765	-3.8225	-0.248918	-0.0115465
724	0.956204	-0.0322559	-0.0322559	-2.81692	-0.117384	-0.115466	-1.0875	-1.0875	-3.5296	-1.27901	-1.11346
724	0.889037	0.0289186	0.0289186	-2.87195	-0.0559894	-0.0448126	0.974984	0.974984	-3.59856	-0.542313	-0.430925
724	1.04783	0.0787606	0.0787606	-3.28408	-0.194929	-0.112731	2.6554	2.6554	-4.11495	-0.773102	-0.56698
724	1.00321	0.018542	0.018542	-2.92138	-0.105247	-0.103233	0.625139	0.625139	-3.66049	-0.709501	-0.679717
724	1.04878	0.0960027	0.0960027	-3.18003	-0.15841	-0.0833083	3.23671	3.23671	-3.98458	-0.705784	-0.42399
724	0.990173	0.0292255	0.0292255	-3.23841	-0.0823164	-0.082837	0.98533	0.98533	-4.05772	-0.630617	-0.551852
724	0.995344	0.0354158	0.0354158	-2.83833	-0.0895801	-0.070832	1.19404	1.19404	-3.55643	-0.64456	-0.486977
724	0.940949	0.181091	0.181091	-2.79962	0.0798949	0.0952642	6.10546	6.10546	-3.50793	0.71173	0.765458
724	1.02023	0.105395	0.105395	-2.98982	-0.0819544	-0.0582394	3.55335	3.55335	-3.74624	-0.450964	-0.287948
724	1.01278	0.0609508	0.0609508	-3.14173	-0.0991146	-0.0578278	2.05494	2.05494	-3.93658	-0.562306	-0.353571
724	1.01795	0.0893958	0.0893958	-3.00836	-0.0522292	-0.0405437	3.01396	3.01396	-3.76947	-0.352111	-0.235716
724	0.992974	0.039556	0.039556	-2.87805	-0.0889409	-0.0817639	1.33362	1.33362	-3.6062	-0.668128	-0.51048
724	0.997853	0.102847	0.102847	-3.06617	-0.0430322	0.00756437	3.46746	3.46746	-3.84191	-0.278327	0.0551296
724	1.00183	0.135578	0.135578	-2.44174	0.000276691	0.00661178	4.57099	4.57099	-3.0595	0.00177315	0.0382243
724	0.98647	0.0251875	0.0251875	-3.15543	-0.0775794	-0.0870316	0.849192	0.849192	-3.95376	-0.652438	-0.575875
724	1.0345	0.0631522	0.0631522	-2.88062	-0.170528	-0.0562481	2.12916	2.12916	-3.60942	-0.835071	-0.3816
724	1.02058	0.0190319	0.0190319	-2.80802	-0.137283	-0.111559	0.641658	0.641658	-3.51845	-0.831735	-0.629351
724	0.981188	0.0369082	0.0369082	-3.02144	-0.0671256	-0.059392	1.24435	1.24435	-3.78586	-0.601035	-0.45385
724	1.01691	0.0327665	0.0327665	-2.75481	-0.0951465	-0.111291	1.10472	1.10472	-3.45178	-0.609695	-0.587104
724	0.992818	0.0220887	0.0220887	-3.13312	-0.125891	-0.103049	0.744714	0.744714	-3.9258	-0.780188	-0.639332
724	0.982237	0.0514554	0.0514554	-2.68271	-0.0630815	-0.0663236	1.73481	1.73481	-3.36144	-0.504032	-0.430511
724	0.89739	0.101041	0.101041	-2.73774	0.0181079	0.0249736	3.40657	3.40657	-3.43039	0.198752	0.242561
724	1.01531	0.0626928	0.0626928	-2.71113	-0.102158	-0.0606519	2.11367	2.11367	-3.39705	-0.601024	-0.39045
724	0.994441	0.0463431	0.0463431	-2.94647	-0.101958	-0.0580925	1.56245	1.56245	-3.69193	-0.622623	-0.368199
724	0.918931	0.0151351	0.0151351	-3.13356	-0.0932133	-0.0951009	0.510278	0.510278	-3.92635	-0.708244	-0.669099
724	0.966476	0.0660718	0.0660718	-2.90942	-0.0664334	-0.0535794	2.2276	2.2276	-3.64551	-0.547328	-0.328474
724	1.07264	0.0800435	0.0800435	-3.10946	-0.27108	-0.238618	2.69865	2.69865	-3.89615	-1.17474	-1.05189
724	0.987421	0.0518618	0.0518618	-2.8027	-0.076339	-0.0289363	1.74851	1.74851	-3.51179	-0.554792	-0.23853
724	0.953605	0.0362822	0.0362822	-2.75709	-0.0680283	-0.0602131	1.22325	1.22325	-3.45463	-0.601422	-0.453119
724	1.02784	0.115435	0.115435	-2.92882	-0.0925214	-0.0229068	3.89187	3.89187	-3.66981	-0.504612	-0.128434
724	0.903045	0.050318	0.050318	-2.87332	-0.0418257	-0.0175452	1.69646	1.69646	-3.60027	-0.446412	-0.175165
724	0.982543	0.0648765	0.0648765	-2.82984	-0.0558067	-0.0299222	2.1873	2.1873	-3.54579	-0.483821	-0.23861
724	0.955505	0.0151982	0.0151982	-2.93	-0.0969807	-0.0617721	0.512403	0.512403	-3.67129	-0.763773	-0.617108
724	0.970154	0.0255547	0.0255547	-3.13132	-0.0797517	-0.0917791	0.861572	0.861572	-3.92354	-0.680851	-0.577061
724	1.02412	0.0410112	0.0410112	-3.32867	-0.103119	-0.135382	1.38268	1.38268	-4.17083	-0.668627	-0.626498
724	1.0417	0.0872292	0.0872292	-3.27501	-0.161824	-0.0877222	2.94091	2.94091	-4.10359	-0.800396	-0.457255
724	0.972652	0.0245031	0.0245031	-2.72333	-0.053254	-0.0718671	0.826118	0.826118	-3.41233	-0.657817	-0.573462
724	0.9349	0.101732	0.101732	-2.79893	0.0141078	0.0212074	3.42988	3.42988	-3.50706	0.141282	0.19362
724	0.940061	0.0517653	0.0517653	-2.93274	-0.0669132	-0.0477888	1.74526	1.74526	-3.67472	-0.51204	-0.354247
724	1.01265	0.0739932	0.0739932	-2.97465	-0.0490245	-0.0437528	2.49467	2.49467	-3.72723	-0.350572	-0.266398
724	0.901208	0.026059	0.026059	-2.84643	-0.0636001	-0.0621161	0.878575	0.878575	-3.56657	-0.69748	-0.504575
724	0.969832	0.078375	0.078375	-3.01626	-0.0248756	-0.0426794	2.6424	2.6424	-3.77937	-0.217506	-0.238044
724	0.964713	0.0674517	0.0674517	-2.7093	-0.0547047	-0.0282242	2.27412	2.27412	-3.39475	-0.422431	-0.2058
724	0.958915	-0.00215763	-0.00215763	-2.8766	-0.136975	-0.0989405	-0.0727441	-0.0727441	-3.60438	-0.975112	-0.743063
724	0.93464	0.0763396	0.0763396	-3.20497	-0.0273016	-0.00826986	2.57377	2.57377	-4.01582	-0.234703	-0.0706896
724	1.02485	0.0689108	0.0689108	-3.10454	-0.133269	-0.092038	2.32331	2.32331	-3.88999	-0.649536	-0.448901
724	0.998834	0.0386693	0.0386693	-2.98243	-0.0685143	-0.0831875	1.30373	1.30373	-3.73698	-0.594379	-0.533381
724	0.908538	0.100441	0.100441	-2.90175	0.00469434	0.0321212	3.38634	3.38634	-3.6359	0.0474375	0.32635
724	0.917107	0.0508448	0.0508448	-2.63489	-0.0379666	-0.039929	1.71422	1.71422	-3.30152	-0.379454	-0.349315
724	0.956801	0.0702919	0.0702919	-3.00203	-0.0442785	-0.0299499	2.36987	2.36987	-3.76154	-0.343935	-0.189597
724	1.07022	0.0172508	0.0172508	-3.2397	-0.278049	-0.281695	0.581605	0.581605	-4.05934	-1.14019	-1.11932
724	1.00802	0.0513359	0.0513359	-2.60094	-0.0768334	-0.108786	1.73078	1.73078	-3.25898	-0.560503	-0.574824
724	0.979763	0.0797128	0.0797128	-3.02333	-0.0321535	-0.00607512	2.6875	2.6875	-3.78823	-0.242968	-0.0508266
724	1.03143	0.03507	0.03507	-2.91567	-0.192815	-0.105781	1.18238	1.18238	-3.65334	-0.988046	-0.54914
724	0.924968	0.0325029	0.0325029	-3.07431	-0.0651893	-0.0496102	1.09583	1.09583	-3.85211	-0.616283	-0.443142
724	0.935698	0.0557132	0.0557132	-2.8267	-0.0469575	-0.0169926	1.87836	1.87836	-3.54186	-0.41017	-0.158964
724	0.866161	0.0628808	0.0628808	-3.04409	-0.0180412	-0.0117973	2.12001	2.12001	-3.81424	-0.210112	-0.11549
724	0.96714	0.104907	0.104907	-2.79227	-0.0133735	0.0205698	3.53691	3.53691	-3.49871	-0.102111	0.169879
724	0.988724	0.0646766	0.0646766	-2.80238	-0.0633705	-0.0459726	2.18056	2.18056	-3.51138	-0.476887	-0.31171
724	0.959129	0.0690982	0.0690982	-3.12197	-0.033402	-0.0211004	2.32963	2.32963	-3.91183	-0.290543	-0.164414
724	0.951916	0.0407819	0.0407819	-3.06151	-0.0684581	-0.0519688	1.37495	1.37495	-3.83608	-0.533542	-0.435978
724	1.01072	0.0622425	0.0622425	-3.14892	-0.0635066	-0.0788367	2.09849	2.09849	-3.9456	-0.457108	-0.424195
724	0.983566	0.101754	0.101754	-2.74207	-0.000669225	0.00294168	3.4306	3.4306	-3.43582	-0.00601864	0.0214936
724	1.04046	0.0674826	0.0674826	-3.34709	-0.140447	-0.0915421	2.27516	2.27516	-4.1939	-0.733037	-0.491908
724	1.01064	0.0540486	0.0540486	-3.30166	-0.0696365	-0.04759	1.82224	1.82224	-4.13697	-0.486397	-0.353504
724	1.03035	0.00165899	0.00165899	-3.01104	-0.222883	-0.14774	0.0559324	0.0559324	-3.77283	-1.03967	-0.787378
724	1.0268	0.00285084	0.00285084	-3.3135	-0.147349	-0.118806	0.0961154	0.0961154	-4.15181	-0.914274	-0.764171
724	0.991011	0.108944	0.108944	-2.67521	-0.00471454	0.0188443	3.67301	3.67301	-3.35204	-0.0320675	0.144904
724	0.95263	0.0504145	0.0504145	-2.45565	-0.0670758	-0.0537476	1.69972	1.69972	-3.07693	-0.475087	-0.397544
724	1.0041	0.0717124	0.0717124	-2.86872	-0.0921962	-0.0644449	2.41777	2.41777	-3.59451	-0.629202	-0.337749
724	1.00358	0.0595369	0.0595369	-2.85487	-0.0656246	-0.0592017	2.00727	2.00727	-3.57715	-0.471546	-0.389424
724	1.06029	0.0362394	0.0362394	-2.73962	-0.31401	-0.308298	1.2218	1.2218	-3.43274	-1.19247	-1.12576
724	1.00179	0.0547227	0.0547227	-2.7061	-0.108494	-0.0544101	1.84496	1.84496	-3.39074	-0.69379	-0.357753
724	1.03249	0.0538897	0.0538897	-3.21669	-0.168965	-0.104844	1.81688	1.81688	-4.03051	-0.813038	-0.582053
724	0.958115	0.0168695	0.0168695	-3.25669	-0.0828519	-0.0871541	0.568753	0.568753	-4.08063	-0.780319	-0.604979
724	1.08093	0.0764367	0.0764367	-2.78781	-0.415783	-0.274444	2.57705	2.57705	-3.49313	-1.65211	-1.03957
724	1.07068	-0.0464567	-0.0464567	-3.0304	-0.359543	-0.364489	-1.56628	-1.56628	-3.7971	-1.55565	-1.34051
724	0.965168	0.0493809	0.0493809	-2.74956	-0.0753734	-0.0447547	1.66486	1.66486	-3.4452	-0.49255	-0.349101
724	1.03255	0.12342	0.12342	-2.68524	-0.117511	-0.0789071	4.16106	4.16106	-3.3646	-0.589061	-0.359081
724	0.928261	0.0513505	0.0513505	-2.86461	-0.0423261	-0.0333705	1.73127	1.73127	-3.58935	-0.406502	-0.291281
724	0.975542	0.0558772	0.0558772	-2.52425	-0.0585116	-0.0577616	1.88389	1.88389	-3.16288	-0.475668	-0.393421
724	1.10931	0.0165208	0.0124736	-2.933	-0.564867	-0.448311	0.556994	0.420256	-3.67505	-2.18137	-1.85464
724	1.03843	0.0805184	0.0805184	-2.62323	-0.14719	-0.158439	2.71466	2.71466	-3.2869	-0.765268	-0.693825
724	0.930612	0.0202028	0.0202028	-2.57533	-0.0886399	-0.0759911	0.681134	0.681134	-3.22689	-0.799301	-0.612637
724	1.01739	0.0714721	0.0714721	-2.8403	-0.0659935	-0.0451865	2.40967	2.40967	-3.55889	-0.469761	-0.303634
724	0.923147	0.0972658	0.0972658	-2.93742	-0.0125275	0.0141073	3.2793	3.2793	-3.68059	-0.111193	0.125295
724	0.998758	0.0446528	0.0446528	-2.91813	-0.100692	-0.0771333	1.50546	1.50546	-3.65642	-0.671071	-0.462023
724	0.952334	0.0538037	0.0538037	-2.96702	-0.0762	-0.0382677	1.81398	1.81398	-3.71768	-0.537055	-0.311283
724	1.00153	0.0378714	0.0378714	-2.54099	-0.131217	-0.102425	1.27683	1.27683	-3.18386	-0.66665	-0.534433
724	1.06891	0.0400503	0.0400503	-3.15494	-0.303293	-0.267527	1.35029	1.35029	-3.95314	-1.18556	-1.1011
724	1.05312	0.0414072	0.0414072	-2.80506	-0.209463	-0.203121	1.39603	1.39603	-3.51474	-0.850955	-0.813432
724	0.979634	0.0640567	0.0640567	-2.6326	-0.081492	-0.0529655	2.15966	2.15966	-3.29865	-0.496193	-0.339532
724	1.00215	0.0715639	0.0715639	-3.22462	-0.091039	-0.0648894	2.41276	2.41276	-4.04045	-0.53168	-0.413426
724	1.05172	0.0551257	0.0551257	-3.10472	-0.255782	-0.180391	1.85855	1.85855	-3.89021	-1.149	-0.793844
724	1.03008	0.0547141	0.0547141	-2.7857	-0.189058	-0.134143	1.84468	1.84468	-3.49048	-0.892301	-0.613993
724	1.00656	0.0225515	0.0225515	-3.0512	-0.118536	-0.116323	0.760317	0.760317	-3.82316	-0.796057	-0.616238
724	0.965125	0.0239811	0.0239811	-3.42434	-0.0741203	-0.0957622	0.808518	0.808518	-4.2907	-0.671008	-0.615286
724	1.07113	0.077804	0.077804	-2.86782	-0.268629	-0.251859	2.62315	2.62315	-3.59337	-1.09922	-0.964331
724	0.996868	-0.0378835	-0.0378835	-3.23876	-0.13248	-0.162944	-1.27724	-1.27724	-4.05816	-1.15792	-0.903475
724	1.00637	0.0288792	0.0288792	-3.24684	-0.157282	-0.0667365	0.973655	0.973655	-4.06829	-0.865151	-0.501982
724	1.08438	0.0566443	0.0566443	-2.80052	-0.440871	-0.383349	1.90975	1.90975	-3.50905	-1.65626	-1.5108
724	1.03311	0.000660569	0.000660569	-2.87244	-0.212745	-0.170182	0.0222709	0.0222709	-3.59917	-1.10034	-0.890382
724	1.08232	0.0948934	0.0948934	-3.28646	-0.311911	-0.266967	3.19931	3.19931	-4.11794	-1.29379	-0.988683
724	0.947574	0.100463	0.100463	-2.58804	-0.00910779	0.0121415	3.38708	3.38708	-3.24281	-0.0703777	0.104095
724	0.948101	0.0732546	0.0732546	-2.80514	-0.00300775	-0.0276863	2.46976	2.46976	-3.51484	-0.0333493	-0.205127
724	0.900297	0.0186505	0.0186505	-2.72534	-0.0775173	-0.0559276	0.628798	0.628798	-3.41485	-0.723927	-0.511057
724	0.97733	0.0360307	0.0360307	-3.17264	-0.114332	-0.0939493	1.21477	1.21477	-3.97532	-0.694521	-0.57361
724	1.0424	0.078872	0.078872	-2.72942	-0.203535	-0.157955	2.65915	2.65915	-3.41997	-0.878037	-0.653376
724	1.03608	0.0746087	0.0746087	-2.37446	-0.154601	-0.136022	2.51542	2.51542	-2.9752	-0.673373	-0.552215
724	1.05454	0.0306344	0.0306344	-2.96679	-0.263203	-0.252499	1.03283	1.03283	-3.71739	-1.11065	-0.969899
724	0.932721	0.0208906	0.0208906	-2.82047	-0.0748074	-0.0683222	0.704322	0.704322	-3.53405	-0.723425	-0.555075
724	0.970236	0.124965	0.124965	-2.6604	0.0291355	0.00990396	4.21318	4.21318	-3.33348	0.298467	0.0665039
724	0.911874	0.0510954	0.0510954	-3.12766	-0.0358272	-0.0346147	1.72267	1.72267	-3.91896	-0.379211	-0.276884
724	1.05493	0.116262	0.116262	-2.80046	-0.170004	-0.128685	3.91976	3.91976	-3.50897	-0.719522	-0.553235
724	1.07264	0.0922006	0.0922006	-2.88111	-0.323531	-0.254269	3.10852	3.10852	-3.61004	-1.38531	-1.10246
724	1.05371	0.0662601	0.0662601	-2.70232	-0.228035	-0.142829	2.23394	2.23394	-3.386	-1.11267	-0.666066
724	0.972266	0.00178028	0.00178028	-3.27095	-0.0930949	-0.11478	0.0600217	0.0600217	-4.0985	-0.888357	-0.721007
724	1.06174	0.0994356	0.0994356	-3.0521	-0.234591	-0.208893	3.35245	3.35245	-3.82428	-0.890948	-0.903084
724	1.074	0.128918	0.128918	-2.88749	-0.223961	-0.202874	4.34643	4.34643	-3.61803	-0.785015	-0.802366
724	1.0246	0.0553518	0.0553518	-2.62876	-0.0865501	-0.0838786	1.86617	1.86617	-3.29384	-0.558105	-0.470909
724	0.997533	0.0338625	0.0338625	-2.77486	-0.144546	-0.0782271	1.14167	1.14167	-3.4769	-0.776281	-0.476836
724	1.00475	0.0633291	0.0633291	-2.61616	-0.0776526	-0.0787031	2.13513	2.13513	-3.27804	-0.555158	-0.429743
724	0.891664	0.0508995	0.0508995	-2.90239	-0.0386486	-0.0162123	1.71607	1.71607	-3.6367	-0.375038	-0.166186
724	1.01343	0.112472	0.112472	-2.79058	-0.0598481	-0.0072249	3.79196	3.79196	-3.49659	-0.330657	-0.0440509
724	1.02002	0.0849218	0.0849218	-3.10877	-0.0726973	-0.0354464	2.86312	2.86312	-3.89529	-0.428049	-0.207614
724	0.972346	0.0752313	0.0752313	-2.47381	-0.0282773	-0.0287339	2.53641	2.53641	-3.09968	-0.253958	-0.200836
724	1.03595	0.0947142	0.0947142	-2.96163	-0.122995	-0.0829415	3.19327	3.19327	-3.71092	-0.576897	-0.404719
724	1.05007	0.105968	0.105968	-2.8583	-0.149488	-0.132324	3.57269	3.57269	-3.58145	-0.729305	-0.517083
724	1.05672	0.0456543	0.0456543	-2.72035	-0.264503	-0.19982	1.53922	1.53922	-3.4086	-1.12099	-0.726007
724	1.00206	0.0583607	0.0583607	-2.97032	-0.0865429	-0.0820464	1.96762	1.96762	-3.72181	-0.559897	-0.4726
724	1.0306	0.0694555	0.0694555	-2.73362	-0.181933	-0.0843847	2.34168	2.34168	-3.42523	-0.859466	-0.478664
724	0.98677	-0.0140706	-0.0140706	-3.00519	-0.13108	-0.120499	-0.474387	-0.474387	-3.7655	-1.01436	-0.850829
724	0.939787	0.127807	0.127807	-2.99856	0.0340592	0.0305615	4.30898	4.30898	-3.75719	0.32902	0.234209
724	0.994096	0.100143	0.100143	-3.15437	-0.0123858	-0.00691793	3.37629	3.37629	-3.95243	-0.0992883	-0.0446021
724	1.01683	0.0179084	0.0179084	-3.16534	-0.178273	-0.121304	0.603777	0.603777	-3.96617	-0.889945	-0.699406
724	0.983481	0.108392	0.108392	-2.56135	-0.0138063	0.020048	3.65442	3.65442	-3.20937	-0.105605	0.158182
724	1.03536	0.0511453	0.0511453	-2.90445	-0.143418	-0.111205	1.72435	1.72435	-3.63927	-0.752758	-0.577175
724	0.943715	0.0225363	0.0225363	-2.54999	-0.108389	-0.0722598	0.759805	0.759805	-3.19514	-0.718136	-0.51199
724	0.915129	0.0371247	0.0371247	-2.83093	-0.0624243	-0.051121	1.25165	1.25165	-3.54715	-0.61499	-0.410412
724	0.931137	0.0062837	0.0062837	-3.09179	-0.0839767	-0.0677521	0.211854	0.211854	-3.87402	-0.902847	-0.635135
724	0.953573	0.0317355	0.0317355	-2.75686	-0.0737662	-0.0528302	1.06996	1.06996	-3.45435	-0.656477	-0.416876
724	0.982075	0.0537581	0.0537581	-3.3997	-0.0373354	-0.0884753	1.81244	1.81244	-4.25982	-0.349638	-0.488523
724	1.03936	0.121777	0.121777	-3.05119	-0.127572	-0.0307138	4.10568	4.10568	-3.82314	-0.606687	-0.164856
724	1.01048	0.0616088	0.0616088	-2.91445	-0.0640546	-0.0610256	2.07713	2.07713	-3.65181	-0.484028	-0.36035
724	1.0114	0.100224	0.100224	-3.30686	-0.0847771	-0.0267524	3.37904	3.37904	-4.1435	-0.473241	-0.147623
724	0.888617	0.0316176	0.0316176	-2.86526	-0.0475263	-0.0401646	1.06598	1.06598	-3.59017	-0.552694	-0.364489
724	1.06085	0.0632865	0.0632865	-2.9043	-0.259072	-0.236964	2.13369	2.13369	-3.63908	-1.09332	-0.939082
724	0.920352	0.0315974	0.0315974	-3.23289	-0.0727611	-0.055903	1.0653	1.0653	-4.05081	-0.660126	-0.474937
724	0.975806	0.0562931	0.0562931	-2.86573	-0.0926812	-0.0546714	1.89791	1.89791	-3.59075	-0.60688	-0.375198
724	0.906243	0.0674418	0.0674418	-2.59954	-0.0223045	-0.015396	2.27379	2.27379	-3.25723	-0.245788	-0.127022
724	1.00796	0.051446	0.051446	-2.91472	-0.0622333	-0.0555038	1.73449	1.73449	-3.65214	-0.472095	-0.369623
724	1.01488	0.0604372	0.0604372	-2.77135	-0.0966087	-0.0462423	2.03763	2.03763	-3.4725	-0.599356	-0.310603
724	1.04422	0.0675363	0.0675363	-3.11102	-0.13502	-0.134802	2.27697	2.27697	-3.89811	-0.624566	-0.687517
724	0.962841	0.0552808	0.0552808	-2.71436	-0.102206	-0.0220012	1.86378	1.86378	-3.40109	-0.619841	-0.207093
724	1.07755	0.0757102	0.0757102	-2.78174	-0.388126	-0.30814	2.55255	2.55255	-3.48552	-1.39866	-1.09257
724	1.02338	0.0999738	0.0999738	-2.61662	-0.0695648	-0.0525951	3.3706	3.3706	-3.27863	-0.380842	-0.274836
724	1.0211	0.0510423	0.0510423	-2.98536	-0.0898942	-0.114468	1.72088	1.72088	-3.74066	-0.513905	-0.596599
724	1.00733	0.0443569	0.0443569	-2.82815	-0.100007	-0.114647	1.49548	1.49548	-3.54367	-0.67372	-0.645744
724	0.935898	0.089816	0.089816	-2.61831	-0.0412165	-0.00955581	3.02813	3.02813	-3.28074	-0.307415	-0.068965
724	0.943048	0.0912731	0.0912731	-2.86881	-0.0336709	0.0123073	3.07725	3.07725	-3.59462	-0.227825	0.111389
724	0.992552	0.0741979	0.0741979	-3.06433	-0.0783044	-0.0272118	2.50157	2.50157	-3.83961	-0.495737	-0.20333
724	0.979537	0.0571126	0.0571126	-2.92951	-0.0471268	-0.0522253	1.92554	1.92554	-3.67068	-0.414163	-0.354213
724	0.962352	0.0191817	0.0191817	-2.7662	-0.128982	-0.0712311	0.646705	0.646705	-3.46605	-0.825378	-0.531064
724	0.966644	0.0634849	0.0634849	-2.67289	-0.0749495	-0.069627	2.14038	2.14038	-3.34913	-0.470596	-0.392194
724	0.927042	0.129442	0.129442	-2.67887	0.0246656	0.0377577	4.3641	4.3641	-3.35662	0.224899	0.296581
724	0.980152	0.087559	0.087559	-2.66579	-0.0175027	-0.0208807	2.95203	2.95203	-3.34024	-0.162076	-0.139056
724	0.984031	-0.00583818	-0.00583818	-3.41637	-0.152199	-0.121764	-0.196833	-0.196833	-4.28071	-0.972358	-0.792128
724	0.981892	0.0981973	0.0981973	-3.10218	0.002383	0.00590249	3.3107	3.3107	-3.88703	0.0234289	0.0475679
724	1.05673	0.0185513	0.0185513	-2.67056	-0.292674	-0.22553	0.625453	0.625453	-3.34622	-1.16693	-0.948372
724	0.976918	0.146674	0.146674	-2.85985	0.0106495	0.0396569	4.94508	4.94508	-3.58339	0.0767561	0.281859
724	0.965056	0.0907132	0.0907132	-3.11458	-0.0067938	-0.0259218	3.05838	3.05838	-3.90256	-0.0616793	-0.176928
724	0.988846	0.0579893	0.0579893	-2.89983	-0.0631835	-0.0550852	1.9551	1.9551	-3.63349	-0.465954	-0.355522
724	0.981546	0.0689145	0.0689145	-2.99083	-0.0810658	-0.0122809	2.32344	2.32344	-3.74751	-0.480426	-0.110554
724	0.932419	0.0236387	0.0236387	-2.94817	-0.0914596	-0.0520463	0.796974	0.796974	-3.69406	-0.7102	-0.518684
724	0.960966	0.0589031	0.0589031	-2.6771	-0.0517193	-0.0631547	1.98591	1.98591	-3.35441	-0.444679	-0.401121
724	1.01287	0.0340497	0.0340497	-2.72372	-0.107643	-0.0799741	1.14798	1.14798	-3.41283	-0.707951	-0.514189
724	0.918161	0.115651	0.115651	-2.89327	0.0268218	0.0353185	3.89915	3.89915	-3.62527	0.273663	0.343869
724	0.911725	0.0107133	0.0107133	-2.76891	-0.0990592	-0.0667599	0.361195	0.361195	-3.46945	-0.887811	-0.695874
724	0.923161	0.0900849	0.0900849	-2.88174	0.0106213	0.0182449	3.03719	3.03719	-3.61083	0.111389	0.182001
724	1.0621	0.129398	0.129398	-2.8761	-0.263303	-0.126642	4.36263	4.36263	-3.60375	-1.15638	-0.526857
724	0.99569	0.0837543	0.0837543	-2.61101	-0.0138198	-0.0358124	2.82376	2.82376	-3.27159	-0.108099	-0.226148
724	0.865109	0.0478922	0.0478922	-3.10128	-0.0305082	-0.0180464	1.61468	1.61468	-3.88591	-0.353339	-0.207276
724	1.02258	0.0828873	0.0828873	-2.76369	-0.100166	-0.0401593	2.79453	2.79453	-3.46291	-0.516901	-0.240449
724	0.992657	0.0503976	0.0503976	-2.77615	-0.0794258	-0.0665522	1.69914	1.69914	-3.47851	-0.586342	-0.426531
724	1.00699	0.0580798	0.0580798	-2.67794	-0.0730931	-0.0336737	1.95815	1.95815	-3.35546	-0.519472	-0.253638
724	0.919311	0.133859	0.133859	-2.76702	0.0320109	0.0515253	4.51304	4.51304	-3.46707	0.30444	0.449084
724	1.01238	0.0813787	0.0813787	-2.77292	-0.0367801	-0.0455602	2.74367	2.74367	-3.47447	-0.295832	-0.279281
724	0.969206	-0.0320985	-0.0320985	-2.67175	-0.145691	-0.129594	-1.08219	-1.08219	-3.3477	-1.06086	-1.01819
724	0.984083	0.0522104	0.0522104	-3.30444	-0.0680717	-0.0613062	1.76026	1.76026	-4.14047	-0.515678	-0.405531
724	0.91876	0.0885171	0.0885171	-2.58606	-0.00475902	0.00833948	2.98433	2.98433	-3.24034	-0.0447114	0.0701108
724	0.999858	0.0470476	0.0470476	-2.62269	-0.0990648	-0.054024	1.5862	1.5862	-3.28623	-0.671255	-0.402263
724	1.06483	0.0880638	0.0880638	-3.10972	-0.189471	-0.165389	2.96905	2.96905	-3.89648	-0.916169	-0.639162
724	0.975576	0.0986088	0.0986088	-2.91204	-0.0394319	0.0190071	3.32457	3.32457	-3.64879	-0.244077	0.16641
724	1.00153	0.0963425	0.0963425	-2.54214	-0.0669028	-0.0211013	3.24817	3.24817	-3.1853	-0.381281	-0.145986
724	0.928332	-0.0343246	-0.0343246	-2.95857	-0.173588	-0.121285	-1.15725	-1.15725	-3.70709	-1.1866	-0.976244
724	1.00037	0.0450499	0.0450499	-2.79743	-0.0742546	-0.0595426	1.51885	1.51885	-3.50518	-0.528027	-0.381356
724	0.98101	0.0506686	0.0506686	-3.32951	-0.0672111	-0.0367726	1.70828	1.70828	-4.17188	-0.520062	-0.287592
724	0.91007	0.089914	0.089914	-2.67006	-0.00395812	0.0127173	3.03143	3.03143	-3.34559	-0.040898	0.105147
724	1.02627	0.0503517	0.0503517	-2.85749	-0.128728	-0.074599	1.6976	1.6976	-3.58043	-0.674051	-0.452797
724	0.981135	0.0922904	0.0922904	-2.39266	-0.0349401	-0.0120622	3.11155	3.11155	-2.99801	-0.239347	-0.0887786
724	0.8496	0.0122895	0.0122895	-3.15414	-0.0767192	-0.0560259	0.414338	0.414338	-3.95214	-0.844015	-0.527476
724	0.92817	0.0467969	0.0467969	-2.56352	-0.0674269	-0.0297025	1.57775	1.57775	-3.21209	-0.556418	-0.283246
724	0.969264	0.0626067	0.0626067	-2.98883	-0.0649664	-0.0336207	2.11077	2.11077	-3.745	-0.429783	-0.263513
724	0.941152	0.0675062	0.0675062	-2.68106	-0.0445712	-0.0152905	2.27596	2.27596	-3.35937	-0.311021	-0.137249
724	0.996095	0.00279221	0.00279221	-2.6532	-0.133644	-0.100759	0.0941388	0.0941388	-3.32446	-0.863278	-0.640338
724	0.999886	0.0706821	0.0706821	-2.73159	-0.0546438	-0.0563312	2.38303	2.38303	-3.42268	-0.355724	-0.352138
724	1.08557	0.105551	0.105551	-2.70073	-0.36876	-0.385239	3.55864	3.55864	-3.38401	-1.5273	-1.73594
724	1.00967	0.0353231	0.0353231	-3.05925	-0.0767122	-0.109997	1.19091	1.19091	-3.83324	-0.56876	-0.61103
724	0.997204	0.0840818	0.0840818	-3.19647	-0.0681719	-0.0307842	2.8348	2.8348	-4.00518	-0.415314	-0.212543
724	0.967057	0.0126279	0.0126279	-3.42143	-0.103429	-0.0796449	0.425745	0.425745	-4.28705	-0.809884	-0.621131
724	1.03267	0.0631616	0.0631616	-2.76406	-0.128547	-0.135219	2.12948	2.12948	-3.46337	-0.78378	-0.59279
724	1.02842	0.0935144	0.0935144	-3.05854	-0.130115	-0.0810087	3.15282	3.15282	-3.83236	-0.573464	-0.383831
724	0.999773	0.103189	0.103189	-2.82471	-0.0200407	-0.0212904	3.47901	3.47901	-3.53937	-0.144139	-0.126087
724	0.964485	0.0260113	0.0260113	-3.13215	-0.0871807	-0.0722705	0.876966	0.876966	-3.92459	-0.75348	-0.530642
724	0.947958	0.076364	0.076364	-2.34663	-0.0299624	-0.0107437	2.57459	2.57459	-2.94033	-0.265025	-0.0895581
724	0.869376	0.0804957	0.0804957	-2.34233	-0.0103455	0.0025544	2.7139	2.7139	-2.93494	-0.100054	0.0234264
724	0.953269	0.00715309	0.00715309	-2.93836	-0.0761809	-0.0835334	0.241165	0.241165	-3.68177	-0.835542	-0.709318
724	1.01302	0.0389964	0.0389964	-2.98156	-0.105354	-0.0930296	1.31475	1.31475	-3.73589	-0.664225	-0.55247
724	1.05907	0.048151	0.048151	-3.00424	-0.329321	-0.196324	1.6234	1.6234	-3.76432	-1.33545	-0.78216
724	0.95787	0.079642	0.079642	-2.81136	-0.0633817	-0.00750058	2.68511	2.68511	-3.52263	-0.453836	-0.067147
724	0.991223	0.065214	0.065214	-2.63741	-0.0394097	-0.055102	2.19868	2.19868	-3.30468	-0.332224	-0.368257
724	1.00927	0.0942773	0.0942773	-2.80536	-0.0449565	-0.0579052	3.17854	3.17854	-3.51512	-0.32003	-0.309245
724	1.05888	0.0788566	0.0788566	-3.12236	-0.203948	-0.199863	2.65863	2.65863	-3.91232	-0.861218	-0.734013
724	0.950454	0.0697586	0.0697586	-2.99137	-0.0377623	-0.0238265	2.35189	2.35189	-3.74819	-0.309843	-0.191427
724	0.956047	0.0244367	0.0244367	-3.17957	-0.112979	-0.0674781	0.823877	0.823877	-3.984	-0.888798	-0.550965
724	0.954245	0.0869989	0.0869989	-2.54703	-0.0479145	-0.0118309	2.93315	2.93315	-3.19143	-0.316778	-0.0885939
724	1.01888	-0.000922085	-0.000922085	-2.67973	-0.185136	-0.148412	-0.0310879	-0.0310879	-3.35771	-0.892954	-0.745428
724	1.01551	0.0594607	0.0594607	-2.4851	-0.125921	-0.0904135	2.0047	2.0047	-3.11383	-0.711557	-0.495878
724	0.934867	0.0892646	0.0892646	-2.86341	-0.0312622	0.00342477	3.00954	3.00954	-3.58785	-0.268202	0.0288647
724	1.00154	0.0644751	0.0644751	-3.20243	-0.0612836	-0.0345738	2.17376	2.17376	-4.01264	-0.437825	-0.233556
724	1.05249	0.105584	0.105584	-2.39281	-0.197661	-0.188099	3.55976	3.55976	-2.9982	-0.786436	-0.788131
724	0.886001	0.076462	0.076462	-2.70346	-0.0042845	-0.00026789	2.5779	2.5779	-3.38743	-0.0480664	-0.00250031
724	1.07302	0.00924253	0.00924253	-2.71779	-0.394975	-0.344728	0.31161	0.31161	-3.40539	-1.45739	-1.30598
724	0.994425	0.0432041	0.0432041	-3.17682	-0.0582339	-0.0860007	1.45662	1.45662	-3.98055	-0.49283	-0.499166
724	1.02121	0.0766305	0.0766305	-3.06103	-0.0946542	-0.0649092	2.58358	2.58358	-3.83547	-0.58235	-0.389452
724	0.991279	0.0410428	0.0410428	-3.01952	-0.0712948	-0.0612526	1.38375	1.38375	-3.78346	-0.590534	-0.448789
724	0.966979	0.00447245	0.00447245	-2.73	-0.100718	-0.120581	0.150788	0.150788	-3.42069	-0.771073	-0.718333
724	0.982528	0.0658119	0.0658119	-3.15787	-0.0638789	-0.0273958	2.21883	2.21883	-3.95681	-0.434534	-0.219091
724	0.990981	0.00723119	0.00723119	-3.18262	-0.098892	-0.110713	0.243798	0.243798	-3.98783	-0.844717	-0.692793
724	0.987879	0.043139	0.043139	-2.7657	-0.0784284	-0.0680705	1.45442	1.45442	-3.46542	-0.520384	-0.450797
724	1.05548	0.0783779	0.0783779	-3.05363	-0.216301	-0.242763	2.64249	2.64249	-3.8262	-0.937837	-1.01223
724	0.986795	0.030435	0.030435	-3.16045	-0.110937	-0.113501	1.02611	1.02611	-3.96005	-0.654749	-0.666846
724	0.943814	0.0813731	0.0813731	-2.69014	-0.0140734	-0.0221537	2.74347	2.74347	-3.37075	-0.136281	-0.173141
724	1.01455	0.0673934	0.0673934	-2.86294	-0.127126	-0.0786054	2.27215	2.27215	-3.58726	-0.696322	-0.418351
724	0.96245	0.0421266	0.0421266	-2.92663	-0.0602178	-0.0444856	1.42029	1.42029	-3.66706	-0.615804	-0.366317
724	0.942106	-0.00851927	-0.00851927	-3.14029	-0.112106	-0.0876727	-0.287225	-0.287225	-3.93478	-1.00016	-0.74786
724	0.908055	0.12266	0.12266	-2.61563	0.0172571	0.0495783	4.13547	4.13547	-3.27739	0.145229	0.495962
724	1.0141	0.0285505	0.0285505	-2.66353	-0.149508	-0.0765113	0.962573	0.962573	-3.3374	-0.817993	-0.536115
724	0.914984	0.0443229	0.0443229	-2.47338	-0.0458513	-0.0509823	1.49434	1.49434	-3.09915	-0.439092	-0.376563
724	0.89279	0.015868	0.015868	-2.23599	-0.0721055	-0.0585903	0.534986	0.534986	-2.8017	-0.731045	-0.535684
724	1.06396	0.0957913	0.0957913	-3.2382	-0.196812	-0.196081	3.22958	3.22958	-4.05747	-0.812749	-0.799241
724	1.06238	0.0912999	0.0912999	-2.61469	-0.262935	-0.198262	3.07816	3.07816	-3.27621	-1.10195	-0.78763
724	0.916314	0.0512283	0.0512283	-2.7502	-0.0480397	-0.0293747	1.72715	1.72715	-3.44601	-0.448424	-0.27082
724	0.966103	0.109991	0.109991	-2.60788	-0.00297922	-0.0166964	3.70831	3.70831	-3.26768	-0.0253669	-0.0995198
724	1.01945	0.0159337	0.0159337	-2.95609	-0.184539	-0.136825	0.537201	0.537201	-3.70398	-0.826768	-0.774249
724	1.05653	0.0758457	0.0758457	-2.91627	-0.192275	-0.211735	2.55712	2.55712	-3.65408	-0.845929	-0.824872
724	1.05719	-0.034467	-0.034467	-3.3023	-0.296888	-0.239797	-1.16205	-1.16205	-4.13778	-1.40092	-1.13191
724	1.03301	0.0434424	0.0434424	-2.8408	-0.11246	-0.123748	1.46465	1.46465	-3.55952	-0.658	-0.633831
724	0.995748	0.0551207	0.0551207	-2.72895	-0.0838306	-0.0405544	1.85838	1.85838	-3.41938	-0.548364	-0.290043
724	0.961722	0.084166	0.084166	-2.85168	-0.00299915	-0.00884218	2.83764	2.83764	-3.57315	-0.0278171	-0.0744205
724	1.0049	-0.0241144	-0.0241144	-3.0715	-0.165205	-0.134726	-0.813013	-0.813013	-3.8486	-1.22686	-0.89837
724	0.98859	0.144559	0.144559	-2.81477	0.0108474	0.0562978	4.87377	4.87377	-3.5269	0.0761037	0.440787
724	1.08221	0.0486359	0.0486359	-3.17044	-0.363995	-0.285024	1.63975	1.63975	-3.97256	-1.38892	-1.03951
724	0.971875	0.129539	0.129539	-2.69779	0.00852148	0.0297525	4.36737	4.36737	-3.38033	0.0623849	0.213955
724	1.06405	0.0492458	0.0492458	-2.9152	-0.314368	-0.255254	1.66031	1.66031	-3.65274	-1.339	-1.05314
724	1.02723	0.0703942	0.0703942	-2.71291	-0.133493	-0.0814727	2.37333	2.37333	-3.39927	-0.701804	-0.449782
724	0.964157	0.067902	0.067902	-2.67891	-0.0414862	-0.0259013	2.2893	2.2893	-3.35668	-0.327222	-0.213803
724	1.03153	0.0155322	0.0155322	-2.91422	-0.185754	-0.158782	0.523663	0.523663	-3.65151	-0.899365	-0.822873
724	0.907603	0.053429	0.053429	-2.60601	-0.0449939	-0.028023	1.80135	1.80135	-3.26533	-0.411827	-0.23526
724	1.02759	0.114693	0.114693	-2.83019	-0.126771	-0.0184482	3.86684	3.86684	-3.54623	-0.588684	-0.111655
724	1.02122	0.0480009	0.0480009	-3.29266	-0.135288	-0.107261	1.61834	1.61834	-4.1257	-0.679326	-0.552809
724	0.944462	0.080514	0.080514	-2.87506	-0.0418587	-0.0190535	2.71451	2.71451	-3.60245	-0.293279	-0.147683
724	0.887628	0.0503318	0.0503318	-2.75198	-0.0526144	-0.0226677	1.69693	1.69693	-3.44823	-0.448712	-0.216659
724	0.947666	0.0432521	0.0432521	-3.07924	-0.0471714	-0.049964	1.45824	1.45824	-3.85828	-0.477296	-0.361155
724	0.981812	0.033695	0.033695	-2.64787	-0.113312	-0.0597217	1.13602	1.13602	-3.31778	-0.676697	-0.515801
724	0.964594	-0.00921895	-0.00921895	-2.85802	-0.114213	-0.147443	-0.310815	-0.310815	-3.5811	-0.95748	-0.843378
724	0.910848	0.0268838	0.0268838	-2.85689	-0.0509824	-0.0566753	0.906383	0.906383	-3.57969	-0.602995	-0.511492
724	0.871043	0.0862994	0.0862994	-2.63338	-0.000590459	0.0159735	2.90957	2.90957	-3.29962	-0.00622795	0.165662
724	1.00231	0.03192	0.03192	-2.90683	-0.0768494	-0.140808	1.07618	1.07618	-3.64226	-0.627283	-0.688523
724	1.05182	0.0644809	0.0644809	-3.02041	-0.221455	-0.14921	2.17396	2.17396	-3.78457	-0.982039	-0.66338
724	0.895127	0.11033	0.11033	-2.47962	0.0286735	0.0313223	3.71976	3.71976	-3.10697	0.328954	0.27291
724	0.991308	0.0341876	0.0341876	-2.84249	-0.104102	-0.105499	1.15263	1.15263	-3.56164	-0.712828	-0.581992
724	1.05137	0.0863285	0.0863285	-2.88782	-0.224488	-0.187869	2.91055	2.91055	-3.61844	-0.851835	-0.766809
724	1.0113	0.0524178	0.0524178	-3.10756	-0.122301	-0.115487	1.76725	1.76725	-3.89377	-0.703057	-0.626814
724	0.96595	0.0211342	0.0211342	-2.53253	-0.0742653	-0.0508125	0.712536	0.712536	-3.17326	-0.687474	-0.5384
724	0.991908	0.0805912	0.0805912	-2.85184	-0.0545498	-0.0429933	2.71711	2.71711	-3.57335	-0.334237	-0.264211
724	0.983078	0.0186191	0.0186191	-2.52572	-0.114156	-0.075352	0.627739	0.627739	-3.16473	-0.766012	-0.582053
724	0.973373	0.0701577	0.0701577	-3.32019	-0.0394225	-0.0247177	2.36535	2.36535	-4.1602	-0.315553	-0.18181
724	0.970391	0.0342127	0.0342127	-2.8692	-0.0812171	-0.0636888	1.15347	1.15347	-3.59511	-0.618043	-0.465162
724	0.945069	0.0687391	0.0687391	-3.10966	-0.0698111	-0.0196651	2.31753	2.31753	-3.89641	-0.424629	-0.161261
724	1.01497	0.0918467	0.0918467	-3.37067	-0.0517907	-0.0168103	3.09659	3.09659	-4.22345	-0.326303	-0.110457
724	0.997475	0.00163454	0.00163454	-3.00052	-0.131188	-0.120164	0.0551081	0.0551081	-3.75965	-0.750223	-0.764702
724	1.03579	0.0790501	0.0790501	-3.02857	-0.158739	-0.111301	2.66516	2.66516	-3.79479	-0.683416	-0.573985
724	0.998621	0.115299	0.115299	-2.94088	-0.00627472	-0.00887561	3.88728	3.88728	-3.68492	-0.0461365	-0.0511138
724	0.955384	0.0250315	0.0250315	-2.92197	-0.0881456	-0.0666749	0.843931	0.843931	-3.66122	-0.686065	-0.581754
724	1.06916	-0.0361734	-0.0361734	-2.8306	-0.463817	-0.32309	-1.21958	-1.21958	-3.54675	-1.86633	-1.36513
724	0.916868	0.00562225	0.00562225	-2.88113	-0.0860055	-0.0726408	0.189553	0.189553	-3.61006	-0.762414	-0.636481
724	1.00398	0.0716312	0.0716312	-3.00031	-0.044856	-0.0519259	2.41503	2.41503	-3.75938	-0.356984	-0.325205
724	0.918196	0.0199204	0.0199204	-3.17527	-0.0853344	-0.062234	0.671613	0.671613	-3.97861	-0.735119	-0.540166
724	1.00924	0.0857925	0.0857925	-2.68522	-0.0306376	-0.0279906	2.89247	2.89247	-3.36458	-0.242242	-0.186934
724	1.0062	0.0273436	0.0273436	-2.92341	-0.169458	-0.0952328	0.921885	0.921885	-3.66303	-0.945567	-0.534187
724	1.06556	0.0471358	0.0471358	-2.51084	-0.251813	-0.218171	1.58917	1.58917	-3.14609	-1.0773	-0.93898
724	0.963548	0.085532	0.085532	-2.99078	-0.0215324	-0.00325406	2.88369	2.88369	-3.74745	-0.183281	-0.0252263
724	0.90539	0.0341396	0.0341396	-2.66703	-0.0472706	-0.0519575	1.15101	1.15101	-3.34179	-0.547596	-0.415657
724	1.03836	0.135575	0.135575	-3.08578	-0.0579923	-0.0858688	4.5709	4.5709	-3.86648	-0.291488	-0.345667
724	0.987219	0.0391898	0.0391898	-3.41597	-0.0763943	-0.081698	1.32127	1.32127	-4.28021	-0.561416	-0.52063
724	0.990547	0.0213945	0.0213945	-3.0713	-0.0874822	-0.122025	0.721312	0.721312	-3.84834	-0.592698	-0.668777
724	0.897621	0.0602256	0.0602256	-3.23517	-0.0352186	-0.00965312	2.03049	2.03049	-4.05367	-0.324207	-0.0987415
724	1.11102	0.0574797	0.0531845	-3.34575	-0.440143	-0.366345	1.93792	1.79187	-4.19222	-1.51402	-1.33271
724	0.953351	0.0562773	0.0562773	-2.51603	-0.0442846	-0.0292673	1.89738	1.89738	-3.15259	-0.381683	-0.243902
724	0.966803	0.0344242	0.0344242	-2.90764	-0.102589	-0.063709	1.1606	1.1606	-3.64328	-0.703317	-0.478992
724	0.999786	0.0781802	0.0781802	-2.98441	-0.0717244	-0.0394555	2.63583	2.63583	-3.73947	-0.47081	-0.25015
724	0.951819	0.0867799	0.0867799	-2.92861	-0.00934161	-0.01939	2.92577	2.92577	-3.66955	-0.0991582	-0.142876
724	1.03494	0.0652183	0.0652183	-3.26163	-0.163236	-0.122593	2.19882	2.19882	-4.08682	-0.786891	-0.533476
724	1.08275	0.0930302	0.0930302	-2.98162	-0.23447	-0.212507	3.13649	3.13649	-3.73596	-1.09425	-0.867179
724	0.990731	0.0542873	0.0542873	-2.58568	-0.0676993	-0.0554917	1.83028	1.83028	-3.23986	-0.542102	-0.372144
724	0.969568	-0.00763256	-0.00763256	-2.80491	-0.104627	-0.100088	-0.25733	-0.25733	-3.51455	-0.952162	-0.745222
724	0.986647	0.0749435	0.0749435	-2.82745	-0.0435323	-0.0546827	2.5267	2.5267	-3.54279	-0.377476	-0.290988
724	1.03261	0.0927767	0.0927767	-3.22959	-0.12703	-0.107673	3.12795	3.12795	-4.04667	-0.689957	-0.513581
724	1.01953	0.143445	0.143445	-2.78501	-0.00985419	-0.00978876	4.83622	4.83622	-3.48961	-0.0582481	-0.053756
724	0.945731	0.04943	0.04943	-3.01872	-0.0498735	-0.0511216	1.66652	1.66652	-3.78246	-0.481542	-0.388416
724	0.963658	0.076134	0.076134	-3.06324	-0.0682281	-0.021052	2.56684	2.56684	-3.83824	-0.46652	-0.170263
724	1.06597	0.0840548	0.0840548	-2.88287	-0.288026	-0.176355	2.83389	2.83389	-3.61224	-1.11186	-0.692569
724	1.10782	0.0665285	0.0621002	-3.33295	-0.59264	-0.414256	2.24299	2.09225	-4.17618	-2.87019	-1.65781
724	0.996851	0.0461909	0.0461909	-2.65896	-0.0797855	-0.0670317	1.55732	1.55732	-3.33168	-0.492178	-0.430524
724	0.959748	0.0302882	0.0302882	-3.30765	-0.104366	-0.0834431	1.02116	1.02116	-4.14449	-0.795415	-0.571022
724	1.01579	-0.00761836	-0.00761836	-2.79511	-0.153083	-0.112593	-0.256851	-0.256851	-3.50227	-0.98534	-0.729461
724	0.958945	0.0934644	0.0934644	-2.87861	-0.00586876	-0.0278938	3.15113	3.15113	-3.60689	-0.0491594	-0.188862
724	0.999616	0.0730424	0.0730424	-2.79433	-0.0930335	-0.0339289	2.46261	2.46261	-3.50129	-0.572874	-0.227661
724	0.967512	0.0300612	0.0300612	-3.1978	-0.0841686	-0.0804731	1.01351	1.01351	-4.00685	-0.686927	-0.541577
724	0.972707	0.0675825	0.0675825	-2.80097	-0.0603095	-0.0353981	2.27853	2.27853	-3.50962	-0.42185	-0.23455
724	0.998994	0.0735745	0.0735745	-3.11645	-0.0381877	-0.034166	2.48055	2.48055	-3.90492	-0.304304	-0.23756
724	1.01946	0.0231714	0.0231714	-3.07904	-0.138751	-0.115333	0.781218	0.781218	-3.85804	-0.837288	-0.627198
724	0.989006	0.0577786	0.0577786	-2.50961	-0.0669585	-0.0542124	1.94799	1.94799	-3.14454	-0.51963	-0.357424
724	0.962745	0.00238065	0.00238065	-3.05471	-0.136965	-0.0787571	0.0802631	0.0802631	-3.82755	-1.01331	-0.639877
724	1.09562	-0.0109879	-0.0109879	-3.23291	-0.631021	-0.479377	-0.370456	-0.370456	-4.05084	-2.38803	-2.13961
724	0.929365	0.04672	0.04672	-2.88964	-0.0715199	-0.027344	1.57516	1.57516	-3.62072	-0.580856	-0.270476
724	0.943504	0.0422808	0.0422808	-2.75733	-0.0772918	-0.0550096	1.42549	1.42549	-3.45494	-0.55541	-0.406557
724	0.977417	0.0747843	0.0747843	-3.00925	-0.0663723	-0.0276722	2.52134	2.52134	-3.77059	-0.459463	-0.178243
724	0.922185	0.063523	0.063523	-2.76267	-0.0273012	-0.0305175	2.14166	2.14166	-3.46162	-0.264016	-0.229667
724	0.942093	0.0229412	0.0229412	-3.32882	-0.0693888	-0.0541918	0.773456	0.773456	-4.17101	-0.658726	-0.477429
724	0.990441	0.0110018	0.0110018	-2.76052	-0.106508	-0.104527	0.370924	0.370924	-3.45893	-0.707467	-0.652734
724	0.981624	0.0781911	0.0781911	-2.85898	-0.0166539	-0.0330073	2.6362	2.6362	-3.5823	-0.15719	-0.221824
724	1.00882	0.0099737	0.0099737	-3.21054	-0.112965	-0.0896872	0.336261	0.336261	-4.0228	-0.858565	-0.608967
724	0.981753	0.0481343	0.0481343	-2.75577	-0.0796561	-0.0427009	1.62284	1.62284	-3.45298	-0.520414	-0.327856
724	0.908355	0.0929698	0.0929698	-2.24495	0.0109116	0.0108362	3.13446	3.13446	-2.81293	0.122299	0.0952953
724	0.94683	0.124175	0.124175	-2.82395	0.0240045	0.0403898	4.18653	4.18653	-3.5384	0.215563	0.328694
724	1.03082	0.0881845	0.0881845	-2.87095	-0.131627	-0.0534462	2.97312	2.97312	-3.5973	-0.699196	-0.300808
724	1.01378	0.040881	0.040881	-3.08133	-0.127671	-0.100688	1.37829	1.37829	-3.86091	-0.738976	-0.531174
724	1.00097	-0.00398318	-0.00398318	-3.19555	-0.184723	-0.132385	-0.134292	-0.134292	-4.00402	-1.1129	-0.793645
724	0.960517	0.0597475	0.0597475	-2.92327	-0.0368642	-0.00947568	2.01438	2.01438	-3.66286	-0.355976	-0.0952902
724	0.995661	0.116164	0.116164	-2.97996	-0.0299382	0.0220856	3.91646	3.91646	-3.73389	-0.188013	0.176953
724	0.892225	0.0201547	0.0201547	-3.43771	-0.0675149	-0.055554	0.679512	0.679512	-4.30745	-0.67059	-0.510201
724	1.02558	0.0124398	0.0124398	-2.86402	-0.26678	-0.139938	0.419404	0.419404	-3.58862	-1.09309	-0.729902
724	0.898008	0.0622435	0.0622435	-3.05766	-0.0235401	-0.0070912	2.09853	2.09853	-3.83125	-0.25223	-0.0700792
724	0.958837	0.126775	0.126775	-3.11057	0.0175921	0.0382866	4.27418	4.27418	-3.89755	0.150991	0.321061
724	1.03419	0.0479216	0.0479216	-3.35123	-0.124477	-0.140402	1.61567	1.61567	-4.19909	-0.799148	-0.634129
724	0.923223	0.0806287	0.0806287	-2.54011	-0.00808008	0.00908625	2.71838	2.71838	-3.18275	-0.0805859	0.0913336
724	1.0066	-0.0266145	-0.0266145	-3.13759	-0.172002	-0.108113	-0.897303	-0.897303	-3.9314	-1.183	-0.892566
724	0.945938	0.093737	0.093737	-2.86128	0.00577973	-0.0068703	3.16032	3.16032	-3.58519	0.0608841	-0.0508837
724	0.907321	0.0881619	0.0881619	-2.69709	-0.00343527	0.0244472	2.97236	2.97236	-3.37945	-0.033157	0.258394
724	1.03466	0.0416322	0.0416322	-2.76212	-0.204989	-0.141287	1.40362	1.40362	-3.46094	-1.06093	-0.673865
724	1.04682	0.0954591	0.0954591	-2.90929	-0.186211	-0.0797579	3.21838	3.21838	-3.64534	-0.840023	-0.361248
724	1.04959	0.0470506	0.0470506	-2.803	-0.184873	-0.206948	1.5863	1.5863	-3.51217	-0.925133	-0.799246
724	0.906596	0.0619455	0.0619455	-2.74937	-0.0274913	-0.0146814	2.08848	2.08848	-3.44497	-0.295116	-0.130265
724	0.991747	0.077022	0.077022	-2.97196	-0.0570286	-0.054481	2.59678	2.59678	-3.72386	-0.386132	-0.340015
724	0.928658	0.0510025	0.0510025	-2.97741	-0.0556189	-0.0438726	1.71954	1.71954	-3.7307	-0.532209	-0.332963
724	0.926879	0.00924136	0.00924136	-2.63446	-0.0821075	-0.0669863	0.31157	0.31157	-3.30098	-0.787334	-0.672771
724	0.990364	0.110519	0.110519	-2.77691	0.0102713	0.00799472	3.72614	3.72614	-3.47947	0.0879187	0.0543821
724	1.00505	0.0267615	0.0267615	-2.80923	-0.139272	-0.0664509	0.902259	0.902259	-3.51996	-0.817949	-0.552797
724	0.949303	0.0685555	0.0685555	-2.75996	-0.0411965	-0.0323311	2.31133	2.31133	-3.45823	-0.334526	-0.237102
724	0.967201	0.0781421	0.0781421	-2.91831	-0.0507188	-0.0210664	2.63454	2.63454	-3.65664	-0.376738	-0.155019
724	0.951666	0.00270405	0.00270405	-2.87041	-0.112292	-0.0864694	0.0911666	0.0911666	-3.59662	-0.886664	-0.746247
724	0.960704	0.0510899	0.0510899	-2.89954	-0.0778616	-0.0642922	1.72248	1.72248	-3.63313	-0.548962	-0.423193
724	0.89855	0.0535333	0.0535333	-3.09822	-0.0440795	-0.032414	1.80486	1.80486	-3.88207	-0.436197	-0.279842
724	0.989762	0.0760341	0.0760341	-2.91304	-0.064628	-0.0397942	2.56347	2.56347	-3.65004	-0.466309	-0.251981
724	0.948874	0.0933104	0.0933104	-2.63458	-0.00845241	0.00349799	3.14594	3.14594	-3.30113	-0.0706883	0.0268848
724	1.05127	0.0458167	0.0458167	-2.62835	-0.185291	-0.142073	1.5447	1.5447	-3.29333	-0.902231	-0.646262
724	0.997447	0.0300247	0.0300247	-2.82	-0.099237	-0.0877434	1.01228	1.01228	-3.53346	-0.70771	-0.594898
724	1.07491	0.125828	0.125828	-2.94832	-0.333082	-0.241974	4.24225	4.24225	-3.69425	-1.31977	-0.872073
724	0.922263	0.0241746	0.0241746	-3.01602	-0.0900855	-0.0609729	0.815043	0.815043	-3.77907	-0.693159	-0.480303
724	0.999529	0.0885301	0.0885301	-2.67774	-0.0549805	-0.0478551	2.98477	2.98477	-3.35521	-0.389619	-0.251072
724	1.00072	0.0264941	0.0264941	-2.73727	-0.121961	-0.101258	0.893243	0.893243	-3.4298	-0.637024	-0.647914
724	1.06125	0.138489	0.138489	-2.7034	-0.0826968	-0.14022	4.66912	4.66912	-3.38736	-0.407374	-0.59647
724	1.01541	0.0930781	0.0930781	-3.07305	-0.0643717	-0.0292096	3.13811	3.13811	-3.85053	-0.433529	-0.171992
724	0.988089	0.0848266	0.0848266	-2.80899	-0.0659657	-0.025283	2.85991	2.85991	-3.51967	-0.410496	-0.165707
724	1.02711	0.154781	0.154781	-2.90844	-0.00911777	0.0326024	5.2184	5.2184	-3.64427	-0.0478977	0.221677
724	1.00039	0.0608458	0.0608458	-3.1106	-0.0746947	-0.0561182	2.0514	2.0514	-3.89758	-0.523477	-0.361554
724	0.9751	0.0302578	0.0302578	-2.84973	-0.106131	-0.0749774	1.02013	1.02013	-3.57071	-0.791285	-0.519488
724	0.972539	0.0543592	0.0543592	-2.79956	-0.0519911	-0.0566911	1.83271	1.83271	-3.50785	-0.421988	-0.361364
724	1.01415	0.128044	0.128044	-2.40202	-0.0592217	-0.0129139	4.31698	4.31698	-3.00973	-0.28905	-0.0633575
724	0.941905	-0.00263074	-0.00263074	-2.72956	-0.146862	-0.0811885	-0.0886948	-0.0886948	-3.42014	-0.933677	-0.724955
724	0.919956	0.0458006	0.0458006	-2.5851	-0.0449718	-0.0391174	1.54416	1.54416	-3.23913	-0.452971	-0.36533
724	0.890087	0.0781841	0.0781841	-2.73985	-0.0133604	-0.00374039	2.63596	2.63596	-3.43304	-0.137663	-0.0316141
724	0.968996	0.0246382	0.0246382	-3.24262	-0.0831567	-0.0924619	0.830672	0.830672	-4.063	-0.712692	-0.603034
724	0.952498	0.056514	0.056514	-3.25327	-0.0709784	-0.0239296	1.90536	1.90536	-4.07635	-0.497933	-0.213164
724	0.950746	0.0700797	0.0700797	-2.56397	-0.0267001	-0.0313357	2.36272	2.36272	-3.21266	-0.253308	-0.232756
724	0.900815	0.0726785	0.0726785	-2.56396	-0.0201842	-0.0022005	2.45034	2.45034	-3.21264	-0.200355	-0.0206536
724	0.929406	0.0388601	0.0388601	-2.45838	-0.0590235	-0.0504083	1.31016	1.31016	-3.08035	-0.556886	-0.405914
724	0.967952	0.0479875	0.0479875	-2.61114	-0.0748714	-0.0605015	1.61789	1.61789	-3.27176	-0.590445	-0.421057
724	0.939622	0.00856773	0.00856773	-3.03105	-0.0929734	-0.0846665	0.288859	0.288859	-3.79791	-0.876771	-0.638429
724	1.01143	0.0235394	0.0235394	-2.56281	-0.118885	-0.134462	0.793625	0.793625	-3.2112	-0.827696	-0.761574
724	0.93275	0.0420504	0.0420504	-2.80002	-0.0588002	-0.038497	1.41772	1.41772	-3.50842	-0.498741	-0.333228
724	1.03512	0.0622745	0.0622745	-3.00462	-0.0941444	-0.147065	2.09957	2.09957	-3.76479	-0.591916	-0.671427
724	0.971262	0.0534161	0.0534161	-2.79643	-0.0951049	-0.0536857	1.80091	1.80091	-3.50393	-0.560715	-0.370765
724	0.968455	0.0722791	0.0722791	-2.25068	-0.0208384	-0.0207127	2.43688	2.43688	-2.8201	-0.185129	-0.157844
724	0.948	0.0733575	0.0733575	-2.95552	-0.0366273	-0.0225585	2.47323	2.47323	-3.70326	-0.312178	-0.178891
724	0.932111	0.00280449	0.00280449	-2.82268	-0.0862316	-0.0791468	0.0945528	0.0945528	-3.53682	-0.839236	-0.681273
724	0.956844	0.0521571	0.0521571	-2.8856	-0.0654906	-0.0695563	1.75847	1.75847	-3.61566	-0.479926	-0.430448
724	0.942508	0.0743242	0.0743242	-2.6339	-0.0450072	-0.0193379	2.50582	2.50582	-3.30027	-0.324731	-0.147602
724	1.04921	0.0182413	0.0182413	-3.0216	-0.253992	-0.205865	0.615003	0.615003	-3.78607	-1.20382	-0.884359
724	0.946121	0.0659807	0.0659807	-3.04845	-0.0517898	-0.0171555	2.22453	2.22453	-3.81971	-0.39538	-0.149675
724	0.95167	0.0889283	0.0889283	-2.85476	-0.0355465	0.00607661	2.9982	2.9982	-3.57702	-0.271958	0.0521536
724	1.04103	0.0585392	0.0585392	-3.02346	-0.161465	-0.137085	1.97364	1.97364	-3.78839	-0.800969	-0.612382
724	1.01639	0.0466494	0.0466494	-2.64445	-0.0609901	-0.0970386	1.57278	1.57278	-3.3135	-0.492156	-0.509418
724	1.0017	0.0166432	0.0166432	-2.85147	-0.0906572	-0.0676386	0.561121	0.561121	-3.57289	-0.746123	-0.567479
724	1.00908	-0.00499981	-0.00499981	-2.87483	-0.130004	-0.0990661	-0.168567	-0.168567	-3.60216	-0.884376	-0.77616
724	0.974054	0.0947418	0.0947418	-3.32195	-0.0281656	-0.0159023	3.1942	3.1942	-4.1624	-0.204169	-0.107696
724	0.946409	0.0489013	0.0489013	-2.63951	-0.0518006	-0.0500165	1.6487	1.6487	-3.30731	-0.446487	-0.367176
724	0.987027	0.123056	0.123056	-2.57288	0.00612061	0.0236622	4.14882	4.14882	-3.22381	0.0487175	0.173353
724	0.97612	0.139886	0.139886	-2.8468	-0.00299982	0.00756953	4.71622	4.71622	-3.56704	-0.0215106	0.0436558
724	1.01426	0.0587973	0.0587973	-3.2822	-0.0736532	-0.0721284	1.98234	1.98234	-4.11259	-0.543928	-0.444619
724	0.966231	0.0715442	0.0715442	-2.53419	-0.0574417	-0.00642721	2.4121	2.4121	-3.17534	-0.425963	-0.0517717
724	0.968156	0.0750028	0.0750028	-2.95458	-0.0681837	-0.0433685	2.5287	2.5287	-3.70209	-0.459473	-0.260741
724	0.953233	0.0410482	0.0410482	-2.72854	-0.0653642	-0.057841	1.38393	1.38393	-3.41886	-0.619017	-0.399506
724	0.954022	-0.00356584	-0.00356584	-2.89486	-0.0866486	-0.0839204	-0.120221	-0.120221	-3.62727	-0.910368	-0.74027
724	0.861988	-0.019832	-0.019832	-2.62177	-0.087804	-0.0916429	-0.66863	-0.66863	-3.28508	-1.10799	-0.946201
724	0.996022	0.020694	0.020694	-2.80798	-0.114248	-0.100376	0.697694	0.697694	-3.5184	-0.77582	-0.582926
724	1.01121	0.054873	0.054873	-2.64832	-0.0566717	-0.0552976	1.85003	1.85003	-3.31834	-0.4659	-0.380514
724	0.928958	0.0689802	0.0689802	-2.59311	-0.0394188	-0.0301331	2.32565	2.32565	-3.24917	-0.337555	-0.23056
724	1.03303	0.066486	0.066486	-2.95939	-0.114125	-0.0924506	2.24156	2.24156	-3.70811	-0.618706	-0.4908
724	0.914634	0.0234716	0.0234716	-2.59775	-0.0932017	-0.0592505	0.79134	0.79134	-3.25498	-0.718917	-0.495974
724	1.00082	0.0283817	0.0283817	-3.15385	-0.0781651	-0.109529	0.956883	0.956883	-3.95177	-0.557664	-0.610026
724	1.04083	-0.0235547	-0.0235547	-3.05053	-0.252726	-0.19238	-0.794142	-0.794142	-3.82232	-1.26616	-0.949285
724	1.05525	0.0725228	0.0725228	-3.03098	-0.190398	-0.153373	2.44509	2.44509	-3.79781	-0.870026	-0.648072
724	0.971666	0.0670508	0.0670508	-3.03996	-0.0630059	-0.0249537	2.2606	2.2606	-3.80907	-0.455664	-0.195539
724	0.90729	0.0613402	0.0613402	-2.83767	-0.0353949	-0.00634396	2.06807	2.06807	-3.55561	-0.319851	-0.0674679
724	0.974307	0.0682515	0.0682515	-2.6388	-0.0490917	-0.0269343	2.30108	2.30108	-3.30642	-0.377395	-0.223835
724	1.11463	0.0241583	0.0201413	-3.27059	-0.707658	-0.465688	0.814491	0.678591	-4.09806	-3.26826	-1.89511
724	0.995417	0.0427014	0.0427014	-2.89625	-0.0426081	-0.0608514	1.43967	1.43967	-3.629	-0.460285	-0.407374
724	0.966164	-0.0257306	-0.0257306	-2.77282	-0.159049	-0.137988	-0.867501	-0.867501	-3.47435	-1.10765	-0.919153
724	0.989042	-0.00587035	-0.00587035	-2.89622	-0.118052	-0.0986637	-0.197918	-0.197918	-3.62896	-0.928452	-0.767606
724	1.03111	0.0697071	0.0697071	-3.2039	-0.170969	-0.0771993	2.35016	2.35016	-4.01449	-0.739977	-0.424132
724	0.922879	0.0294382	0.0294382	-2.40397	-0.0621464	-0.0548639	0.992504	0.992504	-3.01218	-0.61021	-0.469762
724	1.05725	0.051663	0.051663	-2.68999	-0.27529	-0.194475	1.74181	1.74181	-3.37055	-1.15017	-0.94149
724	0.880695	0.0488169	0.0488169	-2.94957	-0.0368205	-0.0224412	1.64585	1.64585	-3.69582	-0.380602	-0.209777
724	0.99045	0.0474342	0.0474342	-2.82956	-0.0457164	-0.0533086	1.59923	1.59923	-3.54543	-0.434924	-0.371931
724	0.922161	0.114849	0.114849	-2.50276	0.00485528	0.0240407	3.87211	3.87211	-3.13596	0.0385825	0.208638
724	0.93883	0.0283136	0.0283136	-3.24315	-0.0751528	-0.045473	0.954587	0.954587	-4.06367	-0.704063	-0.419942
724	0.969408	0.0696545	0.0696545	-2.87093	-0.0400546	-0.03266	2.34839	2.34839	-3.59728	-0.355749	-0.24237
724	0.948674	0.0871303	0.0871303	-3.17627	-0.0266649	0.00611015	2.93758	2.93758	-3.97987	-0.21318	0.0534241
724	1.03821	-0.0364674	-0.0364674	-3.10226	-0.295086	-0.273583	-1.22949	-1.22949	-3.88713	-1.29293	-1.25812
724	0.948576	-0.0337164	-0.0337164	-2.53127	-0.142251	-0.113614	-1.13674	-1.13674	-3.17168	-1.16487	-0.95368
724	0.984874	0.0110987	0.0110987	-3.19751	-0.114648	-0.0891793	0.37419	0.37419	-4.00648	-0.78775	-0.654244
724	0.995837	0.0397525	0.0397525	-2.76678	-0.110527	-0.0805171	1.34025	1.34025	-3.46677	-0.785273	-0.470159
724	1.05064	0.0294038	0.0294038	-2.58775	-0.176808	-0.223793	0.991343	0.991343	-3.24245	-0.930387	-0.931588
724	1.01624	0.0333761	0.0333761	-2.84897	-0.107676	-0.106999	1.12527	1.12527	-3.56976	-0.687503	-0.556866
724	0.914652	0.00239336	0.00239336	-2.83204	-0.0994319	-0.0843834	0.0806915	0.0806915	-3.54854	-0.958598	-0.716119
724	0.944195	0.0674455	0.0674455	-3.16018	-0.0318668	-0.0139876	2.27391	2.27391	-3.9597	-0.29174	-0.116042
724	0.977659	0.0974576	0.0974576	-2.89134	-0.0351862	-0.0149636	3.28576	3.28576	-3.62285	-0.264837	-0.104025
724	1.0144	0.0756462	0.0756462	-2.56786	-0.0705471	-0.0545876	2.55039	2.55039	-3.21753	-0.435198	-0.30464
724	0.976633	0.0309865	0.0309865	-2.73297	-0.0781777	-0.0807335	1.0447	1.0447	-3.42441	-0.657738	-0.538762
724	1.00587	0.0258555	0.0258555	-2.51665	-0.120927	-0.127307	0.871712	0.871712	-3.15337	-0.709386	-0.659295
724	0.98356	0.0205955	0.0205955	-2.59775	-0.107429	-0.0857682	0.694372	0.694372	-3.25499	-0.794538	-0.590371
724	0.911527	0.058712	0.058712	-2.91582	-0.032506	-0.020065	1.97946	1.97946	-3.65353	-0.340892	-0.18598
724	0.940382	0.0401182	0.0401182	-2.57237	-0.0496438	-0.042026	1.35258	1.35258	-3.22318	-0.514856	-0.348742
724	0.923821	0.0670109	0.0670109	-2.63792	-0.0293144	-0.0108657	2.25926	2.25926	-3.30531	-0.278856	-0.099086
724	0.921929	0.036625	0.036625	-2.95169	-0.0578961	-0.0460086	1.2348	1.2348	-3.69847	-0.52035	-0.40476
724	0.924212	0.0391443	0.0391443	-2.6159	-0.0565049	-0.0378576	1.31974	1.31974	-3.27772	-0.503406	-0.377268
724	0.923788	-0.00980657	-0.00980657	-2.78495	-0.103055	-0.0973165	-0.330626	-0.330626	-3.48955	-0.998741	-0.682066
724	0.888442	0.035406	0.035406	-3.16045	-0.0600873	-0.0318922	1.19371	1.19371	-3.96004	-0.589273	-0.317435
724	0.987566	0.0579734	0.0579734	-2.98379	-0.0599091	-0.0536136	1.95456	1.95456	-3.73869	-0.473923	-0.353242
724	1.04163	0.0895154	0.0895154	-3.32111	-0.162061	-0.130483	3.01799	3.01799	-4.16135	-0.753948	-0.543961
724	1.04456	0.00517985	0.00517985	-2.64095	-0.306599	-0.197306	0.174638	0.174638	-3.3091	-1.18695	-0.892496
724	0.87981	0.0596872	0.0596872	-3.35658	-0.013387	-0.018106	2.01234	2.01234	-4.20579	-0.164028	-0.160689
724	0.891261	0.0326388	0.0326388	-2.78581	-0.0646837	-0.0402445	1.10041	1.10041	-3.49062	-0.610808	-0.381097
724	1.02308	0.0772966	0.0772966	-2.8156	-0.0725611	-0.0714707	2.60604	2.60604	-3.52794	-0.463617	-0.377253
724	0.978722	0.137475	0.137475	-2.79242	0.0387974	0.0333834	4.63496	4.63496	-3.4989	0.368922	0.243337
724	0.987631	0.0389038	0.0389038	-2.74134	-0.069601	-0.0759537	1.31163	1.31163	-3.43489	-0.639728	-0.426229
724	1.05102	0.0467168	0.0467168	-2.69933	-0.266016	-0.160625	1.57505	1.57505	-3.38227	-1.0875	-0.690085
724	0.981315	0.0812386	0.0812386	-2.87199	-0.0826208	-0.00600728	2.73894	2.73894	-3.5986	-0.571515	-0.0525387
724	0.978565	0.0811631	0.0811631	-2.67531	-0.0527867	-0.0277273	2.7364	2.7364	-3.35216	-0.327448	-0.178413
724	1.02104	0.106991	0.106991	-2.82494	-0.15404	-0.0560469	3.60717	3.60717	-3.53965	-0.701526	-0.253801
724	0.94266	0.0364505	0.0364505	-3.11633	-0.0525818	-0.0555017	1.22892	1.22892	-3.90476	-0.541899	-0.416164
724	1.02488	0.0875289	0.0875289	-2.95181	-0.0876221	-0.0734904	2.95102	2.95102	-3.69862	-0.482616	-0.396633
724	1.0149	0.0440957	0.0440957	-3.19554	-0.0970733	-0.100781	1.48668	1.48668	-4.00401	-0.621211	-0.506954
724	0.993428	0.0959955	0.0959955	-3.05435	-0.0133071	-0.00786693	3.23647	3.23647	-3.8271	-0.104578	-0.0588562
724	0.971976	0.104954	0.104954	-2.98657	0.00962571	-0.00345334	3.53851	3.53851	-3.74217	0.100306	-0.0237912
724	0.981584	0.0906572	0.0906572	-2.59289	-0.0358738	-0.0358929	3.05649	3.05649	-3.24889	-0.245045	-0.208631
724	0.989033	-0.00302704	-0.00302704	-3.0627	-0.153358	-0.105946	-0.102056	-0.102056	-3.83757	-0.962149	-0.733587
724	0.992612	0.0387869	0.0387869	-2.82054	-0.0802173	-0.0972625	1.30769	1.30769	-3.53414	-0.589292	-0.584348
724	1.10137	0.0274244	0.0274244	-2.96567	-0.485053	-0.434917	0.924606	0.924606	-3.71598	-1.844	-1.86232
724	0.971875	0.130599	0.130599	-2.93131	0.00496469	0.0458011	4.4031	4.4031	-3.67293	0.0393023	0.353725
724	0.922433	0.0255653	0.0255653	-3.1371	-0.0735459	-0.0561699	0.861929	0.861929	-3.93078	-0.616911	-0.436828
724	1.03856	0.031176	0.031176	-3.01758	-0.216662	-0.116483	1.05109	1.05109	-3.78103	-1.01451	-0.631548
724	1.04611	0.0834307	0.0834307	-2.96381	-0.186766	-0.133129	2.81285	2.81285	-3.71366	-0.839594	-0.594577
724	0.949967	0.0409752	0.0409752	-3.40027	-0.0740172	-0.0433043	1.38147	1.38147	-4.26054	-0.612868	-0.356908
724	0.961268	0.111953	0.111953	-3.16468	-0.020375	0.0319176	3.77447	3.77447	-3.96534	-0.134552	0.285432
724	1.01972	0.0757168	0.0757168	-2.97048	-0.0744134	-0.0630178	2.55277	2.55277	-3.72201	-0.465612	-0.382427
724	0.970211	0.0225437	0.0225437	-2.79273	-0.0831168	-0.0566457	0.760055	0.760055	-3.49929	-0.711245	-0.506659
724	0.941172	0.0763472	0.0763472	-2.83892	-0.0342335	-0.000694194	2.57403	2.57403	-3.55716	-0.271749	-0.00628174
724	1.01243	0.0426619	0.0426619	-2.98637	-0.113081	-0.097768	1.43834	1.43834	-3.74192	-0.746077	-0.512919
724	0.962425	0.0347518	0.0347518	-2.95758	-0.0840912	-0.0595292	1.17165	1.17165	-3.70585	-0.64157	-0.453668
724	0.99791	0.0408172	0.0408172	-3.13681	-0.104428	-0.0710768	1.37614	1.37614	-3.93042	-0.671837	-0.428078
724	0.94928	0.0744263	0.0744263	-2.7848	-0.0319732	-0.00317011	2.50926	2.50926	-3.48935	-0.264977	-0.0283837
724	1.02856	0.081954	0.081954	-2.82398	-0.0885586	-0.0676494	2.76306	2.76306	-3.53845	-0.521888	-0.35012
724	0.928533	0.00969815	0.00969815	-2.84957	-0.113595	-0.0686022	0.326971	0.326971	-3.57051	-0.862817	-0.612402
724	0.992678	-0.00270061	-0.00270061	-2.68084	-0.120399	-0.109578	-0.0910503	-0.0910503	-3.3591	-0.937256	-0.716416
724	1.03555	0.0475517	0.0475517	-2.8197	-0.156702	-0.115075	1.60319	1.60319	-3.53308	-0.783113	-0.580055
724	0.974447	0.0771661	0.0771661	-3.0242	-0.0181802	-0.0255163	2.60164	2.60164	-3.78933	-0.174741	-0.1708
724	0.979006	0.0577507	0.0577507	-3.34341	-0.0619052	-0.0465588	1.94705	1.94705	-4.1893	-0.479375	-0.33602
724	1.05494	0.0113723	0.0113723	-3.09109	-0.277239	-0.266768	0.383415	0.383415	-3.87313	-1.20726	-1.03822
724	0.965669	0.0447647	0.0447647	-3.16322	-0.0758866	-0.0712983	1.50923	1.50923	-3.96351	-0.574881	-0.475431
724	1.02005	0.0429382	0.0429382	-2.62187	-0.182996	-0.0936343	1.44765	1.44765	-3.2852	-0.910238	-0.58111
724	1.0639	0.0245933	0.0245933	-3.01736	-0.302386	-0.294096	0.829157	0.829157	-3.78076	-1.4691	-1.16853
724	0.928484	0.096724	0.096724	-2.89001	0.000194029	0.0218607	3.26103	3.26103	-3.62118	0.00179179	0.198152
724	0.893346	0.0783144	0.0783144	-2.64047	-0.0189375	-0.00564033	2.64035	2.64035	-3.30851	-0.164565	-0.0499243
724	1.00326	0.111247	0.111247	-2.97499	-0.0252312	-0.00558007	3.75065	3.75065	-3.72767	-0.148383	-0.0370667
724	0.954784	0.0453528	0.0453528	-3.1081	-0.0584985	-0.0568201	1.52906	1.52906	-3.89445	-0.529244	-0.415976
724	0.97031	0.0404054	0.0404054	-2.7215	-0.0621687	-0.0532535	1.36226	1.36226	-3.41004	-0.549642	-0.421895
724	0.962798	0.0689982	0.0689982	-3.1366	-0.0345637	-0.0215526	2.32626	2.32626	-3.93016	-0.277806	-0.17934
724	0.957282	0.113549	0.113549	-2.73665	0.02241	0.00502735	3.82828	3.82828	-3.42902	0.2006	0.0342407
724	0.988756	0.00904838	0.00904838	-2.98372	-0.140547	-0.0869804	0.305064	0.305064	-3.7386	-0.842372	-0.632174
724	0.894393	0.108562	0.108562	-3.36205	0.0251781	0.039878	3.66016	3.66016	-4.21265	0.265867	0.421295
724	1.04522	-0.0075381	-0.0075381	-3.03296	-0.275573	-0.253083	-0.254145	-0.254145	-3.80029	-1.12415	-1.11507
724	1.02249	0.0411834	0.0411834	-2.83773	-0.108589	-0.0678355	1.38849	1.38849	-3.55568	-0.637501	-0.493948
724	1.01577	0.14266	0.14266	-2.79756	0.0273569	-0.0103277	4.80974	4.80974	-3.50534	0.205833	-0.0536227
724	0.997808	0.0229604	0.0229604	-3.29185	-0.128204	-0.0730384	0.774106	0.774106	-4.12469	-0.755118	-0.509383
724	1.02762	0.0366143	0.0366143	-2.95193	-0.116138	-0.127964	1.23444	1.23444	-3.69876	-0.738798	-0.632619
724	0.955469	0.0377429	0.0377429	-2.53679	-0.0648707	-0.0501152	1.27249	1.27249	-3.17859	-0.537435	-0.434128
724	0.942599	0.0431741	0.0431741	-2.57183	-0.060967	-0.0415631	1.4556	1.4556	-3.2225	-0.526069	-0.371529
724	0.963683	0.0732597	0.0732597	-3.21765	-0.0557504	-0.0151382	2.46994	2.46994	-4.03172	-0.384702	-0.119359
724	1.01786	-0.0010836	-0.0010836	-2.79629	-0.189763	-0.109259	-0.0365334	-0.0365334	-3.50375	-0.955114	-0.804655
724	1.06135	0.0954955	0.0954955	-2.59141	-0.229587	-0.161174	3.21961	3.21961	-3.24703	-0.914772	-0.65164
724	1.03258	0.10974	0.10974	-2.81412	-0.0659337	-0.0340176	3.69985	3.69985	-3.52609	-0.382757	-0.199414
724	0.913715	-0.0168898	-0.0168898	-2.70578	-0.10447	-0.102595	-0.569436	-0.569436	-3.39035	-1.01197	-0.883242
724	0.929673	-0.0202061	-0.0202061	-3.04642	-0.131755	-0.0948693	-0.681243	-0.681243	-3.81716	-1.09721	-0.953197
724	0.947919	0.012626	0.012626	-2.63044	-0.0980422	-0.0684332	0.425684	0.425684	-3.29595	-0.768779	-0.591084
724	0.923382	0.0605187	0.0605187	-2.98709	-0.0344769	-0.0154142	2.04038	2.04038	-3.74282	-0.308326	-0.13704
724	0.972215	0.112749	0.112749	-2.47594	0.00745578	-0.00942473	3.80132	3.80132	-3.10235	0.0627802	-0.0610873
724	1.06452	0.0609537	0.0609537	-3.10963	-0.301667	-0.240876	2.05504	2.05504	-3.89637	-1.22905	-0.920839
724	1.02839	0.0128816	0.0128816	-3.07436	-0.18006	-0.130166	0.434302	0.434302	-3.85217	-0.96978	-0.73991
724	1.05129	-0.00310876	-0.00310876	-2.78806	-0.241436	-0.208323	-0.104811	-0.104811	-3.49344	-1.12587	-0.889791
724	1.02774	-0.0294908	-0.0294908	-3.24382	-0.230819	-0.157126	-0.994276	-0.994276	-4.06451	-1.22542	-0.952745
724	0.95981	0.0573799	0.0573799	-2.83346	-0.0562132	-0.0504293	1.93455	1.93455	-3.55032	-0.454629	-0.340978
724	1.03198	-0.0181376	-0.0181376	-2.99973	-0.15362	-0.162253	-0.611504	-0.611504	-3.75867	-1.09781	-0.883445
724	0.980863	0.0742881	0.0742881	-2.82307	-0.0246281	-0.0423225	2.50461	2.50461	-3.5373	-0.216759	-0.255915
724	1.02748	0.0819719	0.0819719	-2.77542	-0.0874325	-0.0708493	2.76366	2.76366	-3.4776	-0.539027	-0.380751
724	1.05029	0.0794513	0.0794513	-2.68844	-0.182962	-0.0917396	2.67868	2.67868	-3.36861	-0.826344	-0.426149
724	1.07241	0.0133679	0.0133679	-3.31757	-0.397111	-0.283186	0.450696	0.450696	-4.15692	-1.61154	-1.08981
724	0.971755	0.0301519	0.0301519	-3.02066	-0.0810211	-0.0736944	1.01656	1.01656	-3.78489	-0.718593	-0.542807
724	0.952051	0.0533656	0.0533656	-3.02326	-0.064707	-0.0476969	1.79921	1.79921	-3.78814	-0.474552	-0.3301
724	1.05986	-0.00347323	-0.00347323	-2.79165	-0.277127	-0.309571	-0.117099	-0.117099	-3.49793	-1.30902	-1.06146
724	0.88481	0.108086	0.108086	-2.53763	0.0224589	0.028971	3.64409	3.64409	-3.17965	0.231266	0.273478
724	0.967623	0.0574277	0.0574277	-2.79859	-0.0694364	-0.0370539	1.93616	1.93616	-3.50663	-0.447595	-0.29366
724	0.993062	0.0822125	0.0822125	-2.52175	-0.108753	-0.00887526	2.77178	2.77178	-3.15975	-0.589084	-0.06944
724	1.00308	0.099682	0.099682	-3.2836	-0.022507	-0.0223076	3.36076	3.36076	-4.11435	-0.15737	-0.129777
724	0.978392	0.0452074	0.0452074	-2.72253	-0.0775088	-0.0562811	1.52416	1.52416	-3.41133	-0.606111	-0.402223
724	0.971614	0.0153352	0.0153352	-3.05577	-0.115091	-0.101002	0.517022	0.517022	-3.82889	-0.735879	-0.656884
724	1.00168	0.0363868	0.0363868	-2.94125	-0.0839737	-0.0719323	1.22677	1.22677	-3.68538	-0.55128	-0.445749
724	0.926674	0.0342401	0.0342401	-2.94731	-0.0847973	-0.0548585	1.1544	1.1544	-3.69297	-0.738869	-0.447391
724	1.06335	0.0308851	0.0308851	-3.03665	-0.421691	-0.290954	1.04128	1.04128	-3.80493	-1.91975	-1.12654
724	0.954662	0.105823	0.105823	-2.5609	-0.00982509	0.0101363	3.56782	3.56782	-3.20881	-0.0788173	0.0783369
724	0.907299	0.0746824	0.0746824	-2.72793	-0.0279082	0.0040941	2.5179	2.5179	-3.41809	-0.238353	0.0395285
724	0.929813	0.076572	0.076572	-2.5955	-0.0488034	-0.00884622	2.58161	2.58161	-3.25217	-0.383747	-0.0797129
724	1.00946	0.0262812	0.0262812	-2.87332	-0.106743	-0.0815384	0.886064	0.886064	-3.60027	-0.766854	-0.555551
724	0.971704	0.061032	0.061032	-2.70842	-0.0870675	-0.0322854	2.05768	2.05768	-3.39365	-0.538177	-0.239882
724	1.00353	0.0012743	0.0012743	-3.2249	-0.142411	-0.168984	0.0429627	0.0429627	-4.0408	-0.842126	-0.866844
724	0.882673	0.100254	0.100254	-2.63756	0.0253488	0.0272447	3.38005	3.38005	-3.30486	0.288295	0.259196
724	0.971907	0.0454421	0.0454421	-2.79407	-0.0708915	-0.0512028	1.53207	1.53207	-3.50097	-0.547208	-0.36385
724	0.894805	0.0196038	0.0196038	-2.5715	-0.0791964	-0.0592071	0.660937	0.660937	-3.22208	-0.796217	-0.556252
724	0.971858	0.00577945	0.00577945	-2.82953	-0.110344	-0.113309	0.194853	0.194853	-3.54541	-0.804374	-0.756246
724	0.934372	0.154718	0.154718	-2.96866	0.0465191	0.0535723	5.21627	5.21627	-3.71973	0.39664	0.37809
724	0.906496	0.0105143	0.0105143	-3.20398	-0.0813694	-0.0685329	0.354486	0.354486	-4.01459	-0.765386	-0.595229
724	0.929438	0.0408402	0.0408402	-2.61374	-0.0547719	-0.0409959	1.37692	1.37692	-3.27502	-0.451121	-0.352496
724	1.00513	0.0451209	0.0451209	-3.18434	-0.110128	-0.0927865	1.52124	1.52124	-3.98997	-0.689336	-0.504405
724	0.954061	0.0524199	0.0524199	-2.9472	-0.0533935	-0.0552735	1.76732	1.76732	-3.69285	-0.480128	-0.388941
724	0.968458	0.0768302	0.0768302	-2.76268	-0.0190847	-0.0391809	2.59031	2.59031	-3.46164	-0.182565	-0.256817
724	1.02213	0.0286046	0.0286046	-2.86552	-0.148494	-0.120347	0.964399	0.964399	-3.5905	-0.823091	-0.644779
724	1.04331	0.0341352	0.0341352	-2.75789	-0.227575	-0.176891	1.15086	1.15086	-3.45563	-1.05115	-0.802793
724	0.980987	0.102391	0.102391	-3.11239	-0.0316905	-0.00882427	3.45209	3.45209	-3.89983	-0.202602	-0.0587439
724	0.987338	0.0815307	0.0815307	-2.54458	-0.0305402	-0.0179539	2.74879	2.74879	-3.18836	-0.252895	-0.138155
724	1.0616	0.045748	0.045748	-2.86108	-0.269112	-0.26595	1.54238	1.54238	-3.58493	-1.11227	-0.996686
724	0.984013	0.0658051	0.0658051	-2.63056	-0.0591955	-0.0477912	2.21861	2.21861	-3.29609	-0.417078	-0.340604
724	1.114	0.101079	0.0966167	-2.98302	-0.544235	-0.382669	3.40786	3.25516	-3.73773	-2.17575	-1.75296
724	0.995224	0.0854227	0.0854227	-2.73196	-0.0365664	-0.0151286	2.88001	2.88001	-3.42314	-0.27621	-0.104507
724	1.04595	0.0677029	0.0677029	-3.0975	-0.248544	-0.184663	2.28259	2.28259	-3.88117	-0.977641	-0.746348
724	0.94105	0.122493	0.122493	-2.91821	0.0233846	0.0396072	4.12981	4.12981	-3.65651	0.218499	0.350553
724	0.996795	-0.00379213	-0.00379213	-2.96987	-0.186324	-0.0897248	-0.127851	-0.127851	-3.72125	-0.90377	-0.706839
724	0.944693	0.032233	0.032233	-2.65314	-0.0660178	-0.0730632	1.08673	1.08673	-3.32439	-0.610327	-0.525818
724	1.02506	0.0754954	0.0754954	-2.90214	-0.105535	-0.084439	2.54531	2.54531	-3.63639	-0.537415	-0.420895
724	1.01064	0.00162959	0.00162959	-2.63166	-0.160428	-0.129662	0.0549414	0.0549414	-3.29747	-0.812597	-0.685815
724	0.995326	0.0778379	0.0778379	-3.35675	-0.0722045	-0.0334237	2.62429	2.62429	-4.20601	-0.41821	-0.235465
724	0.976108	0.116027	0.116027	-3.23751	-0.050836	0.0223291	3.91184	3.91184	-4.0566	-0.273206	0.159328
724	0.857713	0.127537	0.127537	-3.36437	0.0436259	0.0595141	4.29989	4.29989	-4.21556	0.512135	0.64212
724	0.943077	0.0564706	0.0564706	-2.82168	-0.0376599	-0.0350849	1.9039	1.9039	-3.53557	-0.375029	-0.274963
724	0.94718	0.114172	0.114172	-3.32208	0.0248846	0.0250277	3.84927	3.84927	-4.16256	0.249563	0.221455
724	0.938946	0.0672146	0.0672146	-2.8573	-0.0391728	-0.0208456	2.26613	2.26613	-3.5802	-0.345467	-0.179904
724	0.985798	0.122012	0.122012	-2.40017	0.0103573	-0.0132507	4.11361	4.11361	-3.00741	0.0870847	-0.071783
724	1.01341	0.0428183	0.0428183	-3.02612	-0.143227	-0.0916763	1.44361	1.44361	-3.79173	-0.826994	-0.470653
724	0.997904	0.0615013	0.0615013	-3.09533	-0.064143	-0.0374239	2.0735	2.0735	-3.87844	-0.417844	-0.26361
724	1.02119	0.0811779	0.0811779	-2.49929	-0.12581	-0.0292141	2.7369	2.7369	-3.13162	-0.635605	-0.195095
724	0.999793	0.110195	0.110195	-2.95165	-0.00883349	-0.0110405	3.71519	3.71519	-3.69842	-0.0686151	-0.0638815
724	0.943773	0.0781018	0.0781018	-3.00698	-0.0265824	-0.00900128	2.63319	2.63319	-3.76774	-0.217456	-0.0726517
724	0.996902	0.0402661	0.0402661	-3.30475	-0.084125	-0.0744403	1.35756	1.35756	-4.14085	-0.607662	-0.467918
724	1.0104	-0.0108524	-0.0108524	-3.12564	-0.231713	-0.133643	-0.365885	-0.365885	-3.91643	-1.07526	-0.797294
724	0.988683	0.026682	0.026682	-3.19694	-0.0821436	-0.0676557	0.899576	0.899576	-4.00576	-0.658387	-0.541146
724	1.00107	0.0236062	0.0236062	-3.13926	-0.152574	-0.0823244	0.795876	0.795876	-3.93349	-0.863022	-0.559107
724	1.03418	0.0737374	0.0737374	-2.86647	-0.184476	-0.111691	2.48604	2.48604	-3.59169	-0.800462	-0.522174
724	0.936108	0.0418861	0.0418861	-2.90993	-0.0754516	-0.0518573	1.41218	1.41218	-3.64614	-0.54919	-0.421357
724	0.950268	0.00381395	0.00381395	-2.81882	-0.117723	-0.104593	0.128586	0.128586	-3.53198	-0.901158	-0.713982
724	1.03557	0.0290127	0.0290127	-2.93522	-0.189306	-0.116596	0.978157	0.978157	-3.67783	-0.901705	-0.628055
724	1.01484	0.0396723	0.0396723	-3.07338	-0.0968224	-0.069233	1.33754	1.33754	-3.85094	-0.645513	-0.454815
724	1.06222	0.0536437	0.0536437	-2.94947	-0.232908	-0.26839	1.80859	1.80859	-3.69568	-0.978371	-1.09014
724	0.939713	0.0436436	0.0436436	-3.25163	-0.0456394	-0.0294689	1.47143	1.47143	-4.0743	-0.424447	-0.288766
724	0.969581	-0.00711855	-0.00711855	-3.22049	-0.122168	-0.110724	-0.24	-0.24	-4.03528	-1.00884	-0.76198
724	0.986207	0.0869478	0.0869478	-3.05031	-0.021571	-0.0516067	2.93142	2.93142	-3.82204	-0.186796	-0.296211
724	1.04517	0.0277334	0.0277334	-3.0281	-0.281634	-0.180931	0.935026	0.935026	-3.79421	-1.21126	-0.850065
724	1.027	0.0840977	0.0840977	-2.89034	-0.142793	-0.059882	2.83534	2.83534	-3.6216	-0.638887	-0.311824
724	1.02517	0.0209401	0.0209401	-3.213	-0.170481	-0.161937	0.70599	0.70599	-4.02589	-0.876683	-0.728727
724	1.01578	0.0992093	0.0992093	-2.75204	-0.0725528	-0.0323295	3.34482	3.34482	-3.4483	-0.438036	-0.188974
724	0.92841	0.0873845	0.0873845	-3.34351	-0.0198058	0.0125485	2.94615	2.94615	-4.18941	-0.162702	0.126995
724	0.984131	0.0360345	0.0360345	-3.28762	-0.0746553	-0.0459948	1.21489	1.21489	-4.11938	-0.60573	-0.441137
724	0.880316	0.0376626	0.0376626	-2.78693	-0.0625158	-0.0336975	1.26979	1.26979	-3.49202	-0.603867	-0.364599
724	0.9015	0.0961941	0.0961941	-2.78683	-0.0066095	0.0272139	3.24316	3.24316	-3.4919	-0.0644321	0.291147
724	1.01917	0.0458405	0.0458405	-2.79904	-0.080189	-0.0795384	1.5455	1.5455	-3.5072	-0.598573	-0.456203
724	0.944132	0.0448272	0.0448272	-3.0437	-0.051068	-0.0281056	1.51134	1.51134	-3.81376	-0.466033	-0.278715
724	0.967	0.045322	0.045322	-2.42427	-0.0700358	-0.0664261	1.52802	1.52802	-3.03761	-0.56986	-0.458364
724	0.931712	0.0519722	0.0519722	-2.70795	-0.0738538	-0.0376641	1.75223	1.75223	-3.39306	-0.531908	-0.318302
724	0.901715	0.148958	0.148958	-2.80407	0.0769932	0.0773553	5.02209	5.02209	-3.5135	0.970592	0.785903
724	1.01472	0.0640284	0.0640284	-2.90611	-0.084455	-0.0482613	2.1587	2.1587	-3.64136	-0.478325	-0.312083
724	0.992394	0.0970149	0.0970149	-2.90884	-0.000172592	0.000788426	3.27083	3.27083	-3.64478	-0.00171006	0.00573689
724	0.985105	0.00197672	0.00197672	-3.14987	-0.143883	-0.087424	0.0666449	0.0666449	-3.94679	-0.984737	-0.696383
724	1.00028	0.0783785	0.0783785	-3.20241	-0.0913106	-0.0335223	2.64252	2.64252	-4.01262	-0.468064	-0.226293
724	0.976004	0.0481649	0.0481649	-3.00106	-0.104766	-0.0767689	1.62387	1.62387	-3.76033	-0.732937	-0.47333
724	0.895734	0.0412888	0.0412888	-3.01239	-0.0437234	-0.0412054	1.39204	1.39204	-3.77452	-0.474006	-0.382171
724	0.917102	0.0763219	0.0763219	-2.45505	-0.017436	-0.0181236	2.57318	2.57318	-3.07618	-0.16048	-0.155402
724	0.964153	0.0416778	0.0416778	-2.96164	-0.0998884	-0.071542	1.40516	1.40516	-3.71094	-0.697787	-0.463747
724	1.01066	0.0636326	0.0636326	-3.05871	-0.126145	-0.057495	2.14536	2.14536	-3.83257	-0.712789	-0.352953
724	0.990046	0.0806502	0.0806502	-2.97283	-0.0372216	-0.00665666	2.7191	2.7191	-3.72496	-0.289536	-0.0535755
724	0.987214	-0.0121495	-0.0121495	-3.29949	-0.145871	-0.11485	-0.409619	-0.409619	-4.13427	-1.06597	-0.764818
724	1.09119	0.00759122	0.00759122	-3.1024	-0.442634	-0.307776	0.255936	0.255936	-3.8873	-1.94723	-1.27008
724	1.00233	0.0867218	0.0867218	-2.74614	-0.0736318	0.000624554	2.92381	2.92381	-3.44091	-0.41318	0.00519347
724	0.963191	0.0746999	0.0746999	-2.87105	-0.0411194	-0.016048	2.51849	2.51849	-3.59742	-0.36082	-0.129001
724	0.942851	0.0771772	0.0771772	-2.55931	-0.0271779	-0.0221502	2.60201	2.60201	-3.20681	-0.232868	-0.169021
724	0.863436	0.104582	0.104582	-3.16298	0.0129019	0.0240182	3.52595	3.52595	-3.96322	0.126909	0.238183
724	0.944653	0.0358948	0.0358948	-2.56459	-0.0888879	-0.0605282	1.21019	1.21019	-3.21344	-0.735443	-0.498896
724	0.881421	0.0473528	0.0473528	-2.93127	-0.0288826	-0.0326929	1.59649	1.59649	-3.67288	-0.337137	-0.299555
724	1.00387	0.0651491	0.0651491	-3.13172	-0.03003	-0.0500565	2.19649	2.19649	-3.92404	-0.267692	-0.332818
724	0.994339	-0.00726303	-0.00726303	-3.04769	-0.168372	-0.0835385	-0.244871	-0.244871	-3.81876	-0.878596	-0.770354
724	1.01205	0.100331	0.100331	-3.11649	-0.0457214	-0.0174009	3.38262	3.38262	-3.90496	-0.273497	-0.108873
724	0.978014	0.0331962	0.0331962	-2.99333	-0.098834	-0.0878871	1.1192	1.1192	-3.75064	-0.752127	-0.504706
724	1.02173	0.0522996	0.0522996	-3.28501	-0.10726	-0.0848438	1.76327	1.76327	-4.11612	-0.671006	-0.467669
724	1.00748	-0.00704155	-0.00704155	-2.74549	-0.130209	-0.124997	-0.237404	-0.237404	-3.4401	-0.929251	-0.80081
724	0.893598	0.0459212	0.0459212	-3.2796	-0.0390428	-0.047927	1.54822	1.54822	-4.10934	-0.412465	-0.388638
724	1.00861	0.0844035	0.0844035	-2.60774	-0.0358893	-0.0505644	2.84565	2.84565	-3.2675	-0.248838	-0.286454
724	0.907027	0.105465	0.105465	-2.65059	-0.00239549	0.0329771	3.55572	3.55572	-3.32119	-0.0228342	0.324298
724	0.909494	0.0328426	0.0328426	-2.92905	-0.0711702	-0.0549503	1.10728	1.10728	-3.6701	-0.646399	-0.479651
724	0.99199	0.0358995	0.0358995	-3.20667	-0.127855	-0.0775376	1.21034	1.21034	-4.01796	-0.711744	-0.471083
724	1.06571	0.0387152	0.0387152	-3.33748	-0.378911	-0.245791	1.30527	1.30527	-4.18186	-1.79151	-0.951471
724	1.01108	0.0952674	0.0952674	-3.03165	-0.0538494	-0.0280007	3.21192	3.21192	-3.79866	-0.329479	-0.158218
724	0.996284	0.0529697	0.0529697	-2.79323	-0.0684076	-0.083973	1.78586	1.78586	-3.49992	-0.528907	-0.484193
724	1.05736	0.0429971	0.0429971	-3.02296	-0.236761	-0.17775	1.44964	1.44964	-3.78777	-1.06641	-0.845119
724	1.05822	0.0481041	0.0481041	-2.98096	-0.211138	-0.220277	1.62182	1.62182	-3.73514	-0.956886	-0.971719
724	0.965696	0.0449568	0.0449568	-3.05419	-0.0868134	-0.0572407	1.51571	1.51571	-3.8269	-0.578979	-0.415315
724	0.969371	0.106672	0.106672	-3.31622	-0.0400737	-0.00449185	3.59644	3.59644	-4.15523	-0.256994	-0.0310282
724	1.00504	0.0583812	0.0583812	-2.91411	-0.061599	-0.0659535	1.96831	1.96831	-3.65138	-0.45955	-0.393628
724	0.986928	0.0691095	0.0691095	-2.74971	-0.0884245	-0.0335912	2.33001	2.33001	-3.44539	-0.514778	-0.230087
724	1.05447	0.101244	0.101244	-2.49065	-0.21486	-0.148449	3.4134	3.4134	-3.12078	-0.977774	-0.558324
724	0.944312	0.021806	0.021806	-2.76393	-0.0816672	-0.0757084	0.735185	0.735185	-3.4632	-0.732703	-0.535986
724	1.03134	0.0842364	0.0842364	-2.92908	-0.0528541	-0.0805845	2.84001	2.84001	-3.67014	-0.341687	-0.363645
724	0.986174	0.0449465	0.0449465	-2.8451	-0.0659809	-0.0504186	1.51536	1.51536	-3.5649	-0.517267	-0.381481
724	0.901682	0.0514162	0.0514162	-2.80759	-0.0396416	-0.0363498	1.73349	1.73349	-3.51791	-0.389546	-0.304062
724	0.956175	0.0570122	0.0570122	-3.09239	-0.0760481	-0.0395338	1.92215	1.92215	-3.87476	-0.507502	-0.32304
724	0.947622	0.0400802	0.0400802	-3.33647	-0.0802948	-0.0429245	1.35129	1.35129	-4.1806	-0.655953	-0.367456
724	0.989233	0.0424727	0.0424727	-2.68072	-0.102433	-0.0676592	1.43196	1.43196	-3.35894	-0.623601	-0.432261
724	0.967036	0.109956	0.109956	-2.78578	0.00543802	0.0152426	3.70716	3.70716	-3.49058	0.0441474	0.118455
724	1.06009	0.0361192	0.0361192	-3.33351	-0.233981	-0.246598	1.21775	1.21775	-4.17689	-1.03353	-1.01427
724	0.987088	0.0813627	0.0813627	-3.25705	-0.0317507	-0.0424591	2.74313	2.74313	-4.08108	-0.24341	-0.241864
724	1.06753	0.0409189	0.0409189	-2.78295	-0.344635	-0.27414	1.37957	1.37957	-3.48704	-1.44219	-1.01326
724	0.984495	0.0651653	0.0651653	-2.92934	-0.0858046	-0.0351326	2.19703	2.19703	-3.67046	-0.553565	-0.257701
724	0.953559	0.0660201	0.0660201	-2.76839	-0.0493104	-0.0192564	2.22585	2.22585	-3.46879	-0.417999	-0.15654
724	0.879648	0.0389025	0.0389025	-2.73425	-0.0643145	-0.0320342	1.31159	1.31159	-3.42601	-0.519657	-0.361927
724	0.92142	-0.00317117	-0.00317117	-2.58942	-0.106035	-0.0802896	-0.106915	-0.106915	-3.24454	-0.92518	-0.72115
724	0.930561	0.0187377	0.0187377	-3.05655	-0.0730098	-0.0649456	0.631738	0.631738	-3.82986	-0.718247	-0.584683
724	0.942408	-0.0154983	-0.0154983	-3.04415	-0.12914	-0.114897	-0.522523	-0.522523	-3.81432	-1.02718	-0.87912
724	1.01872	0.0339523	0.0339523	-2.64684	-0.142738	-0.111463	1.1447	1.1447	-3.31649	-0.761541	-0.611634
724	1.01854	0.0260579	0.0260579	-2.9912	-0.220014	-0.0900317	0.878538	0.878538	-3.74797	-0.96881	-0.591253
724	0.96196	0.0815131	0.0815131	-2.80377	-0.0570014	-0.0204492	2.7482	2.7482	-3.51313	-0.388991	-0.148194
724	1.04776	0.119329	0.119329	-2.9153	-0.161518	-0.0728526	4.02316	4.02316	-3.65287	-0.684784	-0.355041
724	0.965308	0.0496502	0.0496502	-3.24364	-0.0819999	-0.0344976	1.67394	1.67394	-4.06428	-0.569411	-0.287186
724	0.932487	0.124421	0.124421	-3.04671	0.0290379	0.0277685	4.19482	4.19482	-3.81753	0.279526	0.203692
724	0.955571	0.0821213	0.0821213	-3.22886	-0.0253144	-0.0308553	2.7687	2.7687	-4.04576	-0.202095	-0.200894
724	1.01329	0.0682714	0.0682714	-3.41628	-0.0989172	-0.0609796	2.30175	2.30175	-4.28059	-0.542848	-0.363075
724	0.952714	0.100069	0.100069	-2.97714	-0.0350056	0.0190981	3.37382	3.37382	-3.73035	-0.231682	0.168533
724	0.958611	0.0284968	0.0284968	-2.93765	-0.0816022	-0.0602558	0.960764	0.960764	-3.68088	-0.625184	-0.469839
724	1.10191	0.109934	0.109934	-3.0525	-0.455173	-0.296181	3.70641	3.70641	-3.82479	-1.69719	-1.15201
724	1.01516	0.064254	0.064254	-3.14998	-0.0827018	-0.0888398	2.16631	2.16631	-3.94692	-0.535595	-0.440202
724	1.00891	0.00445676	0.00445676	-2.81632	-0.174557	-0.102455	0.150259	0.150259	-3.52885	-1.00822	-0.57129
724	0.999168	0.0943413	0.0943413	-3.29551	-0.0669729	-0.0100055	3.1807	3.1807	-4.12928	-0.387832	-0.0724847
724	1.0117	0.0759905	0.0759905	-3.31443	-0.0459537	-0.0465867	2.562	2.562	-4.15298	-0.326585	-0.296732
724	0.926032	0.120597	0.120597	-2.6961	0.0296562	0.0192707	4.06589	4.06589	-3.37822	0.271035	0.151275
724	1.06147	0.0514569	0.0514569	-2.77972	-0.289221	-0.214811	1.73486	1.73486	-3.48299	-1.19134	-0.867018
724	0.948806	0.000160272	0.000160272	-2.5004	-0.0973268	-0.0835178	0.00540353	0.00540353	-3.13301	-0.866514	-0.694982
724	0.995303	0.0207662	0.0207662	-3.31172	-0.126974	-0.0738826	0.700127	0.700127	-4.14959	-0.8033	-0.550556
724	0.960395	0.086016	0.086016	-2.75323	-0.0291596	0.00609492	2.90001	2.90001	-3.44979	-0.228738	0.0574746
724	1.04974	0.00532795	0.00532795	-2.94205	-0.250738	-0.258376	0.179631	0.179631	-3.68639	-1.10685	-0.988106
724	1.02623	0.0762788	0.0762788	-3.17544	-0.102717	-0.111721	2.57172	2.57172	-3.97882	-0.549499	-0.533928
724	1.06662	0.0858147	0.0858147	-2.9853	-0.34833	-0.207456	2.89323	2.89323	-3.74059	-1.37481	-0.773847
724	0.934377	0.0739343	0.0739343	-2.84869	-0.0211667	-0.015453	2.49268	2.49268	-3.56941	-0.193423	-0.123367
724	0.900847	0.0799488	0.0799488	-3.05259	-0.0148379	0.00992961	2.69546	2.69546	-3.82489	-0.134837	0.101267
724	0.928679	0.0965623	0.0965623	-2.74431	-0.0269289	0.0260435	3.25558	3.25558	-3.43862	-0.19044	0.243675
724	1.01939	-0.00387607	-0.00387607	-3.22174	-0.18085	-0.112736	-0.130681	-0.130681	-4.03684	-1.04242	-0.765364
724	0.981017	0.0822639	0.0822639	-2.73153	-0.041406	-0.0433326	2.77351	2.77351	-3.4226	-0.32597	-0.266234
724	0.907284	0.0761207	0.0761207	-2.82871	-0.0241449	0.00956403	2.56639	2.56639	-3.54438	-0.234084	0.108026
724	0.992694	0.0764187	0.0764187	-2.68484	-0.0310697	-0.0167109	2.57644	2.57644	-3.3641	-0.269231	-0.1346
724	0.997479	0.0579211	0.0579211	-2.70912	-0.12404	-0.0762455	1.9528	1.9528	-3.39452	-0.70297	-0.444539
724	0.997648	0.119859	0.119859	-2.82674	-0.047855	0.000460349	4.04103	4.04103	-3.5419	-0.267457	0.00292224
724	1.02411	0.0828739	0.0828739	-2.88704	-0.0993153	-0.0649129	2.79408	2.79408	-3.61747	-0.547916	-0.34453
724	0.930452	0.0463197	0.0463197	-3.16195	-0.0680409	-0.0289658	1.56166	1.56166	-3.96193	-0.553333	-0.279885
724	0.930426	0.0658227	0.0658227	-2.65092	-0.0350811	-0.0291797	2.2192	2.2192	-3.3216	-0.287188	-0.2412
724	0.999706	0.142509	0.142509	-2.50115	-0.0220304	0.0155664	4.80467	4.80467	-3.13394	-0.119965	0.0911453
724	1.01886	0.0568558	0.0568558	-2.70671	-0.130714	-0.0680877	1.91688	1.91688	-3.39151	-0.697396	-0.416751
724	0.971889	0.082071	0.082071	-3.2614	-0.0218433	-0.0255783	2.76701	2.76701	-4.08653	-0.171428	-0.160648
724	0.957441	0.0986831	0.0986831	-3.10288	0.0107622	0.00780294	3.32708	3.32708	-3.88791	0.109858	0.0662175
724	0.973484	0.156726	0.156726	-3.35407	0.0207038	0.0438396	5.28397	5.28397	-4.20265	0.140269	0.289843
724	1.05344	0.0168437	0.0168437	-3.15856	-0.35384	-0.215558	0.567882	0.567882	-3.95767	-1.37258	-1.047
724	1.05014	0.0888095	0.0888095	-2.87017	-0.12918	-0.152345	2.99419	2.99419	-3.59632	-0.66281	-0.66121
724	1.08329	0.0644224	0.0644224	-3.08718	-0.360937	-0.367193	2.17199	2.17199	-3.86824	-1.52665	-1.28122
724	1.01905	0.0371647	0.0371647	-2.96871	-0.162119	-0.0884467	1.253	1.253	-3.7198	-0.814106	-0.558025
724	1.02735	0.0916659	0.0916659	-3.16861	-0.0866705	-0.113417	3.0905	3.0905	-3.97027	-0.503053	-0.512409
724	0.911003	0.0295853	0.0295853	-2.50635	-0.0549882	-0.0461153	0.997462	0.997462	-3.14045	-0.599693	-0.469688
724	0.984126	0.0718449	0.0718449	-2.7011	-0.0434993	-0.0341489	2.42224	2.42224	-3.38448	-0.320765	-0.239469
724	0.956169	0.0302427	0.0302427	-2.63401	-0.0843998	-0.07518	1.01963	1.01963	-3.30042	-0.721038	-0.531732
724	0.953301	0.0352156	0.0352156	-2.64098	-0.0867801	-0.0541062	1.18729	1.18729	-3.30914	-0.608962	-0.408064
724	0.993278	0.0593905	0.0593905	-3.08919	-0.0468901	-0.0311668	2.00234	2.00234	-3.87075	-0.382411	-0.247834
724	0.997727	0.0702347	0.0702347	-2.94541	-0.0562719	-0.0448966	2.36795	2.36795	-3.69059	-0.411366	-0.305872
724	0.893032	-0.000646109	-0.000646109	-2.69488	-0.0949225	-0.0857207	-0.0217834	-0.0217834	-3.37668	-0.933483	-0.711397
724	0.954869	0.108179	0.108179	-2.95609	0.0232581	0.01495	3.64723	3.64723	-3.70399	0.215931	0.125068
724	1.00644	0.0728781	0.0728781	-3.04718	-0.04417	-0.0448718	2.45707	2.45707	-3.81812	-0.335336	-0.277614
724	1.02842	0.0868321	0.0868321	-3.15808	-0.0715151	-0.0446509	2.92753	2.92753	-3.95707	-0.444105	-0.255031
724	1.00227	0.101135	0.101135	-2.62439	-0.00209675	0.00744603	3.40975	3.40975	-3.28836	-0.0173797	0.060457
724	0.97093	0.112568	0.112568	-2.90191	-0.0361568	-0.00214671	3.79521	3.79521	-3.6361	-0.224817	-0.0145667
724	0.953081	0.0566878	0.0566878	-2.59963	-0.0407032	-0.0420137	1.91122	1.91122	-3.25733	-0.360129	-0.318096
724	1.05977	0.0577511	0.0577511	-3.09122	-0.199988	-0.180476	1.94707	1.94707	-3.8733	-0.893019	-0.763552
724	0.967676	0.0754865	0.0754865	-2.69816	-0.0486881	-0.0234817	2.54501	2.54501	-3.38079	-0.360006	-0.170194
724	1.00913	0.036229	0.036229	-2.51964	-0.125951	-0.088272	1.22145	1.22145	-3.15711	-0.699642	-0.50748
724	1.06389	0.0529143	0.0529143	-3.12425	-0.337766	-0.25096	1.78399	1.78399	-3.91469	-1.38391	-0.943195
724	0.956274	0.0680501	0.0680501	-2.83777	-0.0521584	-0.0541575	2.29429	2.29429	-3.55572	-0.436702	-0.326255
724	0.996021	0.05702	0.05702	-3.15311	-0.104531	-0.0688706	1.92242	1.92242	-3.95084	-0.580363	-0.415903
724	0.93205	0.121902	0.121902	-2.96979	0.0202958	0.0350579	4.10989	4.10989	-3.72114	0.170033	0.274299
724	0.977392	0.0590991	0.0590991	-2.63636	-0.0420923	-0.040324	1.99251	1.99251	-3.30336	-0.358093	-0.28513
724	0.896892	0.0631419	0.0631419	-2.48633	-0.0320179	-0.00872585	2.12882	2.12882	-3.11538	-0.298439	-0.092631
724	1.01224	0.00658184	0.00658184	-2.95765	-0.180995	-0.130335	0.221905	0.221905	-3.70594	-1.0618	-0.694703
724	0.820596	0.0424848	0.0424848	-2.30604	-0.0349618	-0.0163325	1.43236	1.43236	-2.88947	-0.40895	-0.190346
724	0.939697	0.0598519	0.0598519	-2.90309	-0.0387163	-0.0246856	2.01789	2.01789	-3.63757	-0.376674	-0.224256
724	0.984913	0.0531575	0.0531575	-2.52524	-0.0667168	-0.0555041	1.79219	1.79219	-3.16412	-0.505683	-0.376607
724	0.853388	0.00945648	0.00945648	-2.68919	-0.0665457	-0.0617052	0.318823	0.318823	-3.36956	-0.783557	-0.60248
724	0.970711	0.112437	0.112437	-2.80448	-0.00823648	0.0286027	3.79078	3.79078	-3.51402	-0.064514	0.245858
724	1.0656	0.0546973	0.0546973	-3.02497	-0.325981	-0.258848	1.84411	1.84411	-3.79028	-1.35467	-0.935996
724	0.880983	0.0328421	0.0328421	-2.77687	-0.0561412	-0.0373996	1.10726	1.10726	-3.47942	-0.578541	-0.385438
724	0.93313	0.0651892	0.0651892	-2.62014	-0.0771105	-0.00623437	2.19784	2.19784	-3.28304	-0.504755	-0.0563799
724	1.00657	0.114557	0.114557	-2.72076	-0.0287556	-0.0306062	3.86226	3.86226	-3.40911	-0.173176	-0.168424
724	1.04493	0.0205102	0.0205102	-2.98208	-0.179932	-0.203581	0.691499	0.691499	-3.73655	-0.84336	-0.813415
724	0.979555	0.101711	0.101711	-2.81131	-0.0238877	-0.00333478	3.42917	3.42917	-3.52257	-0.184093	-0.0230188
724	0.975565	0.094565	0.094565	-3.05563	-0.00638526	-0.00680231	3.18824	3.18824	-3.82871	-0.050262	-0.0498067
724	1.05033	-0.0119936	-0.0119936	-3.13323	-0.307806	-0.229449	-0.404361	-0.404361	-3.92593	-1.38607	-1.06544
724	1.04095	0.0848453	0.0848453	-2.78749	-0.160741	-0.0628535	2.86054	2.86054	-3.49272	-0.706052	-0.342109
724	0.937387	0.0574842	0.0574842	-2.44832	-0.0386871	-0.0265964	1.93807	1.93807	-3.06775	-0.344535	-0.224975
724	1.01171	0.0854255	0.0854255	-2.76265	-0.0606418	-0.0304263	2.8801	2.8801	-3.46161	-0.405077	-0.184994
724	0.982655	0.131703	0.131703	-2.81138	0.00570699	0.0485116	4.44034	4.44034	-3.52266	0.0435936	0.432501
724	1.00463	0.0840773	0.0840773	-3.06473	-0.0576595	-0.0172843	2.83465	2.83465	-3.84011	-0.353261	-0.124741
724	0.990398	0.0887625	0.0887625	-2.70461	-0.0385348	-0.0331955	2.99261	2.99261	-3.38887	-0.271745	-0.220067
724	0.99241	-0.0229721	-0.0229721	-3.2113	-0.157367	-0.150623	-0.7745	-0.7745	-4.02376	-1.01186	-0.851693
724	1.02412	0.0295106	0.0295106	-2.73367	-0.135394	-0.108493	0.994943	0.994943	-3.42529	-0.849712	-0.611651
724	1.03586	-0.00137315	-0.00137315	-2.99146	-0.190654	-0.176815	-0.0462955	-0.0462955	-3.74829	-0.990578	-0.859374
724	0.934836	0.070397	0.070397	-2.77915	-0.0351197	-0.0281248	2.37342	2.37342	-3.48228	-0.304547	-0.222665
724	0.949844	0.0886876	0.0886876	-2.80774	-0.0292953	-0.00262802	2.99008	2.99008	-3.51809	-0.233998	-0.01995
724	1.01131	0.0829785	0.0829785	-2.82853	-0.0807421	-0.103244	2.7976	2.7976	-3.54415	-0.411783	-0.516475
724	1.07099	-0.00724238	-0.00724238	-3.03363	-0.3684	-0.232614	-0.244175	-0.244175	-3.80114	-1.39596	-0.912351
724	0.967803	0.0391731	0.0391731	-2.85722	-0.0956604	-0.0409649	1.32071	1.32071	-3.58009	-0.652667	-0.382728
724	0.921373	0.027939	0.027939	-2.65924	-0.067681	-0.0589818	0.941957	0.941957	-3.33202	-0.63785	-0.511161
724	0.985666	0.10404	0.10404	-3.09382	-0.0268327	0.00476125	3.50767	3.50767	-3.87655	-0.1794	0.0335103
724	1.04658	0.0153074	0.0153074	-3.02358	-0.325414	-0.175417	0.516085	0.516085	-3.78854	-1.36556	-0.798215
724	1.00935	0.0471069	0.0471069	-2.92051	-0.0945762	-0.0452169	1.5882	1.5882	-3.6594	-0.563482	-0.351669
724	0.926488	0.0636604	0.0636604	-2.71193	-0.025851	-0.0247627	2.1463	2.1463	-3.39804	-0.259138	-0.207963
724	1.06046	0.06704	0.06704	-3.03323	-0.385706	-0.192448	2.26024	2.26024	-3.80064	-1.54122	-0.826454
724	0.867353	0.0816066	0.0816066	-2.55407	0.00680555	0.0218394	2.75135	2.75135	-3.20024	0.0792566	0.25119
724	0.93279	0.047514	0.047514	-2.8302	-0.0460065	-0.0472396	1.60192	1.60192	-3.54624	-0.453823	-0.300576
724	1.02564	0.0360798	0.0360798	-2.76082	-0.160364	-0.111403	1.21642	1.21642	-3.4593	-0.886836	-0.600734
724	1.09512	0.0748348	0.0748348	-3.07829	-0.486536	-0.404782	2.52304	2.52304	-3.8571	-1.9494	-2.08252
724	1.01663	0.065273	0.065273	-2.59283	-0.11997	-0.0771187	2.20067	2.20067	-3.24882	-0.644171	-0.445748
724	1.02286	0.0676922	0.0676922	-2.84069	-0.0974078	-0.0830135	2.28223	2.28223	-3.55939	-0.551422	-0.45063
724	0.979834	0.0458068	0.0458068	-3.18005	-0.0831886	-0.0656842	1.54437	1.54437	-3.98461	-0.696925	-0.444343
724	0.943861	0.110935	0.110935	-2.72202	0.00571938	0.038028	3.74014	3.74014	-3.41069	0.0455068	0.374864
724	1.02273	-0.00401345	-0.00401345	-2.66659	-0.173544	-0.172154	-0.135313	-0.135313	-3.34124	-0.896271	-0.920023
724	0.923506	0.0740051	0.0740051	-3.24376	-0.0397635	-0.0186898	2.49507	2.49507	-4.06444	-0.301212	-0.132098
724	0.916898	-0.0286669	-0.0286669	-2.99827	-0.132793	-0.116437	-0.966497	-0.966497	-3.75683	-1.20691	-0.971952
724	0.925069	0.021219	0.021219	-2.99882	-0.0668967	-0.0618978	0.715395	0.715395	-3.75752	-0.699305	-0.512164
724	0.964	0.0629157	0.0629157	-2.54071	-0.0633222	-0.0476812	2.12119	2.12119	-3.18351	-0.432134	-0.34429
724	0.978198	0.0738986	0.0738986	-2.93289	-0.0905709	-0.0337692	2.49148	2.49148	-3.67491	-0.570487	-0.224487
724	1.06704	0.0413181	0.0413181	-3.10703	-0.408929	-0.224542	1.39303	1.39303	-3.89311	-1.70162	-0.922178
724	0.984157	0.0576909	0.0576909	-2.95367	-0.0500453	-0.0392211	1.94504	1.94504	-3.70095	-0.400993	-0.25261
724	0.907247	0.0674578	0.0674578	-2.65225	-0.0267756	-0.00536483	2.27433	2.27433	-3.32327	-0.24221	-0.055061
724	0.934715	0.0549074	0.0549074	-3.04782	-0.0440176	-0.0252088	1.85119	1.85119	-3.81891	-0.422806	-0.229569
724	1.02431	0.0604591	0.0604591	-3.07471	-0.0731884	-0.110952	2.03837	2.03837	-3.85261	-0.501928	-0.540144
724	1.00664	0.0181869	0.0181869	-3.29126	-0.115885	-0.0839532	0.613168	0.613168	-4.12395	-0.802978	-0.537794
724	0.9858	0.0177476	0.0177476	-2.70961	-0.115491	-0.0974788	0.598358	0.598358	-3.39514	-0.767682	-0.643613
724	0.959799	0.0162626	0.0162626	-3.02565	-0.103999	-0.0735707	0.548291	0.548291	-3.79114	-0.835548	-0.576947
724	0.950612	0.0545621	0.0545621	-2.84941	-0.0636237	-0.0220931	1.83955	1.83955	-3.57031	-0.551595	-0.191272
724	1.08542	0.086018	0.086018	-2.9388	-0.480681	-0.257877	2.90008	2.90008	-3.68232	-2.02002	-1.05819
724	0.962155	0.0868994	0.0868994	-2.67745	-0.00415179	-0.0148353	2.92979	2.92979	-3.35484	-0.0438049	-0.107831
724	0.992959	0.0733545	0.0733545	-2.8181	-0.0749029	-0.0452698	2.47313	2.47313	-3.53108	-0.489105	-0.307111
724	1.00846	-0.0220952	-0.0220952	-2.81725	-0.157958	-0.186882	-0.744934	-0.744934	-3.53001	-1.06523	-0.96839
724	0.997841	0.0748603	0.0748603	-2.91129	-0.0380741	-0.0351128	2.5239	2.5239	-3.64784	-0.306277	-0.216097
724	0.990838	0.0521275	0.0521275	-3.14176	-0.0668473	-0.0323959	1.75747	1.75747	-3.93662	-0.525942	-0.277553
724	0.988008	0.0989263	0.0989263	-2.67428	-0.0401257	-0.0137142	3.33528	3.33528	-3.35088	-0.252422	-0.0934571
724	0.941756	0.0312662	0.0312662	-2.61707	-0.0869731	-0.0515753	1.05413	1.05413	-3.27919	-0.652679	-0.439372
724	0.987443	0.0661915	0.0661915	-3.09636	-0.0781183	-0.0736861	2.23163	2.23163	-3.87974	-0.506003	-0.406389
724	0.929214	0.0761336	0.0761336	-3.32209	-0.0307846	-0.00642026	2.56683	2.56683	-4.16258	-0.269785	-0.0570531
724	1.04978	0.0879238	0.0879238	-3.29252	-0.176398	-0.12092	2.96433	2.96433	-4.12553	-0.73369	-0.539142
724	0.933542	0.0545171	0.0545171	-2.71642	-0.0390998	-0.0365037	1.83803	1.83803	-3.40367	-0.367375	-0.302282
724	1.00252	0.055165	0.055165	-3.03298	-0.0684097	-0.0518145	1.85988	1.85988	-3.80032	-0.469053	-0.353492
724	0.929521	0.0736446	0.0736446	-2.71052	-0.0493267	-0.0218582	2.48291	2.48291	-3.39628	-0.377721	-0.172125
724	1.0542	0.0390141	0.0390141	-3.23269	-0.240035	-0.264567	1.31535	1.31535	-4.05056	-1.06349	-1.01034
724	0.952202	0.000596579	0.000596579	-3.14478	-0.111	-0.0866494	0.0201135	0.0201135	-3.94041	-0.93874	-0.726837
724	1.00603	0.121587	0.121587	-2.79143	-0.0372457	-0.00506197	4.09929	4.09929	-3.49767	-0.232384	-0.0307411
724	0.914337	-0.00286845	-0.00286845	-3.14356	-0.091992	-0.0907785	-0.0967092	-0.0967092	-3.93888	-0.962174	-0.783638
724	0.970841	0.0301778	0.0301778	-2.88707	-0.0961236	-0.0617869	1.01744	1.01744	-3.6175	-0.68863	-0.511183
724	0.941757	0.0448032	0.0448032	-2.73666	-0.0718904	-0.0587324	1.51053	1.51053	-3.42904	-0.622022	-0.387365
724	0.945841	0.0904887	0.0904887	-2.87771	-0.000262916	0.0135941	3.05081	3.05081	-3.60576	-0.00247871	0.124182
724	0.990868	0.0775553	0.0775553	-2.64259	-0.0677853	-0.0540383	2.61476	2.61476	-3.31117	-0.447173	-0.325016
724	0.922003	0.00120432	0.00120432	-2.78966	-0.108081	-0.0751556	0.0406033	0.0406033	-3.49545	-0.727206	-0.761687
724	0.985014	0.0504017	0.0504017	-2.67308	-0.092059	-0.101919	1.69928	1.69928	-3.34938	-0.565418	-0.526145
724	0.959713	0.0413922	0.0413922	-3.26037	-0.0708312	-0.0504973	1.39553	1.39553	-4.08524	-0.561459	-0.389895
724	1.00015	0.0635006	0.0635006	-2.63407	-0.0520902	-0.0513524	2.14091	2.14091	-3.30049	-0.39271	-0.315381
724	0.95005	0.132968	0.132968	-2.67937	0.00710287	0.0209204	4.48298	4.48298	-3.35726	0.0488619	0.144543
724	0.924764	0.068549	0.068549	-2.92906	-0.0172032	0.00980946	2.31112	2.31112	-3.67012	-0.175397	0.115827
724	1.01487	0.00274904	0.00274904	-2.76405	-0.0999408	-0.117753	0.0926832	0.0926832	-3.46335	-0.90145	-0.737672
724	1.05469	0.103551	0.103551	-2.59063	-0.204813	-0.17862	3.4912	3.4912	-3.24605	-0.849123	-0.708164
724	0.994174	-0.0406285	-0.0406285	-3.35174	-0.190902	-0.146381	-1.36978	-1.36978	-4.19973	-1.17371	-1.04436
724	0.968571	0.0351597	0.0351597	-2.88945	-0.0866667	-0.06747	1.1854	1.1854	-3.62048	-0.611829	-0.479056
724	1.05746	0.0830144	0.0830144	-3.43279	-0.282588	-0.132161	2.79881	2.79881	-4.30129	-1.03934	-0.611682
724	0.905782	0.0714807	0.0714807	-2.84588	-0.0262272	-0.00395831	2.40996	2.40996	-3.56588	-0.24946	-0.0385612
724	1.00535	0.06535	0.06535	-2.87045	-0.111882	-0.119961	2.20326	2.20326	-3.59668	-0.580926	-0.540265
724	0.999743	0.0990265	0.0990265	-2.48902	-0.0152693	-0.00748505	3.33866	3.33866	-3.11875	-0.112094	-0.0458077
724	0.972446	0.0349728	0.0349728	-3.08108	-0.0910326	-0.0710172	1.1791	1.1791	-3.86059	-0.717843	-0.534423
724	1.00724	0.0890142	0.0890142	-3.40958	-0.0683026	-0.0267268	3.00109	3.00109	-4.2722	-0.394587	-0.175683
724	1.00331	0.0501192	0.0501192	-3.27447	-0.0977968	-0.0629953	1.68976	1.68976	-4.10291	-0.59533	-0.455078
724	0.940244	0.000677793	0.000677793	-2.93782	-0.0793491	-0.0892573	0.0228516	0.0228516	-3.68109	-0.987381	-0.654384
724	1.00338	0.126507	0.126507	-3.02324	0.00743245	0.0339327	4.26515	4.26515	-3.78812	0.0517244	0.254063
724	0.970307	0.071505	0.071505	-2.78961	-0.0350817	-0.0129177	2.41078	2.41078	-3.49538	-0.302602	-0.0975747
1024	1.05985	0.0460857	0.0460857	-2.80764	-0.272755	-0.251116	1.84785	1.84785	-3.51797	-1.19064	-1.00789
1024	0.958954	0.0876694	0.0876694	-3.22471	-0.00440738	0.012684	3.51519	3.51519	-4.04057	-0.0485101	0.116237
1024	1.15853	0.0193305	-0.00874739	-3.12698	-0.768421	-0.651843	0.775076	-0.349019	-3.9181	-5.10738	-4.31511
1024	1.03894	0.101253	0.101253	-3.0549	-0.199977	-0.0718458	4.05984	4.05984	-3.82779	-0.841392	-0.368817
1024	0.898743	0.0199008	0.0199008	-2.95767	-0.0584538	-0.0571653	0.797943	0.797943	-3.70596	-0.679136	-0.523155
1024	1.03571	0.077319	0.077319	-3.16086	-0.17439	-0.0803262	3.10018	3.10018	-3.96055	-0.885692	-0.428446
1024	1.05982	0.0269172	0.0269172	-2.92112	-0.291926	-0.254595	1.07927	1.07927	-3.66017	-1.32759	-1.02251
1024	0.984589	0.0146948	0.0146948	-3.18733	-0.0727581	-0.0833756	0.589203	0.589203	-3.99373	-0.702877	-0.609975
1024	0.942382	0.0883819	0.0883819	-3.00335	-0.0153186	0.00906943	3.54376	3.54376	-3.7632	-0.123413	0.0905298
1024	1.01347	0.0972195	0.0972195	-2.71941	-0.0664533	-0.00265759	3.89811	3.89811	-3.40742	-0.406769	-0.019747
1024	1.04141	0.0463772	0.0463772	-2.98153	-0.243696	-0.148451	1.85954	1.85954	-3.73586	-1.11019	-0.759848
1024	1.01797	0.0907673	0.0907673	-2.9916	-0.0692485	-0.00803494	3.63941	3.63941	-3.74848	-0.436925	-0.0581338
1024	0.995612	0.0565649	0.0565649	-3.03604	-0.0776964	-0.0495205	2.26803	2.26803	-3.80415	-0.568638	-0.407608
1024	0.962444	0.0805733	0.0805733	-2.99776	-0.0184899	-0.00645204	3.23067	3.23067	-3.75619	-0.179101	-0.0565759
1024	0.965496	0.091822	0.091822	-3.3903	-0.0209311	-0.00539762	3.68169	3.68169	-4.24805	-0.160637	-0.0414245
1024	1.01508	0.0914594	0.0914594	-2.72203	-0.0717654	-0.0392754	3.66716	3.66716	-3.41071	-0.406984	-0.244672
1024	0.98326	0.0723882	0.0723882	-2.86171	-0.0463478	-0.0190632	2.90248	2.90248	-3.58572	-0.375809	-0.150891
1024	0.99965	0.0766105	0.0766105	-2.81039	-0.0348094	-0.0325378	3.07178	3.07178	-3.52142	-0.256197	-0.238677
1024	0.981943	0.0725767	0.0725767	-2.90315	-0.039176	-0.0328012	2.91004	2.91004	-3.63765	-0.353138	-0.245361
1024	0.943565	0.073352	0.073352	-2.55279	-0.0148203	-0.00825649	2.94112	2.94112	-3.19864	-0.158844	-0.0697981
1024	1.00517	0.106148	0.106148	-3.28132	-0.0804061	0.00991185	4.25609	4.25609	-4.11149	-0.431202	0.0790524
1024	0.954807	0.0830191	0.0830191	-2.95338	-0.0178824	-0.00195808	3.32873	3.32873	-3.70058	-0.188367	-0.0176361
1024	0.965707	0.0447352	0.0447352	-3.06317	-0.0759772	-0.0742448	1.7937	1.7937	-3.83815	-0.561511	-0.452011
1024	0.989069	0.0484472	0.0484472	-2.9228	-0.0904747	-0.0773517	1.94254	1.94254	-3.66227	-0.662473	-0.493421
1024	0.9547	0.0408905	0.0408905	-3.23553	-0.0298891	-0.0530507	1.63955	1.63955	-4.05411	-0.412506	-0.421477
1024	1.02582	0.0626297	0.0626297	-2.86225	-0.108603	-0.106031	2.5112	2.5112	-3.5864	-0.622051	-0.557011
1024	0.983438	0.0690936	0.0690936	-3.16351	-0.0175079	-0.040516	2.77038	2.77038	-3.96387	-0.195758	-0.277355
1024	0.967228	0.0791297	0.0791297	-3.35782	-0.0328752	-0.00489374	3.17278	3.17278	-4.20735	-0.286755	-0.0417786
1024	1.0349	0.0953055	0.0953055	-2.95036	-0.114874	-0.117801	3.82137	3.82137	-3.69681	-0.613739	-0.539886
1024	0.956188	0.0343994	0.0343994	-3.21515	-0.0454715	-0.0508969	1.37928	1.37928	-4.02858	-0.546047	-0.468068
1024	0.973314	0.0892884	0.0892884	-2.88617	-0.0415568	0.000884453	3.58011	3.58011	-3.61638	-0.316494	0.00730911
1024	1.02454	0.0247533	0.0247533	-2.99986	-0.17761	-0.163445	0.992509	0.992509	-3.75883	-0.964559	-0.883664
1024	0.913313	0.0445471	0.0445471	-2.40905	-0.0339682	-0.0214638	1.78616	1.78616	-3.01854	-0.399138	-0.234649
1024	0.979269	0.0594568	0.0594568	-3.33034	-0.0419221	-0.022293	2.38398	2.38398	-4.17291	-0.36775	-0.193419
1024	0.959061	0.0917205	0.0917205	-3.02402	-0.0237633	0.0204324	3.67762	3.67762	-3.78909	-0.196352	0.194245
1024	0.974769	0.0713818	0.0713818	-3.15372	-0.0254386	-0.0124613	2.86213	2.86213	-3.95162	-0.217287	-0.115353
1024	1.02133	0.0423496	0.0423496	-3.24259	-0.137428	-0.0911334	1.69805	1.69805	-4.06296	-0.83901	-0.57098
1024	0.976613	0.00677203	0.00677203	-3.16627	-0.103248	-0.0938348	0.271531	0.271531	-3.96734	-0.7996	-0.722772
1024	0.976307	0.00666159	0.00666159	-2.82358	-0.114337	-0.0624099	0.267103	0.267103	-3.53794	-0.892654	-0.665554
1024	1.0927	-0.000719128	-0.00386969	-2.86738	-0.54226	-0.402997	-0.0288341	-0.155083	-3.59282	-2.44937	-1.85023
1024	0.984255	0.0748	0.0748	-2.7554	-0.0276507	-0.0122294	2.99918	2.99918	-3.45251	-0.260234	-0.111086
1024	1.01601	0.116973	0.116973	-3.11563	-0.0452466	0.00678013	4.69014	4.69014	-3.90388	-0.309808	0.0486069
1024	1.0289	0.0255792	0.0255792	-3.25119	-0.173362	-0.146829	1.02562	1.02562	-4.07374	-0.933946	-0.764044
1024	0.987114	0.034009	0.034009	-3.03706	-0.112121	-0.0645899	1.36363	1.36363	-3.80544	-0.731818	-0.512773
1024	0.908537	0.0604538	0.0604538	-2.6779	-0.0301012	-0.023289	2.42395	2.42395	-3.35541	-0.284808	-0.19706
1024	0.968699	0.068129	0.068129	-2.68344	-0.0361354	-0.0186362	2.7317	2.7317	-3.36235	-0.303118	-0.155837
1024	0.958785	0.0047282	0.0047282	-2.9458	-0.0940941	-0.0709741	0.189582	0.189582	-3.69109	-0.904086	-0.675961
1024	0.948505	0.0647118	0.0647118	-2.8238	-0.0404764	-0.0251359	2.59469	2.59469	-3.53822	-0.344655	-0.222393
1024	1.0721	0.0382179	0.0382179	-2.57671	-0.276276	-0.326506	1.53238	1.53238	-3.22861	-1.1879	-1.33387
1024	1.00171	0.072582	0.072582	-3.01046	-0.114373	-0.0505149	2.91025	2.91025	-3.77211	-0.640578	-0.308974
1024	1.01814	0.0396413	0.0396413	-3.06862	-0.127093	-0.0896253	1.58946	1.58946	-3.84498	-0.745487	-0.517187
1024	0.901396	0.0807974	0.0807974	-2.67743	0.00612422	0.0068353	3.23965	3.23965	-3.35482	0.0736828	0.0704485
1024	0.910088	0.0681497	0.0681497	-3.3094	-0.0171319	-0.00413943	2.73253	2.73253	-4.14667	-0.178432	-0.0404314
1024	1.02222	0.0181799	0.0181799	-2.91554	-0.148628	-0.100005	0.72894	0.72894	-3.65317	-0.84639	-0.695782
1024	1.03211	0.0388123	0.0388123	-2.9508	-0.13344	-0.128765	1.55622	1.55622	-3.69735	-0.715013	-0.677559
1024	0.95031	0.0958561	0.0958561	-2.80882	-0.00141955	0.0232533	3.84344	3.84344	-3.51945	-0.0126995	0.236206
1024	0.967311	0.0334052	0.0334052	-3.22069	-0.118132	-0.0535746	1.33941	1.33941	-4.03552	-0.818984	-0.432954
1024	1.00801	0.0392873	0.0392873	-3.12199	-0.138242	-0.0779615	1.57526	1.57526	-3.91186	-0.726392	-0.508253
1024	0.963967	0.0864416	0.0864416	-2.91093	0.00706739	0.0068715	3.46596	3.46596	-3.6474	0.085098	0.0629089
1024	1.02293	0.10808	0.10808	-3.33215	-0.100463	-0.0401125	4.33357	4.33357	-4.17518	-0.447649	-0.257307
1024	0.934606	0.11158	0.11158	-3.16102	0.0137203	0.0421188	4.4739	4.4739	-3.96076	0.130119	0.426954
1024	0.968811	0.010636	0.010636	-2.92591	-0.0769777	-0.071197	0.426459	0.426459	-3.66616	-0.846655	-0.625904
1024	0.991894	0.0598879	0.0598879	-3.10328	-0.031077	-0.0203068	2.40126	2.40126	-3.88841	-0.324919	-0.171654
1024	0.950725	0.0951868	0.0951868	-3.26336	-0.0234413	0.0223195	3.81661	3.81661	-4.089	-0.177239	0.212951
1024	0.940568	0.092226	0.092226	-2.57621	0.00841349	0.0109217	3.69789	3.69789	-3.22799	0.0842604	0.101062
1024	1.01983	0.056449	0.056449	-2.88464	-0.110341	-0.0478132	2.26338	2.26338	-3.61446	-0.624315	-0.320692
1024	0.987492	-0.00724345	-0.00724345	-3.16999	-0.125696	-0.107227	-0.290433	-0.290433	-3.972	-1.04326	-0.816125
1024	0.916326	0.0385337	0.0385337	-2.91019	-0.0547146	-0.0447644	1.54505	1.54505	-3.64647	-0.585856	-0.444232
1024	1.02888	0.0718342	0.0718342	-3.10968	-0.165969	-0.0778327	2.88026	2.88026	-3.89642	-0.911338	-0.472166
1024	1.05736	0.0818169	0.0818169	-3.04424	-0.332334	-0.202262	3.28053	3.28053	-3.81443	-1.35614	-0.878539
1024	0.984301	0.0798949	0.0798949	-2.4595	-0.0548799	-0.0127471	3.20346	3.20346	-3.08176	-0.401033	-0.0983793
1024	0.936917	0.057627	0.057627	-2.84617	-0.0207341	-0.0208582	2.31061	2.31061	-3.56625	-0.226299	-0.188482
1024	0.972665	-0.00641933	-0.00641933	-3.06556	-0.127198	-0.103878	-0.257389	-0.257389	-3.84114	-0.916152	-0.819569
1024	0.941476	0.0397168	0.0397168	-2.97299	-0.0570944	-0.0264373	1.59248	1.59248	-3.72516	-0.496621	-0.282401
1024	1.01018	0.0927542	0.0927542	-3.01617	-0.0835737	-0.0200119	3.71907	3.71907	-3.77926	-0.46247	-0.127805
1024	1.05585	0.108304	0.108304	-2.95361	-0.20873	-0.20234	4.34256	4.34256	-3.70088	-0.837467	-0.764558
1024	0.941129	0.119538	0.119538	-2.93268	0.0163757	0.0333202	4.79301	4.79301	-3.67464	0.144048	0.27723
1024	0.975035	0.0440232	0.0440232	-2.55309	-0.0819736	-0.0455538	1.76515	1.76515	-3.19902	-0.6318	-0.379789
1024	0.920377	0.062631	0.062631	-2.82102	-0.0133471	-0.0151631	2.51125	2.51125	-3.53474	-0.150703	-0.145621
1024	0.97517	0.0420761	0.0420761	-3.3727	-0.0740489	-0.028956	1.68708	1.68708	-4.22599	-0.622348	-0.287183
1024	1.00366	0.0358828	0.0358828	-3.07735	-0.118332	-0.0667814	1.43876	1.43876	-3.85592	-0.712127	-0.515034
1024	0.978772	0.0451137	0.0451137	-2.99539	-0.08054	-0.0571466	1.80888	1.80888	-3.75323	-0.637771	-0.373788
1024	0.921143	0.0900578	0.0900578	-3.04334	0.00446363	0.0117206	3.61096	3.61096	-3.81331	0.0476133	0.10691
1024	1.03661	0.0632463	0.0632463	-3.359	-0.178219	-0.124595	2.53592	2.53592	-4.20883	-0.874866	-0.556313
1024	0.989253	0.0308502	0.0308502	-2.9362	-0.138714	-0.0711824	1.23697	1.23697	-3.67906	-0.865732	-0.545122
1024	1.05165	0.0289265	0.0289265	-3.06616	-0.352348	-0.258015	1.15984	1.15984	-3.84189	-1.46102	-1.19823
1024	0.950536	0.0576328	0.0576328	-2.93256	-0.0298004	-0.0220036	2.31084	2.31084	-3.6745	-0.298339	-0.195492
1024	0.922573	0.0715611	0.0715611	-2.82485	-0.0131496	-0.000681272	2.86931	2.86931	-3.53953	-0.13574	-0.00675581
1024	1.02493	0.0215445	0.0215445	-3.34986	-0.182022	-0.116109	0.86385	0.86385	-4.19738	-0.92841	-0.686773
1024	1.03267	0.028752	0.028752	-2.77206	-0.219413	-0.149214	1.15284	1.15284	-3.47339	-1.06668	-0.676321
1024	0.930086	0.0729561	0.0729561	-3.32721	-0.0242378	0.00413383	2.92525	2.92525	-4.16899	-0.22294	0.042114
1024	1.01777	0.0916389	0.0916389	-3.09598	-0.0718605	-0.0607135	3.67435	3.67435	-3.87926	-0.421463	-0.337272
1024	1.05306	0.0706882	0.0706882	-2.83182	-0.244636	-0.218961	2.83431	2.83431	-3.54827	-1.1212	-0.959041
1024	0.994992	0.0370602	0.0370602	-3.20459	-0.0725181	-0.0682361	1.48596	1.48596	-4.01535	-0.590827	-0.491185
1024	1.02871	-0.0115714	-0.0115714	-3.16508	-0.160116	-0.188009	-0.463968	-0.463968	-3.96585	-0.946538	-0.960397
1024	0.987313	0.0444359	0.0444359	-3.10664	-0.0686784	-0.0641986	1.7817	1.7817	-3.89262	-0.552173	-0.464931
1024	0.960009	0.0442479	0.0442479	-2.58162	-0.0641509	-0.0792843	1.77416	1.77416	-3.23477	-0.597979	-0.492985
1024	0.98478	0.0485707	0.0485707	-2.83619	-0.0549722	-0.0474309	1.94749	1.94749	-3.55374	-0.507505	-0.378479
1024	0.958485	0.111958	0.111958	-2.71154	-0.00373307	0.0287082	4.48908	4.48908	-3.39756	-0.0309208	0.250594
1024	1.0206	0.00480976	0.00480976	-2.87914	-0.153149	-0.13914	0.192852	0.192852	-3.60757	-0.858477	-0.743862
1024	0.934981	0.0309033	0.0309033	-2.47648	-0.0636851	-0.0466995	1.2391	1.2391	-3.10302	-0.576831	-0.440092
1024	1.01173	0.0228854	0.0228854	-3.1262	-0.105131	-0.0797753	0.917612	0.917612	-3.91713	-0.814748	-0.58089
1024	0.994532	0.0325783	0.0325783	-2.88668	-0.0820482	-0.0613945	1.30626	1.30626	-3.61701	-0.687687	-0.434786
1024	0.955403	0.0834335	0.0834335	-2.66064	0.00935208	0.000775697	3.34535	3.34535	-3.33378	0.117028	0.00737764
1024	0.981856	0.0513854	0.0513854	-3.30951	-0.0876407	-0.052546	2.06035	2.06035	-4.14681	-0.622795	-0.399936
1024	0.979091	0.103651	0.103651	-3.08482	-0.0345705	0.0205929	4.15598	4.15598	-3.86528	-0.235066	0.190188
1024	1.00661	0.0326384	0.0326384	-3.04268	-0.103608	-0.105423	1.30867	1.30867	-3.81247	-0.774895	-0.60349
1024	0.957436	0.0445165	0.0445165	-3.0006	-0.0636846	-0.0366614	1.78493	1.78493	-3.75975	-0.564332	-0.343595
1024	1.03098	0.0432576	0.0432576	-3.28762	-0.115097	-0.145183	1.73446	1.73446	-4.11939	-0.72024	-0.751556
1024	1.01841	0.043068	0.043068	-2.96996	-0.119815	-0.0566261	1.72685	1.72685	-3.72136	-0.722151	-0.413243
1024	0.875365	0.0930988	0.0930988	-3.12002	0.00484299	0.0212227	3.73289	3.73289	-3.90939	0.0503444	0.215872
1024	1.0205	0.095289	0.095289	-3.10347	-0.0818976	-0.0480565	3.82071	3.82071	-3.88864	-0.520714	-0.286134
1024	1.02197	0.0446124	0.0446124	-3.19286	-0.122353	-0.0845839	1.78878	1.78878	-4.00066	-0.725776	-0.539638
1024	0.951177	0.0456407	0.0456407	-2.93019	-0.0473133	-0.0365204	1.83001	1.83001	-3.67152	-0.471939	-0.326241
1024	1.0136	0.0357995	0.0357995	-3.18916	-0.0934017	-0.0782121	1.43541	1.43541	-3.99602	-0.612551	-0.520137
1024	0.981866	0.0424264	0.0424264	-3.25559	-0.057098	-0.0836721	1.70113	1.70113	-4.07925	-0.481318	-0.560923
1024	0.955051	0.141689	0.141689	-2.88069	0.0387641	0.0583408	5.68115	5.68115	-3.60951	0.356451	0.531338
1024	0.973421	0.0243977	0.0243977	-2.62032	-0.0786271	-0.0880203	0.97825	0.97825	-3.28326	-0.692996	-0.598103
1024	0.985821	0.0166238	0.0166238	-3.22028	-0.088192	-0.100398	0.666547	0.666547	-4.03501	-0.697734	-0.706267
1024	1.02809	0.0719152	0.0719152	-2.98617	-0.234815	-0.0743353	2.88351	2.88351	-3.74168	-1.07675	-0.43479
1024	0.956311	0.0600607	0.0600607	-2.77687	-0.0588753	-0.0165673	2.40819	2.40819	-3.47942	-0.481468	-0.152579
1024	1.00596	0.0687699	0.0687699	-2.85272	-0.0614763	-0.0369307	2.7574	2.7574	-3.57446	-0.498174	-0.279188
1024	1.01169	0.049463	0.049463	-2.92927	-0.0796382	-0.0764969	1.98327	1.98327	-3.67037	-0.597651	-0.473007
1024	0.958028	0.00668922	0.00668922	-3.04383	-0.102581	-0.0835985	0.268211	0.268211	-3.81392	-0.8477	-0.717677
1024	1.01615	0.165185	0.165185	-3.3209	0.0435427	0.0466922	6.62326	6.62326	-4.16109	0.360144	0.281665
1024	0.94396	0.057147	0.057147	-2.75219	-0.0427416	-0.0106926	2.29137	2.29137	-3.44849	-0.372432	-0.116049
1024	1.05781	0.0099155	0.0099155	-2.89759	-0.365069	-0.248066	0.397572	0.397572	-3.63067	-1.70717	-1.05767
1024	0.955486	0.100878	0.100878	-2.97985	-0.0129765	0.0332953	4.0448	4.0448	-3.73375	-0.0962779	0.368234
1024	0.934326	0.0650168	0.0650168	-2.84666	-0.0271492	-0.02378	2.60692	2.60692	-3.56686	-0.276925	-0.20354
1024	1.00416	0.0131818	0.0131818	-2.73709	-0.182334	-0.0865752	0.528537	0.528537	-3.42957	-1.06675	-0.618321
1024	1.02452	0.0708842	0.0708842	-3.09686	-0.113852	-0.0428541	2.84217	2.84217	-3.88037	-0.592532	-0.247948
1024	1.06588	0.0194099	0.0194099	-3.346	-0.412112	-0.319229	0.778258	0.778258	-4.19253	-1.8991	-1.54216
1024	0.993075	0.0531203	0.0531203	-3.11105	-0.0944017	-0.0492479	2.12991	2.12991	-3.89815	-0.611976	-0.375354
1024	0.985902	0.0451032	0.0451032	-2.96566	-0.0509527	-0.0379917	1.80846	1.80846	-3.71597	-0.437118	-0.321284
1024	0.938967	0.0469861	0.0469861	-3.07324	-0.0591948	-0.0157505	1.88396	1.88396	-3.85078	-0.50914	-0.186165
1024	0.926276	0.0944276	0.0944276	-2.62711	-0.00610224	0.0169443	3.78617	3.78617	-3.29177	-0.0518462	0.151849
1024	1.03321	0.0318364	0.0318364	-2.91023	-0.135177	-0.110874	1.27651	1.27651	-3.64652	-0.850315	-0.611334
1024	0.984552	0.0596664	0.0596664	-2.87954	-0.0251645	-0.0389709	2.39238	2.39238	-3.60806	-0.273107	-0.272204
1024	0.979107	0.0663952	0.0663952	-3.33258	-0.030225	-0.0356374	2.66218	2.66218	-4.17572	-0.303979	-0.266374
1024	0.926193	0.053653	0.053653	-3.26871	-0.0375226	-0.0165979	2.15127	2.15127	-4.09569	-0.350088	-0.155384
1024	0.933182	0.0672834	0.0672834	-2.78099	-0.0128445	-0.0183182	2.69779	2.69779	-3.48458	-0.142941	-0.168877
1024	0.932713	0.0696182	0.0696182	-2.83177	-0.0387786	-0.0132988	2.79141	2.79141	-3.54821	-0.349371	-0.118845
1024	0.999706	0.0531943	0.0531943	-3.24919	-0.107188	-0.0483775	2.13288	2.13288	-4.07123	-0.626087	-0.348541
1024	0.945359	0.0616674	0.0616674	-3.32468	-0.0452573	-0.0125727	2.47262	2.47262	-4.16583	-0.377637	-0.123558
1024	0.970448	0.111362	0.111362	-2.75941	0.00954385	0.0135273	4.46517	4.46517	-3.45755	0.0861748	0.103678
1024	0.96805	0.0602089	0.0602089	-3.12565	-0.0366987	-0.0447395	2.41414	2.41414	-3.91644	-0.355089	-0.325727
1024	0.992069	0.0484077	0.0484077	-2.67313	-0.0562838	-0.051225	1.94095	1.94095	-3.34943	-0.456043	-0.34865
1024	0.963462	0.0767547	0.0767547	-3.22413	-0.0288606	-0.0157058	3.07755	3.07755	-4.03984	-0.25509	-0.146899
1024	1.03492	0.0442615	0.0442615	-3.16999	-0.102835	-0.100422	1.77471	1.77471	-3.972	-0.696275	-0.582133
1024	0.982822	0.00641446	0.00641446	-2.75105	-0.0798274	-0.0886607	0.257194	0.257194	-3.44706	-0.8133	-0.63869
1024	1.0217	0.041293	0.041293	-2.76048	-0.140655	-0.0727919	1.65568	1.65568	-3.45888	-0.815582	-0.500894
1024	0.995353	0.0321812	0.0321812	-2.9064	-0.0707294	-0.0685224	1.29034	1.29034	-3.64171	-0.690197	-0.546449
1024	1.00352	0.016699	0.016699	-3.28664	-0.122317	-0.104155	0.669564	0.669564	-4.11815	-0.834897	-0.663827
1024	1.0402	0.0914287	0.0914287	-3.02657	-0.18194	-0.107797	3.66593	3.66593	-3.79229	-0.765275	-0.515278
1024	1.01685	-0.00227877	-0.00227877	-3.08348	-0.165777	-0.144888	-0.0913695	-0.0913695	-3.8636	-1.0547	-0.792731
1024	0.888095	0.0909781	0.0909781	-2.82577	0.0138357	0.0248328	3.64786	3.64786	-3.54069	0.151438	0.266576
1024	0.983042	0.0847267	0.0847267	-2.82726	0.00166761	-0.0170541	3.3972	3.3972	-3.54256	0.0170987	-0.124178
1024	1.02312	0.0405023	0.0405023	-2.82753	-0.102534	-0.143001	1.62398	1.62398	-3.5429	-0.57017	-0.709374
1024	0.985748	0.0396031	0.0396031	-3.15334	-0.0809781	-0.0395184	1.58793	1.58793	-3.95113	-0.648076	-0.349783
1024	0.911378	0.0600849	0.0600849	-2.41422	-0.0408857	0.00170685	2.40917	2.40917	-3.02501	-0.371315	0.0197102
1024	1.08376	0.0670002	0.0670002	-3.1097	-0.489004	-0.356302	2.68644	2.68644	-3.89646	-2.46418	-1.56939
1024	1.00347	0.107042	0.107042	-2.95058	0.00261512	-0.0186516	4.29195	4.29195	-3.69708	0.0198922	-0.113116
1024	0.915417	0.0284084	0.0284084	-3.25295	-0.0399721	-0.0560408	1.13906	1.13906	-4.07594	-0.492816	-0.502624
1024	0.961553	0.114118	0.114118	-3.15659	0.0296086	0.019957	4.57569	4.57569	-3.95521	0.313454	0.171574
1024	1.00846	0.00921092	0.00921092	-2.7864	-0.10645	-0.108284	0.369321	0.369321	-3.49136	-0.850658	-0.697915
1024	0.961709	0.0477403	0.0477403	-3.20986	-0.0351119	-0.0484975	1.91419	1.91419	-4.02196	-0.388356	-0.363123
1024	0.877339	0.0294449	0.0294449	-2.91448	-0.0636124	-0.0323317	1.18062	1.18062	-3.65184	-0.67004	-0.405395
1024	1.06069	0.116788	0.116788	-2.99	-0.27869	-0.191025	4.68275	4.68275	-3.74647	-1.15743	-0.864256
1024	0.996872	0.0411796	0.0411796	-2.99065	-0.0849347	-0.0413826	1.65114	1.65114	-3.74729	-0.568057	-0.34204
1024	0.982947	0.130472	0.130472	-2.9311	0.022871	0.0391675	5.2314	5.2314	-3.67266	0.222669	0.323086
1024	0.977762	0.0363115	0.0363115	-3.21251	-0.0883073	-0.0497384	1.45595	1.45595	-4.02528	-0.709769	-0.419004
1024	0.970174	0.0640202	0.0640202	-3.28389	-0.0439477	-0.0285243	2.56695	2.56695	-4.11471	-0.367634	-0.217075
1024	1.00841	0.0741176	0.0741176	-3.09368	-0.0574051	-0.0336502	2.97182	2.97182	-3.87638	-0.427486	-0.22478
1024	1.02297	0.0680208	0.0680208	-3.11981	-0.183103	-0.0710716	2.72736	2.72736	-3.90912	-0.867787	-0.406364
1024	1.01516	0.0559791	0.0559791	-3.09806	-0.0613631	-0.0524481	2.24454	2.24454	-3.88187	-0.47253	-0.334758
1024	1.001	0.0466682	0.0466682	-2.97964	-0.117951	-0.0975006	1.87121	1.87121	-3.73349	-0.740603	-0.551131
1024	0.945121	0.0568453	0.0568453	-2.99324	-0.051188	-0.0357163	2.27927	2.27927	-3.75053	-0.419477	-0.290686
1024	1.01523	0.0794255	0.0794255	-3.02861	-0.0964761	-0.0273727	3.18465	3.18465	-3.79484	-0.56344	-0.19584
1024	0.972904	0.0560086	0.0560086	-2.81898	-0.0527244	-0.0362738	2.24572	2.24572	-3.53218	-0.43664	-0.303306
1024	0.942548	0.0406573	0.0406573	-2.97008	-0.0600632	-0.0370387	1.63019	1.63019	-3.72151	-0.534899	-0.339096
1024	0.986672	0.109482	0.109482	-3.01287	-0.00480614	0.0301628	4.38978	4.38978	-3.77513	-0.0392214	0.2565
1024	0.963709	0.0912777	0.0912777	-2.8989	-0.0803023	0.0145724	3.65987	3.65987	-3.63233	-0.471207	0.134179
1024	1.00816	0.0480545	0.0480545	-2.71	-0.0764682	-0.0415271	1.92679	1.92679	-3.39563	-0.527621	-0.29493
1024	0.982624	0.0688846	0.0688846	-2.82199	-0.0553102	-0.00529997	2.762	2.762	-3.53595	-0.389977	-0.0539962
1024	1.06892	0.0712524	0.0712524	-2.87694	-0.433942	-0.241296	2.85693	2.85693	-3.60481	-1.72032	-0.902999
1024	0.966579	0.0394156	0.0394156	-2.72311	-0.0834671	-0.0421882	1.58041	1.58041	-3.41206	-0.618196	-0.389791
1024	0.996351	0.0433165	0.0433165	-2.92692	-0.0566723	-0.0335343	1.73682	1.73682	-3.66743	-0.537265	-0.313131
1024	0.976991	0.0391743	0.0391743	-2.85351	-0.099438	-0.0544496	1.57073	1.57073	-3.57545	-0.666485	-0.414236
1024	0.989374	0.0552533	0.0552533	-3.22274	-0.0889085	-0.0448853	2.21544	2.21544	-4.03809	-0.556804	-0.335535
1024	0.971297	0.060009	0.060009	-3.19674	-0.0613475	-0.0331854	2.40612	2.40612	-4.00552	-0.495526	-0.262646
1024	0.909353	0.0491389	0.0491389	-3.35533	-0.0304379	-0.00941706	1.97027	1.97027	-4.20423	-0.341294	-0.112792
1024	0.999205	0.0250024	0.0250024	-3.30725	-0.0555482	-0.103807	1.0025	1.0025	-4.14399	-0.563497	-0.668744
1024	0.923978	0.0939354	0.0939354	-2.87048	-0.023246	0.03055	3.76643	3.76643	-3.59671	-0.19325	0.34006
1024	1.00816	0.0735091	0.0735091	-3.09269	-0.0595275	-0.0991124	2.94742	2.94742	-3.87514	-0.440372	-0.518517
1024	0.956816	0.076657	0.076657	-2.60783	-0.0180633	-0.00361128	3.07364	3.07364	-3.26761	-0.181341	-0.0354948
1024	0.943373	0.0279886	0.0279886	-3.08609	-0.0905471	-0.0464685	1.12223	1.12223	-3.86687	-0.710424	-0.383795
1024	0.953951	0.116528	0.116528	-2.92777	0.0239715	0.0361729	4.67233	4.67233	-3.66849	0.221622	0.300526
1024	0.971481	0.0533515	0.0533515	-3.19316	-0.0447969	-0.0156005	2.13918	2.13918	-4.00102	-0.417561	-0.161609
1024	0.999892	0.0889016	0.0889016	-3.15672	-0.0154156	-0.0088939	3.5646	3.5646	-3.95538	-0.138039	-0.0705208
1024	1.04742	0.0343358	0.0343358	-3.17597	-0.20004	-0.231328	1.37673	1.37673	-3.97949	-1.00048	-1.04802
1024	1.03766	0.0911535	0.0911535	-2.88165	-0.157735	-0.0861532	3.65489	3.65489	-3.6107	-0.818017	-0.441875
1024	0.941671	0.0625259	0.0625259	-2.96451	-0.0224886	-0.0246378	2.50704	2.50704	-3.71453	-0.222945	-0.187287
1024	1.04071	0.0943315	0.0943315	-3.14974	-0.108651	-0.0992547	3.78232	3.78232	-3.94663	-0.629931	-0.489426
1024	0.963013	0.0408721	0.0408721	-3.19306	-0.0567646	-0.035056	1.63881	1.63881	-4.00091	-0.53706	-0.323821
1024	1.00715	0.0517824	0.0517824	-2.66172	-0.0957173	-0.0690709	2.07627	2.07627	-3.33514	-0.633935	-0.416162
1024	0.979818	0.0371564	0.0371564	-3.27498	-0.0563366	-0.0426279	1.48982	1.48982	-4.10355	-0.522257	-0.393579
1024	1.00753	0.0559945	0.0559945	-3.36098	-0.0910187	-0.043799	2.24515	2.24515	-4.2113	-0.545029	-0.316748
1024	1.05322	0.0221365	0.0221365	-3.16934	-0.292854	-0.268038	0.887587	0.887587	-3.97118	-1.33377	-1.07934
1024	0.929073	0.0548579	0.0548579	-2.46662	-0.0363996	-0.0179256	2.19958	2.19958	-3.09067	-0.333922	-0.165645
1024	0.979774	0.0337228	0.0337228	-3.20049	-0.11855	-0.0684745	1.35215	1.35215	-4.01021	-0.785394	-0.510239
1024	1.05144	0.119951	0.119951	-3.15683	-0.148172	-0.168207	4.80956	4.80956	-3.95551	-0.690811	-0.74449
1024	0.995989	0.0833099	0.0833099	-2.7411	-0.0243501	-0.0366012	3.34039	3.34039	-3.4346	-0.213327	-0.24038
1024	0.966573	0.0624289	0.0624289	-2.69498	-0.0345263	-0.0267285	2.50315	2.50315	-3.37681	-0.331948	-0.216268
1024	0.955899	0.0337243	0.0337243	-2.87911	-0.0767254	-0.0424958	1.35221	1.35221	-3.60753	-0.620813	-0.423191
1024	0.925773	0.0255326	0.0255326	-2.90592	-0.0585678	-0.0459291	1.02376	1.02376	-3.64112	-0.632925	-0.487501
1024	0.975774	0.0252447	0.0252447	-3.30165	-0.0747607	-0.0686117	1.01221	1.01221	-4.13697	-0.742929	-0.578767
1024	1.05142	0.000591641	0.000591641	-3.03729	-0.217661	-0.242729	0.0237224	0.0237224	-3.80573	-1.11465	-1.14527
1024	0.948296	0.0615764	0.0615764	-3.14355	-0.0326576	-0.0222197	2.46897	2.46897	-3.93887	-0.341093	-0.203817
1024	0.98748	0.0388271	0.0388271	-2.61241	-0.0818266	-0.0409521	1.55681	1.55681	-3.27335	-0.684107	-0.354293
1024	1.06799	0.0587723	0.0587723	-3.17611	-0.33219	-0.237821	2.35653	2.35653	-3.97967	-1.35251	-1.07769
1024	0.967088	0.0390977	0.0390977	-2.89247	-0.0638218	-0.0556267	1.56766	1.56766	-3.62427	-0.607633	-0.431255
1024	1.03846	0.0386182	0.0386182	-3.31422	-0.228886	-0.185811	1.54843	1.54843	-4.15271	-1.20184	-0.782855
1024	0.915083	0.037932	0.037932	-2.75469	-0.0584912	-0.0437176	1.52092	1.52092	-3.45162	-0.563395	-0.387584
1024	0.972525	0.0697091	0.0697091	-2.83755	-0.0632666	-0.0215631	2.79506	2.79506	-3.55545	-0.47208	-0.167936
1024	1.0252	-0.00800859	-0.00800859	-3.32888	-0.23475	-0.175474	-0.321112	-0.321112	-4.17109	-1.12398	-0.890156
1024	0.993526	0.0455687	0.0455687	-2.93906	-0.0709834	-0.0723846	1.82712	1.82712	-3.68264	-0.497295	-0.45154
1024	1.0067	0.0204348	0.0204348	-3.10168	-0.0738171	-0.0645737	0.819352	0.819352	-3.8864	-0.59357	-0.512118
1024	1.02062	0.0522484	0.0522484	-3.07173	-0.131874	-0.110928	2.09495	2.09495	-3.84887	-0.689214	-0.609406
1024	0.945001	0.0425514	0.0425514	-3.17666	-0.0619503	-0.037278	1.70614	1.70614	-3.98036	-0.523954	-0.321192
1024	0.990105	0.0450005	0.0450005	-2.9078	-0.0705578	-0.0643607	1.80434	1.80434	-3.64347	-0.57036	-0.429329
1024	0.996612	0.072351	0.072351	-3.27775	-0.0415502	-0.0375989	2.90099	2.90099	-4.10702	-0.359383	-0.244999
1024	0.94518	0.0466845	0.0466845	-2.97111	-0.0283466	-0.0131506	1.87186	1.87186	-3.72281	-0.353378	-0.164266
1024	1.00643	0.0875718	0.0875718	-3.37578	-0.0587419	-0.026726	3.51128	3.51128	-4.22985	-0.385365	-0.177318
1024	1.02286	0.0128156	0.0128156	-2.85361	-0.163849	-0.120262	0.513854	0.513854	-3.57558	-0.981874	-0.724283
1024	1.06058	0.0629813	0.0629813	-3.37023	-0.364647	-0.218268	2.5253	2.5253	-4.2229	-1.66982	-1.01561
1024	1.06461	0.0584943	0.0584943	-2.81668	-0.400552	-0.323425	2.34539	2.34539	-3.5293	-1.66458	-1.52981
1024	0.991956	0.0680812	0.0680812	-3.06938	-0.0766618	-0.0340653	2.72978	2.72978	-3.84593	-0.46161	-0.259456
1024	0.985211	0.0673596	0.0673596	-2.99084	-0.0462124	-0.0253542	2.70085	2.70085	-3.74753	-0.369528	-0.193491
1024	0.953973	0.0566032	0.0566032	-2.85707	-0.0329694	-0.023679	2.26956	2.26956	-3.57991	-0.332997	-0.212672
1024	0.992779	0.0535831	0.0535831	-2.87638	-0.0489372	-0.0831948	2.14847	2.14847	-3.6041	-0.425566	-0.498052
1024	1.07394	0.0233342	0.0233342	-3.41667	-0.488331	-0.391778	0.935609	0.935609	-4.28109	-2.23793	-1.67223
1024	0.956049	0.0265166	0.0265166	-2.689	-0.0494803	-0.0605995	1.06321	1.06321	-3.36932	-0.61476	-0.492489
1024	1.03411	0.0623793	0.0623793	-2.73791	-0.195482	-0.139279	2.50116	2.50116	-3.4306	-0.999456	-0.665167
1024	0.979705	0.0666207	0.0666207	-2.76159	-0.0563765	-0.0154208	2.67122	2.67122	-3.46027	-0.447717	-0.123713
1024	0.922081	0.0396525	0.0396525	-2.81255	-0.0777854	-0.028034	1.58991	1.58991	-3.52413	-0.538993	-0.303935
1024	1.04204	-0.0128861	-0.0128861	-2.85544	-0.233429	-0.220493	-0.516681	-0.516681	-3.57786	-1.17288	-0.96004
1024	0.949056	0.0914081	0.0914081	-2.7189	0.00932854	0.0146949	3.6651	3.6651	-3.40678	0.118573	0.147933
1024	0.940261	0.0196899	0.0196899	-2.66239	-0.0782518	-0.0568475	0.789486	0.789486	-3.33597	-0.773848	-0.518142
1024	0.995451	0.0294896	0.0294896	-3.13161	-0.0577738	-0.0742712	1.18241	1.18241	-3.9239	-0.506981	-0.517528
1024	1.01528	0.0874608	0.0874608	-3.35767	-0.0480033	-0.0462398	3.50683	3.50683	-4.20716	-0.342119	-0.27659
1024	1.06331	0.0609364	0.0609364	-3.05021	-0.301178	-0.254387	2.4433	2.4433	-3.82192	-1.2471	-1.05792
1024	1.07974	0.0420935	0.0420935	-3.15385	-0.377718	-0.293424	1.68778	1.68778	-3.95177	-1.66995	-1.25427
1024	0.963703	0.0616981	0.0616981	-2.89713	-0.0435224	-0.0220001	2.47385	2.47385	-3.63011	-0.345438	-0.182573
1024	0.957765	0.0613825	0.0613825	-3.02661	-0.0742098	-0.0248224	2.46119	2.46119	-3.79234	-0.524537	-0.196448
1024	1.00472	0.0382723	0.0382723	-3.0109	-0.119829	-0.0663255	1.53457	1.53457	-3.77266	-0.772292	-0.475037
1024	1.04347	0.0987695	0.0987695	-2.89073	-0.171416	-0.150166	3.96026	3.96026	-3.62208	-0.73695	-0.736357
1024	1.04391	0.0678124	0.0678124	-2.9317	-0.197849	-0.164588	2.719	2.719	-3.67342	-0.876659	-0.779402
1024	1.05887	0.0207568	0.0207568	-3.26659	-0.393041	-0.34357	0.832266	0.832266	-4.09304	-1.74512	-1.36363
1024	1.06646	0.0181993	0.0181993	-3.00551	-0.436396	-0.313091	0.729718	0.729718	-3.7659	-2.05826	-1.19069
1024	0.986745	0.132606	0.132606	-2.66898	0.0184183	0.0215083	5.31698	5.31698	-3.34423	0.156999	0.14446
1024	0.993609	0.0462468	0.0462468	-2.95145	-0.0741641	-0.0356321	1.85431	1.85431	-3.69816	-0.648178	-0.323422
1024	0.951694	0.0430513	0.0430513	-2.86512	-0.0737794	-0.050392	1.72618	1.72618	-3.58999	-0.582976	-0.44843
1024	0.954985	0.0371055	0.0371055	-2.94231	-0.0676743	-0.0380494	1.48778	1.48778	-3.68671	-0.638708	-0.373343
1024	1.00346	0.0783709	0.0783709	-3.0884	-0.0435839	-0.0254323	3.14236	3.14236	-3.86976	-0.311531	-0.177677
1024	0.995961	0.0426997	0.0426997	-2.87225	-0.0851615	-0.0435448	1.71209	1.71209	-3.59893	-0.605467	-0.40079
1024	0.947968	0.0307353	0.0307353	-2.98727	-0.0737759	-0.0406419	1.23236	1.23236	-3.74305	-0.612241	-0.404051
1024	0.998756	0.0579423	0.0579423	-2.69902	-0.0386095	-0.0503613	2.32325	2.32325	-3.38187	-0.334559	-0.353504
1024	0.95198	0.0382128	0.0382128	-2.88279	-0.0825793	-0.0440525	1.53218	1.53218	-3.61213	-0.611105	-0.400044
1024	0.962302	0.0340524	0.0340524	-2.96244	-0.0669727	-0.0588322	1.36537	1.36537	-3.71194	-0.630186	-0.509762
1024	0.960088	-0.0143455	-0.0143455	-3.32987	-0.117363	-0.102972	-0.575199	-0.575199	-4.17233	-1.05883	-0.807718
1024	1.04651	0.046511	0.046511	-2.70845	-0.241675	-0.203721	1.8649	1.8649	-3.39368	-1.28198	-0.942541
1024	0.888091	0.112585	0.112585	-2.7706	0.0386604	0.0402523	4.51423	4.51423	-3.47156	0.48855	0.421198
1024	1.03375	0.0435395	0.0435395	-3.24479	-0.12202	-0.100474	1.74576	1.74576	-4.06572	-0.743972	-0.616463
1024	0.985493	0.119676	0.119676	-2.6903	0.00494085	0.0195404	4.79852	4.79852	-3.37094	0.0376592	0.151403
1024	0.999543	0.0926718	0.0926718	-2.45264	-0.0318788	-0.00981483	3.71577	3.71577	-3.07315	-0.252665	-0.0751902
1024	0.983174	0.109684	0.109684	-2.77778	-0.00295628	0.00418411	4.39787	4.39787	-3.48055	-0.0227365	0.0268654
1024	0.944573	0.0451761	0.0451761	-3.18997	-0.0512908	-0.0387447	1.81138	1.81138	-3.99703	-0.480736	-0.38297
1024	0.989638	0.0668182	0.0668182	-2.87537	-0.061322	-0.045229	2.67914	2.67914	-3.60284	-0.45034	-0.320728
1024	0.96694	0.0504685	0.0504685	-2.74747	-0.0415902	-0.0380005	2.02358	2.02358	-3.44258	-0.386445	-0.317677
1024	0.977426	0.0451639	0.0451639	-2.97762	-0.0873329	-0.0436748	1.81089	1.81089	-3.73095	-0.646214	-0.369799
1024	1.0477	0.115778	0.115778	-2.97875	-0.275219	-0.0840031	4.64224	4.64224	-3.73237	-1.21136	-0.388423
1024	0.90772	0.056464	0.056464	-3.356	-0.0104559	-0.0248302	2.26398	2.26398	-4.20506	-0.138226	-0.233755
1024	0.986266	0.123682	0.123682	-3.08977	0.0206436	0.0295264	4.95915	4.95915	-3.87148	0.172437	0.233442
1024	0.990245	0.0920692	0.0920692	-2.82522	-0.018075	-0.0267881	3.69161	3.69161	-3.54	-0.145216	-0.177534
1024	1.01655	0.0465884	0.0465884	-2.97106	-0.110215	-0.0849998	1.86801	1.86801	-3.72274	-0.682711	-0.507195
1024	0.915332	0.0676667	0.0676667	-3.13868	-0.0217594	0.00223233	2.71316	2.71316	-3.93276	-0.23803	0.0241761
1024	1.01287	0.0863376	0.0863376	-2.90037	-0.0257691	-0.0217883	3.46179	3.46179	-3.63416	-0.216737	-0.159612
1024	0.953889	0.0293816	0.0293816	-3.33409	-0.0650019	-0.0400472	1.17809	1.17809	-4.17762	-0.617431	-0.405241
1024	0.913239	0.110856	0.110856	-3.13575	0.0216007	0.0324548	4.44488	4.44488	-3.9291	0.201029	0.312335
1024	0.961196	0.0526991	0.0526991	-2.85604	-0.0538226	-0.0376339	2.11302	2.11302	-3.57861	-0.48643	-0.326696
1024	1.02686	-0.000254453	-0.000254453	-3.3266	-0.193979	-0.115772	-0.0102025	-0.0102025	-4.16822	-1.12949	-0.762151
1024	0.989826	0.108668	0.108668	-3.2869	-0.00450491	0.0115741	4.35714	4.35714	-4.11849	-0.0357348	0.0916967
1024	1.01507	0.0121555	0.0121555	-3.10532	-0.139287	-0.0913007	0.487388	0.487388	-3.89097	-0.807331	-0.601856
1024	1.0075	0.00410826	0.00410826	-2.91838	-0.16808	-0.0990302	0.164725	0.164725	-3.65673	-1.07746	-0.771238
1024	0.984744	0.0547511	0.0547511	-3.32699	-0.121246	-0.0243018	2.1953	2.1953	-4.16872	-0.742932	-0.202242
1024	1.03013	0.0299658	0.0299658	-3.24948	-0.150417	-0.11941	1.20151	1.20151	-4.0716	-0.879056	-0.631477
1024	1.01272	0.034172	0.034172	-3.2356	-0.124628	-0.0897854	1.37016	1.37016	-4.05421	-0.700432	-0.492347
1024	0.945941	0.0536486	0.0536486	-2.78757	-0.0354294	-0.0151155	2.15109	2.15109	-3.49282	-0.334182	-0.160354
1024	0.937362	0.0470476	0.0470476	-3.02959	-0.0483737	-0.0473888	1.88642	1.88642	-3.79607	-0.448951	-0.39172
1024	1.02877	0.0447678	0.0447678	-2.84499	-0.158397	-0.101983	1.79501	1.79501	-3.56478	-0.768829	-0.600398
1024	0.951324	0.0262003	0.0262003	-2.99997	-0.064406	-0.0494035	1.05053	1.05053	-3.75896	-0.634185	-0.476317
1024	0.946493	0.0628082	0.0628082	-2.96668	-0.0333481	-0.0282409	2.51836	2.51836	-3.71725	-0.318594	-0.256439
1024	0.920317	0.100403	0.100403	-2.75919	0.0302953	0.0290209	4.02574	4.02574	-3.45727	0.38948	0.294842
1024	0.94427	0.00130343	0.00130343	-2.89513	-0.0798897	-0.0786704	0.0522623	0.0522623	-3.6276	-0.884896	-0.708011
1024	0.969094	0.0491149	0.0491149	-3.0908	-0.0676315	-0.0356558	1.96931	1.96931	-3.87277	-0.578378	-0.297544
1024	0.941809	0.0291526	0.0291526	-2.91653	-0.0770627	-0.0468783	1.1689	1.1689	-3.65441	-0.661425	-0.422554
1024	0.917463	0.035582	0.035582	-2.79189	-0.0409785	-0.0439971	1.4267	1.4267	-3.49823	-0.485155	-0.396543
1024	1.03747	0.0411709	0.0411709	-3.21952	-0.161261	-0.152437	1.65079	1.65079	-4.03406	-0.943032	-0.753496
1024	0.993206	0.0513904	0.0513904	-2.81575	-0.0598997	-0.0370487	2.06055	2.06055	-3.52813	-0.447757	-0.301106
1024	0.945892	0.0460264	0.0460264	-3.26403	-0.04669	-0.0144181	1.84547	1.84547	-4.08984	-0.441914	-0.162462
1024	1.01043	0.067377	0.067377	-3.2934	-0.10081	-0.0562208	2.70155	2.70155	-4.12663	-0.574594	-0.362377
1024	0.969225	-0.0033282	-0.0033282	-3.23088	-0.130323	-0.11214	-0.133448	-0.133448	-4.04829	-0.907194	-0.715183
1024	0.997985	0.0861043	0.0861043	-3.04698	-0.0672212	-0.0148097	3.45244	3.45244	-3.81787	-0.39044	-0.115223
1024	0.929733	0.0218955	0.0218955	-2.69386	-0.0476254	-0.0656902	0.87792	0.87792	-3.37541	-0.554756	-0.557391
1024	1.04312	-0.00487745	-0.00487745	-3.07103	-0.290263	-0.192296	-0.195566	-0.195566	-3.84801	-1.4495	-0.812039
1024	0.980158	0.0501898	0.0501898	-3.0489	-0.0749055	-0.0379398	2.01241	2.01241	-3.82027	-0.493791	-0.318657
1024	0.976617	0.0407032	0.0407032	-2.84725	-0.0583742	-0.0481653	1.63203	1.63203	-3.56761	-0.547649	-0.42868
1024	1.03632	0.0387386	0.0387386	-3.06841	-0.170961	-0.171408	1.55326	1.55326	-3.84472	-0.811544	-0.767292
1024	0.918923	0.0358677	0.0358677	-2.57577	-0.0706799	-0.0339936	1.43815	1.43815	-3.22744	-0.62755	-0.368706
1024	0.948455	0.0712104	0.0712104	-2.97869	-0.0436034	-0.0313389	2.85525	2.85525	-3.7323	-0.378226	-0.239149
1024	1.08787	0.0403112	0.0403112	-3.0551	-0.474067	-0.412238	1.61632	1.61632	-3.82804	-2.10007	-1.72939
1024	0.954273	0.133919	0.133919	-2.7017	0.0398388	0.0312464	5.36963	5.36963	-3.38523	0.43473	0.246509
1024	1.00384	0.109145	0.109145	-2.72804	-0.0180188	0.0186239	4.37627	4.37627	-3.41824	-0.135256	0.159844
1024	0.942365	0.0359234	0.0359234	-3.36019	-0.0657981	-0.0546239	1.44038	1.44038	-4.21032	-0.619429	-0.395615
1024	1.06349	0.041065	0.041065	-3.0653	-0.311656	-0.170893	1.64654	1.64654	-3.84082	-1.35707	-0.802145
1024	0.982889	0.0286432	0.0286432	-3.27133	-0.113671	-0.0844397	1.14848	1.14848	-4.09898	-0.794172	-0.574914
1024	0.969265	0.0895572	0.0895572	-2.97863	-0.0239113	0.00746582	3.59089	3.59089	-3.73223	-0.200187	0.0668271
1024	0.981594	0.0664016	0.0664016	-3.30978	-0.0407388	-0.0390942	2.66244	2.66244	-4.14715	-0.343302	-0.283892
1024	0.937405	0.0154302	0.0154302	-2.87422	-0.0765526	-0.0545099	0.618688	0.618688	-3.6014	-0.76172	-0.565981
1024	0.968784	0.0531212	0.0531212	-2.96537	-0.0447433	-0.017215	2.12995	2.12995	-3.71561	-0.464745	-0.171435
1024	0.871561	0.100395	0.100395	-2.95372	0.0324057	0.0383532	4.02542	4.02542	-3.70101	0.450537	0.44008
1024	0.981667	0.103968	0.103968	-2.82939	-0.0201002	0.00949991	4.16869	4.16869	-3.54523	-0.1402	0.0707936
1024	0.947445	0.0781548	0.0781548	-2.64752	-0.0099212	-0.00925432	3.1337	3.1337	-3.31734	-0.103044	-0.0768972
1024	1.03414	0.0964284	0.0964284	-3.08746	-0.0916687	-0.104909	3.86639	3.86639	-3.86859	-0.515984	-0.502024
1024	1.01083	-0.026035	-0.026035	-2.84384	-0.196162	-0.130878	-1.0439	-1.0439	-3.56333	-1.10314	-0.905431
1024	1.02474	0.058846	0.058846	-3.02541	-0.100704	-0.0667209	2.35949	2.35949	-3.79084	-0.672841	-0.451837
1024	0.974926	0.0972034	0.0972034	-2.66799	-0.0139677	0.00684746	3.89747	3.89747	-3.34299	-0.119953	0.0557322
1024	0.99495	0.0714577	0.0714577	-3.3559	-0.0628553	-0.0392846	2.86517	2.86517	-4.20495	-0.402492	-0.265119
1024	0.977996	0.0715101	0.0715101	-2.80844	-0.0653017	-0.0092704	2.86727	2.86727	-3.51897	-0.411364	-0.0867557
1024	1.0618	0.0227151	0.0227151	-3.13196	-0.238523	-0.311941	0.910784	0.910784	-3.92435	-1.14573	-1.42457
1024	0.994714	0.0214152	0.0214152	-2.97769	-0.0903417	-0.0703503	0.858664	0.858664	-3.73104	-0.737791	-0.527996
1024	1.05694	0.0845562	0.0845562	-3.04132	-0.323533	-0.203848	3.39037	3.39037	-3.81077	-1.3895	-0.901615
1024	0.961503	0.0933523	0.0933523	-3.06523	-0.0092443	0.0249077	3.74305	3.74305	-3.84073	-0.0772711	0.249219
1024	1.00222	0.0763589	0.0763589	-2.81774	-0.037947	-0.0226048	3.06169	3.06169	-3.53063	-0.291266	-0.177987
1024	0.870812	0.0664995	0.0664995	-2.60612	-0.00934845	-0.00851255	2.66636	2.66636	-3.26547	-0.11299	-0.0923585
1024	0.993824	0.00378156	0.00378156	-3.20946	-0.124627	-0.0961646	0.151625	0.151625	-4.02145	-0.897104	-0.712144
1024	1.03572	0.0724066	0.0724066	-3.14227	-0.202459	-0.12042	2.90322	2.90322	-3.93726	-0.927333	-0.548519
1024	0.943389	0.0011546	0.0011546	-2.80196	-0.0725972	-0.0762137	0.0462948	0.0462948	-3.51085	-0.94322	-0.715942
1024	1.09096	0.0788283	0.0760328	-3.35004	-0.403142	-0.359509	3.1607	3.04712	-4.1976	-1.65769	-1.50068
1024	1.05656	0.132783	0.132783	-3.38423	-0.209774	-0.109199	5.32405	5.32405	-4.24044	-0.913519	-0.488839
1024	1.00693	0.0331823	0.0331823	-3.2324	-0.142991	-0.0915317	1.33048	1.33048	-4.0502	-0.824797	-0.556529
1024	0.962026	0.0331447	0.0331447	-3.38024	-0.101861	-0.0438094	1.32897	1.32897	-4.23544	-0.723995	-0.4164
1024	0.962724	0.0210959	0.0210959	-2.88325	-0.0756481	-0.0558856	0.845861	0.845861	-3.61271	-0.72981	-0.542735
1024	0.940355	0.0596431	0.0596431	-2.79572	-0.0480501	-0.0307286	2.39145	2.39145	-3.50304	-0.403074	-0.256727
1024	0.970569	0.0777509	0.0777509	-3.06235	-0.0465681	-0.0219912	3.1175	3.1175	-3.83713	-0.350791	-0.166918
1024	0.978149	0.0583397	0.0583397	-3.0021	-0.0246674	-0.0160073	2.33919	2.33919	-3.76163	-0.272602	-0.155854
1024	0.99636	0.0368094	0.0368094	-2.57719	-0.0625334	-0.0428022	1.47591	1.47591	-3.22922	-0.532316	-0.392075
1024	0.890611	0.013526	0.013526	-3.22508	-0.0758504	-0.0538888	0.542339	0.542339	-4.04103	-0.757028	-0.588142
1024	1.01708	0.0342853	0.0342853	-3.057	-0.132681	-0.143395	1.3747	1.3747	-3.83043	-0.801727	-0.758297
1024	1.01664	0.0742024	0.0742024	-3.0375	-0.0652953	-0.0575222	2.97522	2.97522	-3.80599	-0.412419	-0.307524
1024	1.00328	0.075746	0.075746	-3.15047	-0.0715872	-0.0675086	3.03711	3.03711	-3.94754	-0.477273	-0.405363
1024	0.974324	0.0472993	0.0472993	-3.28822	-0.0624653	-0.0277313	1.89651	1.89651	-4.12014	-0.534335	-0.257317
1024	0.957403	0.102827	0.102827	-2.82134	0.0306604	0.0346205	4.12296	4.12296	-3.53514	0.368286	0.364654
1024	1.04568	0.0067404	0.0067404	-2.90029	-0.273016	-0.237845	0.270263	0.270263	-3.63407	-1.2985	-1.11175
1024	0.985155	0.0153236	0.0153236	-3.35613	-0.0751288	-0.0875942	0.614417	0.614417	-4.20523	-0.70908	-0.591459
1024	1.00432	0.0947191	0.0947191	-2.83696	-0.0299404	-0.0179773	3.79786	3.79786	-3.55471	-0.204686	-0.121147
1024	0.941482	0.075004	0.075004	-2.88784	-0.0236828	-0.01939	3.00736	3.00736	-3.61847	-0.225654	-0.175172
1024	0.980457	0.0875793	0.0875793	-2.50612	0.000898722	-0.0436983	3.51158	3.51158	-3.14017	0.00854677	-0.268228
1024	0.998518	0.0665854	0.0665854	-2.91495	-0.0627297	-0.0341675	2.66981	2.66981	-3.65243	-0.458923	-0.244119
1024	1.00828	0.0758569	0.0758569	-2.93708	-0.0837177	-0.0771967	3.04156	3.04156	-3.68016	-0.528156	-0.422786
1024	1.03309	0.0597396	0.0597396	-3.092	-0.158524	-0.12935	2.39532	2.39532	-3.87427	-0.714948	-0.618242
1024	0.982474	0.0355072	0.0355072	-2.92474	-0.0835538	-0.0505869	1.4237	1.4237	-3.6647	-0.645716	-0.440026
1024	0.881118	0.0409951	0.0409951	-2.60137	-0.0366127	-0.0211794	1.64374	1.64374	-3.25951	-0.404258	-0.267231
1024	1.034	0.0453068	0.0453068	-3.34952	-0.196354	-0.119835	1.81662	1.81662	-4.19695	-0.982697	-0.590432
1024	1.02094	0.030375	0.030375	-2.86017	-0.111504	-0.109777	1.21792	1.21792	-3.58379	-0.745508	-0.598541
1024	0.932128	0.0350001	0.0350001	-3.26942	-0.0345349	-0.0606033	1.40337	1.40337	-4.09659	-0.49335	-0.511481
1024	0.922445	0.0380471	0.0380471	-2.76397	-0.0646961	-0.0327101	1.52554	1.52554	-3.46326	-0.587118	-0.355097
1024	0.995561	0.0510032	0.0510032	-2.57175	-0.0734272	-0.0529555	2.04502	2.04502	-3.22241	-0.568133	-0.38887
1024	0.935137	0.0184258	0.0184258	-2.86995	-0.0697805	-0.0464065	0.7388	0.7388	-3.59604	-0.775725	-0.461086
1024	0.965672	0.0906699	0.0906699	-2.59999	-0.0172774	-0.00377349	3.6355	3.6355	-3.25779	-0.130924	-0.0293306
1024	1.0239	0.0590292	0.0590292	-2.89647	-0.10766	-0.105361	2.36683	2.36683	-3.62927	-0.611454	-0.570704
1024	0.989681	0.0290749	0.0290749	-2.91392	-0.0847289	-0.0765293	1.16579	1.16579	-3.65114	-0.568771	-0.579171
1024	0.930935	0.0673091	0.0673091	-3.19465	-0.0171582	-0.00955719	2.69883	2.69883	-4.0029	-0.179616	-0.0998543
1024	0.993045	0.123599	0.123599	-3.23886	-0.0134081	0.0356154	4.95581	4.95581	-4.05829	-0.101371	0.278362
1024	0.948879	0.0732059	0.0732059	-3.12856	-0.00718494	0.0107502	2.93526	2.93526	-3.92009	-0.0901537	0.116315
1024	1.03064	0.0225265	0.0225265	-2.98434	-0.186654	-0.144914	0.903221	0.903221	-3.73938	-0.982681	-0.771771
1024	1.06211	0.0204527	0.0204527	-3.31815	-0.274096	-0.234923	0.820072	0.820072	-4.15764	-1.16465	-1.10778
1024	0.929933	0.0567082	0.0567082	-3.08824	-0.0497309	-0.00898744	2.27377	2.27377	-3.86956	-0.403832	-0.0978024
1024	1.02682	0.0835429	0.0835429	-3.07657	-0.0676144	-0.10696	3.34974	3.34974	-3.85494	-0.480209	-0.506059
1024	0.974398	0.0136776	0.0136776	-3.0975	-0.0962868	-0.0972131	0.548418	0.548418	-3.88117	-0.809025	-0.640845
1024	0.989403	0.0663151	0.0663151	-2.80891	-0.0385718	-0.0412817	2.65897	2.65897	-3.51957	-0.309795	-0.301566
1024	0.998189	0.0995487	0.0995487	-2.91274	-0.0200413	0.0026642	3.9915	3.9915	-3.64966	-0.144609	0.0208892
1024	1.01511	0.0741862	0.0741862	-2.92179	-0.0685701	-0.0579912	2.97457	2.97457	-3.66101	-0.518858	-0.332887
1024	1.04106	0.0615123	0.0615123	-3.03283	-0.260289	-0.199546	2.4664	2.4664	-3.80014	-1.16002	-0.728292
1024	0.986195	0.0651257	0.0651257	-3.04633	-0.0619261	-0.0217055	2.61128	2.61128	-3.81705	-0.417568	-0.186709
1024	0.916093	0.0287338	0.0287338	-2.74441	-0.049385	-0.0392163	1.15211	1.15211	-3.43875	-0.547413	-0.441993
1024	0.997719	0.0360311	0.0360311	-3.14476	-0.0848083	-0.0555455	1.4447	1.4447	-3.94039	-0.649395	-0.414183
1024	0.961834	0.0502868	0.0502868	-2.73444	-0.0425058	-0.0454521	2.0163	2.0163	-3.42625	-0.438812	-0.321697
1024	0.954469	0.0203843	0.0203843	-2.58987	-0.0618881	-0.0546139	0.81733	0.81733	-3.24511	-0.595208	-0.537644
1024	0.93397	0.0304572	0.0304572	-2.84563	-0.0773029	-0.0615375	1.22121	1.22121	-3.56557	-0.703646	-0.49395
1024	0.975284	0.0660868	0.0660868	-2.73614	-0.0477582	-0.0360768	2.64982	2.64982	-3.42838	-0.355495	-0.284744
1024	0.985113	0.0941965	0.0941965	-2.72582	-0.0189467	0.00981361	3.7769	3.7769	-3.41545	-0.153467	0.092721
1024	0.981546	0.0769339	0.0769339	-3.0552	-0.0390119	-0.00682934	3.08474	3.08474	-3.82816	-0.309328	-0.0578532
1024	0.89406	0.0567377	0.0567377	-2.98815	-0.0539524	-0.0138741	2.27496	2.27496	-3.74415	-0.455652	-0.14937
1024	0.956778	0.0300496	0.0300496	-2.75869	-0.0613292	-0.0579537	1.20487	1.20487	-3.45664	-0.597385	-0.498775
1024	0.961505	0.0423435	0.0423435	-2.70509	-0.0724821	-0.042609	1.69781	1.69781	-3.38948	-0.55758	-0.357551
1024	0.950084	0.0366222	0.0366222	-3.17613	-0.0744044	-0.0459408	1.4684	1.4684	-3.97968	-0.655645	-0.399742
1024	1.01206	0.0537092	0.0537092	-2.86604	-0.12387	-0.0625763	2.15353	2.15353	-3.59114	-0.722078	-0.414515
1024	0.993949	0.0514114	0.0514114	-3.0681	-0.118856	-0.0387455	2.06139	2.06139	-3.84433	-0.751386	-0.322749
1024	0.995244	0.0757264	0.0757264	-2.98755	-0.0451913	-0.020277	3.03633	3.03633	-3.7434	-0.316059	-0.1512
1024	1.04072	0.0227537	0.0227537	-2.9648	-0.290616	-0.217027	0.912334	0.912334	-3.7149	-1.27179	-1.09689
1024	0.996008	0.0387019	0.0387019	-3.15462	-0.102355	-0.0585628	1.55179	1.55179	-3.95274	-0.69738	-0.481224
1024	0.947097	0.102413	0.102413	-3.05383	0.0244379	-0.00205104	4.10636	4.10636	-3.82645	0.285865	-0.0164848
1024	0.992908	0.0381185	0.0381185	-3.12205	-0.0847106	-0.0742396	1.5284	1.5284	-3.91192	-0.665044	-0.518515
1024	0.93655	0.10743	0.10743	-2.85749	0.0205151	0.0455609	4.30752	4.30752	-3.58044	0.237145	0.506822
1024	0.953157	0.0491521	0.0491521	-2.87668	-0.0614934	-0.0484536	1.9708	1.9708	-3.60447	-0.47317	-0.385647
1024	0.982378	0.0665943	0.0665943	-3.07277	-0.0546321	-0.0282928	2.67017	2.67017	-3.85018	-0.414484	-0.218805
1024	0.997875	0.0370264	0.0370264	-2.89346	-0.0500773	-0.0512689	1.48461	1.48461	-3.62551	-0.504364	-0.451754
1024	0.921721	0.100111	0.100111	-3.03905	0.0163059	0.00798278	4.01406	4.01406	-3.80793	0.188145	0.070765
1024	0.92181	0.0102664	0.0102664	-3.24424	-0.0835679	-0.053463	0.411641	0.411641	-4.06503	-0.804843	-0.623993
1024	0.962823	0.0425951	0.0425951	-2.73999	-0.055647	-0.0516114	1.70789	1.70789	-3.43321	-0.505936	-0.377874
1024	1.02132	0.0509264	0.0509264	-2.94968	-0.0761689	-0.12304	2.04194	2.04194	-3.69594	-0.587179	-0.61498
1024	0.94057	0.0261599	0.0261599	-2.95379	-0.0637889	-0.0767934	1.04891	1.04891	-3.7011	-0.64886	-0.629404
1024	0.961292	-0.0137027	-0.0137027	-3.07583	-0.103536	-0.0878065	-0.549425	-0.549425	-3.85402	-1.05433	-0.871614
1024	0.962463	0.0585939	0.0585939	-3.25318	-0.0265476	-0.0276523	2.34938	2.34938	-4.07624	-0.276056	-0.234037
1024	1.02729	0.0544687	0.0544687	-2.96111	-0.149087	-0.0708667	2.18398	2.18398	-3.71027	-0.795091	-0.459099
1024	0.986778	0.0517341	0.0517341	-2.97279	-0.0865601	-0.0384799	2.07433	2.07433	-3.72491	-0.636154	-0.313157
1024	1.0005	0.058706	0.058706	-2.97301	-0.117789	-0.0441252	2.35387	2.35387	-3.72519	-0.692551	-0.315473
1024	0.995855	0.0429314	0.0429314	-3.30793	-0.124774	-0.0624954	1.72138	1.72138	-4.14483	-0.75168	-0.442307
1024	0.98035	0.0848745	0.0848745	-2.70402	-0.00318567	0.00755483	3.40313	3.40313	-3.38814	-0.0292336	0.074278
1024	0.971358	0.0798864	0.0798864	-2.77597	-0.0337202	-0.023865	3.20313	3.20313	-3.47829	-0.282215	-0.164714
1024	0.983544	0.095883	0.095883	-3.09998	-0.00571531	-0.000208494	3.84452	3.84452	-3.88428	-0.0511875	-0.00179739
1024	0.923687	0.117592	0.117592	-3.28493	0.0243572	0.0567823	4.71496	4.71496	-4.11602	0.250876	0.672278
1024	1.0396	0.05836	0.05836	-2.92828	-0.104897	-0.100164	2.34	2.34	-3.66914	-0.694546	-0.537996
1024	0.941801	0.0845445	0.0845445	-2.77369	0.000835129	0.00726697	3.38989	3.38989	-3.47544	0.00847081	0.0622023
1024	0.992216	0.0105244	0.0105244	-3.18365	-0.133561	-0.106603	0.421985	0.421985	-3.98911	-0.918951	-0.703552
1024	0.975594	0.040409	0.040409	-2.98547	-0.0694511	-0.0649974	1.62024	1.62024	-3.74079	-0.575761	-0.473103
1024	1.03718	0.0803168	0.0803168	-2.71862	-0.195052	-0.0761962	3.22038	3.22038	-3.40643	-0.881196	-0.445206
1024	1.04444	0.0447464	0.0447464	-3.21257	-0.286824	-0.17749	1.79415	1.79415	-4.02535	-1.21812	-0.83555
1024	1.03521	0.0749864	0.0749864	-3.25694	-0.0974964	-0.189874	3.00666	3.00666	-4.08094	-0.549277	-0.869402
1024	0.981868	0.00913007	0.00913007	-2.53605	-0.109991	-0.0699432	0.366079	0.366079	-3.17767	-0.834275	-0.670035
1024	0.856432	0.0721067	0.0721067	-3.03472	-0.0119411	0.0177066	2.89119	2.89119	-3.80251	-0.137074	0.24362
1024	0.953967	0.0498873	0.0498873	-3.02063	-0.0388761	-0.0384998	2.00028	2.00028	-3.78485	-0.374295	-0.304533
1024	0.894436	0.0833348	0.0833348	-3.03339	0.00612184	0.0176387	3.34139	3.34139	-3.80083	0.0688097	0.194345
1024	1.01975	0.0841038	0.0841038	-3.3136	-0.0564433	-0.0316266	3.37223	3.37223	-4.15194	-0.362078	-0.196651
1024	1.08953	0.0330999	0.0296921	-2.87087	-0.48318	-0.416642	1.32718	1.18995	-3.5972	-2.19316	-1.67888
1024	0.925339	0.0362932	0.0362932	-2.72295	-0.0367694	-0.0286483	1.45521	1.45521	-3.41186	-0.455952	-0.322031
1024	0.959321	0.0751813	0.0751813	-2.71568	-0.0342173	-0.00121441	3.01447	3.01447	-3.40275	-0.285131	-0.0110934
1024	1.00587	0.0971792	0.0971792	-3.02919	-0.0470621	-0.00458831	3.8965	3.8965	-3.79558	-0.305175	-0.0316109
1024	0.972721	0.0679683	0.0679683	-2.7836	-0.0693535	-0.0236129	2.72526	2.72526	-3.48786	-0.448121	-0.192914
1024	1.02355	0.112791	0.112791	-3.16332	-0.11403	-0.0419766	4.52248	4.52248	-3.96365	-0.555031	-0.225167
1024	0.96589	0.0575716	0.0575716	-2.89794	-0.0472183	-0.0371951	2.30839	2.30839	-3.63112	-0.422096	-0.254159
1024	1.01679	0.0333528	0.0333528	-3.06346	-0.119062	-0.119661	1.33731	1.33731	-3.83852	-0.757189	-0.693647
1024	0.980262	0.0714897	0.0714897	-2.84458	-0.0517196	-0.0294539	2.86645	2.86645	-3.56426	-0.376438	-0.215658
1024	1.03917	0.0176044	0.0176044	-2.95779	-0.17014	-0.205976	0.705866	0.705866	-3.70611	-0.902899	-1.04386
1024	0.951929	0.0597558	0.0597558	-2.59168	-0.0307991	-0.0264609	2.39597	2.39597	-3.24738	-0.314236	-0.225186
1024	0.997658	0.0752347	0.0752347	-2.99984	-0.0453925	-0.040187	3.01661	3.01661	-3.7588	-0.357013	-0.275371
1024	0.945364	0.0103168	0.0103168	-2.67076	-0.094864	-0.0786681	0.413662	0.413662	-3.34646	-0.817479	-0.598675
1024	0.974632	0.104133	0.104133	-2.76594	0.00148471	0.0108211	4.17533	4.17533	-3.46572	0.0139549	0.084464
1024	0.982389	0.0268648	0.0268648	-2.779	-0.120483	-0.0740922	1.07717	1.07717	-3.48209	-0.794771	-0.553322
1024	0.962832	0.0611567	0.0611567	-3.3678	-0.0545882	-0.0252712	2.45214	2.45214	-4.21985	-0.441049	-0.191297
1024	0.995467	0.0720637	0.0720637	-3.26463	-0.0694197	-0.0297998	2.88947	2.88947	-4.09058	-0.413614	-0.200425
1024	1.02494	0.0410015	0.0410015	-2.59262	-0.153593	-0.06443	1.644	1.644	-3.24856	-0.789513	-0.476963
1024	0.927128	0.0698804	0.0698804	-3.34446	-0.0167239	-0.0153569	2.80193	2.80193	-4.19061	-0.160534	-0.137766
1024	0.93761	0.121844	0.121844	-3.26494	0.0309258	0.0485727	4.88544	4.88544	-4.09097	0.325301	0.451775
1024	0.957629	0.07873	0.07873	-3.33782	0.00307542	-0.0146597	3.15676	3.15676	-4.18229	0.03683	-0.106117
1024	1.06437	0.0299642	0.0299642	-3.05216	-0.33913	-0.264269	1.20145	1.20145	-3.82435	-1.38765	-1.15622
1024	0.960945	0.0831994	0.0831994	-2.46104	0.00470792	-0.0253352	3.33596	3.33596	-3.08369	0.0540821	-0.169065
1024	0.957947	0.0804436	0.0804436	-2.93714	-0.0250481	0.01005	3.22547	3.22547	-3.68024	-0.216949	0.0964147
1024	0.987115	0.0566959	0.0566959	-2.98042	-0.0570289	-0.0243198	2.27328	2.27328	-3.73446	-0.488906	-0.221118
1024	1.0101	0.0199123	0.0199123	-3.14164	-0.142844	-0.105763	0.798403	0.798403	-3.93647	-0.864159	-0.673643
1024	0.953264	0.0534631	0.0534631	-3.14359	-0.0412805	-0.0108402	2.14366	2.14366	-3.93891	-0.446526	-0.112168
1024	0.913767	0.0410764	0.0410764	-2.76528	-0.0345095	-0.0250214	1.647	1.647	-3.4649	-0.419988	-0.257523
1024	1.02906	0.0698288	0.0698288	-3.02452	-0.111007	-0.0780572	2.79985	2.79985	-3.78973	-0.658465	-0.457663
1024	0.932757	0.10483	0.10483	-2.97445	0.0202971	0.0312762	4.20325	4.20325	-3.72698	0.222429	0.323608
1024	1.04283	0.051856	0.051856	-2.89961	-0.20461	-0.090269	2.07922	2.07922	-3.63322	-0.971041	-0.523576
1024	0.982093	0.058141	0.058141	-3.0302	-0.0699289	-0.0481434	2.33122	2.33122	-3.79684	-0.505086	-0.325787
1024	1.073	0.0141853	0.0141853	-3.13317	-0.365597	-0.335033	0.568773	0.568773	-3.92586	-1.49674	-1.34818
1024	0.976879	0.0283866	0.0283866	-3.06198	-0.0812968	-0.0556631	1.13819	1.13819	-3.83666	-0.679896	-0.499922
1024	0.981272	0.0669996	0.0669996	-2.95756	-0.0350558	-0.0657635	2.68642	2.68642	-3.70582	-0.317351	-0.369059
1024	0.949516	0.0506778	0.0506778	-3.03275	-0.0441604	-0.0366351	2.03198	2.03198	-3.80004	-0.430554	-0.308476
1024	0.895189	0.0816301	0.0816301	-2.9515	-0.0273969	0.0221088	3.27304	3.27304	-3.69823	-0.253164	0.288481
1024	1.00904	0.0153573	0.0153573	-2.89381	-0.102765	-0.112102	0.615764	0.615764	-3.62594	-0.777234	-0.722993
1024	0.984389	0.116757	0.116757	-2.81303	0.0165816	-0.0115949	4.68148	4.68148	-3.52473	0.156261	-0.079934
1024	0.968119	0.0404482	0.0404482	-2.62177	-0.0651	-0.040932	1.62181	1.62181	-3.28507	-0.560596	-0.363722
1024	1.02276	0.0339439	0.0339439	-3.19832	-0.120439	-0.128221	1.36101	1.36101	-4.00749	-0.705692	-0.683695
1024	1.01621	0.0322264	0.0322264	-2.9349	-0.111749	-0.0903551	1.29215	1.29215	-3.67743	-0.73051	-0.54469
1024	1.00339	0.0370137	0.0370137	-2.90254	-0.0836106	-0.0880056	1.4841	1.4841	-3.63688	-0.63201	-0.54039
1024	0.998907	0.064777	0.064777	-3.06068	-0.0516568	-0.07637	2.5973	2.5973	-3.83503	-0.387199	-0.457755
1024	0.972307	0.0120038	0.0120038	-2.82482	-0.112137	-0.0649233	0.481303	0.481303	-3.5395	-0.876519	-0.606404
1024	0.999924	0.146976	0.146976	-3.04552	0.0154068	0.0574556	5.89313	5.89313	-3.81603	0.116567	0.45415
1024	0.950447	0.0672532	0.0672532	-2.71297	-0.0207291	-0.019476	2.69659	2.69659	-3.39936	-0.21567	-0.153318
1024	0.914111	0.0792147	0.0792147	-2.72366	-0.0136306	0.0185942	3.17619	3.17619	-3.41275	-0.150781	0.218847
1024	0.960224	0.0478914	0.0478914	-3.1649	-0.0724725	-0.0292176	1.92026	1.92026	-3.96562	-0.584345	-0.260399
1024	1.0158	0.0608917	0.0608917	-2.93329	-0.072392	-0.135602	2.44152	2.44152	-3.67541	-0.529153	-0.724025
1024	0.914805	0.0729494	0.0729494	-2.65332	-0.00976968	-0.00260161	2.92498	2.92498	-3.32461	-0.107569	-0.0271678
1024	0.961517	0.100835	0.100835	-2.99443	-0.0212374	0.00745481	4.0431	4.0431	-3.75202	-0.168226	0.0576467
1024	0.976504	0.0287699	0.0287699	-2.73718	-0.103819	-0.0543758	1.15356	1.15356	-3.42969	-0.700559	-0.473279
1024	0.959231	0.126985	0.126985	-2.91775	0.0119863	0.0452368	5.09161	5.09161	-3.65594	0.101759	0.415869
1024	1.02395	0.00184924	0.00184924	-2.90171	-0.216485	-0.159067	0.0741472	0.0741472	-3.63584	-1.14027	-0.849945
1024	0.971677	0.093385	0.093385	-3.02748	-0.0156762	0.00209116	3.74436	3.74436	-3.79344	-0.127597	0.0168307
1024	1.03277	0.0768292	0.0768292	-3.16292	-0.169018	-0.131547	3.08055	3.08055	-3.96313	-0.893587	-0.639052
1024	0.962058	0.0946297	0.0946297	-2.47219	-0.0544062	0.0019321	3.79427	3.79427	-3.09766	-0.35209	0.0154501
1024	0.960754	0.0662729	0.0662729	-2.89125	-0.0399492	-0.0303865	2.65728	2.65728	-3.62274	-0.36454	-0.248779
1024	0.924975	0.0126976	0.0126976	-2.66708	-0.0768476	-0.0731627	0.509123	0.509123	-3.34185	-0.774259	-0.690628
1024	1.09286	0.0688599	0.0660656	-3.0924	-0.581622	-0.346499	2.76101	2.64767	-3.87478	-3.14683	-1.37301
1024	0.919999	0.0571465	0.0571465	-2.8104	-0.0297461	-0.0210732	2.29135	2.29135	-3.52143	-0.312048	-0.198356
1024	0.972732	0.0351552	0.0351552	-3.13187	-0.0643174	-0.0609431	1.40958	1.40958	-3.92423	-0.576061	-0.467036
1024	0.946905	0.0719495	0.0719495	-2.68285	-0.0147682	-0.0068223	2.88489	2.88489	-3.36161	-0.148695	-0.0645791
1024	1.04017	0.0549598	0.0549598	-2.85311	-0.15891	-0.181162	2.20367	2.20367	-3.57495	-0.802234	-0.823766
1024	0.991676	0.0752217	0.0752217	-2.99878	-0.0347618	-0.028329	3.01609	3.01609	-3.75747	-0.281985	-0.202771
1024	0.913702	0.0508468	0.0508468	-2.99497	-0.0324167	-0.0207984	2.03875	2.03875	-3.7527	-0.37005	-0.201884
1024	0.972992	0.0605515	0.0605515	-2.91098	-0.0793625	-0.0445037	2.42787	2.42787	-3.64745	-0.542253	-0.308576
1024	1.00371	0.0434147	0.0434147	-2.79216	-0.100392	-0.0698312	1.74076	1.74076	-3.49858	-0.691807	-0.492992
1024	1.03817	0.0580953	0.0580953	-2.82711	-0.150072	-0.0933277	2.32939	2.32939	-3.54237	-0.772298	-0.542858
1024	1.05036	0.0715965	0.0715965	-2.7187	-0.252943	-0.242282	2.87073	2.87073	-3.40653	-1.1161	-1.00386
1024	0.99043	0.0511175	0.0511175	-2.96005	-0.0659975	-0.0305308	2.04961	2.04961	-3.70894	-0.572293	-0.277985
1024	0.895608	0.0638575	0.0638575	-2.94227	-0.0334195	0.00243986	2.56043	2.56043	-3.68667	-0.364837	0.0294343
1024	0.982854	0.0790488	0.0790488	-2.70161	-0.0338396	-0.0487074	3.16954	3.16954	-3.38511	-0.292382	-0.300406
1024	0.971309	0.0387139	0.0387139	-3.11604	-0.0929366	-0.0406829	1.55227	1.55227	-3.90439	-0.686952	-0.386966
1024	0.92761	0.152137	0.152137	-2.93959	0.0727496	0.0873718	6.10007	6.10007	-3.68331	0.813906	0.944349
1024	0.982787	0.102754	0.102754	-3.13758	-0.0425337	0.0137459	4.12001	4.12001	-3.93138	-0.257119	0.110139
1024	0.973533	0.0577709	0.0577709	-3.10906	-0.0456303	-0.0517427	2.31638	2.31638	-3.89565	-0.393541	-0.373698
1024	0.954389	0.0610264	0.0610264	-2.59024	-0.0397942	-0.0409714	2.44692	2.44692	-3.24557	-0.366458	-0.313394
1024	1.03235	0.00779598	0.00779598	-2.84801	-0.181635	-0.177254	0.312588	0.312588	-3.56855	-1.06986	-0.881178
1024	0.995712	0.0954662	0.0954662	-3.18238	-0.022735	0.0040368	3.82781	3.82781	-3.98752	-0.154901	0.0339149
1024	1.04963	0.0365578	0.0365578	-3.39682	-0.319696	-0.18335	1.46582	1.46582	-4.25621	-1.56386	-0.781448
1024	0.911914	0.0233178	0.0233178	-3.03906	-0.0778703	-0.0500684	0.93495	0.93495	-3.80794	-0.734635	-0.4939
1024	0.958245	0.102616	0.102616	-2.95238	-0.0225398	0.0125756	4.11451	4.11451	-3.69934	-0.167254	0.0991312
1024	1.01785	0.0430041	0.0430041	-2.99481	-0.114268	-0.110452	1.72429	1.72429	-3.7525	-0.749185	-0.628329
1024	0.957925	0.0698111	0.0698111	-3.33042	-0.031311	-0.0287241	2.79915	2.79915	-4.17301	-0.297778	-0.213838
1024	0.988488	0.0689161	0.0689161	-3.20571	-0.0669553	-0.0214693	2.76326	2.76326	-4.01675	-0.49182	-0.175195
1024	1.00009	0.0566527	0.0566527	-2.88271	-0.0579448	-0.0321158	2.27155	2.27155	-3.61204	-0.468503	-0.260039
1024	0.946409	0.0620711	0.0620711	-3.33294	-0.023069	-0.0163583	2.4888	2.4888	-4.17618	-0.228749	-0.149819
1024	1.02527	0.056968	0.056968	-3.36263	-0.102041	-0.0988406	2.28419	2.28419	-4.21337	-0.714913	-0.500782
1024	0.992719	0.0515142	0.0515142	-2.64859	-0.0434409	-0.0536395	2.06551	2.06551	-3.31868	-0.462346	-0.381166
1024	0.987621	0.0111029	0.0111029	-2.91359	-0.109826	-0.0786329	0.445184	0.445184	-3.65073	-0.855418	-0.642266
1024	0.942468	0.0177084	0.0177084	-2.89361	-0.0824477	-0.0694864	0.710035	0.710035	-3.62569	-0.719932	-0.586315
1024	1.00017	0.0363951	0.0363951	-2.68981	-0.0803157	-0.106282	1.4593	1.4593	-3.37033	-0.682437	-0.553927
1024	0.984482	0.110376	0.110376	-3.28545	-0.00281417	0.0177393	4.42564	4.42564	-4.11667	-0.023542	0.135412
1024	1.03052	0.0601542	0.0601542	-2.96507	-0.173627	-0.107275	2.41194	2.41194	-3.71523	-0.912462	-0.550423
1024	1.0482	0.0540599	0.0540599	-2.99741	-0.0994259	-0.0807923	2.16759	2.16759	-3.75575	-0.712933	-0.546127
1024	0.966239	0.0721835	0.0721835	-3.2371	-0.014525	-0.0165929	2.89427	2.89427	-4.05609	-0.137907	-0.13375
1024	0.980291	0.0460923	0.0460923	-3.18717	-0.0786449	-0.0306392	1.84812	1.84812	-3.99352	-0.54299	-0.295415
1024	0.920253	0.0416173	0.0416173	-2.94679	-0.0702968	-0.0296489	1.66869	1.66869	-3.69233	-0.569532	-0.310274
1024	0.99183	0.100507	0.100507	-3.28347	-0.0278924	-0.00146278	4.02993	4.02993	-4.11419	-0.206166	-0.0111458
1024	0.995349	0.0659352	0.0659352	-3.04417	-0.0381	-0.013909	2.64374	2.64374	-3.81434	-0.35295	-0.117674
1024	0.965496	0.0333149	0.0333149	-3.41419	-0.0662615	-0.0530507	1.33579	1.33579	-4.27798	-0.593253	-0.454223
1024	1.03491	0.0702783	0.0702783	-2.59625	-0.183708	-0.138025	2.81788	2.81788	-3.25311	-0.883871	-0.621254
1024	0.89729	0.0490147	0.0490147	-2.8033	-0.0255723	-0.0180245	1.96529	1.96529	-3.51254	-0.312662	-0.209942
1024	0.996619	0.0735947	0.0735947	-3.01179	-0.0453741	-0.0300396	2.95085	2.95085	-3.77377	-0.363975	-0.212837
1024	0.964261	0.0252148	0.0252148	-3.35728	-0.0658609	-0.0412638	1.01101	1.01101	-4.20667	-0.620255	-0.469918
1024	1.03587	0.0570666	0.0570666	-2.74924	-0.182093	-0.147379	2.28814	2.28814	-3.4448	-0.94822	-0.708279
1024	0.98262	0.0732967	0.0732967	-2.722	-0.0315428	-0.0234635	2.93891	2.93891	-3.41066	-0.275318	-0.18659
1024	1.04383	0.0484386	0.0484386	-3.13775	-0.250639	-0.178476	1.94219	1.94219	-3.9316	-1.13432	-0.75982
1024	1.10419	0.0654038	0.0589462	-2.97429	-0.498211	-0.41402	2.62243	2.3612	-3.72679	-2.1061	-1.90956
1024	0.970475	0.0549718	0.0549718	-3.33136	-0.0395786	-0.0356176	2.20415	2.20415	-4.1742	-0.402443	-0.28189
1024	1.01015	0.0644046	0.0644046	-3.22208	-0.148868	-0.0406267	2.58237	2.58237	-4.03726	-0.811406	-0.275969
1024	0.946357	0.073134	0.073134	-2.64649	-0.011927	-0.00749022	2.93238	2.93238	-3.31605	-0.126859	-0.0642943
1024	0.997284	0.0882692	0.0882692	-3.29995	-0.0623	-0.0232457	3.53924	3.53924	-4.13484	-0.412546	-0.149487
1024	1.0384	0.025207	0.025207	-2.89844	-0.242553	-0.165476	1.0107	1.0107	-3.63175	-1.25299	-0.772819
1024	1.03562	0.0323369	0.0323369	-3.222	-0.128099	-0.19137	1.29658	1.29658	-4.03717	-0.792409	-0.964921
1024	0.991806	0.0666106	0.0666106	-3.26391	-0.0428456	-0.0151592	2.67082	2.67082	-4.08968	-0.332825	-0.141555
1024	1.04165	0.0756116	0.0756116	-2.95103	-0.19634	-0.145583	3.03172	3.03172	-3.69764	-0.8276	-0.680347
1024	0.942863	0.0781446	0.0781446	-2.75063	-0.0450329	0.00687179	3.13329	3.13329	-3.44653	-0.382043	0.0734222
1024	1.00362	0.0815472	0.0815472	-2.87811	-0.0802933	-0.00924335	3.26972	3.26972	-3.60628	-0.462259	-0.0747508
1024	1.03893	0.059495	0.059495	-2.94828	-0.109046	-0.15193	2.38551	2.38551	-3.6942	-0.66387	-0.700821
1024	0.872039	0.0197991	0.0197991	-3.09053	-0.062989	-0.0468105	0.793864	0.793864	-3.87244	-0.726314	-0.536773
1024	0.996797	0.0652395	0.0652395	-3.355	-0.0426182	-0.0132232	2.61584	2.61584	-4.20381	-0.35117	-0.126055
1024	0.973145	0.105201	0.105201	-2.95254	-0.019922	0.0123769	4.21812	4.21812	-3.69954	-0.151741	0.0933544
1024	1.00021	0.04852	0.04852	-2.54304	-0.0579594	-0.0406345	1.94546	1.94546	-3.18643	-0.458794	-0.346616
1024	0.965991	0.0792295	0.0792295	-3.0814	-0.0141077	-0.0116216	3.17679	3.17679	-3.86099	-0.131339	-0.0991485
1024	1.01205	0.078947	0.078947	-3.02671	-0.0748996	-0.0362383	3.16546	3.16546	-3.79247	-0.508613	-0.226119
1024	1.04759	0.144344	0.144344	-3.0009	-0.187661	-0.042368	5.78762	5.78762	-3.76012	-0.901011	-0.194876
1024	0.992257	0.00591678	0.00591678	-3.13055	-0.106055	-0.0853989	0.237239	0.237239	-3.92257	-0.84341	-0.671918
1024	0.965358	0.0378988	0.0378988	-2.89838	-0.0672833	-0.0536455	1.51959	1.51959	-3.63167	-0.55607	-0.409723
1024	0.981121	0.0911826	0.0911826	-3.06384	-0.0205887	0.0130129	3.65606	3.65606	-3.83899	-0.185513	0.114032
1024	0.949614	0.0633001	0.0633001	-3.18863	-0.0612895	-0.0065166	2.53808	2.53808	-3.99535	-0.467609	-0.0681958
1024	0.935673	-0.0173057	-0.0173057	-2.845	-0.108511	-0.103713	-0.693888	-0.693888	-3.56478	-1.01902	-0.864464
1024	0.947961	0.0550011	0.0550011	-3.0804	-0.0546067	-0.0111301	2.20532	2.20532	-3.85974	-0.461221	-0.119571
1024	1.07132	0.0871122	0.0871122	-2.826	-0.332649	-0.23128	3.49285	3.49285	-3.54098	-1.20596	-0.867915
1024	0.965511	0.0628804	0.0628804	-2.78705	-0.0263068	-0.00461284	2.52125	2.52125	-3.49217	-0.268765	-0.0510694
1024	0.952537	0.105768	0.105768	-3.01595	0.0229842	0.00902691	4.24085	4.24085	-3.77898	0.270974	0.0737317
1024	1.01189	0.0429644	0.0429644	-2.87395	-0.0911197	-0.0717847	1.7227	1.7227	-3.60106	-0.633647	-0.493434
1024	1.01435	0.0520048	0.0520048	-3.13749	-0.0995438	-0.067587	2.08519	2.08519	-3.93128	-0.594867	-0.446786
1024	0.931622	0.0547847	0.0547847	-3.03443	-0.0383781	-0.0148178	2.19665	2.19665	-3.80214	-0.398537	-0.146251
1024	0.96222	0.0398123	0.0398123	-3.26316	-0.0753184	-0.0435136	1.59631	1.59631	-4.08875	-0.565243	-0.349895
1024	1.02571	0.0526367	0.0526367	-2.93428	-0.105521	-0.088953	2.11052	2.11052	-3.67665	-0.701297	-0.514576
1024	0.99801	0.0596015	0.0596015	-2.84808	-0.0499976	-0.0281003	2.38978	2.38978	-3.56864	-0.420067	-0.226651
1024	0.998601	0.0857473	0.0857473	-2.67186	-0.0434118	-0.0309685	3.43812	3.43812	-3.34784	-0.292413	-0.199314
1024	1.00165	0.0314528	0.0314528	-2.79463	-0.0580621	-0.092601	1.26113	1.26113	-3.50167	-0.58316	-0.61643
1024	0.996251	0.0760064	0.0760064	-3.05075	-0.0525689	-0.0185718	3.04755	3.04755	-3.82259	-0.426384	-0.143219
1024	1.03727	-0.00814389	-0.00814389	-2.99228	-0.20673	-0.193584	-0.326537	-0.326537	-3.74932	-1.06699	-1.06705
1024	0.964457	0.0096791	0.0096791	-3.16141	-0.0957852	-0.0905909	0.388093	0.388093	-3.96124	-0.758838	-0.681947
1024	0.977063	0.084453	0.084453	-2.98861	-0.046673	-0.00600348	3.38623	3.38623	-3.74473	-0.334492	-0.0433092
1024	0.97072	0.0513655	0.0513655	-3.35425	-0.0511883	-0.0313432	2.05955	2.05955	-4.20287	-0.481924	-0.26816
1024	0.958772	0.0336274	0.0336274	-2.81591	-0.0638053	-0.0562505	1.34832	1.34832	-3.52834	-0.586348	-0.431175
1024	0.983522	0.0774394	0.0774394	-2.81996	-0.0602208	-0.0182761	3.10501	3.10501	-3.53341	-0.382122	-0.139774
1024	0.945092	0.0920193	0.0920193	-2.90944	0.0154406	0.0165318	3.68961	3.68961	-3.64553	0.186161	0.166429
1024	0.980705	0.0835684	0.0835684	-3.02581	-0.0309695	-0.0053977	3.35076	3.35076	-3.79134	-0.236506	-0.0426614
1024	1.02239	0.0379765	0.0379765	-2.88082	-0.131746	-0.126583	1.52271	1.52271	-3.60966	-0.785413	-0.642341
1024	0.976211	0.0105605	0.0105605	-3.27001	-0.109406	-0.0828974	0.423435	0.423435	-4.09732	-0.825605	-0.649451
1024	0.988286	0.060505	0.060505	-3.0529	-0.0363066	-0.0273085	2.42601	2.42601	-3.82528	-0.359593	-0.203188
1024	1.07639	0.0378602	0.0378602	-3.2209	-0.470332	-0.323577	1.51804	1.51804	-4.03578	-1.85971	-1.32671
1024	0.968953	0.0347405	0.0347405	-2.97952	-0.0525648	-0.0694972	1.39295	1.39295	-3.73334	-0.603658	-0.519728
1024	1.00881	0.0989551	0.0989551	-2.69506	-0.0606275	-0.0310717	3.9677	3.9677	-3.37691	-0.371212	-0.201568
1024	0.952985	0.0268089	0.0268089	-3.03102	-0.0522104	-0.0799344	1.07493	1.07493	-3.79787	-0.568729	-0.590278
1024	0.956132	0.0684455	0.0684455	-2.85062	-0.0136663	-0.00401538	2.74439	2.74439	-3.57182	-0.145463	-0.0383315
1024	0.982227	0.0721759	0.0721759	-2.8375	-0.0260082	-0.0407324	2.89396	2.89396	-3.55539	-0.262671	-0.301726
1024	1.01668	0.078602	0.078602	-3.0636	-0.0579291	-0.0952798	3.15163	3.15163	-3.83869	-0.401133	-0.460269
1024	1.01364	0.0146774	0.0146774	-2.99106	-0.167687	-0.0954962	0.588505	0.588505	-3.7478	-1.0193	-0.660051
1024	0.967265	0.0546727	0.0546727	-3.11652	-0.0265433	-0.0338554	2.19216	2.19216	-3.90499	-0.307021	-0.266863
1024	0.999634	0.0945545	0.0945545	-2.78195	-0.0393089	-0.0111631	3.79126	3.79126	-3.48578	-0.268516	-0.0795199
1024	0.90958	-0.0118218	-0.0118218	-3.36593	-0.0968971	-0.07887	-0.474007	-0.474007	-4.21752	-1.013	-0.821125
1024	0.989822	0.0951704	0.0951704	-3.15921	-0.00286549	-0.0182564	3.81595	3.81595	-3.95849	-0.0283501	-0.119957
1024	0.987102	0.0903874	0.0903874	-3.11787	-0.042936	-0.0523063	3.62417	3.62417	-3.90669	-0.313792	-0.288197
1024	0.982236	0.0637527	0.0637527	-3.10149	-0.0444617	-0.0302927	2.55623	2.55623	-3.88617	-0.380373	-0.238849
1024	1.00097	0.00785528	0.00785528	-3.03699	-0.102545	-0.106364	0.314965	0.314965	-3.80534	-0.849171	-0.7305
1024	0.955347	-0.0132051	-0.0132051	-2.57891	-0.122127	-0.103361	-0.529472	-0.529472	-3.23138	-1.0066	-0.758536
1024	1.00823	-0.000608806	-0.000608806	-3.28641	-0.112898	-0.107545	-0.0244107	-0.0244107	-4.11788	-0.908705	-0.698591
1024	0.883019	0.0376094	0.0376094	-3.26205	-0.0497053	-0.0197173	1.50799	1.50799	-4.08735	-0.541033	-0.262985
1024	0.916937	-0.0112934	-0.0112934	-2.6526	-0.108701	-0.084696	-0.452821	-0.452821	-3.32371	-1.00944	-0.81187
1024	1.01804	0.0711413	0.0711413	-3.27034	-0.0586184	-0.0671315	2.85248	2.85248	-4.09774	-0.382717	-0.383013
1024	0.943089	0.106764	0.106764	-2.79306	0.010234	0.028043	4.28082	4.28082	-3.49971	0.0872519	0.270314
1024	0.977466	-0.0147204	-0.0147204	-2.71628	-0.137125	-0.155701	-0.590231	-0.590231	-3.4035	-1.03525	-0.925177
1024	1.02905	0.0539178	0.0539178	-3.02554	-0.110437	-0.109308	2.16189	2.16189	-3.791	-0.728953	-0.623539
1024	1.01752	0.0342862	0.0342862	-3.08373	-0.123927	-0.0840746	1.37474	1.37474	-3.86392	-0.799232	-0.547938
1024	0.990561	0.0253489	0.0253489	-3.01825	-0.093506	-0.0546059	1.01639	1.01639	-3.78187	-0.694845	-0.49632
1024	0.938803	0.0332006	0.0332006	-2.66169	-0.0700165	-0.0461732	1.33121	1.33121	-3.3351	-0.615865	-0.424869
1024	0.928982	0.0593789	0.0593789	-2.79971	-0.0225091	-0.0149716	2.38086	2.38086	-3.50804	-0.228958	-0.137417
1024	0.990292	0.0320258	0.0320258	-3.09584	-0.0949462	-0.069219	1.28411	1.28411	-3.87908	-0.654639	-0.471755
1024	0.966353	0.0158688	0.0158688	-2.57718	-0.0801699	-0.085815	0.636276	0.636276	-3.22921	-0.807106	-0.711008
1024	1.02702	0.0782285	0.0782285	-3.03168	-0.138784	-0.0492899	3.13665	3.13665	-3.79869	-0.693693	-0.324939
1024	0.989462	0.0807715	0.0807715	-2.76103	-0.0547547	-0.0365646	3.23861	3.23861	-3.45957	-0.407721	-0.226302
1024	0.913531	0.052303	0.052303	-2.54967	-0.0422835	-0.0117777	2.09714	2.09714	-3.19474	-0.401265	-0.132454
1024	1.02529	0.0287997	0.0287997	-3.30398	-0.192869	-0.115153	1.15475	1.15475	-4.13989	-0.961961	-0.704778
1024	1.07135	0.0568779	0.0568779	-2.99958	-0.327663	-0.341617	2.28058	2.28058	-3.75847	-1.35001	-1.55823
1024	1.02541	0.0347408	0.0347408	-2.63079	-0.158831	-0.120784	1.39297	1.39297	-3.29638	-0.806316	-0.680844
1024	0.987658	0.0609775	0.0609775	-3.09759	-0.0342388	-0.0539556	2.44495	2.44495	-3.88128	-0.294552	-0.352322
1024	1.11915	0.0788874	0.0670406	-3.13909	-0.597857	-0.459637	3.16307	2.68281	-3.93328	-3.03046	-2.41398
1024	0.959181	0.0235932	0.0235932	-3.08626	-0.0813259	-0.059879	0.945993	0.945993	-3.86709	-0.701149	-0.452234
1024	1.11047	0.122872	0.113495	-3.02675	-0.519128	-0.402585	4.92666	4.54402	-3.79252	-2.86105	-2.10418
1024	1.07772	0.0491791	0.0491791	-3.13458	-0.372223	-0.396737	1.97189	1.97189	-3.92763	-1.53732	-1.84579
1024	0.989998	0.0210588	0.0210588	-2.7638	-0.096816	-0.0557833	0.844372	0.844372	-3.46304	-0.749469	-0.497943
1024	0.989061	0.0656214	0.0656214	-2.90396	-0.080835	-0.0287926	2.63116	2.63116	-3.63866	-0.537362	-0.22482
1024	1.01321	0.0279799	0.0279799	-2.9529	-0.111036	-0.125716	1.12188	1.12188	-3.69998	-0.760365	-0.643772
1024	0.890415	0.0359557	0.0359557	-2.80798	-0.0425219	-0.0309836	1.44168	1.44168	-3.51839	-0.50401	-0.34489
1024	0.924282	0.0187662	0.0187662	-3.02801	-0.0737497	-0.0614302	0.752449	0.752449	-3.79409	-0.786482	-0.63115
1024	0.956633	0.0602103	0.0602103	-3.09468	-0.0342891	-0.0524822	2.41419	2.41419	-3.87763	-0.321287	-0.373675
1024	0.890516	0.0433631	0.0433631	-2.82772	-0.0213035	-0.0167681	1.73869	1.73869	-3.54314	-0.294541	-0.196369
1024	0.988305	0.0638386	0.0638386	-3.38778	-0.0222272	-0.0353054	2.55967	2.55967	-4.24489	-0.215943	-0.253688
1024	1.01272	0.0265619	0.0265619	-3.35153	-0.106259	-0.0835175	1.06503	1.06503	-4.19946	-0.76084	-0.60672
1024	1.02239	0.0435195	0.0435195	-3.02275	-0.131556	-0.103966	1.74496	1.74496	-3.7875	-0.715796	-0.598862
1024	0.980187	0.0288805	0.0288805	-3.15255	-0.0874227	-0.0898128	1.15799	1.15799	-3.95014	-0.717782	-0.524006
1024	1.07925	0.0283303	0.0283303	-3.03429	-0.472296	-0.374496	1.13593	1.13593	-3.80196	-1.8391	-1.51182
1024	0.947174	0.0767087	0.0767087	-3.07513	-0.0462458	0.00487412	3.07571	3.07571	-3.85313	-0.418098	0.0493969
1024	0.98954	0.0473397	0.0473397	-3.38109	-0.0685414	-0.0687349	1.89813	1.89813	-4.23651	-0.563719	-0.469332
1024	0.914133	0.0720642	0.0720642	-2.37011	-0.0196215	0.0137282	2.88949	2.88949	-2.96975	-0.174516	0.183452
1024	1.02012	0.100111	0.100111	-2.77448	-0.0471174	-0.0495591	4.01406	4.01406	-3.47642	-0.325188	-0.25575
1024	1.01149	0.0555426	0.0555426	-3.0974	-0.0653721	-0.0703356	2.22704	2.22704	-3.88104	-0.449171	-0.403375
1024	1.00025	0.0499303	0.0499303	-3.08628	-0.116835	-0.0604806	2.00201	2.00201	-3.86711	-0.757551	-0.42852
1024	0.946052	0.121821	0.121821	-3.36133	0.0388434	0.0409739	4.88452	4.88452	-4.21175	0.433465	0.36693
1024	1.00047	0.0688507	0.0688507	-3.055	-0.0760061	-0.0462699	2.76064	2.76064	-3.82791	-0.477855	-0.310874
1024	0.983272	0.0966776	0.0966776	-2.8076	-0.0220283	0.0151767	3.87639	3.87639	-3.51792	-0.150371	0.132873
1024	0.980308	0.0367903	0.0367903	-3.15156	-0.0765375	-0.0661781	1.47515	1.47515	-3.9489	-0.580716	-0.506842
1024	0.992907	0.0273758	0.0273758	-2.4327	-0.0577347	-0.0644981	1.09766	1.09766	-3.04817	-0.602229	-0.522589
1024	0.953406	0.0717558	0.0717558	-2.98674	-0.0413085	0.00134806	2.87712	2.87712	-3.74238	-0.328741	0.0142963
1024	0.996467	0.102941	0.102941	-3.08428	-0.0220165	-0.0175345	4.12751	4.12751	-3.86461	-0.157441	-0.118628
1024	0.946126	0.0379892	0.0379892	-3.15324	-0.0886209	-0.0450573	1.52322	1.52322	-3.95101	-0.652514	-0.373566
1024	0.96764	0.0989966	0.0989966	-3.16842	0.0233465	0.00101753	3.96937	3.96937	-3.97004	0.269462	0.00733016
1024	1.04659	0.0857265	0.0857265	-2.84877	-0.154208	-0.107956	3.43729	3.43729	-3.5695	-0.790715	-0.545826
1024	0.938835	0.0934833	0.0934833	-2.43556	0.0059406	0.0169194	3.74831	3.74831	-3.05176	0.0695208	0.179519
1024	1.00601	0.0410173	0.0410173	-2.65939	-0.0709361	-0.0601905	1.64463	1.64463	-3.33222	-0.61152	-0.464083
1024	0.98019	0.0460821	0.0460821	-3.15003	-0.0487547	-0.0664675	1.84771	1.84771	-3.94699	-0.462953	-0.466711
1024	1.00297	0.0598356	0.0598356	-2.72752	-0.0680378	-0.0457531	2.39917	2.39917	-3.41759	-0.527808	-0.307036
1024	0.998326	0.0325607	0.0325607	-3.3208	-0.108365	-0.0772827	1.30555	1.30555	-4.16096	-0.762925	-0.560032
1024	0.919491	0.107147	0.107147	-2.91164	0.0252849	0.0509768	4.29618	4.29618	-3.64828	0.282962	0.615232
1024	0.938851	0.035423	0.035423	-2.84545	-0.0583277	-0.0446115	1.42032	1.42032	-3.56534	-0.581922	-0.365315
1024	1.00097	0.0291052	0.0291052	-2.64634	-0.114725	-0.0983503	1.167	1.167	-3.31587	-0.672736	-0.561374
1024	0.969518	0.0763524	0.0763524	-3.31389	-0.0585408	-0.00136861	3.06143	3.06143	-4.1523	-0.428201	-0.0136076
1024	1.08162	-0.0305823	-0.0305823	-3.3129	-0.60647	-0.507476	-1.22623	-1.22623	-4.15106	-3.15267	-2.53709
1024	0.928619	0.0598098	0.0598098	-3.31668	-0.0372437	-0.019401	2.39813	2.39813	-4.1558	-0.35616	-0.195401
1024	0.963346	0.0494987	0.0494987	-2.8435	-0.0460014	-0.0567303	1.9847	1.9847	-3.5629	-0.42212	-0.400119
1024	0.93816	0.0799362	0.0799362	-2.93994	-0.0147389	0.0171446	3.20512	3.20512	-3.68374	-0.1404	0.179788
1024	0.982826	0.071426	0.071426	-2.77202	-0.0610289	-0.0270989	2.8639	2.8639	-3.47334	-0.399455	-0.192431
1024	0.929066	0.0920911	0.0920911	-2.75858	-0.00502511	0.0194616	3.69249	3.69249	-3.4565	-0.0489	0.179491
1024	1.02661	0.0632542	0.0632542	-2.95428	-0.121186	-0.108128	2.53624	2.53624	-3.70171	-0.624724	-0.562577
1024	1.02579	0.0855478	0.0855478	-3.17286	-0.103013	-0.0719608	3.43012	3.43012	-3.97559	-0.553634	-0.382779
1024	0.977247	0.00658009	0.00658009	-3.03861	-0.0854352	-0.0728278	0.263835	0.263835	-3.80737	-0.826906	-0.691743
1024	0.964559	0.0478551	0.0478551	-3.32475	-0.0524594	-0.0409323	1.9188	1.9188	-4.16591	-0.497134	-0.3579
1024	1.03804	0.0311526	0.0311526	-3.12977	-0.203542	-0.168495	1.24909	1.24909	-3.9216	-0.918897	-0.853759
1024	0.994718	0.019396	0.019396	-3.23019	-0.139073	-0.0837848	0.777701	0.777701	-4.04742	-0.888958	-0.633196
1024	0.950143	0.0806232	0.0806232	-2.85847	-0.0281592	-0.00364854	3.23267	3.23267	-3.58166	-0.224973	-0.0321674
1024	0.996515	0.0666379	0.0666379	-2.81067	-0.0605923	-0.0518133	2.67191	2.67191	-3.52177	-0.420814	-0.352553
1024	0.935353	0.0106752	0.0106752	-2.76963	-0.0884576	-0.0728349	0.428034	0.428034	-3.47035	-0.788457	-0.660194
1024	0.940613	0.0348738	0.0348738	-3.32631	-0.0473684	-0.0593134	1.3983	1.3983	-4.16787	-0.487637	-0.487965
1024	1.0002	0.013387	0.013387	-2.65589	-0.117967	-0.107465	0.536764	0.536764	-3.32782	-0.814893	-0.695861
1024	0.959028	0.00475332	0.00475332	-2.70708	-0.0879289	-0.0780841	0.190589	0.190589	-3.39197	-0.85574	-0.637645
1024	0.972651	0.0661033	0.0661033	-2.72821	-0.0106488	-0.0366986	2.65048	2.65048	-3.41844	-0.126243	-0.279695
1024	0.944137	0.0648991	0.0648991	-3.15118	-0.00806195	-0.00799077	2.6022	2.6022	-3.94843	-0.0981448	-0.0845654
1024	0.909594	0.110671	0.110671	-2.5071	0.0311788	0.0404416	4.43745	4.43745	-3.1414	0.340221	0.413499
1024	1.03913	0.0877675	0.0877675	-3.23531	-0.135395	-0.11837	3.51913	3.51913	-4.05384	-0.709612	-0.516957
1024	0.967984	0.0886373	0.0886373	-3.05835	-0.0322277	-0.00505963	3.554	3.554	-3.83212	-0.232725	-0.0431208
1024	1.1	0.0742758	0.0681293	-3.27338	-0.467279	-0.331489	2.97816	2.72904	-4.10155	-2.26261	-1.40849
1024	0.95279	0.0211711	0.0211711	-2.87255	-0.0670774	-0.0531031	0.848875	0.848875	-3.5993	-0.687099	-0.53337
1024	0.927369	0.0541141	0.0541141	-3.34405	-0.0376909	-0.0142183	2.16976	2.16976	-4.1901	-0.368307	-0.151682
1024	0.954645	0.0437824	0.0437824	-2.8547	-0.0643833	-0.0414015	1.7555	1.7555	-3.57694	-0.516882	-0.358028
1024	0.9755	0.0414589	0.0414589	-2.90066	-0.0422236	-0.0489326	1.66234	1.66234	-3.63453	-0.445993	-0.415114
1024	1.05647	0.0354401	0.0354401	-2.77069	-0.260275	-0.28265	1.42101	1.42101	-3.47167	-1.21744	-1.12406
1024	0.991875	-0.00151138	-0.00151138	-2.99129	-0.120563	-0.122744	-0.0606003	-0.0606003	-3.74809	-0.931663	-0.868251
1024	1.00046	0.0567214	0.0567214	-3.31876	-0.0781549	-0.0524851	2.2743	2.2743	-4.15841	-0.584084	-0.325564
1024	0.989328	0.0768084	0.0768084	-3.22228	-0.0454846	-0.0719806	3.07971	3.07971	-4.03752	-0.363049	-0.394892
1024	1.05369	0.0244559	0.0244559	-3.40428	-0.317393	-0.23825	0.980582	0.980582	-4.26556	-1.41476	-1.08723
1024	0.943702	0.0704106	0.0704106	-2.61371	-0.0206876	-0.00114453	2.82318	2.82318	-3.27498	-0.190548	-0.0113208
1024	0.921595	0.0490555	0.0490555	-2.9558	-0.0325358	-0.0180689	1.96693	1.96693	-3.70361	-0.372469	-0.18604
1024	0.993002	0.041317	0.041317	-3.31901	-0.0790396	-0.0944743	1.65665	1.65665	-4.15872	-0.616224	-0.600178
1024	0.971806	0.064379	0.064379	-2.88634	-0.0557957	-0.0414807	2.58134	2.58134	-3.61659	-0.439362	-0.287102
1024	0.976278	0.0891364	0.0891364	-2.86399	-0.00847566	-0.0146404	3.57401	3.57401	-3.58858	-0.0819535	-0.118438
1024	1.00683	0.0561848	0.0561848	-3.29062	-0.136063	-0.0539807	2.25279	2.25279	-4.12315	-0.756588	-0.363692
1024	0.97203	0.0675624	0.0675624	-3.06013	-0.0340956	-0.0415991	2.70898	2.70898	-3.83435	-0.304023	-0.299144
1024	0.973325	0.063803	0.063803	-2.9734	-0.0686979	-0.014433	2.55825	2.55825	-3.72567	-0.487246	-0.128094
1024	1.01904	0.0497732	0.0497732	-3.16607	-0.0989515	-0.0690024	1.99571	1.99571	-3.96708	-0.620018	-0.443074
1024	1.02257	0.0520839	0.0520839	-3.14131	-0.117386	-0.10443	2.08835	2.08835	-3.93606	-0.729361	-0.568725
1024	0.950953	0.0458656	0.0458656	-2.87882	-0.0536651	-0.0373211	1.83903	1.83903	-3.60716	-0.518197	-0.364882
1024	1.06178	0.0532439	0.0532439	-2.94205	-0.44359	-0.300147	2.13487	2.13487	-3.68639	-1.94065	-1.34002
1024	0.966648	0.042381	0.042381	-3.31641	-0.0619461	-0.0447686	1.69931	1.69931	-4.15546	-0.521376	-0.368004
1024	0.978398	0.0520899	0.0520899	-3.09227	-0.0852994	-0.0432441	2.0886	2.0886	-3.87461	-0.63044	-0.354639
1024	0.979735	0.123419	0.123419	-3.00611	0.0226543	0.0427372	4.94862	4.94862	-3.76666	0.200087	0.392163
1024	0.994401	0.0528515	0.0528515	-2.74381	-0.163855	-0.0510505	2.11913	2.11913	-3.438	-0.902421	-0.327281
1024	1.00178	0.113593	0.113593	-2.56522	-0.0247995	0.00538153	4.55463	4.55463	-3.21423	-0.169995	0.0352444
1024	0.993017	0.0126985	0.0126985	-3.0876	-0.114595	-0.112865	0.509158	0.509158	-3.86876	-0.86128	-0.650999
1024	1.01877	0.0654896	0.0654896	-2.95632	-0.0838046	-0.0444842	2.62587	2.62587	-3.70427	-0.536877	-0.296564
1024	1.00737	0.0812337	0.0812337	-3.01743	-0.0360861	-0.0439433	3.25715	3.25715	-3.78084	-0.343472	-0.304862
1024	1.04343	0.0111087	0.0111087	-3.31851	-0.257041	-0.228833	0.445415	0.445415	-4.15809	-1.22539	-1.01499
1024	0.964213	0.0728847	0.0728847	-2.90323	-0.058195	-0.0310525	2.92238	2.92238	-3.63775	-0.423233	-0.213874
1024	1.05109	0.0593995	0.0593995	-3.28173	-0.227374	-0.212511	2.38168	2.38168	-4.11201	-1.00262	-0.813702
1024	0.971496	0.0588353	0.0588353	-2.98381	-0.0609564	-0.02058	2.35906	2.35906	-3.73872	-0.452643	-0.19412
1024	1.021	0.0340167	0.0340167	-3.16315	-0.154347	-0.13506	1.36394	1.36394	-3.96343	-0.928301	-0.623765
1024	0.975693	0.090339	0.090339	-2.89903	-0.0293981	-0.0116397	3.62223	3.62223	-3.63249	-0.22957	-0.080065
1024	0.985755	-0.00392226	-0.00392226	-3.34388	-0.157613	-0.0882179	-0.157267	-0.157267	-4.18988	-1.03922	-0.6755
1024	0.95008	0.0737453	0.0737453	-3.3866	-0.0258201	0.00539658	2.95689	2.95689	-4.2434	-0.249684	0.0557667
1024	1.00007	0.0146345	0.0146345	-3.15521	-0.0907615	-0.0661163	0.586786	0.586786	-3.95348	-0.749449	-0.593632
1024	1.00443	0.073214	0.073214	-3.28007	-0.0257374	-0.055066	2.93559	2.93559	-4.10993	-0.252133	-0.344461
1024	1.00929	0.11387	0.11387	-3.20162	0.0210633	-0.0493199	4.56574	4.56574	-4.01164	0.21374	-0.24405
1024	1.0486	0.0231903	0.0231903	-3.20675	-0.207656	-0.178226	0.929839	0.929839	-4.01806	-1.06938	-0.858322
1024	0.988887	0.0726601	0.0726601	-3.05894	-0.0227056	-0.0447917	2.91338	2.91338	-3.83285	-0.215439	-0.325708
1024	0.991887	0.0266065	0.0266065	-2.79538	-0.105376	-0.115718	1.06681	1.06681	-3.50261	-0.672523	-0.654178
1024	0.949623	0.0785137	0.0785137	-2.92446	-0.0237018	-0.000501607	3.14809	3.14809	-3.66434	-0.202411	-0.00443058
1024	0.965716	0.0709416	0.0709416	-3.26076	-0.0225361	-0.00117895	2.84448	2.84448	-4.08573	-0.220622	-0.0124594
1024	0.980493	0.0221674	0.0221674	-2.84969	-0.146478	-0.0914519	0.888826	0.888826	-3.57066	-0.822075	-0.616148
1024	0.938411	0.089822	0.089822	-3.0929	0.00181486	0.00486114	3.6015	3.6015	-3.8754	0.0173757	0.0396828
1024	0.960046	0.0432833	0.0432833	-3.08916	-0.0525565	-0.0472883	1.73549	1.73549	-3.87071	-0.528915	-0.424063
1024	0.949669	0.0790613	0.0790613	-3.00145	-0.0145997	-0.015486	3.17004	3.17004	-3.76082	-0.146332	-0.113364
1024	1.01746	0.0503743	0.0503743	-2.93897	-0.118068	-0.0648363	2.01981	2.01981	-3.68253	-0.663928	-0.406748
1024	0.915469	0.0413113	0.0413113	-2.89185	-0.0419335	-0.0313478	1.65642	1.65642	-3.62349	-0.45208	-0.283288
1024	0.973077	0.0407812	0.0407812	-3.03111	-0.0782596	-0.0380073	1.63516	1.63516	-3.79798	-0.566707	-0.370491
1024	0.969829	0.0416532	0.0416532	-2.84359	-0.081686	-0.0388264	1.67013	1.67013	-3.56302	-0.688833	-0.375837
1024	0.946601	0.0849761	0.0849761	-3.23426	-0.0158588	-0.000832751	3.4072	3.4072	-4.05252	-0.148287	-0.00739047
1024	0.903785	0.0274741	0.0274741	-2.63045	-0.0475438	-0.0531922	1.1016	1.1016	-3.29595	-0.571978	-0.516715
1024	0.936432	0.0248026	0.0248026	-3.22274	-0.0631088	-0.0460287	0.994484	0.994484	-4.0381	-0.730628	-0.457359
1024	0.964249	0.0366471	0.0366471	-3.36055	-0.0606931	-0.0643952	1.4694	1.4694	-4.21077	-0.590923	-0.466011
1024	0.965861	0.0753003	0.0753003	-3.30292	-0.0637428	-0.0257196	3.01924	3.01924	-4.13856	-0.417946	-0.191814
1024	0.995959	0.0838793	0.0838793	-3.25757	-0.0477245	-0.00212116	3.36322	3.36322	-4.08173	-0.326782	-0.017208
1024	1.05099	0.0125759	0.0125759	-3.04628	-0.299256	-0.191565	0.504243	0.504243	-3.81699	-1.40259	-0.926332
1024	1.01913	0.0552124	0.0552124	-2.86378	-0.0982461	-0.0706476	2.21379	2.21379	-3.58832	-0.683916	-0.475121
1024	0.984918	0.0337572	0.0337572	-2.62381	-0.0457647	-0.0793566	1.35353	1.35353	-3.28763	-0.540395	-0.535745
1024	0.954404	0.0532377	0.0532377	-3.17875	-0.028131	-0.0518183	2.13462	2.13462	-3.98297	-0.315592	-0.382222
1024	1.00941	0.0281591	0.0281591	-2.86963	-0.109079	-0.0810983	1.12907	1.12907	-3.59565	-0.723304	-0.565903
1024	1.01118	0.0277858	0.0277858	-3.22187	-0.136938	-0.0636346	1.1141	1.1141	-4.03701	-0.753094	-0.573772
1024	0.952776	0.066552	0.066552	-3.34043	-0.0455073	-0.00770896	2.66847	2.66847	-4.18556	-0.38032	-0.0773161
1024	0.985562	0.0187048	0.0187048	-3.058	-0.0942649	-0.0812071	0.749986	0.749986	-3.83168	-0.791395	-0.644512
1024	1.00177	0.0673287	0.0673287	-2.93911	-0.0790687	-0.0173439	2.69961	2.69961	-3.68271	-0.50483	-0.146134
1024	0.984462	0.073768	0.073768	-3.14333	-0.0564256	-0.0331491	2.9578	2.9578	-3.93859	-0.456839	-0.232391
1024	0.961941	0.0646568	0.0646568	-2.62393	-0.0558147	-0.00865334	2.59248	2.59248	-3.28779	-0.457074	-0.0861198
1024	0.998884	0.0222796	0.0222796	-2.99363	-0.111103	-0.0766157	0.893323	0.893323	-3.75102	-0.788852	-0.554919
1024	1.04055	0.0259802	0.0259802	-2.99328	-0.190973	-0.215006	1.0417	1.0417	-3.75058	-0.930604	-0.935771
1024	0.983098	0.036959	0.036959	-3.30514	-0.0690902	-0.0690255	1.48191	1.48191	-4.14134	-0.625147	-0.468771
1024	1.0134	0.0887392	0.0887392	-2.62313	-0.110379	-0.0812147	3.55809	3.55809	-3.28678	-0.553234	-0.403288
1024	1.06446	0.0408758	0.0408758	-3.2555	-0.32951	-0.324178	1.63896	1.63896	-4.07914	-1.2643	-1.33242
1024	0.94907	0.0852447	0.0852447	-2.92344	-0.00832916	0.000425531	3.41797	3.41797	-3.66307	-0.081693	0.00344996
1024	0.953352	0.0572884	0.0572884	-2.68604	-0.0341893	-0.0163306	2.29703	2.29703	-3.36561	-0.328747	-0.166647
1024	0.990998	0.0646303	0.0646303	-3.35789	-0.0636417	-0.0178353	2.59142	2.59142	-4.20744	-0.49612	-0.157869
1024	1.01477	0.0607658	0.0607658	-3.20321	-0.0692466	-0.0690853	2.43647	2.43647	-4.01362	-0.444166	-0.426496
1024	0.972006	0.101489	0.101489	-3.35453	0.0107025	0.00224902	4.0693	4.0693	-4.20323	0.114307	0.0168794
1024	0.993364	0.078346	0.078346	-2.91713	-0.0163208	-0.0312588	3.14136	3.14136	-3.65517	-0.178164	-0.194945
1024	0.949592	0.0580819	0.0580819	-2.83568	-0.0175654	-0.032197	2.32885	2.32885	-3.55311	-0.210543	-0.260058
1024	1.02913	-0.0216769	-0.0216769	-2.73136	-0.271725	-0.210136	-0.869156	-0.869156	-3.42239	-1.23077	-1.10385
1024	1.04151	0.0605787	0.0605787	-3.27125	-0.16274	-0.18064	2.42896	2.42896	-4.09887	-0.787498	-0.836122
1024	0.977398	0.0463629	0.0463629	-3.14108	-0.0674282	-0.0293001	1.85897	1.85897	-3.93577	-0.579669	-0.276889
1024	1.07744	0.0185449	0.0185449	-3.03794	-0.435063	-0.368019	0.743576	0.743576	-3.80654	-1.72173	-1.69021
1024	0.968708	0.0935109	0.0935109	-2.87916	-0.00790799	0.0231085	3.74941	3.74941	-3.60759	-0.0737148	0.236783
1024	0.913658	0.0289806	0.0289806	-2.90646	-0.0589702	-0.0323186	1.162	1.162	-3.6418	-0.602237	-0.359976
1024	0.972504	0.0838447	0.0838447	-2.71815	-0.0225171	-0.00143817	3.36184	3.36184	-3.40584	-0.185677	-0.0133159
1024	0.95203	0.0946727	0.0946727	-2.77251	-0.00311819	-0.00338058	3.796	3.796	-3.47395	-0.0303274	-0.0262112
1024	0.982679	0.0611041	0.0611041	-3.18	-0.0322147	-0.0482743	2.45003	2.45003	-3.98455	-0.306606	-0.35353
1024	0.951683	0.067644	0.067644	-2.669	-0.00823323	-0.0107515	2.71225	2.71225	-3.34426	-0.100176	-0.100976
1024	1.03889	0.0401195	0.0401195	-2.74554	-0.226878	-0.136466	1.60863	1.60863	-3.44017	-0.998536	-0.670574
1024	0.927586	0.049967	0.049967	-3.27803	-0.0322489	-0.0289694	2.00348	2.00348	-4.10737	-0.359091	-0.278131
1024	0.966519	0.0700507	0.0700507	-2.78876	-0.0551018	-0.035458	2.80875	2.80875	-3.49431	-0.370157	-0.250762
1024	0.960203	0.0244062	0.0244062	-2.85623	-0.0759	-0.0628893	0.978593	0.978593	-3.57885	-0.681124	-0.527383
1024	0.974469	-0.00337421	-0.00337421	-2.68807	-0.130063	-0.0696939	-0.135292	-0.135292	-3.36816	-1.01917	-0.773737
1024	0.925138	0.0752036	0.0752036	-3.25832	-0.0281066	0.00555818	3.01537	3.01537	-4.08268	-0.264887	0.0548063
1024	0.988798	0.0723894	0.0723894	-2.96255	-0.0477578	-0.035129	2.90253	2.90253	-3.71208	-0.379637	-0.272546
1024	0.914858	0.0913824	0.0913824	-3.13806	0.000963118	0.0232516	3.66407	3.66407	-3.93199	0.00912383	0.248769
1024	0.981152	0.0796096	0.0796096	-2.7724	-0.032249	-0.0279897	3.19203	3.19203	-3.47381	-0.265578	-0.18836
1024	1.08567	0.0374356	0.0374356	-3.09974	-0.465561	-0.336916	1.50102	1.50102	-3.88398	-1.92368	-1.45849
1024	1.0613	0.0712881	0.0712881	-3.39232	-0.314538	-0.173537	2.85837	2.85837	-4.25057	-1.50357	-0.742653
1024	0.994675	0.0698682	0.0698682	-3.1308	-0.077407	-0.00646538	2.80144	2.80144	-3.9229	-0.450099	-0.05065
1024	0.990621	0.0666709	0.0666709	-3.33415	-0.0529076	-0.035851	2.67323	2.67323	-4.17769	-0.394248	-0.285737
1024	1.09406	0.0435768	0.0405657	-3.28027	-0.522079	-0.426371	1.74725	1.62573	-4.11017	-2.31009	-1.95982
1024	0.937556	0.0890301	0.0890301	-2.69241	-0.0224044	-0.00704297	3.56975	3.56975	-3.37359	-0.175515	-0.0566653
1024	0.968423	0.0653148	0.0653148	-2.64947	-0.0430987	-0.0297874	2.61886	2.61886	-3.31979	-0.391226	-0.246236
1024	0.993181	0.0734757	0.0734757	-3.00707	-0.019844	-0.0430823	2.94608	2.94608	-3.76785	-0.195947	-0.265218
1024	1.00373	0.0408747	0.0408747	-2.80473	-0.112948	-0.0874226	1.63891	1.63891	-3.51433	-0.786561	-0.514451
1024	0.9785	0.0788933	0.0788933	-3.27505	-0.0547139	-0.00868847	3.16331	3.16331	-4.10364	-0.403665	-0.0757473
1024	0.986642	0.0864576	0.0864576	-3.14438	-0.0155954	-0.0421292	3.4666	3.4666	-3.93991	-0.153915	-0.246963
1024	0.983248	0.00880468	0.00880468	-3.34634	-0.081048	-0.081846	0.353032	0.353032	-4.19296	-0.85669	-0.624722
1024	0.952494	0.0671093	0.0671093	-3.21552	-0.0201135	-0.00173145	2.69081	2.69081	-4.02905	-0.202598	-0.0186251
1024	0.998893	0.0349061	0.0349061	-3.01075	-0.0579582	-0.0544622	1.39959	1.39959	-3.77246	-0.585409	-0.442693
1024	0.944946	-0.000944795	-0.000944795	-2.6267	-0.100795	-0.0802886	-0.0378825	-0.0378825	-3.29126	-1.02418	-0.703269
1024	0.890946	0.0689083	0.0689083	-2.80971	-0.00576943	-0.00615174	2.76295	2.76295	-3.52057	-0.066103	-0.0548445
1024	0.932161	0.0957542	0.0957542	-2.78163	-0.00171901	0.014184	3.83936	3.83936	-3.48539	-0.014798	0.134986
1024	1.04594	0.0408413	0.0408413	-3.18517	-0.309019	-0.195236	1.63757	1.63757	-3.99102	-1.50078	-0.844306
1024	0.96588	0.00334573	0.00334573	-2.85738	-0.118197	-0.0688891	0.13415	0.13415	-3.58029	-0.896207	-0.671938
1024	1.00215	0.0353484	0.0353484	-2.71779	-0.0870283	-0.0681642	1.41733	1.41733	-3.40539	-0.683881	-0.462154
1024	1.0046	0.0110991	0.0110991	-3.03015	-0.13791	-0.0780499	0.445031	0.445031	-3.79678	-0.848502	-0.585002
1024	1.04831	0.00860228	0.00860228	-3.33136	-0.354201	-0.247789	0.344917	0.344917	-4.1742	-1.61196	-1.21188
1024	1.0726	0.0668179	0.0668179	-2.54514	-0.371736	-0.242891	2.67913	2.67913	-3.18906	-1.60969	-0.966
1024	0.973504	0.0591824	0.0591824	-2.78147	-0.0367271	-0.0326822	2.37298	2.37298	-3.48518	-0.347889	-0.255361
1024	1.05519	0.0844742	0.0844742	-3.15703	-0.225778	-0.208436	3.38708	3.38708	-3.95576	-1.08393	-0.915189
1024	1.00846	0.0631326	0.0631326	-3.40001	-0.0625869	-0.0850049	2.53137	2.53137	-4.26021	-0.41352	-0.477129
1024	1.04742	0.0430307	0.0430307	-3.06007	-0.276109	-0.220347	1.72536	1.72536	-3.83426	-1.10476	-1.01347
1024	0.946255	0.0926476	0.0926476	-2.89799	0.00019024	0.00802652	3.7148	3.7148	-3.63118	0.00174877	0.0687028
1024	0.968404	0.0541006	0.0541006	-2.90153	-0.041699	-0.0471279	2.16922	2.16922	-3.63562	-0.410646	-0.322017
1024	1.02784	0.0345223	0.0345223	-2.92786	-0.141345	-0.134409	1.38421	1.38421	-3.66861	-0.876389	-0.711804
1024	0.967596	0.0879995	0.0879995	-3.18573	-0.017567	-0.00610674	3.52843	3.52843	-3.99172	-0.152511	-0.0484764
1024	0.992871	0.0625532	0.0625532	-2.94177	-0.0421951	-0.0346835	2.50813	2.50813	-3.68604	-0.366598	-0.25972
1024	0.928642	0.0464409	0.0464409	-3.31464	-0.0474175	-0.0335004	1.86209	1.86209	-4.15325	-0.502786	-0.31749
1024	0.951748	0.0916544	0.0916544	-2.95552	-0.00211097	0.0193327	3.67498	3.67498	-3.70326	-0.020232	0.185141
1024	0.999387	0.0413366	0.0413366	-3.29656	-0.116101	-0.0773796	1.65743	1.65743	-4.13059	-0.741118	-0.491547
1024	0.964883	0.0684563	0.0684563	-3.0576	-0.0289457	-0.0027524	2.74482	2.74482	-3.83117	-0.26821	-0.0284167
1024	0.945765	0.0619803	0.0619803	-3.09348	-0.035797	-0.00979421	2.48516	2.48516	-3.87612	-0.344391	-0.0945179
1024	1.00314	0.0477526	0.0477526	-3.08067	-0.0865208	-0.0841546	1.91469	1.91469	-3.86008	-0.570851	-0.503912
1024	1.00373	0.0880107	0.0880107	-3.27725	-0.0637163	-0.026781	3.52888	3.52888	-4.1064	-0.43669	-0.167822
1024	0.948279	0.100545	0.100545	-3.00029	-0.0135091	0.00939564	4.03146	4.03146	-3.75936	-0.113047	0.0743105
1024	0.930589	0.0591722	0.0591722	-2.94784	-0.0466116	-0.0174424	2.37257	2.37257	-3.69365	-0.443349	-0.165803
1024	0.936201	0.0697055	0.0697055	-2.5654	-0.0349149	-0.00570429	2.79491	2.79491	-3.21444	-0.339807	-0.0499681
1024	1.00237	0.0429951	0.0429951	-2.77044	-0.0785587	-0.0409979	1.72393	1.72393	-3.47137	-0.639855	-0.35076
1024	1.04164	0.0677321	0.0677321	-3.20701	-0.267739	-0.128853	2.71579	2.71579	-4.01839	-1.14447	-0.636261
1024	1.02026	0.0671658	0.0671658	-2.74324	-0.0569249	-0.0938037	2.69308	2.69308	-3.43727	-0.46282	-0.506273
1024	1.05553	0.0578157	0.0578157	-3.26414	-0.229279	-0.226567	2.31818	2.31818	-4.08997	-1.09701	-1.00853
1024	0.931888	0.0777164	0.0777164	-2.74096	-0.000867545	-0.000753439	3.11612	3.11612	-3.43442	-0.00978165	-0.00690611
1024	0.99028	0.000935457	0.000935457	-3.15166	-0.104798	-0.0977797	0.0375081	0.0375081	-3.94903	-0.895266	-0.756099
1024	1.00625	0.0248196	0.0248196	-3.26656	-0.131625	-0.0629998	0.995166	0.995166	-4.093	-0.809211	-0.519653
1024	1.05826	0.0268197	0.0268197	-3.04172	-0.403682	-0.279525	1.07536	1.07536	-3.81128	-1.79706	-1.23035
1024	0.958893	0.0700753	0.0700753	-3.01473	-0.0483065	-0.00133788	2.80974	2.80974	-3.77746	-0.337897	-0.0136811
1024	0.986113	0.00551418	0.00551418	-3.17117	-0.142065	-0.0791917	0.221097	0.221097	-3.97347	-0.757544	-0.644311
1024	1.08486	0.0732852	0.0732852	-3.35028	-0.447088	-0.322004	2.93844	2.93844	-4.1979	-2.5623	-1.35674
1024	0.962815	0.0265605	0.0265605	-3.39956	-0.0851479	-0.0746802	1.06497	1.06497	-4.25965	-0.745714	-0.551186
1024	1.05541	0.074333	0.074333	-3.22579	-0.301122	-0.180806	2.98046	2.98046	-4.04191	-1.38424	-0.798421
1024	0.961395	0.0687796	0.0687796	-2.86425	-0.0541333	-0.0205812	2.75779	2.75779	-3.58891	-0.461666	-0.163775
1024	0.957851	0.0897019	0.0897019	-2.39066	-0.00828528	0.0258969	3.59669	3.59669	-2.99549	-0.0746704	0.305177
1024	1.00616	0.0633988	0.0633988	-2.37189	-0.067305	-0.0691573	2.54204	2.54204	-2.97198	-0.535368	-0.413815
1024	0.927426	0.0444028	0.0444028	-2.74922	-0.0383611	-0.0309325	1.78038	1.78038	-3.44477	-0.448307	-0.313681
1024	0.958401	-0.037099	-0.037099	-3.19744	-0.134088	-0.137581	-1.48752	-1.48752	-4.0064	-1.37552	-1.10554
1024	0.969743	-0.00492535	-0.00492535	-2.77902	-0.124345	-0.0940241	-0.197487	-0.197487	-3.48212	-1.13516	-0.829144
1024	0.991404	0.12295	0.12295	-3.10618	0.0343489	0.0301871	4.92981	4.92981	-3.89204	0.343886	0.225313
1024	0.971719	0.0540594	0.0540594	-3.26076	-0.0284396	-0.0265637	2.16757	2.16757	-4.08573	-0.292446	-0.249768
1024	1.05227	0.0953577	0.0953577	-3.19744	-0.212397	-0.158523	3.82346	3.82346	-4.00639	-0.912109	-0.650873
1024	0.965502	0.00318611	0.00318611	-3.27106	-0.127101	-0.0972086	0.12775	0.12775	-4.09864	-0.83047	-0.732207
1024	0.93341	0.0265543	0.0265543	-3.34003	-0.0626122	-0.0417308	1.06472	1.06472	-4.18505	-0.658148	-0.453283
1024	0.992929	0.0917293	0.0917293	-2.94752	-0.0628135	-0.00867105	3.67798	3.67798	-3.69324	-0.389384	-0.0639208
1024	0.914974	0.0271306	0.0271306	-3.29085	-0.0493819	-0.0437751	1.08783	1.08783	-4.12343	-0.606495	-0.462887
1024	0.982666	0.0312102	0.0312102	-3.33731	-0.0833464	-0.0495563	1.2514	1.2514	-4.18164	-0.719065	-0.41819
1024	0.91306	0.0520031	0.0520031	-2.76052	-0.0325063	-0.0165689	2.08512	2.08512	-3.45894	-0.363809	-0.19153
1024	0.949425	0.0538534	0.0538534	-3.11483	-0.0604082	-0.0277418	2.15931	2.15931	-3.90288	-0.459926	-0.24742
1024	1.00542	0.0419788	0.0419788	-2.72452	-0.123481	-0.079275	1.68318	1.68318	-3.41383	-0.723177	-0.475188
1024	0.965992	0.0554356	0.0554356	-2.88008	-0.0602794	-0.0556022	2.22275	2.22275	-3.60875	-0.468823	-0.397567
1024	0.951576	0.00762207	0.00762207	-2.48136	-0.0927394	-0.0819685	0.305614	0.305614	-3.10915	-0.814058	-0.731168
1024	0.985881	0.0379405	0.0379405	-2.83852	-0.0519139	-0.0529576	1.52126	1.52126	-3.55667	-0.468836	-0.369961
1024	0.995066	0.0344686	0.0344686	-2.81301	-0.102895	-0.0675595	1.38205	1.38205	-3.5247	-0.648469	-0.494131
1024	0.90014	0.155737	0.155737	-2.83432	0.0848311	0.0849385	6.24443	6.24443	-3.5514	1.08111	0.857774
1024	0.925926	0.0495792	0.0495792	-3.15674	-0.0311295	-0.0306039	1.98793	1.98793	-3.9554	-0.344132	-0.260515
1024	1.0343	0.0777397	0.0777397	-2.86448	-0.183918	-0.0741467	3.11705	3.11705	-3.5892	-0.985624	-0.440409
1024	1.01584	0.122227	0.122227	-3.12699	-0.0247028	-0.0306986	4.90081	4.90081	-3.91811	-0.165555	-0.164922
1024	0.958759	0.118149	0.118149	-3.07015	-0.00821503	0.052916	4.73731	4.73731	-3.8469	-0.0569037	0.542415
1024	0.991	0.0732587	0.0732587	-3.1694	-0.0682463	-0.0269702	2.93738	2.93738	-3.97126	-0.443011	-0.205334
1024	0.919398	0.0799694	0.0799694	-2.5984	-0.00928607	0.00450112	3.20645	3.20645	-3.2558	-0.0938696	0.0405969
1024	0.961662	0.0233761	0.0233761	-3.02118	-0.066415	-0.0372667	0.937287	0.937287	-3.78554	-0.657462	-0.450182
1024	0.978402	0.0471	0.0471	-2.77788	-0.046754	-0.0525955	1.88852	1.88852	-3.48068	-0.424859	-0.409796
1024	1.01867	0.0425596	0.0425596	-2.64565	-0.172225	-0.071122	1.70647	1.70647	-3.315	-0.92383	-0.481342
1024	0.933249	0.0546314	0.0546314	-3.08611	-0.0368978	-0.0300532	2.1905	2.1905	-3.8669	-0.360188	-0.260134
1024	0.983152	0.0452123	0.0452123	-3.06522	-0.0447415	-0.037189	1.81283	1.81283	-3.84072	-0.404517	-0.336589
1024	1.02485	0.0370259	0.0370259	-3.02483	-0.158228	-0.156855	1.48459	1.48459	-3.79011	-0.957417	-0.786962
1024	0.999697	0.0300589	0.0300589	-2.71368	-0.116712	-0.0836807	1.20524	1.20524	-3.40024	-0.817743	-0.536291
1024	0.898091	0.0516304	0.0516304	-3.13725	-0.0169801	-0.0199902	2.07017	2.07017	-3.93098	-0.218458	-0.220299
1024	0.972298	0.0677561	0.0677561	-2.72357	-0.0373705	-0.0342867	2.71675	2.71675	-3.41263	-0.317494	-0.250609
1024	0.93147	0.0556042	0.0556042	-2.93416	-0.0435923	-0.00695356	2.22951	2.22951	-3.67651	-0.416121	-0.0831316
1024	0.961578	0.0693141	0.0693141	-2.63011	-0.040347	-0.04025	2.77922	2.77922	-3.29553	-0.317356	-0.295797
1024	0.986949	0.0567921	0.0567921	-3.31433	-0.049809	-0.0485387	2.27714	2.27714	-4.15285	-0.449013	-0.315874
1024	1.03089	0.0747619	0.0747619	-3.03622	-0.132306	-0.0812164	2.99765	2.99765	-3.80438	-0.710786	-0.40659
1024	1.01149	0.0759159	0.0759159	-2.58207	-0.0950255	-0.0287792	3.04393	3.04393	-3.23533	-0.524111	-0.204497
1024	1.00966	0.0495582	0.0495582	-2.96754	-0.099018	-0.0357137	1.98708	1.98708	-3.71832	-0.602653	-0.297213
1024	0.99153	0.0644389	0.0644389	-2.8665	-0.053664	-0.0305627	2.58374	2.58374	-3.59172	-0.404981	-0.232053
1024	0.966581	0.0276716	0.0276716	-3.01762	-0.0696538	-0.0795557	1.10952	1.10952	-3.78108	-0.655707	-0.551609
1024	0.963993	0.0551758	0.0551758	-2.73251	-0.0499149	-0.0219877	2.21233	2.21233	-3.42384	-0.422757	-0.203389
1024	1.02178	-0.000204719	-0.000204719	-3.27654	-0.143063	-0.138458	-0.00820842	-0.00820842	-4.1055	-0.868451	-0.789754
1024	1.0385	0.0413226	0.0413226	-3.3192	-0.151014	-0.113983	1.65687	1.65687	-4.15896	-0.967819	-0.662796
1024	1.00535	0.0671676	0.0671676	-2.86926	-0.0318144	-0.0323688	2.69315	2.69315	-3.59518	-0.261941	-0.235208
1024	1.04389	0.0818201	0.0818201	-3.05522	-0.245525	-0.158611	3.28066	3.28066	-3.82819	-1.17356	-0.689586
1024	1.02091	0.0527141	0.0527141	-2.79152	-0.120924	-0.0657813	2.11362	2.11362	-3.49777	-0.758551	-0.43755
1024	0.928984	0.11613	0.11613	-2.886	0.0165666	0.0348724	4.65636	4.65636	-3.61616	0.132071	0.324968
1024	1.0157	0.0798257	0.0798257	-3.09538	-0.0720075	-0.0738579	3.20069	3.20069	-3.87852	-0.466571	-0.396334
1024	1.01375	0.0269454	0.0269454	-2.89877	-0.132483	-0.0762612	1.0804	1.0804	-3.63216	-0.85631	-0.555481
1024	0.984871	0.0846299	0.0846299	-3.00473	-0.0410704	-0.0336534	3.39332	3.39332	-3.76492	-0.296341	-0.241587
1024	0.977092	0.0610624	0.0610624	-3.15459	-0.0255214	-0.0473187	2.44836	2.44836	-3.9527	-0.266682	-0.283493
1024	1.02285	0.0247724	0.0247724	-3.19685	-0.220319	-0.139488	0.993276	0.993276	-4.00566	-1.01253	-0.739897
1024	0.992334	0.067068	0.067068	-2.8125	-0.0461864	-0.0166676	2.68916	2.68916	-3.52407	-0.372532	-0.149411
1024	0.929294	0.117357	0.117357	-3.31638	0.0330192	0.0189096	4.70554	4.70554	-4.15542	0.347601	0.147325
1024	0.93574	0.0604465	0.0604465	-3.12975	-0.0293297	-0.0120952	2.42366	2.42366	-3.92157	-0.301332	-0.117851
1024	0.956874	0.0801362	0.0801362	-2.94076	-0.00915917	-0.00358835	3.21314	3.21314	-3.68478	-0.101807	-0.0329654
1024	1.05306	0.108288	0.108288	-3.07418	-0.208418	-0.133501	4.34191	4.34191	-3.85195	-0.949433	-0.619936
1024	1.01895	0.0275593	0.0275593	-3.29275	-0.12023	-0.0733317	1.10502	1.10502	-4.12582	-0.764797	-0.493308
1024	0.963462	0.093224	0.093224	-3.23112	0.000571683	0.00756514	3.73791	3.73791	-4.04859	0.00580371	0.0611659
1024	1.0032	0.0435232	0.0435232	-3.21435	-0.158846	-0.0586193	1.74511	1.74511	-4.02759	-0.768821	-0.396937
1024	1.03356	0.0578269	0.0578269	-2.99318	-0.112529	-0.10371	2.31863	2.31863	-3.75045	-0.683656	-0.510785
1024	0.995749	0.111242	0.111242	-2.64957	0.0070839	-0.0244092	4.46035	4.46035	-3.31991	0.0615333	-0.135704
1024	1.02364	0.02954	0.02954	-3.22851	-0.166582	-0.122273	1.18443	1.18443	-4.04532	-0.797822	-0.630634
1024	0.946328	0.0437804	0.0437804	-2.7085	-0.0487255	-0.0206217	1.75542	1.75542	-3.39375	-0.523129	-0.245818
1024	1.028	0.0296297	0.0296297	-2.93702	-0.121914	-0.168184	1.18803	1.18803	-3.68009	-0.767955	-0.833123
1024	1.00108	0.0696341	0.0696341	-3.216	-0.0707096	-0.0265481	2.79205	2.79205	-4.02964	-0.520056	-0.185134
1024	0.955142	0.0108782	0.0108782	-2.8863	-0.114417	-0.0980736	0.43617	0.43617	-3.61653	-0.830513	-0.682699
1024	1.03054	0.0313189	0.0313189	-2.93966	-0.203377	-0.146263	1.25576	1.25576	-3.6834	-1.13968	-0.756569
1024	1.0039	0.0860161	0.0860161	-2.72774	-0.0709891	-0.0516808	3.4489	3.4489	-3.41786	-0.497345	-0.293451
1024	0.998314	0.0461057	0.0461057	-2.77133	-0.0664544	-0.043877	1.84866	1.84866	-3.47247	-0.530169	-0.330337
1024	0.987092	-0.0127307	-0.0127307	-3.15085	-0.116736	-0.10073	-0.510448	-0.510448	-3.94802	-1.00516	-0.813094
1024	1.01407	0.0287646	0.0287646	-3.27719	-0.185549	-0.0927562	1.15335	1.15335	-4.10632	-0.998842	-0.514331
1024	1.0297	0.064879	0.064879	-3.30973	-0.123768	-0.160106	2.60139	2.60139	-4.14709	-0.655035	-0.739007
1024	0.976827	0.0587462	0.0587462	-3.04339	-0.0458261	-0.0353656	2.35549	2.35549	-3.81337	-0.39554	-0.273839
1024	0.962273	0.0926266	0.0926266	-2.72904	-0.014056	-0.0119653	3.71396	3.71396	-3.41949	-0.120189	-0.0893563
1024	0.954534	0.0882615	0.0882615	-2.89948	-0.0164672	0.0283995	3.53893	3.53893	-3.63305	-0.142859	0.345746
1024	0.971486	0.0915729	0.0915729	-2.4658	-0.0175399	0.00549488	3.67171	3.67171	-3.08965	-0.153308	0.0465166
1024	0.897836	0.0282242	0.0282242	-2.984	-0.063589	-0.0419771	1.13168	1.13168	-3.73895	-0.658591	-0.409404
1024	0.958958	0.0759381	0.0759381	-3.27983	-0.0200854	-0.00551758	3.04481	3.04481	-4.10963	-0.17994	-0.052459
1024	1.05812	-0.00241166	-0.00241166	-2.87893	-0.334038	-0.223207	-0.0966978	-0.0966978	-3.6073	-1.62754	-1.04083
1024	0.972884	0.0488821	0.0488821	-2.91734	-0.0571834	-0.0494694	1.95998	1.95998	-3.65543	-0.539784	-0.373747
1024	0.987502	0.0441956	0.0441956	-2.84041	-0.0699342	-0.0481236	1.77207	1.77207	-3.55903	-0.52883	-0.352795
1024	0.984759	0.0515015	0.0515015	-2.96408	-0.0707	-0.0540774	2.06501	2.06501	-3.71399	-0.484675	-0.39601
1024	1.09674	0.0937936	0.0905605	-3.14683	-0.401559	-0.392051	3.76075	3.62934	-3.94298	-1.53952	-1.85968
1024	1.00849	0.0874188	0.0874188	-2.70667	-0.0295994	-0.0101314	3.50515	3.50515	-3.39146	-0.215735	-0.081139
1024	1.02048	0.0540198	0.0540198	-2.92021	-0.0934849	-0.110234	2.16598	2.16598	-3.65902	-0.580528	-0.591719
1024	1.04265	0.0770287	0.0770287	-3.37346	-0.266266	-0.124132	3.08854	3.08854	-4.22695	-1.23798	-0.576901
1024	1.02114	0.0691773	0.0691773	-2.79307	-0.124914	-0.0941208	2.77373	2.77373	-3.49972	-0.58854	-0.551838
1024	0.988253	0.041478	0.041478	-2.95642	-0.0847411	-0.0506356	1.6631	1.6631	-3.70439	-0.575688	-0.417785
1024	1.0001	0.0684932	0.0684932	-2.81987	-0.0676141	-0.0199006	2.7463	2.7463	-3.5333	-0.496372	-0.161867
1024	1.04183	0.0866738	0.0866738	-3.1359	-0.172668	-0.158851	3.47527	3.47527	-3.92929	-0.789142	-0.690747
1024	1.04301	0.0585887	0.0585887	-3.00365	-0.200176	-0.12828	2.34917	2.34917	-3.76357	-1.03271	-0.66989
1024	1.00401	0.0219342	0.0219342	-2.75305	-0.163926	-0.0985876	0.879475	0.879475	-3.44957	-0.793548	-0.626875
1024	0.997939	0.0377583	0.0377583	-2.62858	-0.0852851	-0.0416561	1.51396	1.51396	-3.29361	-0.589577	-0.395121
1024	0.958233	0.137423	0.137423	-2.97802	0.00286301	0.0517531	5.51011	5.51011	-3.73146	0.0235105	0.468959
1024	0.99914	0.0089929	0.0089929	-3.01708	-0.16729	-0.114822	0.360579	0.360579	-3.7804	-0.950537	-0.663105
1024	0.937131	0.075981	0.075981	-2.68233	-0.0168912	-0.00909214	3.04653	3.04653	-3.36095	-0.188189	-0.0771093
1024	0.999176	0.0648909	0.0648909	-3.12879	-0.0374358	-0.0136993	2.60186	2.60186	-3.92038	-0.277337	-0.123766
1024	1.01752	0.0265068	0.0265068	-3.20004	-0.162063	-0.10973	1.06282	1.06282	-4.00964	-0.919337	-0.635013
1024	1.06395	0.0621221	0.0621221	-3.29365	-0.253415	-0.158864	2.49085	2.49085	-4.12695	-1.16764	-0.720194
1024	0.907808	0.107867	0.107867	-2.70752	0.0243453	0.0422877	4.32502	4.32502	-3.39252	0.272554	0.424873
1024	0.980428	0.0505535	0.0505535	-3.05222	-0.0531283	-0.0515565	2.02699	2.02699	-3.82444	-0.514023	-0.343107
1024	1.012	0.0278605	0.0278605	-2.90161	-0.149281	-0.0975405	1.1171	1.1171	-3.63571	-0.817278	-0.558334
1024	0.986979	0.0210633	0.0210633	-2.54418	-0.0900823	-0.0638609	0.844556	0.844556	-3.18785	-0.713741	-0.519206
1024	1.01729	0.0560443	0.0560443	-3.36302	-0.110756	-0.0521987	2.24715	2.24715	-4.21387	-0.667138	-0.408283
1024	1.0119	0.0691911	0.0691911	-3.20095	-0.085267	-0.0310932	2.77429	2.77429	-4.01079	-0.632966	-0.208531
1024	0.998787	0.0658278	0.0658278	-3.0773	-0.0226244	-0.051726	2.63943	2.63943	-3.85586	-0.231084	-0.325765
1024	1.02438	0.0682035	0.0682035	-2.73865	-0.105046	-0.0904511	2.73469	2.73469	-3.43153	-0.708783	-0.466312
1024	0.969322	0.101456	0.101456	-2.94569	-0.0454753	0.0125278	4.06798	4.06798	-3.69095	-0.317963	0.1038
1024	0.999392	0.0510902	0.0510902	-2.95146	-0.0838166	-0.10282	2.04851	2.04851	-3.69818	-0.529897	-0.598286
1024	1.00597	0.0165099	0.0165099	-3.12234	-0.092127	-0.0918061	0.661982	0.661982	-3.9123	-0.821216	-0.631193
1024	1.05336	0.0987564	0.0987564	-3.39813	-0.222137	-0.135538	3.95973	3.95973	-4.25786	-0.966085	-0.611438
1024	1.08264	0.121499	0.121499	-3.19304	-0.405694	-0.229745	4.87161	4.87161	-4.00088	-2.17523	-0.896564
1024	0.960713	0.0301718	0.0301718	-3.04758	-0.0949095	-0.0588821	1.20977	1.20977	-3.81862	-0.75682	-0.48485
1024	0.961908	0.0915095	0.0915095	-2.90124	-0.00365607	0.00816131	3.66916	3.66916	-3.63525	-0.0327453	0.0715742
1024	0.914199	0.0671634	0.0671634	-2.81678	-0.0256062	0.00202156	2.69298	2.69298	-3.52942	-0.237467	0.0197334
1024	0.998904	0.069958	0.069958	-3.29743	-0.0530961	-0.0365966	2.80504	2.80504	-4.13168	-0.407223	-0.262183
1024	0.853328	0.00387686	0.00387686	-2.55375	-0.065064	-0.0645277	0.155446	0.155446	-3.19985	-0.897579	-0.712442
1024	1.06138	0.0429707	0.0429707	-3.26229	-0.291506	-0.289405	1.72295	1.72295	-4.08764	-1.41707	-1.2433
1024	0.987964	0.0754284	0.0754284	-2.58813	-0.0263692	-0.0485628	3.02438	3.02438	-3.24293	-0.201844	-0.281805
1024	0.990572	0.117927	0.117927	-3.13698	-0.0222744	0.0147398	4.72841	4.72841	-3.93064	-0.148499	0.103019
1024	0.894575	0.0289096	0.0289096	-2.85551	-0.0543058	-0.0403354	1.15916	1.15916	-3.57796	-0.625464	-0.434717
1024	0.992479	0.0533597	0.0533597	-3.28225	-0.0971878	-0.0493714	2.13951	2.13951	-4.11265	-0.717248	-0.358191
1024	0.928984	0.104187	0.104187	-2.92201	0.0181734	0.0362017	4.1775	4.1775	-3.66128	0.187382	0.363403
1024	0.969568	0.0419239	0.0419239	-2.80648	-0.0606782	-0.0681614	1.68098	1.68098	-3.51652	-0.58585	-0.549095
1024	0.944731	0.0231931	0.0231931	-3.37243	-0.0756049	-0.0739677	0.92995	0.92995	-4.22565	-0.751193	-0.56326
1024	0.930051	0.0728692	0.0728692	-2.64301	-0.0147816	0.00167228	2.92176	2.92176	-3.31169	-0.152719	0.016787
1024	0.956539	0.0874512	0.0874512	-2.72259	-0.0117779	-0.0104562	3.50644	3.50644	-3.4114	-0.104967	-0.0851473
1024	0.95041	0.0721308	0.0721308	-3.04117	-0.0325562	-0.00187731	2.89216	2.89216	-3.81059	-0.268063	-0.0185306
1024	0.940828	0.0905981	0.0905981	-2.87832	0.00051747	0.0145401	3.63262	3.63262	-3.60654	0.00563611	0.140079
1024	1.01066	0.0892723	0.0892723	-3.1103	-0.0735714	-0.047726	3.57946	3.57946	-3.89721	-0.458138	-0.268127
1024	0.981054	0.0665687	0.0665687	-2.65071	-0.0552649	-0.0203324	2.66914	2.66914	-3.32134	-0.451658	-0.168698
1024	0.995485	0.0239599	0.0239599	-3.015	-0.0676876	-0.0559868	0.960695	0.960695	-3.77779	-0.697777	-0.485265
1024	0.910455	0.0453433	0.0453433	-3.03945	-0.0449264	-0.0311091	1.81809	1.81809	-3.80843	-0.448377	-0.32584
1024	0.983813	0.0566846	0.0566846	-3.17567	-0.0424616	-0.0496311	2.27282	2.27282	-3.97912	-0.426143	-0.373237
1024	0.957855	0.0347732	0.0347732	-2.72586	-0.0491267	-0.0456851	1.39426	1.39426	-3.4155	-0.514463	-0.423146
1024	0.968822	0.0382635	0.0382635	-2.83631	-0.0516974	-0.0481954	1.53421	1.53421	-3.5539	-0.547412	-0.422444
1024	1.00765	0.0350816	0.0350816	-2.84476	-0.0748292	-0.0564535	1.40663	1.40663	-3.56449	-0.655472	-0.429227
1024	0.998054	0.0351878	0.0351878	-3.09012	-0.112298	-0.0508933	1.41089	1.41089	-3.87192	-0.652576	-0.439642
1024	1.00775	0.0221469	0.0221469	-3.19441	-0.120175	-0.0933826	0.888003	0.888003	-4.00259	-0.764103	-0.587919
1024	0.993699	0.0243128	0.0243128	-3.29413	-0.116942	-0.0781151	0.974844	0.974844	-4.12754	-0.831611	-0.578077
1024	0.979973	0.103363	0.103363	-2.60429	0.0174029	-0.00785158	4.14445	4.14445	-3.26318	0.169906	-0.0499726
1024	0.913272	0.0517905	0.0517905	-3.07431	-0.0482474	-0.0109878	2.07659	2.07659	-3.8521	-0.44295	-0.12593
1024	1.11917	0.0332527	0.0215006	-3.21166	-0.646972	-0.546205	1.3333	0.860401	-4.02421	-3.54716	-3.3325
1024	1.00934	0.0781877	0.0781877	-3.10576	-0.0633454	-0.0492584	3.13502	3.13502	-3.89152	-0.480013	-0.274
1024	0.974381	0.0999567	0.0999567	-2.94352	-0.0461169	0.0084608	4.00786	4.00786	-3.68823	-0.332435	0.0674735
1024	0.93814	0.0874687	0.0874687	-2.6282	0.00127536	0.0158587	3.50715	3.50715	-3.29313	0.0133719	0.158845
1024	0.926403	0.0976462	0.0976462	-3.25903	0.0107239	0.0365672	3.91522	3.91522	-4.08356	0.109383	0.418519
1024	0.997701	0.038286	0.038286	-3.3446	-0.069426	-0.0650804	1.53511	1.53511	-4.19078	-0.553176	-0.48771
1024	1.034	0.0524319	0.0524319	-3.42844	-0.240561	-0.181052	2.10231	2.10231	-4.29583	-1.17376	-0.861366
1024	0.978038	0.0989697	0.0989697	-3.27816	-0.0229454	0.0107192	3.96829	3.96829	-4.10754	-0.18628	0.0919482
1024	0.919537	-0.00641007	-0.00641007	-2.84104	-0.0874299	-0.0780221	-0.257018	-0.257018	-3.55982	-0.991277	-0.866772
1024	0.923728	0.106347	0.106347	-2.87464	-0.00167665	0.0423294	4.26411	4.26411	-3.60192	-0.0161152	0.538353
1024	0.987704	0.0574906	0.0574906	-2.81654	-0.0400893	-0.046011	2.30514	2.30514	-3.52912	-0.365418	-0.330327
1024	0.95404	0.0307011	0.0307011	-3.25057	-0.0726028	-0.0493023	1.23099	1.23099	-4.07296	-0.646293	-0.497794
1024	0.975788	0.033905	0.033905	-3.00544	-0.08769	-0.0676396	1.35945	1.35945	-3.76581	-0.668044	-0.474593
1024	1.00601	0.0421125	0.0421125	-2.64268	-0.0905314	-0.0656747	1.68854	1.68854	-3.31127	-0.667575	-0.433079
1024	0.914352	0.13453	0.13453	-2.60574	0.0420229	0.0577661	5.39413	5.39413	-3.265	0.398936	0.565952
1024	0.981278	0.0138496	0.0138496	-3.2684	-0.0990036	-0.0631039	0.555315	0.555315	-4.0953	-0.800596	-0.590211
1024	0.952498	0.0269113	0.0269113	-2.78124	-0.0618662	-0.043739	1.07904	1.07904	-3.4849	-0.571845	-0.452778
1024	0.990123	0.0404353	0.0404353	-2.87877	-0.0824027	-0.065253	1.62129	1.62129	-3.60709	-0.653089	-0.424405
1024	1.01994	0.0391971	0.0391971	-3.15149	-0.147645	-0.0508218	1.57165	1.57165	-3.94881	-0.84438	-0.387762
1024	0.923968	0.063918	0.063918	-2.9436	-0.0206658	-0.00672932	2.56286	2.56286	-3.68833	-0.210309	-0.0662461
1024	0.995136	0.0716633	0.0716633	-2.8297	-0.0778854	-0.0452899	2.87341	2.87341	-3.54562	-0.559927	-0.298159
1024	0.941577	0.0523424	0.0523424	-2.79458	-0.0545487	-0.0324589	2.09872	2.09872	-3.5016	-0.481809	-0.284382
1024	0.918509	0.0527409	0.0527409	-3.33007	-0.0372603	-0.0322826	2.1147	2.1147	-4.17257	-0.369227	-0.302663
1024	1.03156	0.100881	0.100881	-2.86138	-0.0811963	-0.0921355	4.04494	4.04494	-3.5853	-0.481874	-0.430457
1024	1.03521	0.0586466	0.0586466	-3.11398	-0.185803	-0.108106	2.35149	2.35149	-3.90182	-0.980592	-0.578967
1024	0.953907	0.0408143	0.0408143	-2.96002	-0.032214	-0.0516306	1.63649	1.63649	-3.70891	-0.410618	-0.454203
1024	1.01178	0.028825	0.028825	-2.95676	-0.113477	-0.109203	1.15577	1.15577	-3.70482	-0.748364	-0.580357
1024	0.94071	0.0432071	0.0432071	-2.88689	-0.0496	-0.0404102	1.73243	1.73243	-3.61727	-0.436421	-0.359289
1024	1.06901	0.0586787	0.0586787	-3.03204	-0.464157	-0.337316	2.35278	2.35278	-3.79915	-2.01592	-1.46495
1024	0.998201	0.0519595	0.0519595	-3.10875	-0.10844	-0.0353434	2.08337	2.08337	-3.89526	-0.667895	-0.314111
1024	1.04884	0.0420963	0.0420963	-3.27057	-0.292747	-0.262507	1.68789	1.68789	-4.09803	-1.32648	-1.07018
1024	0.933506	0.0757065	0.0757065	-2.8914	-0.0239906	-0.00340565	3.03553	3.03553	-3.62292	-0.217777	-0.0317945
1024	1.04049	0.040096	0.040096	-3.35054	-0.217766	-0.234802	1.60769	1.60769	-4.19822	-0.998864	-1.21998
1024	0.950657	0.0242511	0.0242511	-2.96275	-0.0738012	-0.0644342	0.972372	0.972372	-3.71233	-0.672857	-0.49933
1024	1.01454	0.097417	0.097417	-2.8538	-0.0457691	-0.0599061	3.90603	3.90603	-3.57581	-0.265382	-0.304123
1024	0.97143	0.0535482	0.0535482	-2.89835	-0.0756256	-0.0169498	2.14707	2.14707	-3.63163	-0.512997	-0.183643
1024	0.999529	0.0369172	0.0369172	-2.71662	-0.0802416	-0.0700043	1.48023	1.48023	-3.40392	-0.589357	-0.523942
1024	1.00068	0.0758325	0.0758325	-2.83784	-0.0291422	-0.0669238	3.04058	3.04058	-3.55581	-0.237326	-0.389605
1024	0.981396	0.0296792	0.0296792	-2.93264	-0.109661	-0.075734	1.19002	1.19002	-3.6746	-0.729443	-0.571867
1024	0.970632	0.0685919	0.0685919	-3.34675	-0.0396024	0.00350396	2.75026	2.75026	-4.19348	-0.341176	0.0373114
1024	0.997668	0.0873835	0.0873835	-2.95196	-0.071567	0.00672181	3.50373	3.50373	-3.69881	-0.473276	0.0641016
1024	1.03035	0.00815303	0.00815303	-2.83531	-0.176936	-0.107394	0.326904	0.326904	-3.55264	-0.937578	-0.688722
1024	1.06476	0.0628613	0.0628613	-3.1355	-0.329155	-0.23124	2.52049	2.52049	-3.92879	-1.45895	-0.979133
1024	0.900009	0.0414306	0.0414306	-2.88819	-0.0383288	-0.0256356	1.6612	1.6612	-3.6189	-0.481925	-0.288824
1024	1.00391	0.136536	0.136536	-2.85898	0.0178847	0.0384813	5.47453	5.47453	-3.5823	0.138632	0.303278
1024	0.96345	0.0220404	0.0220404	-2.94154	-0.0712424	-0.0567757	0.88373	0.88373	-3.68575	-0.749765	-0.576042
1024	0.993419	0.038772	0.038772	-3.06847	-0.0976764	-0.0725869	1.5546	1.5546	-3.8448	-0.648473	-0.415978
1024	0.949733	0.0532369	0.0532369	-2.9066	-0.0373878	-0.0418478	2.13459	2.13459	-3.64197	-0.389355	-0.342305
1024	1.01584	0.0623638	0.0623638	-3.41711	-0.0901473	-0.097105	2.50054	2.50054	-4.28164	-0.602839	-0.524664
1024	1.05952	0.0844199	0.0844199	-2.64149	-0.308864	-0.25412	3.3849	3.3849	-3.30979	-1.25428	-1.01501
1024	1.03306	0.0296599	0.0296599	-2.99767	-0.217081	-0.129495	1.18924	1.18924	-3.75608	-0.992968	-0.658214
1024	0.915265	0.0787715	0.0787715	-3.01934	0.00158977	0.0106456	3.15842	3.15842	-3.78324	0.0170767	0.116288
1024	0.941825	0.0319016	0.0319016	-2.72275	-0.0486826	-0.04765	1.27912	1.27912	-3.41161	-0.550344	-0.454408
1024	1.08084	0.0916757	0.0916757	-3.04289	-0.474553	-0.324054	3.67583	3.67583	-3.81274	-2.23017	-1.37507
1024	0.968212	0.0338283	0.0338283	-3.01506	-0.0690764	-0.0518105	1.35638	1.35638	-3.77787	-0.618454	-0.454811
1024	1.00387	0.0684584	0.0684584	-2.79232	-0.0752132	-0.0749078	2.74491	2.74491	-3.49877	-0.524536	-0.416683
1024	0.977863	0.0473225	0.0473225	-2.88138	-0.063842	-0.0534831	1.89744	1.89744	-3.61037	-0.543617	-0.368156
1024	1.01706	0.0479875	0.0479875	-3.05641	-0.102291	-0.0589029	1.92411	1.92411	-3.82968	-0.698328	-0.428044
1024	0.946822	0.0241821	0.0241821	-3.17825	-0.0574103	-0.0859966	0.969606	0.969606	-3.98235	-0.635165	-0.600818
1024	0.982641	0.0633142	0.0633142	-3.00203	-0.0462067	-0.0225741	2.53865	2.53865	-3.76154	-0.398374	-0.188222
1024	0.99559	0.0131504	0.0131504	-3.15858	-0.0961338	-0.0995897	0.52728	0.52728	-3.9577	-0.866528	-0.649341
1024	1.045	0.0264748	0.0264748	-3.23555	-0.216283	-0.181065	1.06153	1.06153	-4.05415	-1.01744	-0.841404
1024	0.947031	0.0319482	0.0319482	-3.23819	-0.0732521	-0.0466089	1.28099	1.28099	-4.05745	-0.703338	-0.419585
1024	0.884401	0.0705855	0.0705855	-2.55323	-0.0124641	0.00789267	2.8302	2.8302	-3.1992	-0.151809	0.096263
1024	0.969629	0.000985405	0.000985405	-2.93755	-0.148806	-0.0826896	0.0395108	0.0395108	-3.68075	-0.947183	-0.730394
1024	1.02467	0.0555572	0.0555572	-2.82937	-0.134606	-0.0990608	2.22762	2.22762	-3.54521	-0.753113	-0.562868
1024	0.96137	0.00723454	0.00723454	-2.93501	-0.0773593	-0.0965807	0.290076	0.290076	-3.67757	-0.910799	-0.639516
1024	0.9089	-0.00495763	-0.00495763	-3.07509	-0.0738118	-0.0726555	-0.198781	-0.198781	-3.85309	-0.936113	-0.789165
1024	0.96792	0.0894206	0.0894206	-3.323	-0.0290736	-0.00949992	3.58541	3.58541	-4.16372	-0.214955	-0.0747004
1024	0.952102	0.125593	0.125593	-2.58672	0.0358449	0.0493167	5.03578	5.03578	-3.24116	0.361008	0.472903
1024	1.01987	0.0442183	0.0442183	-3.08382	-0.121937	-0.0829272	1.77298	1.77298	-3.86403	-0.78821	-0.563148
1024	0.970183	0.0293844	0.0293844	-2.98085	-0.0850244	-0.0727311	1.1782	1.1782	-3.735	-0.640664	-0.54084
1024	1.07297	0.0378173	0.0378173	-3.37988	-0.450251	-0.354805	1.51632	1.51632	-4.23499	-2.0866	-1.46765
1024	1.01719	-0.00687327	-0.00687327	-2.82564	-0.116442	-0.148941	-0.275591	-0.275591	-3.54053	-1.04642	-0.8567
1024	1.03116	-0.00985636	-0.00985636	-3.22063	-0.219249	-0.21966	-0.395201	-0.395201	-4.03545	-1.2298	-0.949795
1024	0.96711	0.0458102	0.0458102	-3.15192	-0.0702671	-0.0305882	1.83681	1.83681	-3.94935	-0.562204	-0.298356
1024	1.0352	0.11905	0.11905	-3.34174	-0.108706	-0.118729	4.77342	4.77342	-4.1872	-0.4958	-0.533667
1024	1.03577	0.0553292	0.0553292	-3.03811	-0.17099	-0.135657	2.21848	2.21848	-3.80675	-0.883601	-0.704792
1024	1.0003	0.0689466	0.0689466	-2.97594	-0.0763772	-0.0395663	2.76448	2.76448	-3.72885	-0.511384	-0.310995
1024	1.00228	0.0515837	0.0515837	-3.1166	-0.131879	-0.0659342	2.0683	2.0683	-3.90509	-0.738023	-0.448958
1024	0.99647	0.0561118	0.0561118	-3.31948	-0.0343502	-0.0401701	2.24986	2.24986	-4.15931	-0.316536	-0.313341
1024	0.968236	0.0345142	0.0345142	-2.8873	-0.0516268	-0.0392294	1.38388	1.38388	-3.61779	-0.545328	-0.389917
1024	1.01381	0.0576086	0.0576086	-3.1553	-0.0729	-0.0764671	2.30987	2.30987	-3.95359	-0.552002	-0.391921
1024	0.964028	0.088147	0.088147	-3.35699	-0.000280838	-0.00150985	3.53434	3.53434	-4.20631	-0.00257448	-0.0121041
1024	0.986831	0.00217201	0.00217201	-3.12557	-0.114121	-0.106721	0.0870889	0.0870889	-3.91634	-0.913231	-0.775506
1024	0.984668	0.0820914	0.0820914	-3.14261	-0.0453397	0.00195471	3.29154	3.29154	-3.93769	-0.327629	0.0177006
1024	0.997011	0.0847939	0.0847939	-2.88135	-0.0483317	-0.00730158	3.3999	3.3999	-3.61033	-0.344377	-0.0594683
1024	1.06044	0.04016	0.04016	-2.97961	-0.337949	-0.273397	1.61026	1.61026	-3.73346	-1.49974	-1.17577
1024	0.953991	0.0338939	0.0338939	-3.17034	-0.0719048	-0.0577622	1.35901	1.35901	-3.97243	-0.631815	-0.453684
1024	0.959586	0.0934782	0.0934782	-3.34569	0.0176214	0.0212835	3.7481	3.7481	-4.19215	0.224843	0.216047
1024	1.05198	0.0462025	0.0462025	-2.80327	-0.294585	-0.12449	1.85254	1.85254	-3.5125	-1.3805	-0.598973
1024	0.95046	0.0438657	0.0438657	-2.72127	-0.048815	-0.0235672	1.75884	1.75884	-3.40975	-0.438657	-0.234952
1024	0.940572	0.0320143	0.0320143	-2.59399	-0.0911839	-0.0596934	1.28364	1.28364	-3.25027	-0.699028	-0.514616
1024	1.00727	0.0828721	0.0828721	-3.15789	-0.0656164	-0.0231606	3.32284	3.32284	-3.95683	-0.442204	-0.148916
1024	1.0397	0.0874001	0.0874001	-3.3629	-0.186062	-0.18534	3.5044	3.5044	-4.21372	-0.841938	-0.789493
1024	0.971257	0.110721	0.110721	-3.06465	0.013579	0.0253938	4.43945	4.43945	-3.84001	0.11829	0.1942
1024	1.02117	0.036869	0.036869	-3.00152	-0.108782	-0.10257	1.4783	1.4783	-3.76091	-0.740364	-0.580535
1024	0.995146	-0.0273466	-0.0273466	-2.91511	-0.13156	-0.131104	-1.09649	-1.09649	-3.65264	-1.16085	-1.00439
1024	0.895683	0.0202663	0.0202663	-3.35193	-0.0568692	-0.0396293	0.812598	0.812598	-4.19997	-0.727375	-0.467195
1024	0.946947	0.0668218	0.0668218	-3.06643	-0.044634	-0.0246443	2.67929	2.67929	-3.84224	-0.366698	-0.190068
1024	1.02085	0.0743053	0.0743053	-3.05549	-0.0582932	-0.0452132	2.97934	2.97934	-3.82853	-0.401393	-0.312194
1024	1.02971	0.045058	0.045058	-3.3391	-0.181034	-0.144961	1.80665	1.80665	-4.18389	-0.936395	-0.738103
1024	0.99269	0.110337	0.110337	-2.6554	-0.0782208	0.00921906	4.42409	4.42409	-3.32722	-0.386359	0.0661566
1024	0.986281	0.0600881	0.0600881	-2.97953	-0.0108519	-0.068188	2.40929	2.40929	-3.73335	-0.143245	-0.403469
1024	1.01924	0.0688476	0.0688476	-3.19501	-0.087586	-0.0787618	2.76051	2.76051	-4.00334	-0.581038	-0.474149
1024	1.01154	0.0397683	0.0397683	-3.32225	-0.118509	-0.0732456	1.59455	1.59455	-4.16278	-0.725943	-0.468511
1024	0.961806	0.0530413	0.0530413	-2.57655	-0.0309961	-0.0195991	2.12675	2.12675	-3.22842	-0.303554	-0.193776
1024	0.943556	0.00619009	0.00619009	-2.69803	-0.089313	-0.0801528	0.248198	0.248198	-3.38064	-0.856549	-0.688671
1024	0.951578	0.0712522	0.0712522	-3.34672	-0.0426378	-0.00645545	2.85693	2.85693	-4.19344	-0.363807	-0.0588224
1024	1.02742	0.0920549	0.0920549	-2.75934	-0.0609563	-0.0383662	3.69103	3.69103	-3.45746	-0.386836	-0.209664
1024	1.03504	0.100669	0.100669	-3.08112	-0.126184	-0.0692693	4.03642	4.03642	-3.86064	-0.623564	-0.386317
1024	0.947214	0.072063	0.072063	-3.3142	-0.0325039	-0.0143081	2.88944	2.88944	-4.15269	-0.304244	-0.124067
1024	0.95127	0.0380098	0.0380098	-2.96493	-0.0382878	-0.0331232	1.52404	1.52404	-3.71505	-0.469582	-0.328209
1024	1.01529	0.0607644	0.0607644	-2.48754	-0.0768305	-0.0840053	2.43641	2.43641	-3.11689	-0.515011	-0.470483
1024	1.06067	0.0476363	0.0476363	-3.00419	-0.19786	-0.235462	1.91002	1.91002	-3.76424	-0.935529	-1.07211
1024	0.995684	0.00973201	0.00973201	-2.80795	-0.136722	-0.0959201	0.390215	0.390215	-3.51836	-0.859772	-0.668061
1024	1.00948	0.0752253	0.0752253	-3.31623	-0.0705201	-0.0634898	3.01623	3.01623	-4.15523	-0.482807	-0.385979
1024	0.999668	0.0832388	0.0832388	-2.92222	-0.0553197	-0.0293248	3.33754	3.33754	-3.66154	-0.352315	-0.183444
1024	0.97983	0.0748936	0.0748936	-2.61195	-0.033433	-0.019738	3.00293	3.00293	-3.27277	-0.271506	-0.148095
1024	1.01372	0.097056	0.097056	-3.21448	-0.0669682	-0.00416591	3.89156	3.89156	-4.02774	-0.418079	-0.0324531
1024	0.996634	0.00513518	0.00513518	-3.36732	-0.119405	-0.0781317	0.2059	0.2059	-4.21925	-0.907024	-0.681968
1024	0.999226	0.0338247	0.0338247	-3.24946	-0.0888495	-0.0886796	1.35624	1.35624	-4.07158	-0.588756	-0.533974
1024	0.925579	0.0392051	0.0392051	-2.63094	-0.0499466	-0.0388758	1.57197	1.57197	-3.29657	-0.496671	-0.375517
1024	1.01785	0.0630371	0.0630371	-3.23351	-0.091873	-0.0741903	2.52753	2.52753	-4.05159	-0.622255	-0.428563
1024	0.95361	0.0174904	0.0174904	-2.74195	-0.071487	-0.0683977	0.701297	0.701297	-3.43566	-0.710293	-0.549087
1024	1.03525	0.00517888	0.00517888	-3.25333	-0.164837	-0.184364	0.207652	0.207652	-4.07642	-0.858757	-0.906636
1024	1.03428	0.0806416	0.0806416	-2.74578	-0.0970586	-0.0663965	3.2334	3.2334	-3.44047	-0.540245	-0.370356
1024	0.975807	0.0467292	0.0467292	-2.67794	-0.0753029	-0.0188997	1.87365	1.87365	-3.35546	-0.552121	-0.192496
1024	0.997008	0.0856673	0.0856673	-2.90926	-0.063471	-0.0332473	3.43492	3.43492	-3.64531	-0.426236	-0.222776
1024	0.98467	0.119411	0.119411	-3.23516	0.0412939	0.0267594	4.78791	4.78791	-4.05366	0.475504	0.210874
1024	0.946927	-0.00775374	-0.00775374	-3.06172	-0.116619	-0.0958998	-0.310894	-0.310894	-3.83633	-0.943303	-0.799585
1024	0.960811	0.0323209	0.0323209	-3.33959	-0.0946667	-0.0363155	1.29594	1.29594	-4.1845	-0.679327	-0.385315
1024	0.973709	0.118866	0.118866	-2.85427	-0.000421957	0.0289191	4.76603	4.76603	-3.5764	-0.00353942	0.21619
1024	1.05438	0.0218484	0.0218484	-2.95703	-0.31949	-0.25352	0.876033	0.876033	-3.70516	-1.42687	-1.11252
1024	1.04822	0.0892316	0.0892316	-2.86746	-0.252807	-0.183835	3.57783	3.57783	-3.59293	-1.19409	-0.781701
1024	0.977832	0.0277323	0.0277323	-3.0807	-0.0920672	-0.0602952	1.11196	1.11196	-3.86012	-0.637098	-0.517012
1024	0.903131	0.0832322	0.0832322	-2.69807	-0.018441	0.0125455	3.33728	3.33728	-3.38068	-0.16828	0.123223
1024	0.954535	0.0632471	0.0632471	-2.89708	-0.0312457	-0.0150115	2.53596	2.53596	-3.63004	-0.318536	-0.13659
1024	0.922445	0.0291298	0.0291298	-2.80422	-0.0668808	-0.0390444	1.16799	1.16799	-3.51369	-0.70267	-0.452446
1024	0.95441	0.0456156	0.0456156	-2.73638	-0.0364188	-0.0492547	1.829	1.829	-3.42868	-0.365871	-0.389456
1024	0.90825	0.0238823	0.0238823	-2.63822	-0.0594777	-0.0417308	0.957585	0.957585	-3.30568	-0.642678	-0.463697
1024	1.04577	0.0696317	0.0696317	-3.03394	-0.35939	-0.101706	2.79195	2.79195	-3.80152	-1.67258	-0.57166
